feature	score	std	#I-out-of-20	#O-out-of-334
geneexp##PA14_18310	0.00225329506886	0.0250324287426	  (0, 0)	133.644483906	  (0, 0)	1468.76076377
geneexp##PA14_63120	0.00200479386825	0.0254924213559	  (0, 0)	145.693698119	  (0, 0)	1359.97741735
geneexp##PA14_41290	0.00181455179572	0.0206011127456	  (0, 0)	88.7603353723	  (0, 0)	715.810893982
geneexp##PA14_04780	0.00144779261105	0.0212758932227	  (0, 0)	125.856775323	  (0, 0)	1719.34669458
geneexp##PA14_18340	0.00144705156872	0.0205294732266	  (0, 0)	94.9808882554	  (0, 0)	910.708869733
geneexp##PA14_18360,prmF	0.00127654329711	0.0170450107962	  (0, 0)	124.271510811	  (0, 0)	1366.33610666
geneexp##PA14_18320	0.00117315850333	0.0206670061903	  (0, 0)	90.0266599233	  (0, 0)	883.339048188
geneexp##PA14_63110	0.00113721328254	0.0189406607958	  (0, 0)	136.779663017	  (0, 0)	1244.93973979
geneexp##PA14_63150,pmrA	0.00113504708635	0.0149761100672	  (0, 0)	118.286384817	  (0, 0)	1373.08780672
geneexp##PA14_63220	0.00110621472606	0.0187551489803	  (0, 0)	104.775708173	  (0, 0)	866.239441515
geneexp##PA14_44311	0.00103035072174	0.017620855134	  (0, 0)	147.159088832	  (0, 0)	1594.56115058
geneexp##PA14_18370,arnB	0.00101757884206	0.0179178549375	  (0, 0)	136.590276882	  (0, 0)	1539.52694057
geneexp##PA14_18350,fmt	0.00101422663212	0.016272323159	  (0, 0)	140.653151215	  (0, 0)	1629.94296005
geneexp##PA14_18330,arnT	0.000979044869439	0.0161567531862	  (0, 0)	105.204037166	  (0, 0)	1111.28896572
geneexp##PA14_63160,pmrB	0.000927669256651	0.0194791810247	  (0, 0)	129.757304981	  (0, 0)	1611.8070359
SNPs##PA14_06530,bioH_572644_C_T_C_C	0.000908583259736	0.0149909143455	  (0, 0)	0.0556879318729	  (0, 0)	0.0742637465805
SNPs##PA14_46660_4159711_G_A_V_V	0.000898541601767	0.0212388454261	  (0, 0)	0.0424348715807	  (0, 0)	0.0275441433282
SNPs##PA14_03380_311063_C_T_H_Y	0.00080688136821	0.0149577995824	  (0, 0)	0.0300577063762	  (0, 0)	0.00752608736785
geneexp##PA14_04810	0.000745458848791	0.0154692800346	  (0, 0)	137.38327598	  (0, 0)	1862.72116512
geneexp##PA14_63130	0.000742823081216	0.0184745334093	  (0, 0)	132.99781376	  (0, 0)	1562.75968118
SNPs##PA14_67210_5998728_G_T_A_D	0.000717544950991	0.0131931335381	  (0, 0)	0.0240659004795	  (0, 0)	0.122240652907
SNPs##PA14_17980,glpF_1544837_T_C_N_S	0.000673832963789	0.0128848665385	  (0, 0)	0.0469329333663	  (0, 0)	0.0263549441312
SNPs##PA14_59540_5298419_C_T_R_C	0.00066702582655	0.0121958408299	  (0, 0)	0.0273193102413	  (0, 0)	0.0248710803632
SNPs##intergenic_3394208_G_A_none_none	0.000658710144303	0.0125317722049	  (0, 0)	0.0288165031514	  (0, 0)	0.0211597299374
SNPs##PA14_59540_5297642_C_A_R_R	0.00063552171551	0.0108299830007	  (0, 0)	0.0277527324147	  (0, 0)	0.0203477195072
SNPs##PA14_48520,mltA_4313220_G_A_V_V	0.000618437944218	0.0138156445478	  (0, 0)	0.0402286679491	  (0, 0)	0.0340722746849
SNPs##PA14_31070_2702883_G_GCCCGTTGGTGA_none_none	0.00061507844685	0.0133692028942	  (0, 0)	0.0316121549621	  (0, 0)	0.0086255781016
SNPs##PA14_37850,yejE_3376663_C_G_L_L	0.000609527003463	0.0126447851333	  (0, 0)	0.0249057508188	  (0, 0)	0.00823638191667
SNPs##PA14_02050_186553_G_A_G_S	0.000602694794143	0.0135120541878	  (0, 0)	0.0421784051789	  (0, 0)	0.0204010040881
SNPs##PA14_48100,aprE_4281405_T_A_L_L	0.000596033161143	0.0111409977876	  (0, 0)	0.0338131261972	  (0, 0)	0.0340840493987
SNPs##PA14_13010_1117054_C_T_L_L	0.000595011271901	0.0132971372196	  (0, 0)	0.0343803460353	  (0, 0)	0.0269455070392
SNPs##PA14_60870,morA_5429802_A_G_E_E	0.000592001122087	0.0136973638425	  (0, 0)	0.0284093989946	  (0, 0)	0.0550465572575
SNPs##PA14_41160_3672473_G_A_L_L	0.000588417424651	0.0109339745834	  (0, 0)	0.0508306075114	  (0, 0)	0.0428658463972
geneexp##PA14_34150,sfnR	0.000586600724409	0.00977181496207	  (0, 0)	68.3309848644	  (0, 0)	1301.81757217
SNPs##PA14_09680_832215_C_G_R_R	0.00058509693651	0.0108586964978	  (0, 0)	0.0299409333722	  (0, 0)	0.0570558785146
SNPs##PA14_33890,aldG_3011426_T_C_L_L	0.000584765368007	0.0103545157101	  (0, 0)	0.0258939763903	  (0, 0)	0.00325875589782
SNPs##PA14_14610,yajC_1247476_A_G_K_K	0.000576279361818	0.0128782947677	  (0, 0)	0.0285078018147	  (0, 0)	0.0960252176333
SNPs##PA14_60030_5346277_G_GGTGATGAGA_none_none	0.000575361526066	0.0114825523511	  (0, 0)	0.0259055855865	  (0, 0)	0.00940303886698
SNPs##PA14_17890_1536309_A_T_T_S	0.000570390835656	0.0116779114995	  (0, 0)	0.0396594017007	  (0, 0)	0.0474837539863
genePA##,,group_16970	0.000566863479615	0.0111619409641	  (0, 0)	0.106766800909	  (0, 0)	0.217375781251
SNPs##PA14_28840_2489666_G_A_L_L	0.000563814844116	0.0107412021388	  (0, 0)	0.0330377342539	  (0, 0)	0.0328074419762
SNPs##PA14_53800,mntH2_4770444_C_T_I_I	0.000561555739774	0.0125450350618	  (0, 0)	0.0329155362621	  (0, 0)	0.00744642927675
SNPs##intergenic_4072307_C_A_none_none	0.00056151940545	0.017747922094	  (0, 0)	0.0273248497642	  (0, 0)	0.0363043595542
genePA##,,group_12671	0.000560921695006	0.0103680107507	  (0, 0)	0.0688706926593	  (0, 0)	0.0332296782673
SNPs##PA14_45310,ccmF_4039661_G_A_L_L	0.000559895977935	0.0112900833758	  (0, 0)	0.0458199805957	  (0, 0)	0.112532913662
geneexp##PA14_56680,feoB	0.00055815794625	0.0101848132699	  (0, 0)	133.436519335	  (0, 0)	1994.23535906
SNPs##PA14_03380_311212_G_A_A_A	0.000548592176459	0.0124684961693	  (0, 0)	0.0294060227235	  (0, 0)	0.0147053662707
SNPs##PA14_20230,nosR_1743188_C_T_G_E	0.000544822646718	0.0142485559155	  (0, 0)	0.0202590109765	
SNPs##PA14_17930,glpD_1541185_C_T_L_L	0.000544544644759	0.0129651291132	  (0, 0)	0.0421784051789	  (0, 0)	0.0204010040881
SNPs##PA14_28840_2491380_C_T_L_L	0.000537657696133	0.0120407063895	  (0, 0)	0.0330377342539	  (0, 0)	0.0463972205724
geneexp##PA14_28950	0.000534013724751	0.0101785228762	  (0, 0)	79.3247002841	  (0, 0)	1384.36634549
SNPs##PA14_25450,lolE_2225280_C_T_V_V	0.000533587102553	0.0119230930176	  (0, 0)	0.0322940297453	  (0, 0)	0.0597958972092
SNPs##PA14_62650_5591842_A_AACGACAAGCC_none_none	0.000531522806344	0.00900445823372	  (0, 0)	0.0238823777819	  (0, 0)	0.0162995524406
SNPs##PA14_22820,yciV_1981878_C_T_T_T	0.000530825993573	0.0126543915191	  (0, 0)	0.02580646342	  (0, 0)	0.0928237188336
SNPs##PA14_29550_2562565_C_T_R_R	0.000526339679754	0.00962275002152	  (0, 0)	0.0334716337079	  (0, 0)	0.0768967095481
SNPs##PA14_59690_5311524_C_T_F_F	0.000521214076146	0.0117938834168	  (0, 0)	0.0282182883145	  (0, 0)	0.0206890552979
SNPs##PA14_45190_4030717_C_A_R_S	0.000520528526263	0.0129631433312	  (0, 0)	0.0433444451574	  (0, 0)	0.0513279117529
SNPs##PA14_56140_5014363_T_G_F_V	0.000519783731705	0.0123761150736	  (0, 0)	0.0282783139482	  (0, 0)	0.0207645418698
SNPs##intergenic_4735445_C_T_none_none	0.000519510452458	0.00957954579731	  (0, 0)	0.0346387055606	  (0, 0)	0.00822975682771
geneexp##PA14_34070	0.000518634602522	0.00992510134657	  (0, 0)	80.4347565216	  (0, 0)	1592.18873859
SNPs##PA14_33890,aldG_3011414_T_G_S_A	0.000517939801764	0.0102847754683	  (0, 0)	0.0278880988961	
SNPs##PA14_40440_3614212_C_T_R_C	0.000517675295547	0.0117820922719	  (0, 0)	0.0408346857798	  (0, 0)	0.0265547933572
geneexp##PA14_20720,flgN	0.000512167709564	0.00987374053408	  (0, 0)	135.048389725	  (0, 0)	2352.31029028
SNPs##PA14_01190_117304_A_G,T_none_none	0.00051092311107	0.0105540571671	  (0, 0)	0.0161574669499	  (0, 0)	0.00694969531938
SNPs##PA14_31070_2701377_G_C_A_A	0.000503925775616	0.0113886407194	  (0, 0)	0.0350227947107	  (0, 0)	0.0315026565379
SNPs##PA14_17630,potB_1514952_C_T_A_T	0.00050296116692	0.0112698759964	  (0, 0)	0.0408346857798	  (0, 0)	0.0328868965226
SNPs##PA14_38950_3470444_T_C_R_R	0.000499525249525	0.00924607864101	  (0, 0)	0.0149862515923	  (0, 0)	0.0224479602977
SNPs##intergenic_342844_T_G,C_none_none	0.000490522151574	0.0115287199166	  (0, 0)	0.0307862267181	  (0, 0)	0.0231080989079
geneexp##PA14_34800	0.000490123847644	0.0102720710559	  (0, 0)	77.6246556107	  (0, 0)	1594.03614381
genePA##,,group_1360	0.000483745111077	0.00798684345674	  (0, 0)	0.114280899784	  (0, 0)	0.222569217528
SNPs##PA14_39610_3526539_G_C_G_G	0.000483676314529	0.00900429415625	  (0, 0)	0.0265430973928	  (0, 0)	0.00767102338057
SNPs##intergenic_5827647_C_T_none_none	0.000483220134728	0.0119893225369	  (0, 0)	0.0323568969659	  (0, 0)	0.0282616498277
SNPs##PA14_31130_2707939_G_T_R_R	0.000478571933603	0.0111121208412	  (0, 0)	0.0288165031514	  (0, 0)	0.0211597299374
geneexp##PA14_72230	0.000477833679372	0.00754938319458	  (0, 0)	116.666047909	  (0, 0)	1903.60310615
SNPs##intergenic_291125_A_G_none_none	0.000477770448416	0.0101962609936	  (0, 0)	0.0294060227235	  (0, 0)	0.0147053662707
SNPs##PA14_36590,malQ_3257889_G_T_G_G	0.000470219322087	0.0106726352554	  (0, 0)	0.0414825300375	  (0, 0)	0.0257987117618
SNPs##PA14_62510,yadB_5575681_G_A_R_H	0.00046939864526	0.0086098596302	  (0, 0)	0.0234009478816	  (0, 0)	0.0429601670544
SNPs##PA14_43610_3882697_A_G_G_G	0.000467952482987	0.00896606198709	  (0, 0)	0.0131397432907	  (0, 0)	0.0776566401751
geneexp##PA14_35370,ptxS	0.000465492151864	0.010777453093	  (0, 0)	85.665010705	  (0, 0)	1608.1008944
SNPs##PA14_45190_4030731_A_G_E_E	0.000462545684419	0.010779308893	  (0, 0)	0.0412296836019	  (0, 0)	0.0680356896085
SNPs##PA14_63970_5701688_T_C_I_T	0.000462023485596	0.0146031584098	  (0, 0)	0.0396276747441	  (0, 0)	0.058161139788
SNPs##PA14_60000_5343790_G_C_A_A	0.000462023485596	0.0146031584098	  (0, 0)	0.0348733711237	  (0, 0)	0.0706266042976
SNPs##PA14_28840_2491273_T_C_I_T	0.000461557071935	0.0145884164913	  (0, 0)	0.032167701937	  (0, 0)	0.0451753728208
SNPs##PA14_33890,aldG_3011499_G_C_G_A	0.000461042382619	0.00789645785089	  (0, 0)	0.0278880988961	
SNPs##PA14_09520,mexI_816590_C_T_A_T	0.000456611309679	0.0113926980618	  (0, 0)	0.018347163035	  (0, 0)	0.00826177700353
SNPs##intergenic_279659_G_T_none_none	0.000454783349139	0.00862604368624	  (0, 0)	0.0288515349621	  (0, 0)	0.0421394212468
SNPs##intergenic_1115473_T_C_none_none	0.000454623504574	0.0103625602267	  (0, 0)	0.0288165031514	  (0, 0)	0.0211597299374
SNPs##intergenic_2708763_C_T_none_none	0.000450398211299	0.0101132435458	  (0, 0)	0.0344449755134	  (0, 0)	0.0318453538079
SNPs##PA14_16690,ppc_1428089_C_T_A_V	0.00044962969643	0.0100979244806	  (0, 0)	0.0253268478126	  (0, 0)	0.00793666182409
geneexp##PA14_33480,sndH	0.000449452329035	0.0080622038818	  (0, 0)	71.7255903667	  (0, 0)	1315.15779083
SNPs##PA14_35520,bkdA2_3157506_C_T_E_E	0.000449094196835	0.0101101534541	  (0, 0)	0.0161434557734	  (0, 0)	0.207279803623
genePA##,,group_6949	0.000446609602292	0.00881977828319	  (0, 0)	0.0672377263364	  (0, 0)	0.174378146019
geneexp##PA14_56670	0.00044549574724	0.00904761849172	  (0, 0)	82.5904041807	  (0, 0)	1185.48566782
SNPs##PA14_66450_5928598_T_A_I_I	0.00044497622465	0.0100308294133	  (0, 0)	0.0356834544925	
SNPs##PA14_32380,oprN_2812997_C_A_S_S	0.000442747658393	0.0103100570793	  (0, 0)	0.0329218299756	  (0, 0)	0.0326127698289
SNPs##PA14_12420_1069859_C_T_none_none	0.000442652976901	0.0105566237864	  (0, 0)	0.0288165031514	  (0, 0)	0.0211597299374
SNPs##intergenic_309675_T_G_none_none	0.000441157598053	0.0105440325717	  (0, 0)	0.0345564669357	  (0, 0)	0.0279157806565
SNPs##intergenic_2690893_T_A_none_none	0.000440568125516	0.00992914515791	  (0, 0)	0.0237385135312	  (0, 0)	0.0820433112036
SNPs##intergenic_3692967_C_T_none_none	0.000435652173913	0.0137696413831	  (0, 0)	0.0282783139482	  (0, 0)	0.0207645418698
genePA##,,group_22545	0.000431790532559	0.00844133936237	  (0, 0)	0.106766800909	  (0, 0)	0.217375781251
