feature	score	std	#I-out-of-20	#O-out-of-334
genePA##,,group_12671	0.00235956780621	0.0195557450551	  (0, 0)	0.0688706926593	  (0, 0)	0.0332296782673
genePA##,,group_22552	0.00227953444493	0.0223563148202	  (0, 0)	0.106766800909	  (0, 0)	0.217375781251
genePA##,,group_22545	0.0021794988994	0.0197115819126	  (0, 0)	0.106766800909	  (0, 0)	0.217375781251
genePA##,,group_10106	0.00210788923604	0.0203251253945	  (0, 0)	0.168115080576	  (0, 0)	0.160215163812
genePA##,,group_13217	0.0018957126423	0.0167878496488	  (0, 0)	0.120330221477	  (0, 0)	0.0678893438014
genePA##,,group_22553	0.00188892076529	0.0193905331918	  (0, 0)	0.106766800909	  (0, 0)	0.217375781251
genePA##,,group_7478	0.00176147347763	0.0184612451697	  (0, 0)	0.122115043845	  (0, 0)	0.134477477336
genePA##,,group_35644	0.00175389996155	0.0200886779947	  (0, 0)	0.151276646116	  (0, 0)	0.10856040419
genePA##,,group_17596	0.00171157900578	0.0167915781854	  (0, 0)	0.175174146651	  (0, 0)	0.138234429078
genePA##,,group_32044	0.00168814772682	0.0138195113862	  (0, 0)	0.086886652362	  (0, 0)	0.0694773990482
genePA##,,group_20994	0.00168014598923	0.0168759068624	  (0, 0)	0.0974068245728	
genePA##,,group_16972	0.00165165452997	0.0166871456725	  (0, 0)	0.106766800909	  (0, 0)	0.217375781251
genePA##,,group_35646	0.0015783354657	0.0164570894112	  (0, 0)	0.151276646116	  (0, 0)	0.10856040419
genePA##,,group_32022	0.00155182271291	0.0173983975627	  (0, 0)	0.153543857016	
genePA##,,group_17109	0.00152804464612	0.0167322596207	  (0, 0)	0.166021723684	  (0, 0)	0.189210253363
genePA##,,group_22551	0.00152625304235	0.0155589887263	  (0, 0)	0.106766800909	  (0, 0)	0.217375781251
genePA##,,group_165	0.00150852291249	0.0170778168538	  (0, 0)	0.130219782823	  (0, 0)	0.16584375976
genePA##,,group_22546	0.00149816613487	0.0178040541016	  (0, 0)	0.106766800909	  (0, 0)	0.217375781251
genePA##,,group_22559	0.00148681500216	0.0182589441524	  (0, 0)	0.106766800909	  (0, 0)	0.217375781251
genePA##,,group_21260	0.00148506037407	0.0144826319537	  (0, 0)	0.0974068245728	
genePA##,,group_30796	0.00146148214963	0.0154131958612	  (0, 0)	0.132845047365	  (0, 0)	0.116841077483
genePA##,,group_7460	0.00146028020684	0.0156467436275	  (0, 0)	0.119917240102	  (0, 0)	0.132057176825
genePA##,,group_35659	0.00145142173036	0.0157653418074	  (0, 0)	0.151276646116	  (0, 0)	0.10856040419
genePA##,,group_22549	0.00143437055136	0.0174328366158	  (0, 0)	0.106766800909	  (0, 0)	0.217375781251
genePA##,,group_11620	0.00142227548034	0.0128054698099	  (0, 0)	0.0779607754966	  (0, 0)	0.0593315217153
genePA##,,group_16322	0.00140907513459	0.01731378097	  (0, 0)	0.216492596936	  (0, 0)	0.797242266834
genePA##,,group_8047	0.00140528437398	0.0144045217805	  (0, 0)	0.072546834039	  (0, 0)	0.296698135652
genePA##,,group_21051	0.00140424514099	0.0125127158859	  (0, 0)	0.0974068245728	
genePA##,,group_15859	0.00139932340642	0.0169022924258	  (0, 0)	0.204263610588	  (0, 0)	0.292338688331
genePA##,,group_8580	0.00139350473728	0.0138575302049	  (0, 0)	0.0706757487224	  (0, 0)	1.51177872622
genePA##,,group_22558	0.0013816726944	0.016020200279	  (0, 0)	0.106766800909	  (0, 0)	0.217375781251
genePA##,,group_1360	0.00136183765498	0.0148749677385	  (0, 0)	0.114280899784	  (0, 0)	0.222569217528
genePA##,,group_16970	0.00135807663662	0.0137567253269	  (0, 0)	0.106766800909	  (0, 0)	0.217375781251
genePA##,,group_596	0.00134423405716	0.0144262532479	  (0, 0)	0.089509848572	  (0, 0)	0.496098798018
genePA##,,group_35643	0.00132094017211	0.0160144418393	  (0, 0)	0.151276646116	  (0, 0)	0.10856040419
genePA##,,group_32023	0.00131640692264	0.0140400019635	  (0, 0)	0.153543857016	
genePA##,,group_5018	0.00131032154194	0.0131404958457	  (0, 0)	0.0849771229237	  (0, 0)	0.110020408131
genePA##,,group_16971	0.00130948784139	0.0167242944313	  (0, 0)	0.106766800909	  (0, 0)	0.217375781251
genePA##,,group_34823	0.00130770673667	0.0156470152771	  (0, 0)	0.148553997304	  (0, 0)	0.106606554319
genePA##,,group_4188	0.00129329606811	0.0157747871994	  (0, 0)	0.0816484286916	  (0, 0)	0.036161147484
genePA##,,group_17110	0.00129324847128	0.0149761635326	  (0, 0)	0.166021723684	  (0, 0)	0.189210253363
genePA##PA14_02750,,sutR_2	0.00126434431371	0.0205303732764	  (0, 0)	0.148553997304	  (0, 0)	0.147984777204
genePA##,,group_17600	0.00125664143307	0.0145298980659	  (0, 0)	0.175174146651	  (0, 0)	0.138234429078
genePA##,,group_9633	0.00124614349119	0.0141078740293	  (0, 0)	0.155255583762	  (0, 0)	0.416454839659
genePA##,,group_35614	0.00124577179271	0.0157055778878	  (0, 0)	0.122021961916	  (0, 0)	0.0806494467086
genePA##,,group_22548	0.00122823082636	0.0144565759147	  (0, 0)	0.106766800909	  (0, 0)	0.217375781251
genePA##,,group_32043	0.00120737136634	0.0126763116102	  (0, 0)	0.086886652362	  (0, 0)	0.0694773990482
genePA##,,group_7698	0.00120639665197	0.0115279295267	  (0, 0)	0.0849771229237	  (0, 0)	0.110020408131
genePA##,,group_35642	0.00120299141126	0.0159073256169	  (0, 0)	0.151276646116	  (0, 0)	0.10856040419
genePA##,,group_12610	0.00120055761963	0.0139028231795	  (0, 0)	0.152687996075	  (0, 0)	0.304882660698
genePA##,,group_1176	0.0011916964582	0.0117672585836	  (0, 0)	0.0674683408475	  (0, 0)	0.170145893795
genePA##,,group_22411	0.00119150837501	0.0169966260706	  (0, 0)	0.146049403187	  (0, 0)	0.106112032346
genePA##,,group_22560	0.00118971101392	0.0163366999437	  (0, 0)	0.106766800909	  (0, 0)	0.217375781251
genePA##,,group_35655	0.00118591990179	0.015515184773	  (0, 0)	0.151276646116	  (0, 0)	0.10856040419
genePA##,,group_14373	0.00118579585786	0.0182067414153	  (0, 0)	0.166021723684	  (0, 0)	0.227143261537
genePA##,,group_6644	0.00115103449616	0.0122338502288	  (0, 0)	0.0849771229237	  (0, 0)	0.144806330279
genePA##,,group_22412	0.00114948955321	0.0171493282706	  (0, 0)	0.141571674464	  (0, 0)	0.170031380448
genePA##,,group_19072	0.00114196560465	0.0148224743316	  (0, 0)	0.148553997304	  (0, 0)	0.106606554319
genePA##,,group_21066	0.00112488232268	0.0115152489102	  (0, 0)	0.0974068245728	
genePA##,,group_6455	0.0011195074186	0.0133941213295	  (0, 0)	0.0882739396908	  (0, 0)	0.702321704237
genePA##,,group_22377	0.00109323271466	0.0142799080162	  (0, 0)	0.0632594372383	  (0, 0)	0.643829407472
genePA##,,group_14663	0.00109082894587	0.0111932023254	  (0, 0)	0.0912281795943	  (0, 0)	0.26840582227
genePA##,,group_32136	0.00109036643865	0.0166129981387	  (0, 0)	0.146049403187	  (0, 0)	0.10480918667
genePA##,,group_5678	0.0010596163227	0.0139643533235	  (0, 0)	0.0797255708469	  (0, 0)	0.17027635633
genePA##,,group_5832	0.00105511206259	0.0126750949903	  (0, 0)	0.139552217538	  (0, 0)	0.152513120093
genePA##,,group_5279	0.00105269265412	0.0125062794146	  (0, 0)	0.161813564752	  (0, 0)	0.296196539728
genePA##,,group_35654	0.0010453645571	0.0134479833623	  (0, 0)	0.151276646116	  (0, 0)	0.10856040419
genePA##,,group_13548	0.00102547155399	0.0105322452693	  (0, 0)	0.12920330502	  (0, 0)	0.263299517616
genePA##,,group_35660	0.00101664473267	0.0123932025284	  (0, 0)	0.151276646116	  (0, 0)	0.10856040419
genePA##,,group_7028	0.00101181444665	0.0133320340961	  (0, 0)	0.144124273978	  (0, 0)	0.899646774397
genePA##,,group_26368	0.00100805754995	0.0119924092082	  (0, 0)	0.163332986986	  (0, 0)	0.221744293202
genePA##,,group_7245	0.00100185093512	0.0108138433631	  (0, 0)	0.0838308176083	  (0, 0)	0.22132558876
genePA##,,group_32045	0.000999323468452	0.0112654384464	  (0, 0)	0.086886652362	  (0, 0)	0.0694773990482
genePA##,,group_21783	0.000996848143658	0.0132982708917	  (0, 0)	0.13410529685	  (0, 0)	0.753199033542
genePA##,,group_21140	0.0009942353892	0.012640449979	  (0, 0)	0.130549825105	  (0, 0)	0.0873193366823
genePA##,,group_21067	0.000990173014261	0.0119628808448	  (0, 0)	0.0974068245728	
genePA##,,group_1856	0.000986247921445	0.0106604392701	  (0, 0)	0.0796726818376	  (0, 0)	0.316669239097
genePA##,,group_37555	0.000986175927619	0.0119159858263	  (0, 0)	0.0971266365045	  (0, 0)	0.0435000307594
genePA##,,group_6543	0.000977059636889	0.0116479781712	  (0, 0)	0.116836383736	  (0, 0)	0.249564358178
genePA##,,group_35607	0.000969933430992	0.0142623844202	  (0, 0)	0.154258970461	  (0, 0)	0.0789618816193
genePA##,,group_8230	0.000963819277683	0.0107340163152	  (0, 0)	0.166469079094	  (0, 0)	1.07867379977
genePA##,,yeeA	0.000958673348908	0.0134168974232	  (0, 0)	0.0778130967758	  (0, 0)	0.34486106281
genePA##,,group_21064	0.000958446310925	0.0117412659986	  (0, 0)	0.0974068245728	
genePA##,,group_35650	0.000956907334057	0.0122004922752	  (0, 0)	0.151276646116	  (0, 0)	0.10856040419
genePA##,,group_16590	0.000949555075463	0.0126834193265	  (0, 0)	0.131043215232	  (0, 0)	0.257534458559
genePA##,,group_16936	0.000949465861467	0.0149391289572	  (0, 0)	0.0826875597221	  (0, 0)	0.705418302601
genePA##,,group_17082	0.000948823929441	0.0126520795493	  (0, 0)	0.155809520156	  (0, 0)	0.631383341241
genePA##,,group_35663	0.000946995898298	0.0123136271597	  (0, 0)	0.154258970461	  (0, 0)	0.0789618816193
genePA##,,group_6949	0.00094347964182	0.0117021287341	  (0, 0)	0.0672377263364	  (0, 0)	0.174378146019
genePA##,,group_16969	0.000943398794302	0.013507054392	  (0, 0)	0.106766800909	  (0, 0)	0.217375781251
genePA##,,group_35639	0.000932261057992	0.0154530479955	  (0, 0)	0.151276646116	  (0, 0)	0.10856040419
genePA##,,group_35636	0.000930919544032	0.0146993401356	  (0, 0)	0.151276646116	  (0, 0)	0.10856040419
genePA##,,group_3440	0.000928561752955	0.0100801251484	  (0, 0)	0.226364287076	  (0, 0)	0.860511860037
genePA##,,group_26367	0.000926197166109	0.0138755431072	  (0, 0)	0.163332986986	  (0, 0)	0.221744293202
genePA##,,ppc_2	0.000917251469385	0.0134776161863	  (0, 0)	0.15212993652	  (0, 0)	0.387116597634
genePA##,,group_19104	0.000913368177816	0.0109062873533	  (0, 0)	0.0943747537389	  (0, 0)	0.129805096866
genePA##,,dctM_2	0.000908551287503	0.009936144177	  (0, 0)	0.103435464713	  (0, 0)	0.0964482603261
genePA##,,group_364	0.000905900982165	0.0119204058382	  (0, 0)	0.154477683065	  (0, 0)	0.696942101858
genePA##,,group_24419	0.000896550302833	0.010521366447	  (0, 0)	0.156105733336	  (0, 0)	0.413127288202
genePA##,,group_10673	0.000882583218018	0.00996113353672	  (0, 0)	0.0372898223845	  (0, 0)	0.0735388815473
