feature	score	std	#I-out-of-206	#O-out-of-147
genePA##,,oprD_10	0.00150898588619	0.0101269949552	  (0, 0)	1.59175006105	  (0, 0)	0.587883363193
genePA##,,group_1593	0.00116514842044	0.00906377280282	  (0, 0)	0.631852928294	  (0, 0)	0.945215824067
genePA##,,group_12802	0.00115592770259	0.00836584749533	  (0, 0)	1.6108308247	  (0, 0)	0.600087499759
genePA##PA14_33680,fpvA,group_12081	0.00115110576351	0.00908780852453	  (0, 0)	1.01981746552	  (0, 0)	1.25003315056
genePA##,,group_2703	0.00114235718164	0.00838064121346	  (0, 0)	1.5530638158	  (0, 0)	0.648425243358
genePA##,,group_21793	0.00106898123088	0.00954240062048	  (0, 0)	1.40837987334	  (0, 0)	0.352098688615
genePA##PA14_73110,,dctM_3	0.00104829419985	0.00766665527996	  (0, 0)	1.26882156035	  (0, 0)	1.31404816565
genePA##,,group_5242	0.00101581314438	0.00751149130291	  (0, 0)	1.60327567333	  (0, 0)	0.582481943403
genePA##PA14_33650,pvdD,dhbF_2	0.000968136795445	0.00763800579587	  (0, 0)	1.04356569041	  (0, 0)	1.25635192043
genePA##,,group_8985	0.000949375157782	0.00772051572924	  (0, 0)	1.63647939479	  (0, 0)	0.584761497507
genePA##,,group_5361	0.000944471739217	0.00743954319734	  (0, 0)	1.0149320321	  (0, 0)	1.28837670081
genePA##,,group_7028	0.000942105639827	0.00676826720026	  (0, 0)	0.429543053093	  (0, 0)	0.688594985183
genePA##,,group_233	0.000941167003898	0.0073713383422	  (0, 0)	0.815415192783	  (0, 0)	0.192993185868
genePA##PA14_51830,,dps2	0.000927659991204	0.00686577372566	  (0, 0)	1.22373779789	  (0, 0)	1.28088781352
genePA##,,group_2322	0.000899044445001	0.0062133720175	  (0, 0)	1.40299549979	  (0, 0)	1.22776531123
genePA##,,group_16649	0.000875603395735	0.00763737909265	  (0, 0)	1.4134881142	  (0, 0)	0.313617553547
genePA##,,group_9478	0.00085462337216	0.00746614465925	  (0, 0)	1.55636761336	  (0, 0)	0.602318146886
genePA##,,group_13792	0.000841674905998	0.00800191726199	  (0, 0)	1.40837987334	  (0, 0)	0.332441658388
genePA##PA14_08100,,group_10753	0.000835249064736	0.00719723288225	  (0, 0)	1.73665129185	  (0, 0)	0.991527196241
genePA##PA14_31100,,group_875	0.000813353782777	0.00653785651125	  (0, 0)	0.756053136709	  (0, 0)	0.900624885037
genePA##,,yohK_3	0.000812512109594	0.0065071658509	  (0, 0)	1.04356569041	  (0, 0)	1.25635192043
genePA##PA14_59900,,group_6134	0.000803077383189	0.00608428207488	  (0, 0)	0.841357583432	  (0, 0)	1.10585707115
genePA##,,group_7042	0.000797243126037	0.00704334500551	  (0, 0)	0.293144570329	  (0, 0)	0.604929077674
genePA##PA14_48500,,group_9216	0.000789510204411	0.0077333626242	  (0, 0)	0.440465572422	  (0, 0)	0.896642590346
genePA##,,group_23989	0.000787483916309	0.00717633667279	  (0, 0)	1.22272496662	  (0, 0)	0.240729789294
genePA##,,group_13794	0.000782671340576	0.00719395949359	  (0, 0)	1.42602380164	  (0, 0)	0.312484163045
genePA##,,group_21795	0.000778254620702	0.00723473986741	  (0, 0)	1.41864387427	  (0, 0)	0.334864429089
genePA##,,group_3113	0.000761388927609	0.00686297156785	  (0, 0)	0.0960252807272	  (0, 0)	0.420634450903
genePA##,,group_8167	0.000752684388316	0.00610031701346	  (0, 0)	1.60631127695	  (0, 0)	0.626506616303
genePA##PA14_58570,piuA,group_8144	0.000750999174189	0.00642659146984	  (0, 0)	1.00989975256	  (0, 0)	1.21149759344
genePA##,,group_11680	0.00072529690285	0.00729282910961	  (0, 0)	1.4134881142	  (0, 0)	0.313617553547
genePA##,,group_642	0.000724798560384	0.00821184135316	  (0, 0)	1.25195909728	  (0, 0)	0.167587940594
genePA##,,yejK	0.00072204350114	0.00612830656075	  (0, 0)	1.70401921064	  (0, 0)	1.07452365811
genePA##PA14_08050,,group_6766	0.000719074457935	0.00685188476781	  (0, 0)	1.72532447607	  (0, 0)	0.98870506715
genePA##,,group_7574	0.00071734748544	0.00631097329956	  (0, 0)	1.33246492532	  (0, 0)	0.941877229951
genePA##PA14_68420,,group_8166	0.0007046180496	0.00599808947043	  (0, 0)	1.20953066032	  (0, 0)	1.27987748528
genePA##PA14_08070,gpFI,gpFI	0.000696920283037	0.0059301669788	  (0, 0)	1.72532447607	  (0, 0)	0.98870506715
genePA##,,group_13805	0.000688550266003	0.00707021355206	  (0, 0)	1.24923214451	  (0, 0)	0.175335045858
genePA##,,group_5262	0.000684420455883	0.00590246715189	  (0, 0)	0.839314882343	  (0, 0)	1.02151289809
genePA##PA14_13900,,hin	0.000679414497746	0.00780099411979	  (0, 0)	1.45997614788	  (0, 0)	0.38870077893
genePA##,,group_17504	0.000673218744353	0.00643862378683	  (0, 0)	1.22272496662	  (0, 0)	0.240729789294
genePA##,,group_284	0.000672474425387	0.0057895751597	  (0, 0)	0.452727574262	  (0, 0)	0.850780174075
genePA##,,group_315	0.000665881253483	0.00582175445438	  (0, 0)	1.42845839451	  (0, 0)	1.39533543538
genePA##PA14_08140,XR2,group_10754	0.000659706561858	0.0056361853163	  (0, 0)	1.72532447607	  (0, 0)	0.98870506715
genePA##PA14_64560,,group_8986	0.000657708570545	0.00546352530441	  (0, 0)	1.22857623567	  (0, 0)	1.26969188939
genePA##PA14_31030,,czcB_1	0.000656590840457	0.00622896406204	  (0, 0)	0.783127989432	  (0, 0)	0.964055168638
genePA##PA14_08130,gpU,group_9202	0.000643664888831	0.00600404361873	  (0, 0)	1.73452497896	  (0, 0)	0.986587378848
genePA##PA14_29400,rhs,rhsC_1	0.000641543650897	0.00532963268441	  (0, 0)	0.653818235933	  (0, 0)	0.927708066123
genePA##,,group_4704	0.000639914677221	0.00597820810862	  (0, 0)	0.681315493743	  (0, 0)	0.906600460999
genePA##,,rstA_3	0.000637953484601	0.00558778304312	  (0, 0)	1.35582527685	  (0, 0)	1.34910572432
genePA##,,group_5589	0.000633626554417	0.0059096422323	  (0, 0)	0.129636061676	  (0, 0)	0.431420816713
genePA##,,group_3364	0.000632899797251	0.0057559317915	  (0, 0)	0.106685118982	  (0, 0)	0.519398016309
genePA##PA14_08030,,group_19743	0.000632246183089	0.00587194386141	  (0, 0)	1.72532447607	  (0, 0)	0.98870506715
genePA##,,acrR_2	0.000629335030134	0.00645317551268	  (0, 0)	1.40837987334	  (0, 0)	0.332441658388
genePA##,,group_10837	0.000629225883763	0.00714069020449	  (0, 0)	1.27268733788	  (0, 0)	0.162422019038
genePA##PA14_59850,,group_2815	0.000629129501772	0.00505878298003	  (0, 0)	0.897357048219	  (0, 0)	1.0265823621
genePA##PA14_48890,,group_1605	0.000621328777365	0.006224514501	  (0, 0)	0.243538528133	  (0, 0)	0.621067026559
genePA##,,group_16725	0.000620720792552	0.00647356564211	  (0, 0)	1.15367617437	  (0, 0)	0.159455403033
genePA##,,fabF_2	0.000619780588913	0.0071053850492	  (0, 0)	1.45743499849	  (0, 0)	0.450865757073
genePA##,,lgrB_4	0.000615997118513	0.00555906108177	  (0, 0)	0.856040217102	  (0, 0)	1.00260466735
genePA##,,group_16650	0.000614649295584	0.00682774194934	  (0, 0)	1.4134881142	  (0, 0)	0.313617553547
genePA##,,group_9614	0.000614397627554	0.00632530038291	  (0, 0)	0.114240349037	  (0, 0)	0.54725971586
genePA##PA14_59870,,group_3346	0.000612080891503	0.00493289869802	  (0, 0)	1.39662383024	  (0, 0)	1.12590482156
genePA##,,group_21825	0.000611711859125	0.00655466706116	  (0, 0)	1.15186374313	  (0, 0)	0.183177572389
genePA##,,group_1510	0.000600569144232	0.00642044169276	  (0, 0)	1.28372045087	  (0, 0)	0.177713898051
genePA##,,group_9817	0.000587559757865	0.00578566210217	  (0, 0)	0.488166213369	  (0, 0)	0.818314158615
genePA##,,group_11049	0.000585320584734	0.00480428927887	  (0, 0)	1.54936504707	  (0, 0)	0.701067610324
genePA##PA14_15270,,group_2699	0.000575860779322	0.00577511967559	  (0, 0)	0.281279199994	  (0, 0)	0.606817513516
genePA##PA14_31180,,group_11445	0.000575661318652	0.00570192013821	  (0, 0)	0.255049830673	  (0, 0)	0.63376193657
genePA##,,mcrB_1	0.000575519336843	0.00509493968795	  (0, 0)	1.50814999093	  (0, 0)	1.14593088355
genePA##,,group_2969	0.000573293512704	0.00570945607988	  (0, 0)	1.63386180402	  (0, 0)	0.742256711205
genePA##,,group_14287	0.000571562108102	0.00584569631923	  (0, 0)	1.26404754649	  (0, 0)	0.250820782807
genePA##,,group_2853	0.000571184137688	0.00454610151889	  (0, 0)	0.091311598985	  (0, 0)	0.339404031672
genePA##,,group_3685	0.000570379739192	0.0052895849424	  (0, 0)	0.530544722666	  (0, 0)	0.681668537167
genePA##PA14_55470,hxcY,group_5268	0.00056926232755	0.00481709125816	  (0, 0)	1.35561944507	  (0, 0)	0.767927255779
genePA##,,imm	0.000567266477079	0.00500590281339	  (0, 0)	0.726498399795	  (0, 0)	0.861205416435
genePA##,,group_12397	0.000565896655433	0.00489061527673	  (0, 0)	1.29188501987	  (0, 0)	0.62974158075
genePA##,,group_11181	0.000565860222289	0.00466574403126	  (0, 0)	1.31792389386	  (0, 0)	1.31681211054
genePA##PA14_16040,xerD,xerD_1	0.000564158352541	0.00482585919435	  (0, 0)	0.825172463468	  (0, 0)	1.02448168646
genePA##,,group_9476	0.000564061659549	0.00579815477727	  (0, 0)	1.59476105527	  (0, 0)	0.662660038486
genePA##,,group_13164	0.000557104370411	0.00499431130252	  (0, 0)	1.4647186855	  (0, 0)	0.804642550786
genePA##,,group_11746	0.000556118335065	0.00430924472137	  (0, 0)	0.110108877552	  (0, 0)	0.315649295598
genePA##PA14_51120,,acrC_3	0.000543178875071	0.00643586192142	  (0, 0)	1.40918571874	  (0, 0)	1.30800906703
genePA##,,group_11684	0.000541751172027	0.00542686652831	  (0, 0)	1.46723588397	  (0, 0)	0.286794885255
genePA##,,group_17501	0.000537085564258	0.00615316726225	  (0, 0)	1.22272496662	  (0, 0)	0.240729789294
genePA##,,group_6181	0.000530732222179	0.00604426783162	  (0, 0)	1.30197382456	  (0, 0)	0.255683969666
genePA##,,cadB	0.00052912862745	0.00518058246266	  (0, 0)	1.74999726018	  (0, 0)	1.06519839406
genePA##,,group_2530	0.000527746019159	0.00590102833804	  (0, 0)	0.425972846865	  (0, 0)	0.64373873672
genePA##,,group_3296	0.000515203825431	0.00434985995754	  (0, 0)	1.54309892734	  (0, 0)	0.552758708006
genePA##,,group_11679	0.000510235433492	0.00561263584998	  (0, 0)	1.41864387427	  (0, 0)	0.314761487367
genePA##PA14_08150,gpD,group_12708	0.000509199925312	0.00478227213409	  (0, 0)	1.72184270034	  (0, 0)	0.986709819677
genePA##PA14_32905,,fes	0.000505736807215	0.0045103965271	  (0, 0)	1.72719547063	  (0, 0)	1.10694760764
genePA##,,group_13679	0.000505669235714	0.00496813422808	  (0, 0)	0.105551164889	  (0, 0)	0.417123230864
genePA##,,group_5339	0.000504047813015	0.00439926251152	  (0, 0)	1.40615809897	  (0, 0)	1.12336476947
genePA##,,group_20186	0.0005022681841	0.00518034400937	  (0, 0)	0.820436111549	  (0, 0)	1.00432759159
genePA##PA14_08090,gpFII,group_12707	0.000502235952583	0.00579182594919	  (0, 0)	1.720320731	  (0, 0)	0.988686114651
genePA##,,group_3406	0.000502002325901	0.00647266145812	  (0, 0)	1.15475631917	  (0, 0)	0.140438283044
genePA##PA14_36345,exoY,cya	0.00050111930726	0.00484662567515	  (0, 0)	1.52437672855	  (0, 0)	0.752676314335
genePA##,,epsG	0.000500725759543	0.00476911162296	  (0, 0)	1.73126235555	  (0, 0)	1.078182385
genePA##,,group_4170	0.00050065785326	0.00526068337431	  (0, 0)	1.25200063516	  (0, 0)	0.196832591117
