feature	score	std	#I-out-of-293	#O-out-of-102
geneexp##PA14_46070,gbuA	0.0142743915469	0.0483822073041	  (0, 0)	1351.51184304	  (0, 0)	376.593799378
geneexp##PA14_51880,oprD	0.0101792449717	0.0350934411703	  (0, 0)	2453.06119546	  (0, 0)	972.791919407
geneexp##PA14_46080	0.00737895741531	0.0335596339482	  (0, 0)	1125.04471298	  (0, 0)	337.596102789
geneexp##PA14_70970,betI	0.00695207273441	0.0287805257096	  (0, 0)	1702.36924025	  (0, 0)	636.621571029
geneexp##PA14_70950,betB	0.00622193793067	0.0264678674371	  (0, 0)	1909.45102147	  (0, 0)	710.950007804
geneexp##PA14_46100	0.00617646024842	0.0277037343154	  (0, 0)	1143.26137754	  (0, 0)	336.292903342
geneexp##PA14_02370	0.0060400908612	0.0259896948474	  (0, 0)	944.465966518	  (0, 0)	408.713358622
geneexp##PA14_70940,betA	0.00483260079389	0.022357974246	  (0, 0)	1627.42828298	  (0, 0)	620.35764182
geneexp##PA14_46110	0.00457134808534	0.022462277855	  (0, 0)	1151.21960781	  (0, 0)	355.916043744
geneexp##PA14_46120,ilvG	0.00362859173198	0.0184681704745	  (0, 0)	993.287890418	  (0, 0)	302.643495821
geneexp##PA14_06170,fiuR	0.00355215226975	0.0193323343259	  (0, 0)	959.886115312	  (0, 0)	283.275120314
geneexp##PA14_61850,iutA	0.00274524482658	0.0150936502037	  (0, 0)	1885.50946422	  (0, 0)	601.530265875
geneexp##PA14_53880	0.00273864960916	0.0154094986523	  (0, 0)	1415.92321351	  (0, 0)	452.743667862
geneexp##PA14_05540,mexB	0.00272991218436	0.0154090404148	  (0, 0)	2452.64929394	  (0, 0)	796.622548494
geneexp##PA14_18680,bfd	0.00269537602903	0.0161274721418	  (0, 0)	1056.18577513	  (0, 0)	329.811336162
geneexp##PA14_72970,tonB	0.00269103185037	0.0158540951968	  (0, 0)	1925.87349819	  (0, 0)	633.552893532
geneexp##PA14_56680,feoB	0.00252660648392	0.014195677842	  (0, 0)	1792.07245731	  (0, 0)	581.253594269
geneexp##PA14_46140	0.00247432115616	0.0161119419856	  (0, 0)	1067.8115001	  (0, 0)	349.13276487
geneexp##PA14_62000,hitA	0.0021679874186	0.0142125165532	  (0, 0)	2134.1024414	  (0, 0)	709.297631671
geneexp##PA14_58580,piuC	0.00202245799399	0.0135214981161	  (0, 0)	1416.37516065	  (0, 0)	452.036945719
geneexp##PA14_18670,bfrB	0.00201986297281	0.0120440076029	  (0, 0)	2498.53080057	  (0, 0)	900.99595218
geneexp##PA14_33000,gcvP2	0.00199940577329	0.0128026312406	  (0, 0)	2232.76608265	  (0, 0)	707.960629385
geneexp##PA14_32710	0.00197530558479	0.0139386377831	  (0, 0)	1129.52169557	  (0, 0)	364.987198304
geneexp##PA14_05550,oprM	0.00187536726686	0.0108970813586	  (0, 0)	2362.22788231	  (0, 0)	764.433462843
geneexp##PA14_52250,pirR	0.0018003922064	0.0123836932944	  (0, 0)	1054.88583186	  (0, 0)	322.639721105
geneexp##PA14_58600	0.00179267352924	0.0122502979391	  (0, 0)	1053.41976076	  (0, 0)	333.370151608
geneexp##PA14_34630,gnuT	0.00178025088877	0.0122954931632	  (0, 0)	1166.67674815	  (0, 0)	367.129980729
geneexp##PA14_34660,gntR	0.0017634373033	0.0123943819506	  (0, 0)	1514.17895746	  (0, 0)	479.689337999
geneexp##PA14_58375	0.00175767519361	0.0119662538064	  (0, 0)	1670.41799959	  (0, 0)	607.22086743
geneexp##PA14_68900,fbpA	0.00175533510048	0.0114312813396	  (0, 0)	2018.22881638	  (0, 0)	654.076581914
geneexp##PA14_09540,mexG	0.0016474352614	0.0122631872355	  (0, 0)	896.181531422	  (0, 0)	345.152994432
geneexp##PA14_58040	0.00163436436937	0.0122688597368	  (0, 0)	1099.66992348	  (0, 0)	357.048737771
geneexp##PA14_32985,gcvH2	0.00155021963837	0.0116947156568	  (0, 0)	1383.23134732	  (0, 0)	425.949115632
geneexp##PA14_58030,fumC	0.00150212141461	0.0114505186022	  (0, 0)	1294.8085041	  (0, 0)	435.739284822
geneexp##PA14_32720	0.00147908659303	0.0116932771231	  (0, 0)	869.216280126	  (0, 0)	263.078729716
geneexp##PA14_56840	0.00139513928326	0.00896666165247	  (0, 0)	1697.25295665	  (0, 0)	552.547096079
geneexp##PA14_05530,mexA	0.00138583255184	0.0100382368582	  (0, 0)	2220.26316245	  (0, 0)	722.890335429
geneexp##PA14_33040,gcvT2	0.00137003600998	0.0102465101925	  (0, 0)	1572.61310067	  (0, 0)	500.908024189
geneexp##PA14_32740,optS	0.0013513636141	0.00979915762968	  (0, 0)	1291.52873093	  (0, 0)	434.196702503
geneexp##PA14_34640,gntK	0.00134673360537	0.00913131531035	  (0, 0)	1213.24619069	  (0, 0)	373.485889579
geneexp##PA14_09260,pCHR	0.00132749788175	0.0105542708668	  (0, 0)	1146.11758769	  (0, 0)	373.190228511
geneexp##PA14_06180,fiuI	0.00130903430034	0.0109489473586	  (0, 0)	800.408471143	  (0, 0)	246.003937398
geneexp##PA14_09530,mexH	0.00126804375097	0.0102497884812	  (0, 0)	1306.83820938	  (0, 0)	491.020419282
geneexp##PA14_37130	0.00126445729578	0.00961137917474	  (0, 0)	1152.43099311	  (0, 0)	407.936851842
geneexp##PA14_55580,nemO	0.00125618998183	0.0101874351899	  (0, 0)	974.008710393	  (0, 0)	299.223452307
geneexp##PA14_29375	0.0012372954988	0.00926730361265	  (0, 0)	1170.36445168	  (0, 0)	375.614554215
geneexp##PA14_48530	0.00118668695881	0.0111721184027	  (0, 0)	928.680282506	  (0, 0)	361.717798696
geneexp##PA14_09500,opmD	0.00116027326096	0.00954831569658	  (0, 0)	1162.97953509	  (0, 0)	435.149471919
geneexp##PA14_16660,cadA	0.0011541664319	0.0088590056332	  (0, 0)	1852.02075002	  (0, 0)	625.339145093
geneexp##PA14_46640	0.00110357735308	0.00956278381048	  (0, 0)	1438.60988241	  (0, 0)	480.696764905
geneexp##PA14_49060	0.00109230503431	0.00912677534304	  (0, 0)	1128.41680669	  (0, 0)	383.28849119
geneexp##PA14_52240,pirS	0.00108861685776	0.0084564280416	  (0, 0)	1331.09892717	  (0, 0)	430.650756552
geneexp##PA14_56830,icmP	0.00108751399754	0.00909406658911	  (0, 0)	2388.65202514	  (0, 0)	791.565467749
geneexp##PA14_38170	0.00107791321288	0.0075386436638	  (0, 0)	1131.12495825	  (0, 0)	413.596075383
geneexp##PA14_06540,bioC	0.00107157079675	0.00736039254114	  (0, 0)	1691.08003461	  (0, 0)	598.126246947
geneexp##PA14_19650	0.00107027232594	0.00954071566552	  (0, 0)	568.242314544	  (0, 0)	223.221205606
geneexp##PA14_39960,phzB2	0.00106380265986	0.00990466635155	  (0, 0)	1225.00892883	  (0, 0)	511.259751568
geneexp##PA14_44130	0.00103615249127	0.00916457713055	  (0, 0)	1361.54437388	  (0, 0)	469.236452357
geneexp##PA14_50770	0.00102339774871	0.0087537866926	  (0, 0)	1138.90665269	  (0, 0)	407.655294229
geneexp##PA14_48560	0.000990220056937	0.0100369544791	  (0, 0)	1070.16419464	  (0, 0)	423.12625621
geneexp##PA14_06450,accC	0.000969171248472	0.00853116797482	  (0, 0)	1062.89696072	  (0, 0)	396.006720658
geneexp##PA14_36330,hcnA	0.000960433665557	0.00706302282256	  (0, 0)	1014.27203857	  (0, 0)	425.642248674
geneexp##PA14_56690,feoA	0.000946335326534	0.00840552171044	  (0, 0)	1365.45201585	  (0, 0)	442.833866818
geneexp##PA14_14450	0.000945463172507	0.00869709964349	  (0, 0)	1640.44536928	  (0, 0)	564.05396367
geneexp##PA14_32500	0.000945071577379	0.00820874246201	  (0, 0)	1611.72670367	  (0, 0)	536.699093596
geneexp##PA14_47110,yybH	0.000918704721171	0.00840348184599	  (0, 0)	1023.70331677	  (0, 0)	368.572399061
geneexp##PA14_52230,pirA	0.000905448343684	0.0082225631108	  (0, 0)	1350.32459991	  (0, 0)	458.36626352
geneexp##PA14_13430,fecA	0.000896966708833	0.00825402918484	  (0, 0)	1709.93930461	  (0, 0)	561.269384089
geneexp##PA14_56670	0.000876342753847	0.00695501911176	  (0, 0)	1087.50600347	  (0, 0)	334.353467471
geneexp##PA14_36840,glgP	0.000875058090201	0.00837699466919	  (0, 0)	1398.34359157	  (0, 0)	447.252678825
geneexp##PA14_07890	0.000870744452405	0.00805076962548	  (0, 0)	1380.25072043	  (0, 0)	479.61757201
geneexp##PA14_10790,ampC	0.000860564693924	0.00696783145505	  (0, 0)	1777.60500493	  (0, 0)	541.149123361
geneexp##PA14_69300	0.000856419173671	0.00824606962603	  (0, 0)	1425.65351282	  (0, 0)	484.293041565
geneexp##PA14_34420,mtlE	0.000853402567454	0.00707192310869	  (0, 0)	1048.44067433	  (0, 0)	345.031320426
geneexp##PA14_33780	0.000840777851737	0.00756761190465	  (0, 0)	1655.97288611	  (0, 0)	547.795321726
geneexp##PA14_38160,azlC	0.0008330135023	0.00708240467001	  (0, 0)	1227.35043548	  (0, 0)	438.218149174
geneexp##PA14_33600	0.00082747382749	0.0070799003656	  (0, 0)	1177.91280107	  (0, 0)	377.933068168
geneexp##PA14_47230	0.00082471293862	0.0083010480977	  (0, 0)	972.385418691	  (0, 0)	323.712224908
geneexp##PA14_61530,csuC	0.000824446827146	0.00746577682965	  (0, 0)	695.522119677	  (0, 0)	263.275589785
geneexp##PA14_34870,CHiC	0.000820739799609	0.00741509618688	  (0, 0)	1189.36164041	  (0, 0)	469.178341237
geneexp##PA14_56990	0.00081361033367	0.00865677076108	  (0, 0)	1177.1399217	  (0, 0)	436.474137899
geneexp##PA14_33860,lldA	0.000805281357666	0.00673123028993	  (0, 0)	1342.27835871	  (0, 0)	453.658215148
geneexp##PA14_13460,fecI	0.000797910125429	0.006755121609	  (0, 0)	975.214228323	  (0, 0)	310.747582716
geneexp##PA14_26310	0.000793910942772	0.00705816235081	  (0, 0)	1437.57643954	  (0, 0)	489.771188828
geneexp##PA14_58560,piuB	0.000792115941548	0.00785509191946	  (0, 0)	1329.35072609	  (0, 0)	436.910218241
geneexp##PA14_09520,mexI	0.000791975278167	0.0086209167732	  (0, 0)	1518.69763693	  (0, 0)	558.963993796
geneexp##PA14_36310,hcnC	0.000789767664646	0.00721819732707	  (0, 0)	1488.14778523	  (0, 0)	551.032843334
geneexp##PA14_34340,mtlZ	0.000783468834923	0.00694736895924	  (0, 0)	895.411680734	  (0, 0)	295.219327594
geneexp##PA14_62450,trmA	0.00077859464842	0.00743694300875	  (0, 0)	1589.4331697	  (0, 0)	559.104168105
geneexp##PA14_48600	0.00077560821573	0.00793306644889	  (0, 0)	944.505782734	  (0, 0)	370.712149557
geneexp##PA14_49920	0.000773987449984	0.00858930358191	  (0, 0)	921.653289772	  (0, 0)	338.046746249
geneexp##PA14_62680	0.000759857497783	0.00772525440943	  (0, 0)	2025.46796406	  (0, 0)	620.922235949
geneexp##PA14_14060	0.000758448894713	0.00682509616601	  (0, 0)	1690.11047329	  (0, 0)	578.899098435
geneexp##PA14_12990	0.000757027008779	0.00789491394374	  (0, 0)	1513.48793221	  (0, 0)	549.399985392
geneexp##PA14_33010,glyA2	0.000753500606005	0.00724143753249	  (0, 0)	1576.36689926	  (0, 0)	515.387723393
geneexp##PA14_72370	0.000752795493287	0.0069921037139	  (0, 0)	1833.82153205	  (0, 0)	562.588800786
geneexp##PA14_67580,thiI	0.000752446850474	0.00725320811662	  (0, 0)	1691.76671001	  (0, 0)	598.987369523
geneexp##PA14_26190	0.000749559644982	0.00865070722263	  (0, 0)	1005.53847008	  (0, 0)	369.072246082
geneexp##PA14_47100,ilvA2	0.000746116659209	0.0069844418931	  (0, 0)	1166.57080868	  (0, 0)	428.233172708
geneexp##PA14_52370	0.000744632121858	0.00710222957567	  (0, 0)	1638.5450943	  (0, 0)	566.399550361
