feature	score	std	#I-out-of-9036	#O-out-of-5425
seq_6_gram##GGGGGG	0.000818419992794	0.000668316924046	  (0, 0)	0.653272854662	  (0, 0)	0.380380615456
seq_6_gram##GCCGGC	0.000640394272271	0.000646180801756	  (0, 0)	22.3788463978	  (0, 0)	13.7416378199
seq_6_gram##GCGCCG	0.000622505322325	0.000855489944414	  (0, 0)	20.517358426	  (0, 0)	12.7067376458
seq_6_gram##GCGGCG	0.000598459942085	0.000674401335125	  (0, 0)	20.8070459784	  (0, 0)	12.8968618151
seq_6_gram##CCGGCG	0.000587962827314	0.000709675185932	  (0, 0)	18.9331918693	  (0, 0)	11.6353620333
seq_6_gram##CGCCGC	0.00056305746924	0.000611634528843	  (0, 0)	20.7002689057	  (0, 0)	12.6803118692
seq_6_gram##CCCCCC	0.000561888553557	0.000585841706689	  (0, 0)	0.632518149748	  (0, 0)	0.356816999847
seq_6_gram##CGGCGC	0.00055847054438	0.000626889852169	  (0, 0)	20.7256878094	  (0, 0)	12.753766788
seq_6_gram##CGCGGC	0.000524970525776	0.000830372105462	  (0, 0)	14.5118141684	  (0, 0)	8.95155176064
seq_6_gram##GCCGCC	0.000523917696327	0.000552797916809	  (0, 0)	19.0219386276	  (0, 0)	11.5768365553
seq_6_gram##GCGCGC	0.000492870414212	0.000641070950164	  (0, 0)	16.0647613632	  (0, 0)	9.86250761623
seq_6_gram##GCGCGG	0.000491896444752	0.000870227002807	  (0, 0)	13.9137426823	  (0, 0)	8.57168035476
seq_6_gram##CGCCGG	0.000486009627146	0.0005945418014	  (0, 0)	18.991651571	  (0, 0)	11.6770910745
seq_6_gram##GGCGCC	0.000481258220262	0.000693999658784	  (0, 0)	15.5053096009	  (0, 0)	9.59544022499
seq_6_gram##TCGGCG	0.000478615896304	0.000600359492568	  (0, 0)	18.2799941169	  (0, 0)	11.2375908924
seq_6_gram##CCTGGC	0.000478560954522	0.00056991184154	  (0, 0)	13.7829645637	  (0, 0)	8.41576857602
seq_6_gram##GGCCAG	0.000478286604175	0.00063394315895	  (0, 0)	13.5596194528	  (0, 0)	8.31203311609
seq_6_gram##GCTGCG	0.000477177351186	0.00067055826735	  (0, 0)	8.60601984834	  (0, 0)	5.22771697402
seq_6_gram##TTCGGC	0.000466891177615	0.000560326825045	  (0, 0)	7.76340171721	  (0, 0)	4.72975617499
seq_6_gram##CATCAT	0.00046531852213	0.00120032202519	  (0, 0)	1.84465172686	  (0, 0)	1.02166855002
seq_6_gram##CGCGCG	0.000457700003488	0.000705414393494	  (0, 0)	10.1948994849	  (0, 0)	6.28012021886
seq_6_gram##CGGCGG	0.000454701206306	0.000579970417585	  (0, 0)	17.0228093249	  (0, 0)	10.5058839816
seq_6_gram##AAAAAA	0.000452696497693	0.000532847502186	  (0, 0)	1.01227752455	  (0, 0)	0.57442308078
seq_6_gram##GGCGCG	0.00045200332728	0.000583487080419	  (0, 0)	15.0744835557	  (0, 0)	9.2934011338
seq_6_gram##CCGCGG	0.000451258810103	0.00066138808638	  (0, 0)	7.51030585007	  (0, 0)	4.63636517409
seq_6_gram##CGGATT	0.000448759762797	0.00103762114268	  (0, 0)	1.45338308722	  (0, 0)	0.864069013848
seq_6_gram##AGGACC	0.000443035640766	0.000958537848177	  (0, 0)	2.65334301827	  (0, 0)	1.63735979894
seq_6_gram##CGGCAG	0.000441194362274	0.000579120899907	  (0, 0)	9.79299370408	  (0, 0)	6.04609757938
seq_6_gram##GGCGGC	0.000439721436813	0.000504671386229	  (0, 0)	19.1707259006	  (0, 0)	11.7910923884
seq_6_gram##CCCAGG	0.000438594164903	0.000783118010713	  (0, 0)	6.90459694461	  (0, 0)	4.23380696322
seq_6_gram##CCGCCG	0.000438019713382	0.00054695837002	  (0, 0)	17.051040172	  (0, 0)	10.4395974042
seq_6_gram##TCGCCG	0.000435367561465	0.000535944069817	  (0, 0)	18.3214414339	  (0, 0)	11.1859505335
seq_6_gram##AGGCGC	0.000434499482363	0.000862869253756	  (0, 0)	10.8129912921	  (0, 0)	6.70289647379
seq_6_gram##GCCAGG	0.000431348860278	0.000517775332184	  (0, 0)	13.7855831234	  (0, 0)	8.51281779125
seq_6_gram##CGCCGA	0.000429283975829	0.000530034585801	  (0, 0)	18.1056290759	  (0, 0)	11.1397653484
seq_6_gram##CAGGCC	0.000428657990266	0.000694173048093	  (0, 0)	12.8249134315	  (0, 0)	7.90909104331
seq_6_gram##GCCAGC	0.000425880162242	0.000561643585223	  (0, 0)	14.9361648235	  (0, 0)	9.11322649927
seq_6_gram##CAGCAG	0.000425851108089	0.000769290794593	  (0, 0)	12.2723115261	  (0, 0)	7.63043513263
seq_6_gram##CAGGCG	0.000425352260198	0.000679924989146	  (0, 0)	13.5355745693	  (0, 0)	8.38669436757
seq_6_gram##AGCGGC	0.000425234337834	0.00082909048576	  (0, 0)	9.28157796681	  (0, 0)	5.72569541398
seq_6_gram##CCGGCC	0.000425112381972	0.000582264311655	  (0, 0)	11.8887430246	  (0, 0)	7.25339648735
seq_6_gram##CAGCGG	0.000423636768934	0.000932548822056	  (0, 0)	9.9769768388	  (0, 0)	6.17376584208
seq_6_gram##CCAGGG	0.000422934342661	0.000565662829132	  (0, 0)	8.53420373783	  (0, 0)	5.26015476903
seq_6_gram##GGCCTG	0.000420076229024	0.000559961650008	  (0, 0)	12.8176586601	  (0, 0)	7.78712275534
seq_6_gram##GGCACC	0.000419930687041	0.000778572664879	  (0, 0)	5.41594199013	  (0, 0)	3.26663325573
seq_6_gram##CTGCGG	0.000419470694042	0.000647423880984	  (0, 0)	5.74542290107	  (0, 0)	3.53236983953
seq_6_gram##GTCGGC	0.000419392905238	0.000644398871528	  (0, 0)	11.0037017718	  (0, 0)	6.75738599499
seq_6_gram##GGTCGA	0.000418028806979	0.000744352984417	  (0, 0)	7.60650963599	  (0, 0)	4.662435635
seq_6_gram##CGCGCC	0.000415875478856	0.000524170385872	  (0, 0)	15.0594401339	  (0, 0)	9.21011382309
seq_6_gram##GCAGCG	0.000415756059331	0.000754026448276	  (0, 0)	10.8444813532	  (0, 0)	6.66274110066
seq_6_gram##CCGCGC	0.000414198518453	0.00056149643078	  (0, 0)	13.843400487	  (0, 0)	8.46921433637
seq_6_gram##AGGCCT	0.000413959019983	0.000687011487697	  (0, 0)	4.22493093787	  (0, 0)	2.5869936924
seq_6_gram##CGGCCA	0.000413672658295	0.000583220520189	  (0, 0)	11.3132928234	  (0, 0)	6.88614253441
seq_6_gram##CGCAGG	0.000413174722451	0.000708028649172	  (0, 0)	8.09909990496	  (0, 0)	5.02121859197
seq_6_gram##CGCGCT	0.000411380278692	0.000803449904765	  (0, 0)	8.53294129959	  (0, 0)	5.15391318887
seq_6_gram##GGCCGA	0.000410795609564	0.000666329727414	  (0, 0)	10.6625876833	  (0, 0)	6.53254998302
seq_6_gram##GGGTCG	0.00041076902851	0.000566884723922	  (0, 0)	4.7266625583	  (0, 0)	2.91851041024
seq_6_gram##CGGCGA	0.000410141712095	0.000516440861916	  (0, 0)	18.2155489833	  (0, 0)	11.2066976484
seq_6_gram##GCCGGT	0.00040911574699	0.000688444374578	  (0, 0)	7.79715506777	  (0, 0)	4.79599310149
seq_6_gram##TCCAGC	0.000408969282511	0.000583318116052	  (0, 0)	8.60250809631	  (0, 0)	5.25926446178
seq_6_gram##GGCATC	0.00040822059495	0.000705007965377	  (0, 0)	6.10451742844	  (0, 0)	3.64645557762
seq_6_gram##TGCGGC	0.000408066246636	0.000570539850768	  (0, 0)	5.7878060942	  (0, 0)	3.50580816492
seq_6_gram##TGGCCG	0.00040777426312	0.000601278062413	  (0, 0)	11.3280468661	  (0, 0)	6.87146244366
seq_6_gram##TCGAGG	0.000407527976909	0.000772892149497	  (0, 0)	7.19516608925	  (0, 0)	4.42903776365
seq_6_gram##GCCTGG	0.00040641928521	0.000522977507068	  (0, 0)	14.6077466617	  (0, 0)	8.9128078228
seq_6_gram##CGGGTC	0.000405237794909	0.000801061518852	  (0, 0)	4.64642765171	  (0, 0)	2.8853221618
seq_6_gram##GATCGG	0.00040509738694	0.000801231374436	  (0, 0)	5.16098913686	  (0, 0)	3.12733624561
seq_6_gram##CAGCTG	0.000405075778749	0.000619464574379	  (0, 0)	2.67742766061	  (0, 0)	1.56117083129
seq_6_gram##CCAGGC	0.000404076886193	0.000572811995025	  (0, 0)	14.5693875852	  (0, 0)	9.00228418887
seq_6_gram##TGGTCG	0.000403059419903	0.000622443404255	  (0, 0)	7.12379001699	  (0, 0)	4.32184888711
seq_6_gram##GCCGCG	0.000402988298568	0.000552222483571	  (0, 0)	14.6178654228	  (0, 0)	8.9985310815
seq_6_gram##GCTGGC	0.000402906465448	0.00052170170724	  (0, 0)	15.1682612316	  (0, 0)	9.26770746568
seq_6_gram##CCGCCA	0.000401752768256	0.000576064256479	  (0, 0)	9.41712078936	  (0, 0)	5.70655963722
seq_6_gram##CAGGGC	0.000401450548008	0.000604904649501	  (0, 0)	9.83092447229	  (0, 0)	6.0765144977
seq_6_gram##GCCCAG	0.000401295600488	0.000591853430977	  (0, 0)	8.5298834343	  (0, 0)	5.21240687977
seq_6_gram##AGCTGG	0.000400735963718	0.000644338894423	  (0, 0)	5.22034041767	  (0, 0)	3.11049467186
seq_6_gram##AGCGCG	0.000400623864562	0.000619405279206	  (0, 0)	8.54822618251	  (0, 0)	5.22818673517
seq_6_gram##CCTGCA	0.000400347161882	0.000631581091069	  (0, 0)	6.63828402414	  (0, 0)	4.01547894085
seq_6_gram##CAGCGC	0.000399717619092	0.000528798216894	  (0, 0)	14.6397066473	  (0, 0)	8.9764396669
seq_6_gram##GCGCAG	0.000399660348315	0.000550457299906	  (0, 0)	11.8832323228	  (0, 0)	7.32919262047
seq_6_gram##GCGGCA	0.000397499160054	0.000581495199231	  (0, 0)	9.08634798321	  (0, 0)	5.52833113478
seq_6_gram##CGGCTG	0.000396617435201	0.000573722920282	  (0, 0)	7.48054481091	  (0, 0)	4.54266764826
seq_6_gram##GCACTG	0.000396051054621	0.000727000171402	  (0, 0)	2.12850245416	  (0, 0)	1.22533441865
seq_6_gram##GCCACC	0.000395982599362	0.000576906726464	  (0, 0)	7.49540252173	  (0, 0)	4.5115110245
seq_6_gram##CGCCAG	0.00039558481899	0.000549347465062	  (0, 0)	14.3689943703	  (0, 0)	8.81050170408
seq_6_gram##CCCGGG	0.000395395566245	0.000678133094185	  (0, 0)	2.98282664501	  (0, 0)	1.8223890299
seq_6_gram##CTGGCC	0.000394783503129	0.000517506112966	  (0, 0)	13.5710233901	  (0, 0)	8.23037988129
seq_6_gram##GGCCGC	0.000394559290294	0.000563181686028	  (0, 0)	11.9823107398	  (0, 0)	7.30028342557
seq_6_gram##CAGAGC	0.000394254745937	0.000716897569721	  (0, 0)	2.62442220534	  (0, 0)	1.59592355701
seq_6_gram##TGCCCG	0.000393667972054	0.000644319855401	  (0, 0)	4.58269317737	  (0, 0)	2.7477330653
seq_6_gram##GCCGAC	0.000393405218034	0.000550407968427	  (0, 0)	11.1227688522	  (0, 0)	6.79031121931
seq_6_gram##GCCGAG	0.000393187144087	0.000693290144271	  (0, 0)	12.966881951	  (0, 0)	8.00343598319
seq_6_gram##GCGGCC	0.000392620414078	0.000561025427002	  (0, 0)	12.0499190621	  (0, 0)	7.37267496247
seq_6_gram##CACGCG	0.000389939797735	0.000645328566315	  (0, 0)	2.58865647716	  (0, 0)	1.57707425425
seq_6_gram##TCGGCC	0.000389259995738	0.000572315215886	  (0, 0)	10.5439207737	  (0, 0)	6.41363773357
seq_6_gram##CGGCCG	0.000388589700491	0.000529527352035	  (0, 0)	10.8069349967	  (0, 0)	6.62088074014
seq_6_gram##CTGATC	0.000387995804552	0.000762205183934	  (0, 0)	5.80861643249	  (0, 0)	3.41714952178
seq_6_gram##ACGGCG	0.000387601894885	0.000614339250394	  (0, 0)	7.24670044072	  (0, 0)	4.39323310521
seq_6_gram##CCTCGA	0.000387485134722	0.000558673638951	  (0, 0)	7.19498472055	  (0, 0)	4.36505151054
seq_6_gram##CTGGCG	0.000387442849811	0.000526796492149	  (0, 0)	14.5285019745	  (0, 0)	8.94426739594
