feature	score	std	#I-out-of-6348	#O-out-of-10849
seq_6_gram##CCAATC	0.00104151970851	0.00360646644635	  (0, 0)	0.763390554607	  (0, 0)	1.11672825568
seq_6_gram##TCCTGA	0.000818837795163	0.00275841912818	  (0, 0)	1.17664778479	  (0, 0)	1.78978312476
seq_6_gram##CATCAT	0.000782801797264	0.00272518378476	  (0, 0)	1.35956139821	  (0, 0)	2.05393417187
seq_6_gram##CGCATC	0.000713383519596	0.00202331803449	  (0, 0)	3.32425621586	  (0, 0)	5.46918828315
seq_6_gram##TCTGCT	0.000704301136954	0.00201244000007	  (0, 0)	1.69720597903	  (0, 0)	2.75087101377
seq_6_gram##CAAATC	0.000689012646536	0.00267107118829	  (0, 0)	0.430136394782	  (0, 0)	0.586493878554
seq_6_gram##TCGAGG	0.000667701708917	0.00236461919582	  (0, 0)	4.93260139453	  (0, 0)	8.88031497053
seq_6_gram##AATCAG	0.000642647285637	0.00236216797046	  (0, 0)	0.63915753445	  (0, 0)	0.922365519132
seq_6_gram##GCAGGG	0.000637698528446	0.00230121912883	  (0, 0)	4.30339368135	  (0, 0)	7.91215716386
seq_6_gram##CCGAGG	0.000628264602167	0.00253008268579	  (0, 0)	5.4733410034	  (0, 0)	9.92804509264
seq_6_gram##GCGCCG	0.000611887760119	0.00185576965489	  (0, 0)	14.0660626433	  (0, 0)	25.4006605315
seq_6_gram##GCCGGC	0.000603578968973	0.00184562198641	  (0, 0)	15.4191744391	  (0, 0)	27.5029905819
seq_6_gram##GGGGGG	0.000591925503573	0.000577775159576	  (0, 0)	0.443306507981	  (0, 0)	0.772088343105
seq_6_gram##CGGGTC	0.000586420740471	0.0020065122195	  (0, 0)	3.17860657223	  (0, 0)	5.76775836881
seq_6_gram##AATCGT	0.000583732369064	0.00208554771469	  (0, 0)	0.541312214381	  (0, 0)	0.809235600963
seq_6_gram##CAATCT	0.000579286123989	0.00221212016366	  (0, 0)	0.53393411599	  (0, 0)	0.751420998116
seq_6_gram##CGACGG	0.00057878847125	0.00210194002761	  (0, 0)	4.30085689725	  (0, 0)	7.70215551839
seq_6_gram##GCCGAG	0.000577604353381	0.00209911857741	  (0, 0)	8.87190699051	  (0, 0)	16.0496114483
seq_6_gram##TCGTCA	0.000573517023875	0.0018818531347	  (0, 0)	1.53319749433	  (0, 0)	2.45656676769
seq_6_gram##GGCCGA	0.000569078991122	0.0020228662291	  (0, 0)	7.34396486076	  (0, 0)	13.0922524559
seq_6_gram##GCCGGT	0.000565379464558	0.00205426886467	  (0, 0)	5.3548670305	  (0, 0)	9.60890617423
seq_6_gram##TCAGAA	0.00056396574484	0.00224442243017	  (0, 0)	0.540075349889	  (0, 0)	0.727056496501
seq_6_gram##CGCGCT	0.000550585704937	0.00160810942104	  (0, 0)	5.98442185492	  (0, 0)	10.2910718737
seq_6_gram##ATCAAA	0.000550513775881	0.00251556286998	  (0, 0)	0.408865016995	  (0, 0)	0.525629675897
seq_6_gram##AGGCGC	0.000547829211247	0.00208552021612	  (0, 0)	7.40184507961	  (0, 0)	13.4054970268
seq_6_gram##CAAGGT	0.000540862178273	0.0018360697077	  (0, 0)	2.00910546064	  (0, 0)	3.18014186932
seq_6_gram##ATCTGC	0.000526085172837	0.00138245131284	  (0, 0)	2.2343020973	  (0, 0)	3.67961757443
seq_6_gram##ATGCGC	0.00052531376482	0.00145460731919	  (0, 0)	3.43172518952	  (0, 0)	5.87336310421
seq_6_gram##AGGACC	0.000520845704662	0.00161571952635	  (0, 0)	1.81690793992	  (0, 0)	3.28271272938
seq_6_gram##AGAGCC	0.000515981219086	0.00152528036365	  (0, 0)	1.18747624189	  (0, 0)	2.04059537334
seq_6_gram##GGCGCC	0.00050390239434	0.00155083170454	  (0, 0)	10.61772458	  (0, 0)	19.2100562983
seq_6_gram##ACAAGC	0.00050320986455	0.00175469965475	  (0, 0)	1.3053944718	  (0, 0)	1.98133509722
seq_6_gram##CGGCGC	0.000503125949881	0.00111335353188	  (0, 0)	14.3378179246	  (0, 0)	25.4821179311
seq_6_gram##ACGCGA	0.000496188088303	0.00147463790557	  (0, 0)	1.2279037798	  (0, 0)	2.07866389343
seq_6_gram##CCCATG	0.000492155064851	0.00150418041338	  (0, 0)	1.71572317737	  (0, 0)	3.01165866769
seq_6_gram##CGCCGG	0.000486559735772	0.00127642127828	  (0, 0)	13.0602970113	  (0, 0)	23.3793038723
seq_6_gram##CGCCGA	0.0004859081023	0.00152753862544	  (0, 0)	12.4350171196	  (0, 0)	22.3036334313
seq_6_gram##ATGTCA	0.000481173841269	0.00148993313547	  (0, 0)	0.431891877619	  (0, 0)	0.664170976547
seq_6_gram##CTGCAG	0.000478530650487	0.0011490145192	  (0, 0)	3.44249928667	  (0, 0)	6.04443042138
seq_6_gram##GCTGCG	0.000475154092064	0.00106980520435	  (0, 0)	6.03417464207	  (0, 0)	10.4098139738
seq_6_gram##GCGGCG	0.000471820993081	0.00126858287661	  (0, 0)	14.2651018413	  (0, 0)	25.760842494
seq_6_gram##ATCATC	0.000469282594773	0.00158765997006	  (0, 0)	2.13766010222	  (0, 0)	3.39177027663
seq_6_gram##GCGACG	0.000464418195973	0.00178691590186	  (0, 0)	5.37535418822	  (0, 0)	9.6309017891
seq_6_gram##CGGATT	0.000461969386169	0.00146047010215	  (0, 0)	1.03030419508	  (0, 0)	1.72361359411
seq_6_gram##CCAGGC	0.000458345469416	0.00141152109369	  (0, 0)	10.0293738555	  (0, 0)	17.9772864525
seq_6_gram##AGCAGG	0.000457965703396	0.00167320022612	  (0, 0)	6.81218913182	  (0, 0)	12.4137703606
seq_6_gram##TCGCAT	0.00045503807505	0.00167802042476	  (0, 0)	0.729835924343	  (0, 0)	1.12613000149
seq_6_gram##GCCCAA	0.000454187944178	0.00178956992098	  (0, 0)	1.06928067517	  (0, 0)	1.66709529502
seq_6_gram##TTCAAG	0.000453890521474	0.00187426272658	  (0, 0)	1.25881741615	  (0, 0)	1.94809254528
seq_6_gram##CCGGCG	0.000453678403402	0.001211949854	  (0, 0)	13.0447497875	  (0, 0)	23.3039047298
seq_6_gram##ACGTAA	0.000451560363043	0.00184028366085	  (0, 0)	0.229333758676	  (0, 0)	0.297117678197
seq_6_gram##TACAGA	0.000449492216375	0.00191776017267	  (0, 0)	0.339169657619	  (0, 0)	0.469342785925
seq_6_gram##CGCGCC	0.000447647873757	0.00105716372474	  (0, 0)	10.4492528135	  (0, 0)	18.3904870196
seq_6_gram##CCATGA	0.000446002641419	0.00127230685205	  (0, 0)	1.67407883811	  (0, 0)	2.95710164244
seq_6_gram##CTTCTG	0.000443085684397	0.00126406433358	  (0, 0)	1.59397733147	  (0, 0)	2.54339381285
seq_6_gram##ATCCCT	0.000443038694898	0.00151300035804	  (0, 0)	0.685116097579	  (0, 0)	1.07744834835
seq_6_gram##CGAATG	0.000442442828587	0.00136922352255	  (0, 0)	1.1756477552	  (0, 0)	1.89320613518
seq_6_gram##ACCGGT	0.000442295629731	0.00105898832929	  (0, 0)	1.31976609677	  (0, 0)	2.2867699222
seq_6_gram##CGCGGC	0.00043789691492	0.00141808628809	  (0, 0)	9.98455693332	  (0, 0)	17.8765745565
seq_6_gram##CGCAAA	0.000437712874525	0.0014015532334	  (0, 0)	0.67726116276	  (0, 0)	1.00469499024
seq_6_gram##TCGACT	0.000437651593115	0.00140444136065	  (0, 0)	1.64197598454	  (0, 0)	2.74996675057
seq_6_gram##CCAAGC	0.00043641811846	0.00160088884374	  (0, 0)	1.81618779638	  (0, 0)	2.81129342269
seq_6_gram##AGGGGC	0.000435084567056	0.00109153442867	  (0, 0)	1.40545959297	  (0, 0)	2.54392439154
seq_6_gram##TCCGGC	0.000434396195691	0.00106839945591	  (0, 0)	4.60415206663	  (0, 0)	8.00825924525
seq_6_gram##CGAGGA	0.000432691013006	0.00171067702285	  (0, 0)	4.99448157583	  (0, 0)	9.07185507582
seq_6_gram##CGGTAC	0.000429043409643	0.0011085639972	  (0, 0)	1.73724933618	  (0, 0)	3.12752684467
seq_6_gram##CGCAGT	0.000425877388194	0.00108985996118	  (0, 0)	1.7622306797	  (0, 0)	2.94755227534
seq_6_gram##AGTCGC	0.000424758270319	0.00154970750188	  (0, 0)	1.96718962371	  (0, 0)	3.51786446137
seq_6_gram##GGCTCC	0.000424682961366	0.00106166749085	  (0, 0)	1.80415922538	  (0, 0)	3.13714225579
seq_6_gram##AATGTC	0.000424642566825	0.00183983598212	  (0, 0)	0.537764187646	  (0, 0)	0.818227135567
seq_6_gram##CCGCCG	0.000424470425762	0.000829997259041	  (0, 0)	11.8061497892	  (0, 0)	20.8540411563
seq_6_gram##GCGAAG	0.000423068632532	0.00109716165759	  (0, 0)	4.31587182555	  (0, 0)	7.56813382848
seq_6_gram##CAGAGC	0.000422763856702	0.00127424459262	  (0, 0)	1.8292405558	  (0, 0)	3.19500579693
seq_6_gram##AGAGCA	0.0004195505888	0.00109258775637	  (0, 0)	1.47733705248	  (0, 0)	2.61683093875
seq_6_gram##CTTCGT	0.000419254332191	0.00120012467084	  (0, 0)	2.33245857081	  (0, 0)	4.01574332193
seq_6_gram##CCTGGC	0.00041900405065	0.000979961039577	  (0, 0)	9.48135990492	  (0, 0)	16.9046433623
seq_6_gram##AAATCC	0.000418784277535	0.00173674071547	  (0, 0)	0.891735919145	  (0, 0)	1.36817063217
seq_6_gram##TCGGCC	0.000417389454918	0.000894627812145	  (0, 0)	7.35278465678	  (0, 0)	12.80780697
seq_6_gram##GAATGA	0.000413724843305	0.00171233206776	  (0, 0)	0.573170240871	  (0, 0)	0.905824299836
seq_6_gram##CAGCTG	0.000413707621849	0.000834451021947	  (0, 0)	1.89472101588	  (0, 0)	3.12576398103
seq_6_gram##CGTCAT	0.000413351401503	0.00137818447282	  (0, 0)	1.27908782029	  (0, 0)	2.01604653328
seq_6_gram##CGAAGC	0.000412051496645	0.0010768200664	  (0, 0)	4.38385697509	  (0, 0)	7.66043762178
seq_6_gram##AGGAGG	0.000409861010556	0.00112882263418	  (0, 0)	1.50108054167	  (0, 0)	2.73752402629
seq_6_gram##CATCTG	0.000409163035611	0.00110913734175	  (0, 0)	1.49360447745	  (0, 0)	2.41575546574
seq_6_gram##TTTCCA	0.000406041071843	0.00120838108289	  (0, 0)	1.70861991637	  (0, 0)	2.94574300536
seq_6_gram##AGAAAG	0.000405831652044	0.00158514014143	  (0, 0)	0.891944545193	  (0, 0)	1.29988828411
seq_6_gram##ATCTTC	0.000405318668012	0.00124295456218	  (0, 0)	1.98833277886	  (0, 0)	3.30239049188
seq_6_gram##ACCTGG	0.000403925881629	0.00106653532628	  (0, 0)	5.26424024063	  (0, 0)	9.38672325334
seq_6_gram##GCTGGT	0.000403648409152	0.000974161807736	  (0, 0)	5.47211136729	  (0, 0)	9.49830443157
seq_6_gram##GCGCTG	0.000403439044963	0.000906875015754	  (0, 0)	10.2738743688	  (0, 0)	18.0528535456
seq_6_gram##TACTCC	0.000402602685011	0.00152491818016	  (0, 0)	0.626889408069	  (0, 0)	0.955107144076
seq_6_gram##GATCGG	0.000402360067552	0.00108805318351	  (0, 0)	3.61735042585	  (0, 0)	6.23247347827
seq_6_gram##GGCCGC	0.000401284542107	0.00103662197165	  (0, 0)	8.30724113017	  (0, 0)	14.6062066016
seq_6_gram##TCGTGC	0.000400566599406	0.00104597338705	  (0, 0)	1.641079474	  (0, 0)	2.70157112215
seq_6_gram##CCGCGC	0.000398960610575	0.000894544540656	  (0, 0)	9.61284039564	  (0, 0)	16.9182162784
seq_6_gram##CAAGCT	0.00039773630631	0.00135520272715	  (0, 0)	2.06988912164	  (0, 0)	3.30653719438
seq_6_gram##TGGAAA	0.000395917547182	0.00116246251763	  (0, 0)	1.77208934251	  (0, 0)	2.86948351727
seq_6_gram##ACCAGG	0.000395408751471	0.00115450619498	  (0, 0)	4.93710386473	  (0, 0)	8.77865937485
seq_6_gram##TGTGCC	0.00039310956392	0.000926795458536	  (0, 0)	1.02349990907	  (0, 0)	1.67692966657
seq_6_gram##ACCGCT	0.000392835547078	0.00109868398198	  (0, 0)	1.90701949942	  (0, 0)	3.20292125556
