feature	score	std	#I-out-of-12595	#O-out-of-3667
seq_6_gram##GGGGGG	0.00109173887244	0.000640959924599	  (0, 0)	0.894945602316	  (0, 0)	0.259970931568
seq_6_gram##TTTCGG	0.000756839034294	0.000583766718495	  (0, 0)	2.17075542772	  (0, 0)	0.614401233671
seq_6_gram##GCCGGC	0.000656529584643	0.000715804362397	  (0, 0)	31.197850744	  (0, 0)	9.35695348777
seq_6_gram##CCGCCG	0.000618647317829	0.000650802967772	  (0, 0)	23.7459709003	  (0, 0)	7.1169354651
seq_6_gram##GCCGCC	0.000618509390379	0.000644670673733	  (0, 0)	26.4618306537	  (0, 0)	7.88048434366
seq_6_gram##CGGCGC	0.000617998825431	0.000725888313251	  (0, 0)	28.9449886539	  (0, 0)	8.67775176186
seq_6_gram##GCGCCG	0.00061452360922	0.000772342656715	  (0, 0)	28.6434552932	  (0, 0)	8.6324021057
seq_6_gram##CGCCGC	0.000609652203325	0.000709399575396	  (0, 0)	28.8400218165	  (0, 0)	8.6457125629
seq_6_gram##CGCCGG	0.000584404318293	0.000668010896783	  (0, 0)	26.4758319771	  (0, 0)	7.9451756568
seq_6_gram##GCGCGC	0.000581595124975	0.000714724947022	  (0, 0)	22.3836874123	  (0, 0)	6.71075961488
seq_6_gram##GGCGCC	0.000566234004116	0.000763551457956	  (0, 0)	21.6691097005	  (0, 0)	6.51378188745
seq_6_gram##GCGGCG	0.000566204524717	0.000621261811948	  (0, 0)	29.0702379033	  (0, 0)	8.73530413372
seq_6_gram##CCAGGC	0.000564949869634	0.000866330761317	  (0, 0)	20.3445789135	  (0, 0)	6.1110166091
seq_6_gram##GGCGGC	0.000563714433363	0.000604973241351	  (0, 0)	26.7595779764	  (0, 0)	7.99535641146
seq_6_gram##CGCGGC	0.000561656359586	0.000768573138046	  (0, 0)	20.249036446	  (0, 0)	6.07325718007
seq_6_gram##CGCCGA	0.000555696106676	0.000761172805508	  (0, 0)	25.2508349254	  (0, 0)	7.56120402482
seq_6_gram##TCGGCG	0.000554828818079	0.000595348150001	  (0, 0)	25.5452214127	  (0, 0)	7.61699600976
seq_6_gram##CCGGCG	0.000553771181397	0.000633441835963	  (0, 0)	26.4261140613	  (0, 0)	7.92230975841
seq_6_gram##GCCAGG	0.000541099154494	0.000678467407006	  (0, 0)	19.254474652	  (0, 0)	5.78474567167
seq_6_gram##CGCGCC	0.000537670378068	0.000638520963294	  (0, 0)	20.9566172127	  (0, 0)	6.28260353412
seq_6_gram##CGGCGA	0.000534542891742	0.000632231215318	  (0, 0)	25.4183266791	  (0, 0)	7.60065744807
seq_6_gram##CCGCGC	0.000528891629875	0.000633666671095	  (0, 0)	19.3027705326	  (0, 0)	5.75500806617
seq_6_gram##CGGCCG	0.00052357914713	0.000725079890622	  (0, 0)	15.0742326777	  (0, 0)	4.50029597113
seq_6_gram##GGCGCG	0.000513662572907	0.000636269354331	  (0, 0)	21.0679645215	  (0, 0)	6.29637274308
seq_6_gram##GCGCGG	0.000511550429517	0.000690348847943	  (0, 0)	19.436213479	  (0, 0)	5.80505760695
seq_6_gram##CGGCGG	0.000511430480867	0.000588269921111	  (0, 0)	23.7731886938	  (0, 0)	7.11414428259
seq_6_gram##TGTCCC	0.000502390796401	0.000536764391057	  (0, 0)	1.79797669853	  (0, 0)	0.526791404756
seq_6_gram##GCCAGC	0.000492101384217	0.000613208688859	  (0, 0)	20.7891958579	  (0, 0)	6.20869865267
seq_6_gram##GGCCAG	0.000490377169825	0.000666424341798	  (0, 0)	18.9244149151	  (0, 0)	5.64520348743
seq_6_gram##CAGCAG	0.000490056872417	0.000823003972967	  (0, 0)	17.1570850274	  (0, 0)	5.16187054821
seq_6_gram##GCGCTG	0.000484526970681	0.000643963603074	  (0, 0)	20.6699889802	  (0, 0)	6.10671661254
seq_6_gram##GGCCGG	0.000484022993245	0.000611048335948	  (0, 0)	16.66899569	  (0, 0)	4.97966063182
seq_6_gram##CGCCAG	0.000478911337946	0.000593530720232	  (0, 0)	20.0202900641	  (0, 0)	6.00306703831
seq_6_gram##TTCGGC	0.000478461656796	0.000635410535888	  (0, 0)	10.8285667984	  (0, 0)	3.20705281187
seq_6_gram##CCGAAA	0.000475870310662	0.000483235713286	  (0, 0)	2.16712172962	  (0, 0)	0.604649576388
seq_6_gram##GCCGCG	0.000474136522679	0.000578308543751	  (0, 0)	20.4213125262	  (0, 0)	6.09659309175
seq_6_gram##GCCTGG	0.000471656818516	0.000549031658478	  (0, 0)	20.3570590677	  (0, 0)	6.05878661719
seq_6_gram##CCGGCC	0.000469803081137	0.000662482241435	  (0, 0)	16.5424911605	  (0, 0)	4.94667155243
seq_6_gram##GCGGCC	0.000465670088934	0.00063132413027	  (0, 0)	16.8023848797	  (0, 0)	5.00165862251
seq_6_gram##GGCCGC	0.000464588986709	0.000614873645375	  (0, 0)	16.6965155277	  (0, 0)	4.9588728456
seq_6_gram##CAGCGC	0.000462351212347	0.000613748505733	  (0, 0)	20.4100436067	  (0, 0)	6.09832019294
seq_6_gram##CAGGCC	0.000459689416972	0.000700819553537	  (0, 0)	17.8988567825	  (0, 0)	5.37039530309
seq_6_gram##CCTGGC	0.00045805384081	0.000565734756687	  (0, 0)	19.2197978336	  (0, 0)	5.71314648344
seq_6_gram##GCGCAG	0.000458037967395	0.000590194320432	  (0, 0)	16.6148357384	  (0, 0)	4.95917755758
seq_6_gram##GCGGGC	0.00045021410818	0.000589138079501	  (0, 0)	11.1081781166	  (0, 0)	3.29084797074
seq_6_gram##TCGCCG	0.000449952624528	0.000538754960531	  (0, 0)	25.5301474029	  (0, 0)	7.61710937865
seq_6_gram##GGGGCG	0.000448735497634	0.000655600845044	  (0, 0)	5.6285776157	  (0, 0)	1.67251723423
seq_6_gram##TGGCCG	0.00044863932965	0.000591806293136	  (0, 0)	15.816093293	  (0, 0)	4.63773515331
seq_6_gram##CCCGGC	0.000447595435693	0.00060436894157	  (0, 0)	14.2999827153	  (0, 0)	4.28315446827
seq_6_gram##CACCCC	0.000446157584985	0.000644620777412	  (0, 0)	3.40684389062	  (0, 0)	1.00881381885
seq_6_gram##GCGCCA	0.000445546594788	0.000603548072841	  (0, 0)	15.6800378357	  (0, 0)	4.66121121408
seq_6_gram##CCGCCC	0.000445041935424	0.000614722567288	  (0, 0)	9.20540484371	  (0, 0)	2.71963951881
seq_6_gram##CCAGCG	0.000444929338658	0.000590463103803	  (0, 0)	18.3672363826	  (0, 0)	5.497963103
seq_6_gram##CAGGGC	0.00044382654786	0.000598185032555	  (0, 0)	13.7404351168	  (0, 0)	4.11480291452
seq_6_gram##CACCGA	0.000439418807029	0.000613068073092	  (0, 0)	6.87506880092	  (0, 0)	1.99244257883
seq_6_gram##GCCACC	0.000436185960953	0.000603593908494	  (0, 0)	10.4193187914	  (0, 0)	3.07354563582
seq_6_gram##CGGCCA	0.00043601307795	0.000570648698257	  (0, 0)	15.760103512	  (0, 0)	4.67541390949
seq_6_gram##CCAGCC	0.000435951315496	0.000593854177602	  (0, 0)	11.8649906049	  (0, 0)	3.51155880631
seq_6_gram##CGCGCG	0.000434398747833	0.000618212595225	  (0, 0)	14.2403156923	  (0, 0)	4.25294587665
seq_6_gram##GGCGCT	0.000433588749564	0.000585047863575	  (0, 0)	16.1096536975	  (0, 0)	4.78498844398
seq_6_gram##CCAGGG	0.000432706797385	0.000616208151545	  (0, 0)	11.9202835064	  (0, 0)	3.57846917657
seq_6_gram##GTCCGC	0.000432323427866	0.000710251370246	  (0, 0)	5.49151079805	  (0, 0)	1.63371005826
seq_6_gram##CCGCCA	0.000431418574983	0.000651134298544	  (0, 0)	13.0996509504	  (0, 0)	3.89356548277
seq_6_gram##CCACCC	0.000430949276447	0.000645278745686	  (0, 0)	4.95901175694	  (0, 0)	1.46843154032
seq_6_gram##CTCGGC	0.000430852895035	0.000655586644808	  (0, 0)	18.0884226148	  (0, 0)	5.38081771204
seq_6_gram##CGCGGA	0.000430468529289	0.000663013693833	  (0, 0)	7.62952230976	  (0, 0)	2.2585623406
seq_6_gram##CGCGCA	0.000429859128686	0.000617611672007	  (0, 0)	11.8788338824	  (0, 0)	3.51913446237
seq_6_gram##CCCCGC	0.00042934665382	0.00060672540825	  (0, 0)	4.60173387783	  (0, 0)	1.36405620984
seq_6_gram##CGCAGG	0.000429138848045	0.000628249405733	  (0, 0)	11.3394047633	  (0, 0)	3.40217140842
seq_6_gram##AGCGGC	0.000428716684262	0.000645280511909	  (0, 0)	12.9582145014	  (0, 0)	3.87684314853
seq_6_gram##CTGGCG	0.000428659070042	0.000543733614993	  (0, 0)	20.298509588	  (0, 0)	6.05660588985
seq_6_gram##GCTGGC	0.000428550240286	0.000567330548566	  (0, 0)	21.1807054609	  (0, 0)	6.26762750828
seq_6_gram##GCGACG	0.000426787377266	0.000748934407625	  (0, 0)	10.9096095065	  (0, 0)	3.26958384178
seq_6_gram##CAGCGG	0.000424747993172	0.000760826518206	  (0, 0)	13.9390175623	  (0, 0)	4.18289780031
seq_6_gram##CGCCTG	0.000424350943971	0.000583650945628	  (0, 0)	18.8584297487	  (0, 0)	5.6046615781
seq_6_gram##GCCCGG	0.000422254603903	0.000569534762536	  (0, 0)	11.3084158087	  (0, 0)	3.37384991677
seq_6_gram##CGGCGT	0.000420524564152	0.000624500047672	  (0, 0)	13.0041674319	  (0, 0)	3.86550456306
seq_6_gram##GTCGCC	0.000419786561328	0.000585927552712	  (0, 0)	13.2199470585	  (0, 0)	3.92015938133
seq_6_gram##CCGCCT	0.000419559590685	0.000578579389212	  (0, 0)	9.85512239302	  (0, 0)	2.92132679395
seq_6_gram##GCCGGT	0.000418885187673	0.000571090775615	  (0, 0)	10.9131365732	  (0, 0)	3.2269116834
seq_6_gram##CTGGCC	0.000418807040171	0.00059517531679	  (0, 0)	18.9095520932	  (0, 0)	5.58486121958
seq_6_gram##GGGCGG	0.000417831105708	0.000600005628002	  (0, 0)	9.41209140435	  (0, 0)	2.79921784201
seq_6_gram##TGGCGC	0.000417645768924	0.000585338868314	  (0, 0)	15.8162149207	  (0, 0)	4.69360800144
seq_6_gram##CGACGA	0.000417592204967	0.000587584278513	  (0, 0)	11.8739586288	  (0, 0)	3.53270729388
seq_6_gram##CCCGCC	0.000416774403881	0.000612203113217	  (0, 0)	9.0075551762	  (0, 0)	2.6783477984
seq_6_gram##CTGGGC	0.000416498680163	0.000617248107334	  (0, 0)	12.0641555363	  (0, 0)	3.53781660912
seq_6_gram##GGGCGC	0.000416442259533	0.000550745494538	  (0, 0)	11.0605952587	  (0, 0)	3.29077871382
seq_6_gram##CGCCTC	0.000416362273265	0.00058087052971	  (0, 0)	8.0353001352	  (0, 0)	2.39394642702
seq_6_gram##TGCCGC	0.000416263881051	0.000566377660589	  (0, 0)	12.772270435	  (0, 0)	3.73006272132
seq_6_gram##GCGTCG	0.000415653819375	0.000589331316648	  (0, 0)	10.7578205386	  (0, 0)	3.18001513802
seq_6_gram##GGCCTG	0.000414620124806	0.00050961518769	  (0, 0)	17.8598333711	  (0, 0)	5.28622792611
seq_6_gram##ACCGGC	0.000414285770254	0.000571767993499	  (0, 0)	10.7169307858	  (0, 0)	3.16364827772
seq_6_gram##CCCAGG	0.000413742303589	0.000575471759702	  (0, 0)	9.6288483473	  (0, 0)	2.86233549031
seq_6_gram##ACCACC	0.000412988853555	0.000596629437587	  (0, 0)	7.44966773646	  (0, 0)	2.2081891917
seq_6_gram##CGCAGC	0.000412789705481	0.00059828034855	  (0, 0)	12.0134687642	  (0, 0)	3.54753617886
seq_6_gram##GCCTGC	0.000411676164707	0.000538179802911	  (0, 0)	17.2686779914	  (0, 0)	5.1176084861
seq_6_gram##AGCGCC	0.000411268378001	0.000581267011393	  (0, 0)	15.8994799948	  (0, 0)	4.75497261506
seq_6_gram##CGCTGC	0.000410811606109	0.000619461552478	  (0, 0)	15.1034545616	  (0, 0)	4.45975902394
seq_6_gram##GGCGAC	0.000410245497501	0.000595015767231	  (0, 0)	13.1135402433	  (0, 0)	3.90979019744
seq_6_gram##TCGGCC	0.000409680421864	0.000567686846201	  (0, 0)	14.702528978	  (0, 0)	4.35188632698
