feature	score	p-value	#I-out-of-1	#O-out-of-425
PA14_03310	53.189855989	3.02818540851e-13	7.39141523468	339.806720615
PA14_63450	39.7104126714	2.94550896717e-10	4.21950770518	154.84424226
PA14_03250	25.8029436512	3.78111364314e-07	7.59789795052	615.369802363
PA14_03360	25.1381042442	5.33678423614e-07	7.33888813384	590.901717718
PA14_03265	24.7064651308	6.67598523518e-07	6.73221070647	516.730508184
PA14_03370	24.1990834409	8.6873614456e-07	6.74405918631	525.838869572
PA14_03320	21.5060530106	3.52713575399e-06	6.81234509418	579.771961189
PA14_03350	21.4245025138	3.68037699596e-06	7.88382321489	740.388843676
PA14_03340	20.4028745686	6.27354898925e-06	5.93489419562	476.666156263
PA14_03285	19.0163792969	1.29601177956e-05	5.40717177146	427.517835098
PA14_03330	18.927561141	1.35776851904e-05	5.77144112313	478.710488795
PA14_46570	18.3838478317	1.80582290876e-05	6.10255859461	535.84451207
PA14_03270	18.0277551153	2.17707624306e-05	7.67925142595	790.590573567
PA14_32850	14.4259610191	0.000145778734579	5.19849703127	481.66060985
PA14_46600	12.4929097158	0.000408499443368	4.21950770518	374.765269702
PA14_46620	11.8934361716	0.000563321034182	5.14749447681	535.129076169
PA14_69510	11.0497932505	0.000886970890618	6.47389069635	802.401383205
PA14_46590	9.49508981287	0.00206022498485	4.39444915467	475.717594256
PA14_38180	9.42355010075	0.00214216402847	6.79122146273	939.500677406
PA14_69520	9.36054794716	0.0022170585661	6.45833828334	873.637446777
PA14_59490	8.87065639152	0.00289790925012	7.61480536471	1148.53653602
PA14_46580	8.59724078574	0.00336672702929	2.99573227355	271.573405858
PA14_69540	8.29481408163	0.0039758450443	3.63758615973	381.205525079
PA14_63440	7.53750171788	0.00604277730535	3.4657359028	373.717866441
PA14_37040,cupA2	7.41871746241	0.00645488098476	6.0799331951	896.77063203
PA14_35690,pslE	6.61283153117	0.0101246547633	0.0	2810.45340075
PA14_46610	6.59214355539	0.010242976619	2.94443897917	312.016999622
PA14_43405,kdbF	6.39017184881	0.0114753918454	5.3082676974	788.102546176
PA14_59500	6.13341285567	0.0132650567805	7.60688453122	1351.02574265
PA14_34970,gcd	6.08094838625	0.0136647392299	0.0	2584.40306416
PA14_43370,kdpC	5.95756789448	0.0146542424874	4.94164242261	733.149451131
PA14_59430	5.80696820329	0.0159627910457	8.8733279895	1710.95388846
PA14_59510	5.56525750746	0.0183203156518	6.882437471	1220.91488609
PA14_35490,lpdV	5.46037349634	0.0194524883562	1.09861228867	3186.87192988
PA14_35670,pslG	5.44940439931	0.0195749992479	0.0	2315.99686971
PA14_59440	5.3733390861	0.0204467997716	8.13388088795	1562.81964332
PA14_03190	5.20245099234	0.0225550632344	0.0	2211.04167175
PA14_34990	5.15641720628	0.0231606273629	0.0	2191.47731267
PA14_46560	5.15381022102	0.0231954218824	1.60943791243	135.665529013
PA14_59470	5.15141839173	0.0232273924603	8.6595604327	1729.53735865
PA14_34660,gntR	5.05863912527	0.0245034717899	0.0	2149.92162824
PA14_35190,pbpC	5.00213122221	0.0253161269122	0.0	2125.90576944
PA14_35530,bkdA1	4.93781526706	0.0262752278219	1.94591014906	3561.71371297
PA14_35500,bkdB	4.9344595023	0.026326294713	1.60943791243	3325.49006244
PA14_35520,bkdA2	4.81792680666	0.028165202278	1.60943791243	3273.73095749
PA14_35540,bkdR	4.81750048242	0.0281721697684	0.0	2047.43770503
PA14_34900	4.80221903776	0.0284231052816	0.0	2040.94309105
PA14_59480	4.76823143362	0.0289895911264	7.07072410726	1347.96101096
PA14_37060,cupA1	4.76509763265	0.0290424120753	7.04577657688	1341.73085627
PA14_35650,pslH	4.74717464981	0.0293464401101	0.0	2017.54922617
PA14_34800	4.74314131712	0.0294153134153	0.0	2015.83505978
PA14_37000,cupA5	4.72406777801	0.0297433020216	5.34710753072	913.953188378
PA14_08200	4.67648774887	0.0305782062291	7.12769369935	1373.0407296
PA14_34880	4.66571516754	0.0307706058561	0.0	1982.9289462
PA14_03180	4.64949188879	0.031062740827	0.0	1976.03405273
PA14_35640,pslI	4.51536996769	0.0335916204395	0.0	1919.03223627
PA14_59520	4.46431074516	0.034610050409	6.20050917404	1152.50170439
PA14_63520	4.43244878321	0.0352618823131	0.0	1883.79073287
PA14_07480	4.4097814274	0.0357334193415	0.0	1874.15710665
PA14_34330	4.4035543679	0.0358641093622	0.0	1871.51060636
PA14_35620,pslK	4.30408890688	0.0380208558126	0.0	1829.23778542
PA14_49020	4.25019559849	0.0392458100446	6.30627528695	1202.49851562
PA14_35210	4.2229934687	0.0398797457257	0.0	1794.7722242
PA14_35140	4.20470237869	0.0403120477417	0.0	1786.99851094
PA14_34600,gapB	4.10588573412	0.0427342017798	1.38629436112	2800.25267507
PA14_34840	4.10213155967	0.0428291848785	0.69314718056	2295.29899383
PA14_35290,gnd	4.07814909869	0.0434412200234	0.69314718056	2284.93423993
PA14_34640,gntK	4.02235712166	0.0449009181726	0.0	1709.5017767
PA14_35000	3.9238364431	0.0476061235545	0.0	1667.63048832
PA14_35270	3.91785699409	0.0477757449098	0.0	1665.08922249
PA14_34440,mtlR	3.90592664838	0.0481160859013	0.0	1660.01882556
PA14_34630,gnuT	3.8844145477	0.0487362515116	0.0	1650.87618277
PA14_34450	3.85518295781	0.0495925177654	0.0	1638.45275707
PA14_35230	3.77020189446	0.0521733350032	0.0	1602.33580515
PA14_34820	3.76630854845	0.0522949247091	0.0	1600.68113309
PA14_34500	3.74471489057	0.0529747642096	0.0	1591.50382849
PA14_35170,soxR	3.67775083251	0.055143189121	0.0	1563.04410382
PA14_35300	3.6506843914	0.0560461765645	0.69314718056	2099.90149366
PA14_34690	3.61773300338	0.0571667212666	0.0	1537.53652644
PA14_34460	3.60687488563	0.0575411520845	0.0	1532.92182639
PA14_28760	3.59704199188	0.05788247662	0.0	1528.74284655
PA14_35680,pslF	3.5914992243	0.0580758272765	1.09861228867	2368.88698727
PA14_63500	3.59100140835	0.0580932263427	0.0	1526.17559855
PA14_34510,srpL	3.57571374713	0.0586302479066	0.0	1519.67834253
PA14_34490	3.57013486112	0.0588275334417	0.0	1517.30731597
PA14_09220,pCHB	3.54576235222	0.0596977284334	0.0	1506.94899969
PA14_35810	3.53377543886	0.0601307206618	0.0	1501.85456152
PA14_35370,ptxS	3.52726074591	0.0603674449834	0.69314718056	2046.36081275
PA14_34810,mxaA	3.52359847561	0.06050095604	1.09861228867	2338.84252095
PA14_35470	3.45830143818	0.0629349341484	0.69314718056	2016.42089757
PA14_35100,arsC	3.45407452142	0.0630960482476	0.0	1467.9816716
PA14_35070	3.39942131435	0.0652192958117	0.69314718056	1990.8416578
PA14_36990	3.38321878743	0.0658633091085	4.27666611902	765.51175232
PA14_34720	3.35558218219	0.066977523707	0.0	1426.12242743
PA14_43920,braB	3.34660248812	0.0673438757644	1.09861228867	2260.37117025
PA14_08250	3.34336247656	0.0674765865051	4.85203026392	917.376507313
PA14_35800	3.31382038408	0.0686996077975	0.0	1408.37366323
PA14_51530,exoU	3.30205055948	0.0691934562058	0.0	1403.37148778
PA14_35440,ansA	3.29555452748	0.0694676480606	0.0	1400.61067418
PA14_15630	3.27167660775	0.0704855529676	3.85014760171	669.036384832
