feature	score	p-value	#I-out-of-1	#O-out-of-425
,,group_32647	425.0	1.99137139773e-94	1.0	0.0
,,group_32645	425.0	1.99137139773e-94	1.0	0.0
,,group_6934	425.0	1.99137139773e-94	1.0	0.0
,,group_32635	211.501176471	6.46185297787e-48	1.0	1.0
,,group_12074	211.501176471	6.46185297787e-48	1.0	1.0
,,group_5954	211.501176471	6.46185297787e-48	1.0	1.0
,,group_32641	211.501176471	6.46185297787e-48	1.0	1.0
,,group_32644	211.501176471	6.46185297787e-48	1.0	1.0
,,group_32623	211.501176471	6.46185297787e-48	1.0	1.0
,,group_32634	211.501176471	6.46185297787e-48	1.0	1.0
,,group_32625	211.501176471	6.46185297787e-48	1.0	1.0
,,group_32624	211.501176471	6.46185297787e-48	1.0	1.0
,,group_32615	211.501176471	6.46185297787e-48	1.0	1.0
,,group_32626	211.501176471	6.46185297787e-48	1.0	1.0
,,group_32617	211.501176471	6.46185297787e-48	1.0	1.0
,,group_32638	211.501176471	6.46185297787e-48	1.0	1.0
,,group_32639	211.501176471	6.46185297787e-48	1.0	1.0
,,group_32618	211.501176471	6.46185297787e-48	1.0	1.0
,,group_32637	211.501176471	6.46185297787e-48	1.0	1.0
,,group_32636	211.501176471	6.46185297787e-48	1.0	1.0
,,group_32614	211.501176471	6.46185297787e-48	1.0	1.0
,,group_32632	211.501176471	6.46185297787e-48	1.0	1.0
,,group_32646	211.501176471	6.46185297787e-48	1.0	1.0
,,group_32631	211.501176471	6.46185297787e-48	1.0	1.0
,,group_32620	211.501176471	6.46185297787e-48	1.0	1.0
,,group_32630	211.501176471	6.46185297787e-48	1.0	1.0
,,group_32621	211.501176471	6.46185297787e-48	1.0	1.0
,,group_32619	211.501176471	6.46185297787e-48	1.0	1.0
,,group_32622	211.501176471	6.46185297787e-48	1.0	1.0
,,group_32640	211.501176471	6.46185297787e-48	1.0	1.0
,,group_32616	211.501176471	6.46185297787e-48	1.0	1.0
,,group_32633	211.501176471	6.46185297787e-48	1.0	1.0
,,group_32613	140.336470588	2.24717043132e-32	1.0	2.0
,,group_32643	140.336470588	2.24717043132e-32	1.0	2.0
,,group_32612	140.336470588	2.24717043132e-32	1.0	2.0
,,group_32642	140.336470588	2.24717043132e-32	1.0	2.0
,,group_24941	140.336470588	2.24717043132e-32	1.0	2.0
,,group_8919	140.336470588	2.24717043132e-32	1.0	2.0
,,group_8863	104.755294118	1.38190361248e-24	1.0	3.0
,,group_25943	104.755294118	1.38190361248e-24	1.0	3.0
,,group_32629	104.755294118	1.38190361248e-24	1.0	3.0
,,group_9021	104.755294118	1.38190361248e-24	1.0	3.0
,,group_32611	104.755294118	1.38190361248e-24	1.0	3.0
,,group_4417	104.755294118	1.38190361248e-24	1.0	3.0
,,group_32628	104.755294118	1.38190361248e-24	1.0	3.0
,,group_25944	104.755294118	1.38190361248e-24	1.0	3.0
,,group_29932	83.4075294118	6.67672055823e-20	1.0	4.0
,,group_6733	83.4075294118	6.67672055823e-20	1.0	4.0
PA14_60820,oprJ,oprJ	83.4075294118	6.67672055823e-20	1.0	4.0
,,group_4161	83.4075294118	6.67672055823e-20	1.0	4.0
,,group_417	83.4075294118	6.67672055823e-20	1.0	4.0
,,group_23857	83.4075294118	6.67672055823e-20	1.0	4.0
,,group_23859	69.1764705882	9.00358054148e-17	1.0	5.0
,,group_14280	69.1764705882	9.00358054148e-17	1.0	5.0
,,group_17466	69.1764705882	9.00358054148e-17	1.0	5.0
,,group_2004	69.1764705882	9.00358054148e-17	1.0	5.0
,,group_12071	69.1764705882	9.00358054148e-17	1.0	5.0
,,group_3445	69.1764705882	9.00358054148e-17	1.0	5.0
,,group_26060	69.1764705882	9.00358054148e-17	1.0	5.0
,,group_29933	69.1764705882	9.00358054148e-17	1.0	5.0
,,group_17459	69.1764705882	9.00358054148e-17	1.0	5.0
,,group_30267	69.1764705882	9.00358054148e-17	1.0	5.0
,,group_3920	59.0121008403	1.56705299416e-14	1.0	6.0
,,group_25721	59.0121008403	1.56705299416e-14	1.0	6.0
,,group_23855	59.0121008403	1.56705299416e-14	1.0	6.0
PA14_27050,,mltF_2	59.0121008403	1.56705299416e-14	1.0	6.0
,,group_88	59.0121008403	1.56705299416e-14	1.0	6.0
,,group_25723	59.0121008403	1.56705299416e-14	1.0	6.0
,,group_25724	59.0121008403	1.56705299416e-14	1.0	6.0
,,group_25727	59.0121008403	1.56705299416e-14	1.0	6.0
,,group_25720	59.0121008403	1.56705299416e-14	1.0	6.0
,,group_25725	59.0121008403	1.56705299416e-14	1.0	6.0
,,group_23856	59.0121008403	1.56705299416e-14	1.0	6.0
,,group_25722	59.0121008403	1.56705299416e-14	1.0	6.0
,,group_17930	59.0121008403	1.56705299416e-14	1.0	6.0
,,group_11667	59.0121008403	1.56705299416e-14	1.0	6.0
,,group_17931	59.0121008403	1.56705299416e-14	1.0	6.0
,,group_5798	59.0121008403	1.56705299416e-14	1.0	6.0
,,group_17929	59.0121008403	1.56705299416e-14	1.0	6.0
,,group_17928	59.0121008403	1.56705299416e-14	1.0	6.0
,,group_17460	51.3894117647	7.57459731405e-13	1.0	7.0
,,group_7980	51.3894117647	7.57459731405e-13	1.0	7.0
,,group_25726	51.3894117647	7.57459731405e-13	1.0	7.0
,,group_3438	51.3894117647	7.57459731405e-13	1.0	7.0
PA14_24340,,qseC_1	51.3894117647	7.57459731405e-13	1.0	7.0
,,group_6622	51.3894117647	7.57459731405e-13	1.0	7.0
,,group_12432	45.4611764706	1.55694558699e-11	1.0	8.0
,,group_4485	45.4611764706	1.55694558699e-11	1.0	8.0
,,group_23854	45.4611764706	1.55694558699e-11	1.0	8.0
,,group_10228	45.4611764706	1.55694558699e-11	1.0	8.0
,,group_41800	45.4611764706	1.55694558699e-11	1.0	8.0
,,group_5412	45.4611764706	1.55694558699e-11	1.0	8.0
,,group_9486	45.4611764706	1.55694558699e-11	1.0	8.0
,,ptsP	40.7190588235	1.75764524096e-10	1.0	9.0
,,group_10130	40.7190588235	1.75764524096e-10	1.0	9.0
,,group_10608	40.7190588235	1.75764524096e-10	1.0	9.0
,,group_25221	33.6070588235	6.74475183563e-09	1.0	11.0
,,group_13514	33.6070588235	6.74475183563e-09	1.0	11.0
,,group_3355	30.8722171946	2.75588971261e-08	1.0	12.0
,,group_9615	30.8722171946	2.75588971261e-08	1.0	12.0
