feature	score	p-value	#I-out-of-2	#O-out-of-474
TTTG	0.000444187584647	0.983185222736	0.0136311057422	3.86997554571
CGCC	0.000329687894497	0.985513358964	0.361537259865	83.130174952
TTGG	0.000277601758175	0.986706752995	0.0427896630265	10.9932528779
TGTG	0.000203648243781	0.988614144817	0.0260463169099	6.74462742797
TTGA	0.000194075628893	0.988884947584	0.0413160561997	10.487820074
TTTT	0.000186701274626	0.989098150326	0.0226150800862	5.87041677581
GATT	0.000184776668432	0.989154483154	0.0257747803419	6.64928425393
CTTT	0.000182199263913	0.989230384887	0.0254423756598	6.56323516767
GTTG	0.000180397971887	0.989283750182	0.0836829822055	20.777269138
CTTTG	0.000175592454697	0.989427437118	0.00426834894984	1.23906720688
CAAA	0.000169615775452	0.989608914805	0.0141723515695	3.74772287523
GTGT	0.000166481657472	0.989705358988	0.0295574060409	7.55204286898
TGAG	0.00016295033555	0.989815120469	0.0393098732394	9.93715185992
ATTT	0.000153849638547	0.990103601707	0.0190483294349	4.93966755814
GATG	0.000153005630647	0.99013078311	0.106330757241	26.1766487521
CTTG	0.0001523041437	0.990153431714	0.0708996685509	17.6019201087
TCTG	0.000146503658488	0.990342745151	0.0494863231526	12.3853385822
ATTG	0.000142942977809	0.990460818159	0.0248671002647	6.35853347344
TTGT	0.000139840660005	0.990564896424	0.0310976412515	7.88226047999
TTTGA	0.000138993623041	0.990593513455	0.00243337431884	0.732281575366
CCCCCCCC	0.000136446223707	0.990680106587	0.000417740120034	0.17413532191
TTGC	0.000135389388386	0.990716268426	0.0778774962855	19.244366357
CCCCCCCCC	0.000135349697597	0.990717629275	0.000391539141116	0.165811490776
TTTGG	0.000134997509037	0.990729713258	0.00269730318016	0.7994627145
TTTA	0.000134707425346	0.990739678199	0.00610481006324	1.67876816671
GTTT	0.00013301857304	0.990797907899	0.0267730810103	6.80945598899
GGGG	0.000131909949242	0.990836333183	0.0571150534708	14.2039799883
AGTG	0.000126187132546	0.991037308178	0.0298348216946	7.54686908809
CCCCCCC	0.000123148730152	0.991145865463	0.000552617806604	0.209215908547
CCGC	0.000115339113093	0.991431199793	0.254070548078	58.9426490547
CATT	0.000113929050867	0.991483737199	0.0252624736035	6.40385202936
GGTT	0.000113113675616	0.991514265655	0.0557077738555	13.8124780087
TTTGC	0.000110066422002	0.991629343527	0.00596185601318	1.61883361166
TTTTG	0.000107797557351	0.991716064306	0.00295583978808	0.847977819302
TGATT	0.000107653434877	0.991721603661	0.00395718612318	1.10614768888
ATGA	0.000105670740793	0.991798188405	0.0446445144009	11.1092746208
GTGC	0.00010475894583	0.991833649073	0.098664364964	24.1595209075
TGAAT	0.000104719083754	0.991835202866	0.00454915950908	1.25495251501
GCGT	0.000104598578339	0.991839901872	0.103970475309	25.4367098608
GATTT	0.000102160373239	0.991935565806	0.00720015567229	1.92259473042
TAAA	0.000101956496168	0.991943616474	0.00616288110918	1.66133365958
GGGGGGGGG	0.000101579703489	0.991958516423	1.9307415277e-05	0.0325980405324
TTTC	0.000100146223618	0.992015456315	0.0515278702996	12.7636150024
CGCCG	9.99955133147e-05	0.992021466357	0.158773763315	36.6948279095
CCTGC	9.76293229579e-05	0.99211642627	0.075854680828	17.3427102713
GGGGGGG	9.65039770451e-05	0.992161992367	0.000149382304609	0.0775626712912
GGGGGGGG	9.52473229665e-05	0.992213190386	3.6723990026e-05	0.0380096170009
TTAA	9.50894529884e-05	0.992219646076	0.00404292142126	1.1171281435
TCGCC	9.49274529792e-05	0.992226276226	0.0924941538893	21.2285278531
AATG	9.43832078726e-05	0.992248592	0.0254798955178	6.41839546714
TTAG	9.41358051889e-05	0.992258757565	0.00386229820436	1.070160154
GCTT	9.35160334156e-05	0.992284282266	0.0735347521733	18.0617213758
TGTT	9.18950759592e-05	0.992351442596	0.0488792512163	12.0987410099
GTTTG	9.0386360693e-05	0.992414486784	0.0039751219977	1.09557749624
CGCCC	8.98965279929e-05	0.992435068255	0.0636352017926	14.5240505775
TTGGC	8.96256260432e-05	0.992446474923	0.0222771922735	5.62607319798
GGTG	8.93969985403e-05	0.992456114994	0.143054203765	34.7638319264
CCGCC	8.82233492471e-05	0.992505797116	0.0967641593606	22.2495578427
GTGA	8.72759154644e-05	0.992546144818	0.0518778051383	12.810847586
TAAG	8.71733412063e-05	0.992550526188	0.00604833650507	1.61654858392
TGTCT	8.67259519234e-05	0.992569666245	0.00357804016578	0.99097108748
TAAT	8.67035343765e-05	0.992570626602	0.00623458630374	1.66278966859
TGGC	8.66061538874e-05	0.992574799779	0.177468616397	43.0014846523
CTTGG	8.64965351949e-05	0.992579500224	0.0155674796134	3.97552793586
TTGGG	8.60056360282e-05	0.992600586592	0.00662128739412	1.75895080201
GGAT	8.46455764204e-05	0.992659323792	0.069943297917	17.1645593836
TGTTT	8.37283448189e-05	0.992699203318	0.00374159993017	1.02998215291
TTGAG	8.26063305909e-05	0.992748284662	0.0111626029155	2.88359726411
TGAC	8.25963255439e-05	0.992748723817	0.0530652480581	13.0835672357
GAGT	8.24579561911e-05	0.992754800039	0.0340683206263	8.48214844375
TTTGT	8.10436708744e-05	0.992817200438	0.00253857222996	0.719397644183
GTAA	8.08961429628e-05	0.992823740847	0.0102135374654	2.64628841967
GTGG	7.99810376102e-05	0.992864444485	0.097281903262	23.7278357441
CGTG	7.96494304254e-05	0.992879251721	0.0784461370362	19.1949106694
CAGT	7.96010048302e-05	0.992881416644	0.0568997547821	14.0002113584
CAAT	7.90073431504e-05	0.992908010702	0.0252212277765	6.32218231826
CGTT	7.89587968556e-05	0.992910189826	0.0650315567531	15.9600937173
CGCCA	7.78741925201e-05	0.992959050928	0.0756970066091	17.3727127652
GCGCC	7.77390356349e-05	0.992965163488	0.121464843759	28.0665157501
CCTG	7.69801677616e-05	0.992999582914	0.207840677508	48.3173325998
TGCG	7.63504049516e-05	0.99302827565	0.122013981039	29.6513091815
ACGCC	7.58581145518e-05	0.99305078749	0.0508141028564	11.5855552431
TGGG	7.56856664356e-05	0.993058690601	0.0727541253209	17.8090804716
ATTTG	7.53913888601e-05	0.993072197846	0.00243179500654	0.687353023287
CAGTG	7.53003823306e-05	0.993076380352	0.0107836023617	2.77883728165
CTAG	7.5282530289e-05	0.993077201097	0.00643267478583	1.69897987812
TGAT	7.45167922839e-05	0.993112497911	0.0647967221474	15.8876027915
TTAC	7.43862683777e-05	0.993118532493	0.0105051325315	2.70866321251
GCAGT	7.43389613667e-05	0.99312072097	0.0183630312197	4.63847464112
CTAA	7.42285883731e-05	0.993125829663	0.00401177138626	1.08948743914
TTTTT	7.40914539503e-05	0.993132182323	0.00656851577171	1.73143444995
TTGGT	7.32619527202e-05	0.993170734395	0.00831334042078	2.16449518433
TGTTG	7.31844382013e-05	0.993174348102	0.0143746587106	3.65921715511
TTGTT	7.17939515852e-05	0.993239500363	0.00809258007987	2.10767866579
CTTTGG	7.09935387399e-05	0.993277290654	0.000883150416412	0.277780318596
CGCCT	7.06972573142e-05	0.993291333125	0.0634312881492	14.5385836998
GCTTT	7.01219162501e-05	0.993318686137	0.0108195104617	2.77956825957
CCAAA	6.94304094051e-05	0.99335171086	0.0028638742129	0.79318931715
ATGT	6.86212979934e-05	0.993390561607	0.0342647836822	8.493156147
TTGAT	6.74852211209e-05	0.993445500806	0.0106396467089	2.73099964068
