feature	score	p-value	#I-out-of-18	#O-out-of-458
TTTG	0.00172700517659	0.966851651908	0.131237440403	3.75236921105
CAAA	0.00147678481485	0.969345672864	0.128039017349	3.63385620945
TTTA	0.000731250058669	0.978426525715	0.0570182523874	1.62785472438
CTTT	0.000718370847244	0.978617306227	0.236028599696	6.35264894363
GATT	0.000693222663449	0.97899482699	0.239442642946	6.43561639132
TTTT	0.000685517284775	0.979111865793	0.210721890118	5.68230996578
CGCC	0.000683562782544	0.979141657698	3.20281898124	80.2888932307
TTGG	0.000682999302049	0.979150254579	0.400768633613	10.6352739073
TTAA	0.000664325570106	0.979437190004	0.0371914133405	1.08397965158
TAAA	0.000640409003992	0.979810645964	0.0568232173129	1.61067332338
GTTT	0.00062701135156	0.980022902901	0.246024428239	6.59020464176
TTGA	0.000621332844092	0.980113550786	0.382732221514	10.1464039087
CCAAA	0.000603086154913	0.980407669887	0.0259233668605	0.770129824503
ATTG	0.000599893284381	0.980459591365	0.229585209108	6.1538153646
CTTTG	0.000584306426247	0.980715068482	0.0418755481394	1.20146000769
TTTGG	0.000566367023615	0.981013362994	0.0262680241923	0.775891993487
TGAG	0.000557293290333	0.981166040513	0.363038125015	9.61342360814
TTTGA	0.000554029473666	0.981221262308	0.023934870149	0.710780079536
CAAT	0.000536731006101	0.981516698183	0.228894192843	6.1185093532
TAAG	0.000526246358217	0.981698085441	0.0557847718913	1.56681214854
AATG	0.000525593115447	0.98170944629	0.232575001625	6.21130036103
AAAG	0.000504458539208	0.982080896095	0.233761703433	6.23611222883
GAGTTN	0.000501555488435	0.982132522146	1.97117877551e-05	0.0
AGTTN	0.000501555488435	0.982132522146	1.97117877551e-05	0.0
GTTN	0.000501555488435	0.982132522146	1.97117877551e-05	0.0
TTTGC	0.000488018253254	0.982375257859	0.0560705452687	1.56872492241
CTAA	0.000486327345431	0.982405812899	0.0369519962582	1.05654721427
AATC	0.000479931096275	0.982521877893	0.235503742593	6.27420847179
TGTG	0.000473062501274	0.982647378936	0.245238518258	6.52543522662
GTTTG	0.000470596631118	0.982692656766	0.0372406728598	1.06231194538
CCAA	0.000468255649601	0.982735751363	0.397748891356	10.4805122002
TCTG	0.000465024385712	0.982795412403	0.455719404188	11.9791055012
TCAAA	0.000464073891891	0.982813001467	0.0236928522279	0.694971273114
CATT	0.000457575644928	0.98293373864	0.23277185643	6.19634264653
ATTT	0.000442285643498	0.983221255147	0.178581451136	4.78013443644
TCAA	0.000441483493051	0.983236475179	0.383390836947	10.0983053968
TTAC	0.000440179005191	0.98326125615	0.0962264411684	2.62294190387
ATTA	0.000435452571469	0.983351351928	0.0587681423422	1.63220108514
GTAA	0.000427680071954	0.98350058246	0.0940264650151	2.56247549212
AAAT	0.000426398808571	0.983525312332	0.175155412299	4.68639561667
TCAT	0.000416140078196	0.983724673365	0.408072276261	10.7265355416
CAAAG	0.000415434851345	0.983738468088	0.0415767260193	1.17111678024
TTAG	0.00041382428016	0.983770015956	0.0365928996934	1.03742955251
GTGT	0.000399863875288	0.984046087549	0.276196527973	7.30540374705
CTAG	0.000394239128005	0.984158679195	0.0595443619879	1.64586819091
AGTG	0.000373887493883	0.984572929342	0.276361521158	7.30034238862
GTGA	0.000373091073554	0.984589366711	0.473191531372	12.3895338597
CGCCG	0.000368791245719	0.984678415885	1.41586141772	35.4377402551
CAAAC	0.000368536244341	0.984683713218	0.0361050865151	1.01809966331
TTTTG	0.000368253024233	0.98468959891	0.0288015368712	0.822132122219
CTTA	0.000361178240378	0.984837364041	0.0564652967715	1.55855590323
CAAAT	0.000358699758736	0.984889471969	0.0219270144776	0.635374807957
ATAA	0.000355105868568	0.984965351346	0.0799679311862	2.17756057013
CTCA	0.000354504912003	0.984978077027	0.357758553782	9.39963830752
CGTG	0.000354078351103	0.984987116306	0.713066804905	18.5602900016
TCTGA	0.000349965063095	0.985074562291	0.0351677469747	0.990386423123
GCTT	0.000349566008345	0.985083073242	0.670599419768	17.4646567082
CAAAA	0.000345966938371	0.985160054045	0.0284301903366	0.809263345642
CTTG	0.000339693500552	0.985295200985	0.653520447016	17.0192993302
TTGT	0.000338489696388	0.985321276562	0.289372406865	7.62398571437
TAAC	0.000333904623067	0.985421021038	0.0769093275682	2.09268290652
TGAT	0.000333223099019	0.985435905371	0.589334705648	15.363064808
TAAT	0.000332548482683	0.985450653844	0.0586204890275	1.61040376586
TTAT	0.000331036430341	0.985483764812	0.0811172120712	2.20267808713
ATGA	0.000329754109383	0.98551190444	0.410218522089	10.7437006131
AAAA	0.00032752263687	0.985561003337	0.209437498151	5.54806624917
CAGA	0.000324563797602	0.985626365162	0.452605912997	11.8348560142
TGATT	0.000322625315201	0.985669348639	0.0383688716265	1.07173600338
TTTC	0.000320645201056	0.985713388825	0.472378786281	12.3427640864
TGAC	0.000314374406193	0.985853764041	0.484505186378	12.6521272973
TATG	0.000305068974127	0.98606467823	0.13301416761	3.55363699425
ATTTG	0.000304531582623	0.986076956214	0.0233196825322	0.666465135761
CATA	0.000303487542336	0.986100840807	0.129636030681	3.46512716416
GCAAA	0.000300524968338	0.986168840512	0.0547261590101	1.50156605891
AATCA	0.000296032421843	0.986272600482	0.0372338033839	1.03736155336
CATTG	0.00029562007489	0.986282163397	0.0760517927789	2.06190846592
GAGT	0.000294432665483	0.986309738446	0.312490160695	8.20372660368
TTCT	0.000294179975148	0.986315613813	0.41764712858	10.9180907446
TCTTAGCTG	0.000292012262636	0.98636611991	0.000628237891323	0.00798523452903
AGAG	0.000291484162778	0.986378452626	0.308040897766	8.08746213145
TTGC	0.000288728417964	0.986442989618	0.71642568799	18.6058181653
CCGCC	0.000287746556871	0.986466058282	0.860324710597	21.4859972915
ATCT	0.000287600910988	0.986469483559	0.379503897185	9.93094799557
CAAG	0.000286426078646	0.986497144867	0.65318072274	16.9782857979
TGAA	0.000286081969722	0.986505257616	0.500538521414	13.0499898203
AAGT	0.000284658808437	0.986538862168	0.275199616908	7.23553981411
ATTC	0.000278622538291	0.986682337132	0.288872989638	7.58649992356
TCAGA	0.000275339835854	0.986761016019	0.0355021513943	0.988011948816
CCGC	0.000274927301654	0.986770936632	2.26286576601	56.9338538368
TTGGG	0.000274421132492	0.986783119154	0.0625666437069	1.7030054457
ATTGG	0.000269819642047	0.98689438781	0.0548221481291	1.49817591735
TCTT	0.000269150864701	0.986910638271	0.398166055056	10.4030906549
TANGCGAA	0.000268395810843	0.986929009434	1.05483069763e-05	0.0
TNGCCTTGA	0.000268395810843	0.986929009434	1.05483069763e-05	0.0
GGTANGCGA	0.000268395810843	0.986929009434	1.05483069763e-05	0.0
GTTNGCCT	0.000268395810843	0.986929009434	1.05483069763e-05	0.0
TTNGCCTT	0.000268395810843	0.986929009434	1.05483069763e-05	0.0
GTANGCG	0.000268395810843	0.986929009434	1.05483069763e-05	0.0
TGGAGTTN	0.000268395810843	0.986929009434	1.05483069763e-05	0.0
TGGAGTTNG	0.000268395810843	0.986929009434	1.05483069763e-05	0.0
