feature	score	p-value	#I-out-of-1	#O-out-of-475
GGCG	0.000350328677022	0.985066811439	0.188262128212	85.6451970679
CAAA	0.000349250405699	0.985089807788	0.00624350976939	3.75565171703
CCCC	0.000260466309607	0.987123525058	0.0258265213834	13.5642813062
AAAA	0.000247311128134	0.987452881777	0.0103678544846	5.74713589284
CCAC	0.000245994611324	0.987486319771	0.0446292949548	22.8339386837
CACG	0.000221516749689	0.988125172406	0.0363003341208	18.6446642768
AAAC	0.000218318092227	0.988211212941	0.0120824516648	6.5650299991
GGTATACTA	0.000199245642939	0.988737882442	6.9582249486e-06	0.000101487615458
ACTAATGTT	0.000194472711187	0.98887358333	1.07671482653e-05	0.000245828886826
CACC	0.000194154800968	0.9888826808	0.0668676845988	33.5221787195
GCAC	0.000187375488663	0.989078484959	0.0462491718788	23.4133418883
CTCC	0.00018204529931	0.989234935919	0.0345696826599	17.6574734744
CACA	0.000176139778796	0.989410973492	0.0121579067842	6.51393370125
GGGCG	0.000174776677028	0.989452023589	0.0348602651408	15.4257009151
GCCC	0.00017089721088	0.989569738927	0.0713837537635	35.6091674866
TAGGGGTTA	0.000169608691239	0.989609131794	2.00764461006e-05	0.000904709360017
CCTC	0.000165435846064	0.989737742792	0.047244537283	23.8103814909
GCGG	0.000164851740206	0.989755874337	0.132080172856	60.5581007037
ACGC	0.000161432759601	0.989862655345	0.0490185353018	24.6602939855
GGTG	0.000160142273425	0.989903253212	0.0767571215182	34.8301290087
ACTAGTCAC	0.000159517686071	0.989922961079	1.01595194283e-05	0.000264429329788
CGAG	0.000159232829012	0.989931962106	0.0827646333611	37.6244128901
ACTC	0.000155025793623	0.990065847511	0.0156416856989	8.20798127476
GGGC	0.000152442473766	0.990148961389	0.0810034787668	36.8415474107
GGCGG	0.000151293442752	0.990186155702	0.0516064853528	23.2198711867
CCCCC	0.00015108500381	0.990192918022	0.00390921735368	2.25994982092
GAGG	0.000142541915214	0.990474209214	0.0550292580008	24.8405842207
CATA	0.000140986491826	0.990526322235	0.00652124882573	3.58824194601
CGAGG	0.000136974266151	0.990662090981	0.0323750624864	14.4088327155
TTGA	0.000136011526272	0.990694963655	0.0203873310778	10.5087487991
TAAA	0.000133839152096	0.990769569381	0.00281913169325	1.664677409
AATC	0.00013342370861	0.990783905738	0.0123264767316	6.49738573765
AAAT	0.000132102545636	0.990829646168	0.00905300889421	4.85249802007
CACT	0.000130994492997	0.990868185117	0.0140250196311	7.33825430387
GTGG	0.000129928923608	0.990905400531	0.0526002453289	23.7725174021
CAGC	0.000129216269088	0.990930375491	0.106285760034	52.2788564812
GAAA	0.000128338315375	0.990961238247	0.0243848469754	12.4550137983
ACAG	0.000128036498554	0.990971872404	0.0266854254016	13.5854415109
GCCA	0.00012444602628	0.991099353135	0.0851824080365	42.039641536
CGCCC	0.000123032726723	0.991150036475	0.0287066593434	14.55897912
CCCA	0.000123003020473	0.991151104908	0.0344043235685	17.3498738138
TTTG	0.000122094276689	0.991183851898	0.00716181462619	3.87644483683
CGGCG	0.000121769776094	0.991195574939	0.0813727272232	37.1839012179
TCAC	0.000121674973152	0.991199002777	0.0246047906211	12.5394171655
ACAC	0.000120935122584	0.991225799939	0.0138676876801	7.23232740602
AAAG	0.000120820963714	0.991229942031	0.012312027879	6.45756190439
ACTTAGTCC	0.000120725656034	0.991233401634	9.94538301882e-06	0.000327182681234
CAAAC	0.000120555167235	0.991239593668	0.00169854289946	1.05250620693
GGCGAG	0.000118625426353	0.991309988157	0.0131837753217	5.69515299996
CCCCCC	0.000118411982319	0.991317809385	0.000614878951318	0.451541089529
GCCCC	0.000117948611385	0.991334812984	0.00971926154381	5.15454411593
CTCA	0.000116942656896	0.99137184228	0.018952078382	9.73844478292
CTGG	0.000116670246411	0.99138189712	0.113901910804	52.397507125
GCGAG	0.000115032689221	0.991442589383	0.0263916320645	11.7343922512
CTTG	0.000114583108046	0.991459327537	0.035067365362	17.6377524119
CCAAA	0.0001140122719	0.991480627475	0.00123617961492	0.794817011748
ACGCA	0.000113533391932	0.991498537367	0.00570087508128	3.11837425067
CTCG	0.00011289965107	0.991522297164	0.0739347789688	36.5198872872
TACACTAGT	0.000110654763639	0.991607002195	6.19255765538e-06	0.000142822789972
GGTGG	0.00011006023795	0.991629578673	0.0253866340919	11.2895421108
GCTC	0.000109100602792	0.991666148844	0.0571082873532	28.3395287622
CACGC	0.000107346626531	0.991733408218	0.0133989026833	6.96081133472
GCCAC	0.000106782226926	0.991755167838	0.0168553893209	8.67009894219
TCAAA	0.000106435406247	0.99176856755	0.00110935079729	0.717554774544
AACA	0.000104848321306	0.991830166362	0.023228938764	11.801136499
GTAA	0.000104094092535	0.991859603316	0.00481949507012	2.65168246206
TAAGTATAC	0.000103398059388	0.991886863717	5.98511751451e-06	0.000142492973227
GCTGG	0.000103234073278	0.991893299639	0.046570257493	21.1025059654
TAAC	0.000100005560324	0.99202106556	0.00388353050454	2.16570870358
AAAAA	9.99773622283e-05	0.992022190493	0.00300215049338	1.7113517795
ACAGA	9.95819563866e-05	0.992037981531	0.00191206483295	1.14071257708
CCAT	9.8689875447e-05	0.992073723493	0.0346322943546	17.3531686829
CCACC	9.84069970676e-05	0.992085090959	0.0211916505415	10.7764694854
ATAA	9.79823850578e-05	0.992102184706	0.00406173302046	2.25346676829
CAGA	9.75097955903e-05	0.992121253512	0.0242291204525	12.2632328067
CATT	9.55979033936e-05	0.992198873402	0.0123714287176	6.41674307424
CCCCCCC	9.52758406025e-05	0.992212024801	0.000235997926485	0.209532528427
GCGAGG	9.32498737476e-05	0.992295269752	0.00986053921409	4.2494075342
TCCA	9.29212382481e-05	0.992308857997	0.042315873104	21.0652532729
CCTCC	9.07177129635e-05	0.992400595851	0.00927455796805	4.86364941386
ATTG	9.06954997625e-05	0.992401526278	0.0123088170229	6.37109175669
GCGGCG	8.91813658117e-05	0.992465218444	0.0265874942892	11.9177402772
TCAGA	8.84477931255e-05	0.992496270669	0.00171459718018	1.02179950303
AGGGCG	8.73858205382e-05	0.992541453175	0.0109458085903	4.75450564251
GCAAA	8.73581626407e-05	0.992542633561	0.00273564943354	1.55355656848
TCACG	8.67863885178e-05	0.992567077787	0.00508278527382	2.75141747823
CAGCA	8.6537339031e-05	0.992577750209	0.0277658784936	13.9466997377
CTCCA	8.64050342018e-05	0.992583426065	0.0114547292889	5.93501813845
CAAAA	8.53786486775e-05	0.992627606289	0.00137264100098	0.836320894978
CGGCGAG	8.5240899795e-05	0.992633555786	0.0075695933563	3.23331185253
CAAAG	8.52094457208e-05	0.99263491499	0.00208224020851	1.21061126606
ACTCA	8.4943861898e-05	0.992646401501	0.00188477255574	1.10676696659
ACCA	8.43656282264e-05	0.992671472408	0.0445602615477	22.1083278237
CGCTC	8.43125805398e-05	0.992673776732	0.017174869507	8.75063138858
AGCAC	8.42972587828e-05	0.992674442425	0.0117822366155	6.09088844319
GGCGA	8.32595142841e-05	0.992719671572	0.0476378671605	21.7005690115
TTTA	8.27715501178e-05	0.992741036467	0.00299893963724	1.68187403713
ACTAATCAT	8.22573300873e-05	0.99276361921	1.10995002497e-05	0.000557758447267
CTCT	8.21861975327e-05	0.992766748654	0.0161120761238	8.22027745361
ACTAACTCG	8.16095815142e-05	0.992792166767	8.7846521507e-06	0.000365195331074
