feature	score	p-value	#I-out-of-3	#O-out-of-423
PA14_15435	26.3705310387	2.81807365993e-07	19.2734794469	884.453965358
PA14_22120	21.3035007741	3.92014942135e-06	11.2353521267	431.273284817
PA14_22270	19.7632242607	8.76530937284e-06	13.6228901496	606.391659281
PA14_22140	19.5645477751	9.72572974784e-06	9.57059888725	351.471242223
PA14_15510,traJ	19.5418868035	9.84178234689e-06	6.12686918411	169.078278073
PA14_22110	19.3836790898	1.0691689315e-05	9.66827141999	359.182143464
PA14_22240	19.1334034212	1.21892793685e-05	8.91274263474	317.825826047
PA14_22090	19.0363821908	1.28249725611e-05	9.98313018019	381.950485724
PA14_22100	18.416323222	1.7753065965e-05	8.6981805252	312.779550138
PA14_15540,trbL	18.2770175092	1.9099762221e-05	5.4161004022	143.721466384
PA14_22210	18.2188131947	1.9692402667e-05	8.52416880515	304.781385413
PA14_15470,merP	18.1914445819	1.99774232695e-05	18.3485150014	983.834048353
PA14_22130	18.0588857131	2.14176711766e-05	8.07496035912	280.84815266
PA14_22230	17.660257404	2.64087202708e-05	8.92532141694	334.167854847
PA14_24360	17.4256437333	2.9876795739e-05	15.1858317749	760.589390324
PA14_22260	17.1050239763	3.53686211079e-05	7.68891333686	268.289434446
PA14_15450,merD	16.6280180024	4.5474272102e-05	13.4788735078	651.701820492
PA14_22250	16.0483619256	6.1745019702e-05	8.11790894238	304.097444069
PA14_15445,merE	16.012100434	6.29389311722e-05	11.4634410599	520.46843208
PA14_15430,tnpR	16.0063797331	6.31293946924e-05	17.930666389	1007.18055425
PA14_22160	15.8281652414	6.936229781e-05	6.73340189184	227.064253216
PA14_22080	15.3182780576	9.08333720996e-05	10.5066006104	466.454320724
PA14_15520,trbJ	15.2681104983	9.32780520675e-05	5.96614673912	190.64249709
PA14_35710	14.4758088323	0.000141971127528	6.9957661563	255.055282548
PA14_49510,pyoS3I	14.2397317776	0.000160936484287	13.9249495453	736.191311552
PA14_22220	14.1914776475	0.000165116661736	7.86480400333	310.626406347
PA14_22190	13.6604038128	0.000219024393014	9.22483481813	406.193673808
PA14_35720	12.8009478848	0.000346443775201	6.92461239605	269.729180096
PA14_04710	12.2430506247	0.000466994161046	13.5622376417	758.10585546
PA14_15475,merT	12.1424316201	0.000492874713833	18.3733167303	1166.40500434
PA14_15480,merR	11.5779953412	0.000667368480349	20.762285929	1402.94834636
PA14_15560	11.2725368915	0.000786621564281	3.68887945411	104.827041595
PA14_18970,pldA	11.06180427	0.000881243464918	20.0213984355	1357.3220053
PA14_18960	10.8864872439	0.000968683669659	14.1852655834	849.025560108
PA14_15460,merA	10.8012707786	0.00101430443745	19.8540941213	1353.29977085
PA14_22180	10.5292273263	0.00117501328518	5.96614673912	238.626349986
PA14_59620	9.8082005539	0.00173735414701	10.4778511971	576.441816358
PA14_35770	9.49433489386	0.00206107283468	0.0	1338.70122003
PA14_59630	9.198751742	0.00242180215414	10.5829920941	601.325739201
PA14_35810	7.34821237315	0.00671294723178	1.79175946923	1500.06280205
PA14_59610	7.32886009011	0.00678560748496	9.18276360421	540.853112381
PA14_51530,exoU	7.17740476365	0.00738274233366	18.2753959788	1385.0960918
PA14_15410	7.17455904715	0.00739446203131	11.2126308545	720.579628351
PA14_35820,tnpS	6.80533102125	0.00908861028164	1.38629436112	1322.60432807
PA14_31010	6.59648170722	0.0102180482784	0.0	930.103920718
PA14_51520,spcU	6.43844128452	0.0111676595664	15.6566152754	1170.07205049
PA14_35830,tnpT	6.26020575742	0.012347986167	1.38629436112	1243.8916254
PA14_31050	6.12585614475	0.0133218756683	0.0	863.745716409
PA14_35740,tpnA	6.01684121618	0.0141699866476	2.48490664979	1466.86657051
PA14_35760	5.95684364856	0.0146602637009	2.07944154168	1364.59941299
PA14_31060	5.83994080519	0.015666353707	0.69314718056	1010.00701522
PA14_31240	5.81954261905	0.0158490658138	0.0	820.555509287
PA14_01130	5.6516145837	0.017439307997	11.4143860769	803.555457468
PA14_53670	5.60545023435	0.0179046935483	1.09861228867	1078.73817058
PA14_23360,wzz	5.59880572571	0.0179727250534	0.0	789.431607326
PA14_49540	5.56848224064	0.0182866049378	0.0	785.15599593
PA14_38180	5.38777164328	0.0202783507711	0.69314718056	945.598751688
PA14_10980	5.19889711511	0.0226012237587	11.3244731534	817.354457005
PA14_15650	5.19507647742	0.0226509583863	0.0	732.505783316
PA14_35800	5.18452846984	0.0227888553011	2.77258872224	1405.60107451
PA14_15530,trbK	5.08270075501	0.0241656991993	2.07944154168	68.4220811128
PA14_35840	4.97211884445	0.0257590732353	0.69314718056	886.30736979
PA14_31040	4.88235728426	0.0271325404041	0.0	688.412377081
PA14_31030	4.8143438783	0.0282238145339	0.0	678.82248684
PA14_15630	4.77224491088	0.0289220890867	0.0	672.886532433
PA14_35850	4.69765797982	0.0302037482943	0.69314718056	847.103327875
PA14_10970	4.43788808019	0.0351497028377	9.58740600556	690.128231883
PA14_69510	4.42552070571	0.0354053087607	0.69314718056	808.182126721
PA14_23380,orfH	4.41368862898	0.035651671707	0.0	622.330096686
PA14_10960	4.39488787555	0.0360468298921	11.0873596852	837.963301349
PA14_43100	4.35884811916	0.0368171919055	14.0774562733	1141.99737605
PA14_03270	4.35143326827	0.0369778138983	0.69314718056	797.576677812
PA14_23370,orfK	4.30947578382	0.0379006390668	0.0	607.636085518
PA14_49520,pyoS3A	4.21713964565	0.0400175664256	21.7539495797	1977.09969198
PA14_42520,pcr3	4.17454229515	0.0410356451781	13.2830526341	1073.20981013
PA14_43090	4.10526460676	0.0427499014092	6.78445706264	445.144354302
PA14_35750,tpnC	4.10092104486	0.0428598590125	0.0	578.229867326
PA14_03350	4.00259450582	0.045430280712	0.69314718056	747.579519711
PA14_46570	3.84359624585	0.049936306037	0.0	541.947070665
PA14_46620	3.83174872798	0.0502904375597	0.0	540.276570646
PA14_03370	3.7771838919	0.0519560349374	0.0	532.582928758
PA14_42530,pcr2	3.7412828558	0.0530836747997	13.1723128693	1093.301368
PA14_15620	3.67171108767	0.0553433404536	0.0	517.711263361
PA14_42510,pcr4	3.62180812729	0.0570268632694	10.6735957742	844.234779022
PA14_60320,pilE	3.60623599403	0.0575632645607	0.0	508.479275158
PA14_03380	3.58599093328	0.0582686551409	0.0	505.624721593
PA14_03330	3.43604205615	0.0637883328583	0.0	484.481929918
PA14_15660	3.42682101594	0.0641454635124	0.69314718056	664.784673108
PA14_03340	3.42270248552	0.0643056624891	0.0	482.601050458
PA14_15590	3.38910012134	0.0656287580989	0.0	477.863117108
PA14_22550	3.34701814442	0.0673268707008	9.60938491228	754.441597184
PA14_15420	3.13064724679	0.0768332302607	8.60849534982	667.49522144
PA14_31250	3.11471773499	0.0775879209061	2.48490664979	119.199362428
PA14_33360	3.10917760884	0.0778522609734	15.2694855299	1372.89340224
PA14_03285	3.07039011964	0.0797303362356	0.0	432.925006869
PA14_20550	3.0049334593	0.0830113856445	13.0140250993	1136.9542463
PA14_30690	2.98938717578	0.0838118808905	11.7355568852	1001.2717092
PA14_03360	2.96156536627	0.08526535658	0.69314718056	597.547458671
PA14_42580,pscO	2.95478340517	0.0856237784394	14.6807698559	1323.35668976
PA14_31170	2.9499126918	0.0858821976794	0.0	415.937689544
