feature	score	p-value	#I-out-of-1	#O-out-of-475
CCCCCCC	0.000159552855148	0.98992185035	0.000705578194551	0.209062948159
CCCCCCCC	0.000151513258651	0.990179029328	0.000602174493625	0.173950887537
CCCCCCCCC	0.000143656628365	0.990437036503	0.000572894964154	0.165630134953
CGTGTAAAA	0.000119390982183	0.991281993625	2.896287002e-05	0.00228987914134
CCCC	0.00011836163528	0.991319655278	0.0303870022882	13.5597208253
GGGG	0.000108310913433	0.991696363467	0.0281607814329	14.2329342603
GAGG	0.000108163083425	0.991702031878	0.0499257398351	24.8456877388
CCCCCC	0.000107911578996	0.991711684502	0.00126973662166	0.450886231859
CGCC	0.000101821310662	0.991948959098	0.179624393649	83.3120878182
TTACACGGT	0.000101683012332	0.991954428416	2.18924905878e-05	0.00158611371074
CCTC	0.000100251017653	0.992011279993	0.0523602887349	23.8052657394
TTTTACACG	9.09083486056e-05	0.992392615529	2.17327709024e-05	0.0017001708814
TAGACTTAC	8.71733907513e-05	0.992550524072	1.1042317226e-05	0.000526637356827
TTTACACGG	8.48462724237e-05	0.99265062676	2.01017329512e-05	0.00156234697972
GGTG	8.4317244749e-05	0.992673574096	0.0708497828459	34.8360363473
ACCGTGTAA	8.33368166642e-05	0.992716292736	2.35289678165e-05	0.0020708936002
GGAG	8.12434452761e-05	0.992808353249	0.0369044767318	18.3724968498
CGCCC	7.85763102714e-05	0.992927382198	0.0321965670544	14.5554892123
TTACAGTAC	7.64333406239e-05	0.993024490255	1.47605338856e-05	0.000985384416981
CCCCC	7.57765389558e-05	0.993054524891	0.00535570345088	2.25850333482
AGATCATAC	7.46911801497e-05	0.993104443585	8.60716979464e-06	0.000379187489969
ATTACGTGT	7.35906764441e-05	0.993155430585	1.61813408077e-05	0.0011907724463
CCGCC	7.08986470554e-05	0.993281784918	0.0487685307703	22.2975534713
GGCG	7.01845415775e-05	0.993315703358	0.176768626732	85.6566905694
CCGTGTAAA	6.5625402406e-05	0.993536447196	2.20494232567e-05	0.00218291721196
TTAGCTAGG	6.56026085001e-05	0.993537569774	8.53298842629e-06	0.000416000730004
GGGGGGGGG	6.53569333741e-05	0.993549681433	1.67251690477e-06	0.0326156754307
GCCC	6.44239335566e-05	0.993595886542	0.0771543673171	35.603396873
GGGGGGG	6.44062322416e-05	0.993596766391	6.08257064268e-05	0.0776512278894
CGTGTAAA	6.30171720117e-05	0.993666191114	2.93375508623e-05	0.00356409251173
CTCG	6.30140569222e-05	0.99366634766	0.0790764596402	36.5147456065
CTCC	6.27938296232e-05	0.993677424829	0.0386942731434	17.6533488839
GGAGG	6.26116687868e-05	0.993686601989	0.0100332002751	5.15780894223
GGGGGGGG	6.01476480818e-05	0.993812075119	1.06655977369e-05	0.0380356753932
GGGCG	5.96649214526e-05	0.993836955842	0.0310895391974	15.429471641
TGTACTATA	5.96304580211e-05	0.993838736001	8.05894215582e-06	0.000405490118153
CCCGC	5.93844451472e-05	0.993851458416	0.0248032024382	11.218366679
CCGC	5.93621204955e-05	0.993852614225	0.127077065867	59.0696425369
CCTAAGTGT	5.91311596683e-05	0.993864584493	1.03497891281e-05	0.000640515494275
CGAG	5.90880742408e-05	0.993866820116	0.0770555255441	37.6301219979
TTTT	5.88022594876e-05	0.993881671199	0.0115279920105	5.88150386388
ACGTAGTAT	5.80821885515e-05	0.993919247269	7.93604522003e-06	0.000402907039573
GGGGG	5.70794089541e-05	0.99397196641	0.00432166644162	2.30290173624
TTTC	5.58767570257e-05	0.994035808035	0.0256973403227	12.7894455324
TGGCG	5.57577184026e-05	0.994042164296	0.0366550913355	18.1043222382
CACC	5.53367911433e-05	0.994064694989	0.0725392168419	33.5165071872
AACTTAGTC	5.53293353218e-05	0.994065094842	7.81792220509e-06	0.000407942999578
TCTAGAGAC	5.52127640134e-05	0.994071350039	9.97970023517e-06	0.000633219522704
ACACGTAAG	5.40515101819e-05	0.994134026923	1.34259279667e-05	0.00107968089494
GTCATATTA	5.38754959522e-05	0.994143585565	8.15448777228e-06	0.000449845075352
GGCGG	5.35224537202e-05	0.99416280509	0.0472737390349	23.224203933
GTGG	5.27599775187e-05	0.994204531582	0.048429427457	23.7766882199
ATTCTAATC	5.24071592955e-05	0.994223941569	1.0069445975e-05	0.000669620152126
GAGGG	5.23896621346e-05	0.994224905858	0.00896114719933	4.59502782577
AACGC	5.21172194064e-05	0.994239941323	0.0131672447987	5.87272253567
CAAA	5.19088920961e-05	0.994251464945	0.00854297046764	3.75335225633
GCTC	5.16100536629e-05	0.994268035643	0.0614096332085	28.3352274164
TGCACTAAG	5.08312019334e-05	0.994311450105	1.17164973389e-05	0.000892597134964
GGGC	5.07397147804e-05	0.994316571514	0.0755865847339	36.8469643047
ACTAGTAGC	5.05429452386e-05	0.994327602253	1.04801387954e-05	0.000738268516654
CCCG	5.00374479643e-05	0.994356038853	0.0651458522258	30.0975795904
GAGC	4.98539532615e-05	0.994366396805	0.0594084674671	29.0492700714
CCGCCC	4.97454196033e-05	0.994372532312	0.00818561944239	3.59632797753
TCACAATGC	4.97218280779e-05	0.994373866848	1.50770375178e-05	0.001393594094
AAAC	4.91569361658e-05	0.994405916988	0.0146407475369	6.56247170322
CGCCA	4.90860299475e-05	0.994409952959	0.0379962981622	17.4104134737
GCGG	4.902331473e-05	0.99441352513	0.125002909278	60.5651779673
GAAA	4.81537334426e-05	0.994463292787	0.0273396343962	12.4520590109
AAACTAGAC	4.81442370057e-05	0.994463838754	1.23236615798e-05	0.00101254315343
TTAGGTCCG	4.80085332658e-05	0.994471646499	7.84702563599e-06	0.000460227813945
GCGGG	4.79302040957e-05	0.99447615821	0.0236079773069	11.7311071108
AGACTTACA	4.78811593068e-05	0.994478985036	1.32865005925e-05	0.00115543133742
ACTAGTACG	4.74172356171e-05	0.994505796452	7.64891843246e-06	0.00044395345886
CTCGC	4.68110739736e-05	0.99454102663	0.0246678652414	11.2172686088
TAGATGCTA	4.64180538105e-05	0.99456399102	1.1220281305e-05	0.000884818586477
CCAGCTAGT	4.58607973008e-05	0.994596719142	1.08663854512e-05	0.000844617598614
CCCTC	4.56492241142e-05	0.994609197048	0.00973667495627	4.31856742748
GCAC	4.53817062705e-05	0.994625015862	0.0507788203678	23.4088122398
GTTT	4.524965437e-05	0.994632841518	0.0135565293199	6.82267254068
GCGTT	4.51251363876e-05	0.994640231167	0.0122700656289	6.19298116533
AACTAGTAC	4.49258001645e-05	0.994652082239	5.06790377909e-06	0.000219268419414
CTAAGACTC	4.46368584966e-05	0.994669307373	7.7042160526e-06	0.00047160985462
CTGTCTAAC	4.45664929778e-05	0.994673510618	7.59460832279e-06	0.000460284825167
AAAAAAAAA	4.45537005536e-05	0.994674275122	1.8247711928e-05	0.0364476618572
CGCCCTC	4.38004278536e-05	0.994719487591	0.00258205123782	1.07663031066
CCTAGTTTA	4.34869607175e-05	0.994738416804	5.19739837534e-06	0.000236118970762
AACG	4.29280076304e-05	0.994772340161	0.0339270584022	15.5516137047
CTTAGGACA	4.27097316969e-05	0.994785647443	5.03718268048e-06	0.000226298276013
CTAGTAGCC	4.23416349673e-05	0.994808165876	1.23920747705e-05	0.00111804424649
TGGC	4.21659434229e-05	0.994818948368	0.0887583914607	43.0901948772
TATTTTAAC	4.16505184161e-05	0.994850711173	9.72059368175e-06	0.000747295207321
CGGG	4.16406109678e-05	0.994851323634	0.063657143061	31.0212587442
GCGAG	4.13603261402e-05	0.994868680638	0.0236976952239	11.737086188
CGCCTC	4.07708259493e-05	0.99490537919	0.00705578194551	3.10596201567
CTAGTTACA	4.07021558612e-05	0.994909671362	7.99687295411e-06	0.000540897769458
TGTT	4.02162118648e-05	0.994940148971	0.024508197762	12.1231120633
GCCTC	4.01420532624e-05	0.994944816238	0.0165156999375	7.46720663864
GGGCGG	3.99394477177e-05	0.994957589504	0.0076168990873	3.88994921158
AGCAAGCAA	3.96467415202e-05	0.994976100518	4.57097045867e-05	0.00880309903927
AACCTAATA	3.95512765744e-05	0.994982152579	1.0813722173e-05	0.000930730231417
