feature	score	p-value	#I-out-of-2	#O-out-of-474
CCCCCCCC	0.00016536920896	0.989739809691	0.000385889447153	0.174167172583
CCCCCCCCC	0.000159575769206	0.989921126732	0.000365212480506	0.165837817437
CCCCCCC	0.000136548026559	0.990676630596	0.000535193890282	0.209233332464
GGCG	0.000130731075631	0.990877370939	0.353792824615	85.4796663715
CCAC	0.000124879826592	0.991083854111	0.0995859017719	22.7789820769
CCAG	0.000118188995567	0.99132598782	0.221964068486	51.4029639123
GCTATACTA	0.00011139486586	0.991578982188	6.97961537757e-06	8.61502348504e-05
GGGC	0.000110891375402	0.991598033995	0.150997801575	36.7715530878
GCCC	0.000107453446575	0.991729296368	0.153923472942	35.5266277674
TGTAAGATA	0.000102592410538	0.99191853209	1.07168739359e-05	0.000212134168745
GGGGGGGGG	9.83037060273e-05	0.992089245781	0.000252873794131	0.0323644741535
ACGC	9.7811819914e-05	0.99210906163	0.107000612265	24.6023119085
GTGG	9.64126368387e-05	0.99216570243	0.09700539336	23.728112254
GCCA	9.36969775768e-05	0.992276821536	0.181058827993	41.943765116
CACG	9.16105699505e-05	0.992363291332	0.081167346576	18.5997972644
GCTG	8.93384427213e-05	0.992458585981	0.220265002033	53.2669939119
TGTATAATT	8.65442715074e-05	0.992577452927	1.33692140314e-05	0.000368787404483
CACC	8.63597090512e-05	0.992585371505	0.14461423443	33.4444321696
CCCA	8.46758340664e-05	0.992658011937	0.0755249197817	17.3087532176
GGGCG	8.3056472864e-05	0.992728553858	0.0626424310095	15.3979187492
GAGG	8.25036463591e-05	0.992752793081	0.101671882166	24.7939415965
CTGG	8.10178597674e-05	0.992818344302	0.216417124724	52.2949919111
CGCC	8.07739580573e-05	0.992829162232	0.356117470877	83.135594741
CCTC	8.01750239776e-05	0.992855796653	0.103071109435	23.7545549187
CAGC	7.8288120709e-05	0.992940363679	0.224248012777	52.1608942285
GGTG	7.76473728369e-05	0.992969312023	0.143300022491	34.7635861077
GTAAGAGTA	7.56221314265e-05	0.993061604611	9.9317189492e-06	0.000239496015033
CTCC	7.37413335376e-05	0.993148428132	0.0766726862349	17.6153704708
GGCGG	7.31173101509e-05	0.993177479141	0.0951111123007	23.1763665598
GGGGGGGG	7.18830644251e-05	0.993235306096	0.000266829797205	0.0377795111937
GGGG	6.96705816674e-05	0.99334022224	0.057881655922	14.2032133859
CTCG	6.88692609652e-05	0.993378631051	0.157002790602	36.4368192755
TATAACACG	6.81752780554e-05	0.993412075918	1.29594257916e-05	0.000421597347645
GCTGG	6.80402658192e-05	0.993418602265	0.0864079396314	21.0626682833
CGCCC	6.63844672192e-05	0.993499174725	0.0633057041272	14.5243800752
CACGC	6.47794916058e-05	0.993578238971	0.0306782802645	6.94353195714
CCAGC	6.42013405051e-05	0.9936069594	0.0883470494052	20.3801796349
TTAACTTAG	6.18554923347e-05	0.993724841234	9.75701578533e-06	0.000273750177197
ACATATGTG	6.13619814411e-05	0.993749923869	1.17812370951e-05	0.000386244090871
CTAAACGTA	6.09253532474e-05	0.993772199679	1.45524723919e-05	0.00056246406811
TGGC	5.82582508187e-05	0.993910038247	0.178179940742	43.0007733279
CGAG	5.59073633158e-05	0.994034174857	0.15546360596	37.5517139175
GCCCTC	5.55923484291e-05	0.994051005767	0.0096236250705	2.11354609443
CTTATCTTA	5.55455247913e-05	0.994053511571	1.18251137552e-05	0.000419547295883
AGGTATTAG	5.5287320247e-05	0.994067348604	1.51834996048e-05	0.00064882256485
CCCTC	5.47903133547e-05	0.994094074181	0.0191822632762	4.30912183916
GCGT	5.44281656838e-05	0.994113624391	0.10490207175	25.4357782644
GCGAG	5.40721346736e-05	0.994132907907	0.0477838775054	11.7130000057
CCCCCC	5.30688502284e-05	0.994187592433	0.00158295953805	0.450573008943
AGTTAGTAT	5.28981770091e-05	0.994196946354	1.14426220046e-05	0.00041088563676
TGGG	5.24055310839e-05	0.994224031295	0.0731536374174	17.8086809595
CGAGG	5.18787096472e-05	0.994253136403	0.0589068532832	14.3823009247
GACTATACT	5.12392573273e-05	0.994288663274	1.18744760436e-05	0.00044886300151
GTTT	5.10606412438e-05	0.994298626433	0.027515145998	6.808713924
AGGGC	5.06481500134e-05	0.994321701894	0.0416344652069	10.2183046061
ACTTAAGTA	5.04188207705e-05	0.994334571617	1.40894071174e-05	0.000609486926595
GAGGG	5.01407166805e-05	0.994350217868	0.0183617039879	4.58562726898
GCCCT	4.99309871856e-05	0.994362046058	0.0430878851726	9.86933774126
AGGGCG	4.98158036554e-05	0.994368552675	0.0190262778837	4.74642517321
CTATACTTG	4.79536508671e-05	0.994474807304	1.41297231606e-05	0.000634228226966
ACTC	4.77767421691e-05	0.994485008219	0.0358351824551	8.18778777801
CTTAGTGAC	4.75474986064e-05	0.994498255004	1.12596129584e-05	0.000432449374391
GCCAC	4.73651744593e-05	0.994508813379	0.0378118888412	8.64914244267
CGCCA	4.62520049995e-05	0.994573722553	0.0751502014263	17.3732595704
TACATAACA	4.61591189175e-05	0.994579173897	1.35577499032e-05	0.000607215869743
GAGGGC	4.61464357962e-05	0.994579918675	0.00895168741484	2.27976175112
CTCCA	4.58096369481e-05	0.994599733772	0.0260527722419	5.92042009549
CGCCCT	4.56806046035e-05	0.994607344504	0.0195807579444	4.42137020489
TCTTGTTAC	4.52531173725e-05	0.994632636148	1.34581660954e-05	0.000607965453155
AGGG	4.4670246064e-05	0.994667314144	0.0813472421895	19.7373549033
GCCGTTTAA	4.44780283982e-05	0.994678799711	1.65921142115e-05	0.000871922977746
GGCGAG	4.44354946533e-05	0.994681344579	0.0229544190366	5.68538235624
CCACG	4.3837407481e-05	0.99471725899	0.0303481213921	6.92371306747
TCCA	4.36927450432e-05	0.994725982528	0.09065162491	21.0169175211
ACTAAGTGA	4.34160827145e-05	0.994742706333	6.15928841427e-06	0.000158420491584
GCGG	4.33739289275e-05	0.994745259137	0.251682038449	60.4384988381
CCCAG	4.31432191414e-05	0.994759252786	0.0397100347441	9.10548565101
TGGCG	4.31032031507e-05	0.994761683751	0.0744138280586	18.0665635015
GGAG	4.29357600704e-05	0.994771868153	0.0755318699625	18.3338694566
CCGCC	4.20234419654e-05	0.994827710438	0.0958743027749	22.2504476993
TCAC	4.18691558255e-05	0.994837213887	0.0542735803332	12.5097483757
GTGGC	4.18163427325e-05	0.994840470997	0.0369006870924	9.04548066916
GCGAGG	4.1704014981e-05	0.994847405367	0.0170339922976	4.24223408112
CTCGC	4.15841801934e-05	0.994854813475	0.0486335896122	11.1933028844
GGTGG	4.11930845888e-05	0.994879065315	0.0461452356013	11.2687835093
CCTCC	4.09170013995e-05	0.994896254626	0.0213878345607	4.85153613727
ATATTATAC	4.07562638516e-05	0.994906289081	1.21358635546e-05	0.000548700666341
ATAACACAG	4.06766062043e-05	0.994911269247	1.36467017443e-05	0.00066897593363
TAGAGTACA	4.06387159665e-05	0.994913639843	1.09105499154e-05	0.000458812360832
CGTG	4.0256145171e-05	0.9949376375	0.0791787513262	19.1941780551
GCAC	4.00842070348e-05	0.994948459859	0.100553264587	23.3590377956
GGGGC	3.99054421769e-05	0.994959736555	0.0221967888786	5.48894158366
GCCAG	3.93742564574e-05	0.994993394244	0.086237593783	20.0053105633
CACATCTAA	3.93579752879e-05	0.994994429448	8.56025738279e-06	0.000308647187017
CCACC	3.79668042016e-05	0.995083689151	0.0466780007493	10.7509831352
TAGCATAAC	3.79404907198e-05	0.995085393088	1.09814874566e-05	0.000486850148309
CCCT	3.79345967582e-05	0.995085774834	0.0825750624604	19.1544170264
GGAGACTTA	3.76943087021e-05	0.995101363382	1.10897096366e-05	0.000497244684723
GGTACCAAA	3.76309317328e-05	0.995105483201	1.6248788771e-05	0.00093629486811
CCTCG	3.74977012353e-05	0.995114155176	0.0597893437018	13.8188777987
