feature	score	p-value	#I-out-of-3	#O-out-of-423
PA14_35700	32.4738460229	1.20807450944e-08	6.3801225369	124.744792733
PA14_08250	9.82051139128	0.00172576351059	14.4526332698	907.775904307
PA14_08260	9.78785699183	0.00175668073139	15.9889051089	1044.5990477
PA14_59800	9.6485258195	0.00189503605178	3.43398720449	103.240371295
PA14_08280	9.63945684037	0.0019044154379	18.597995454	1289.12316533
PA14_08200	9.62769601933	0.00191664892216	19.3588612686	1360.80956203
PA14_49020	9.30976358626	0.0022793589213	17.3836290154	1191.42116189
PA14_48970	9.15311375022	0.00248295192214	12.8995697649	796.672560872
PA14_63440	8.37095252039	0.00381265734573	7.35500192111	369.828600423
PA14_63120	7.88483454322	0.00498510387508	23.1223896048	1826.32903873
PA14_08230	7.87800345131	0.00500396944247	15.4444687049	1076.39294426
PA14_63110	7.8286261783	0.00514251716596	21.6053206509	1677.03586342
PA14_08240	7.70174722549	0.00551673978759	20.9133089721	1615.65172491
PA14_08270	7.66592663211	0.00562733527155	19.6238983752	1489.69894601
PA14_35830,tnpT	7.49080704346	0.00620147568119	0.69314718056	1244.58477258
PA14_13970	7.4540951517	0.00632922871046	1.09861228867	1343.83949798
PA14_35820,tnpS	7.30756185311	0.00686650304114	1.09861228867	1322.89201015
PA14_15630	6.94210051318	0.00841901911539	10.4539184309	662.432614003
PA14_18340	6.85868113722	0.00882116341494	16.3456352853	1213.9576283
PA14_48920	6.80568822197	0.00908679227936	6.64378973315	350.969914298
PA14_63220	6.70042500473	0.00963899325095	15.9553686998	1184.67034112
PA14_08220	6.54921625929	0.0104930369977	19.4131325971	1538.00838004
PA14_08310	6.27547660002	0.0122420190476	18.9549948293	1509.65147211
PA14_20600	6.26959095101	0.0122827495472	0.0	884.012324092
PA14_35800	6.23915632957	0.0124955987022	2.07944154168	1406.29422169
PA14_48910	6.21407668596	0.0126738434541	11.859149993	818.946542546
PA14_15650	6.19779060611	0.0127909883506	10.7928591951	721.712924121
PA14_35740,tpnA	6.01684121618	0.0141699866476	2.48490664979	1466.86657051
PA14_08300,JF1	5.86136167129	0.0154768161929	22.4419925711	1902.8940547
PA14_30690	5.85614841779	0.0155227258365	0.69314718056	1012.3141189
PA14_51520,spcU	5.84895453825	0.0155863080341	1.38629436112	1184.3423714
PA14_01130	5.77992796841	0.0162102057139	0.0	814.969843545
PA14_10830	5.64789671497	0.0174763215285	0.69314718056	982.662254511
PA14_32140,antC	5.63483508201	0.0176070016367	10.6530150665	733.272463538
PA14_35810	5.62520346033	0.0177040106301	2.8903717579	1498.96418976
PA14_50330	5.62306699408	0.0177256036212	0.0	792.852446166
PA14_35760	5.60970901509	0.0178612287871	2.30258509299	1364.37626944
PA14_49010	5.59507210988	0.018011069693	4.88280192259	244.723354102
PA14_51530,exoU	5.57715278967	0.0181962820528	2.48490664979	1400.88658113
PA14_04710	5.47282335533	0.0193143990095	0.0	771.668093102
PA14_48990	5.47001417639	0.0193454686376	7.33302301439	443.973272105
PA14_48500	5.43407912828	0.0197475002475	0.69314718056	952.19901916
PA14_10840	5.43039747832	0.0197891744871	0.0	765.686044444
PA14_22550	5.41880129147	0.0199210322006	0.0	764.050982097
PA14_54750	5.34757967141	0.0207510567324	9.88735817061	675.32799259
PA14_18320	5.27951666217	0.0215777371486	15.0877119418	1182.98445452
PA14_48460	5.19671007041	0.0226296794484	0.0	732.736119927
PA14_15620	5.19225339942	0.0226877802716	7.98139158158	509.72987178
PA14_46560	5.09416300709	0.0240064966596	3.17805383035	134.096913095
PA14_14300	5.05271098524	0.0245874396904	0.0	712.432248919
PA14_44311	4.99410362854	0.0254338238745	23.6667872833	2110.9849039
PA14_50320	4.93041631355	0.0263879596225	0.0	695.188700211
PA14_48980	4.92328658537	0.0264970650757	10.2374566589	727.737191243
PA14_27990	4.88555070836	0.0270823935356	3.17805383035	1447.90351807
PA14_50310	4.83819511531	0.02783601431	0.0	682.185511259
PA14_35770	4.8232292354	0.0280786934701	2.7080502011	1335.99316983
PA14_35850	4.69765797982	0.0302037482943	0.69314718056	847.103327875
PA14_38180	4.68088087311	0.0305001048996	1.09861228867	945.19328658
PA14_59540	4.67725253762	0.0305645947772	5.06259503303	1807.00803781
PA14_08210	4.59217144213	0.0321182988145	20.1531748136	1766.13684072
PA14_41290	4.59106595596	0.0321390204079	13.0928768925	1025.96073011
PA14_15660	4.50448165865	0.0338061408956	9.26482855726	656.212991731
PA14_07480	4.43331161971	0.0352440623059	5.57594910315	1868.58115754
PA14_15435	4.38759605989	0.0362013220261	1.09861228867	902.628832516
PA14_59630	4.33977823613	0.0372317725865	0.0	611.908731295
PA14_03360	4.24284117625	0.0394161524481	0.0	598.240605851
PA14_59830	4.22278491557	0.0398846472729	6.44888939415	2003.16155253
PA14_22520	4.21474558991	0.0400740753073	0.0	594.279128177
PA14_48450	4.20434625537	0.040320513214	0.69314718056	776.508426556
PA14_24360	4.19439282828	0.0405578745001	0.69314718056	775.082074918
PA14_35750,tpnC	4.10092104486	0.0428598590125	0.0	578.229867326
PA14_53670	4.04269297247	0.0443629763228	2.07944154168	1077.75734133
PA14_48890	4.0194191025	0.0449792032527	15.8678506506	1355.70723046
PA14_59780,rcsC	3.98143855471	0.0460042577253	3.25809653802	158.265809809
PA14_18330,arnT	3.96504575405	0.0464542594659	16.891948381	1470.01513827
PA14_48490	3.93678154724	0.0472410773786	0.0	555.08619816
PA14_18310	3.91030582283	0.0479908634888	21.1000493567	1936.26244677
PA14_22530	3.88892328578	0.0486055751526	0.0	548.338183295
PA14_48900	3.78662325948	0.0516637755213	3.80666248977	203.803811368
PA14_18370,arnB	3.72619858341	0.0535651707741	21.6868818709	2021.70936488
PA14_03265	3.71250155242	0.0540063934864	0.0	523.462718891
PA14_13260,moaB1	3.67525299092	0.0552258719571	16.885800988	1495.58521442
PA14_60320,pilE	3.60623599403	0.0575632645607	0.0	508.479275158
PA14_29750	3.57464053744	0.0586681450109	13.6383818947	1155.40204847
PA14_18350,fmt	3.52970520898	0.0602785045507	22.4918496142	2135.10280195
PA14_22500	3.50139475247	0.0613171680975	0.0	493.696660099
PA14_48470	3.44764436291	0.0633419852331	0.0	486.11785517
PA14_03330	3.43604205615	0.0637883328583	0.0	484.481929918
PA14_13940	3.42800126507	0.0640996337301	6.22257626807	1815.83251027
PA14_03340	3.42270248552	0.0643056624891	0.0	482.601050458
PA14_63130	3.41587528932	0.0645721616172	21.5829926173	2045.42839296
PA14_52510	3.41321715571	0.0646762401453	11.32145014	925.032400193
PA14_48940,coaB	3.41140082176	0.0647474611569	9.09873819539	699.220902672
PA14_22080	3.38270156975	0.0658839788251	0.0	476.960921334
PA14_22540,wrbA	3.36290039242	0.0666805316592	0.0	474.168955331
PA14_36790	3.34992462312	0.0672080908808	9.77537004976	771.03281172
PA14_40470	3.29145480929	0.0696412919963	1.09861228867	742.263420247
PA14_18300	3.28285046346	0.0700072426218	21.8271749506	2089.13477374
PA14_18360,prmF	3.27195682405	0.0704735152819	19.2589459323	1799.49992885
PA14_51550	3.26278669175	0.0708685964686	2.8903717579	1129.23235997
