feature	score	p-value	#I-out-of-1	#O-out-of-425
PA14_03250	17.5272251589	2.83222950753e-05	6.51914728794	616.448553026
PA14_03265	16.5756742285	4.67467957137e-05	5.73657229748	517.726146593
PA14_03270	12.1636772787	0.000487292098315	6.64248680137	791.627338192
PA14_59580	11.4093869112	0.000730739423627	4.91265488574	509.112373627
PA14_03285	11.0900736416	0.000867910377877	4.36944785247	428.555559017
PA14_03350	10.3423642607	0.0013001137894	6.01371515604	742.258951735
PA14_03320	10.0229825387	0.00154598920188	5.08759633523	581.496709948
PA14_03360	9.51914872243	0.00203338884341	5.05624580535	593.184360046
PA14_03340	9.26862070221	0.00233113187616	4.36944785247	478.231602606
PA14_03370	9.23670174163	0.00237211842833	4.64439089914	527.938537859
PA14_03330	8.3730116305	0.00380833994156	4.21950770518	480.262422212
PA14_69510	7.58912529213	0.00587214341156	5.69035945432	803.184914447
PA14_59230	6.93230693195	0.00846524287962	3.4657359028	392.644791326
PA14_14540	6.89508157118	0.00864332189297	4.96981329958	687.580667588
PA14_14550	6.49912821181	0.0107927399959	5.6937321388	867.137540823
PA14_62050,5S-rRNA	6.42923829023	0.0112256710629	5.08759633523	737.640686588
PA14_55620,5S-rRNA	6.10769232673	0.0134594753513	5.20948615284	783.337434127
PA14_34970,gcd	6.08094838625	0.0136647392299	0.0	2584.40306416
PA14_50330	6.05768912458	0.0138458747607	5.21493575761	787.637510408
PA14_50310	5.97636715765	0.0144988372001	4.69134788223	677.494163377
PA14_69520	5.9645003141	0.0145967366006	5.57215403218	874.523631028
PA14_70870,5S-rRNA	5.73940256132	0.0165884340743	4.94164242261	746.412035081
PA14_50320	5.57416120742	0.0182273938081	4.64439089914	690.544309312
PA14_32820	5.46078107061	0.0194479515705	5.23110861685	830.515818405
PA14_20520	5.43962370561	0.0196849098516	0.0	2311.84007489
PA14_35290,gnd	5.37794679319	0.0203928643806	0.0	2285.62738711
PA14_35500,bkdB	5.29600369947	0.0213744096565	1.38629436112	3325.71320599
PA14_34600,gapB	5.27576208801	0.02162432001	0.69314718056	2800.94582225
PA14_08610,5S-rRNA	5.24052059511	0.0220666696885	4.90527477844	770.547851585
PA14_34990	5.15641720628	0.0231606273629	0.0	2191.47731267
PA14_34660,gntR	5.05863912527	0.0245034717899	0.0	2149.92162824
PA14_35190,pbpC	5.00213122221	0.0253161269122	0.0	2125.90576944
PA14_35530,bkdA1	4.93781526706	0.0262752278219	1.94591014906	3561.71371297
PA14_34130	4.93391145918	0.0263346444404	0.0	2096.91237015
PA14_32280	4.82493721739	0.0280508867596	0.0	2050.59831739
PA14_35520,bkdA2	4.81792680666	0.028165202278	1.60943791243	3273.73095749
PA14_55400	4.77182201584	0.028929193971	0.0	2028.02435673
PA14_35470	4.74615069353	0.0293639092933	0.0	2017.11404475
PA14_34800	4.74314131712	0.0294153134153	0.0	2015.83505978
PA14_34030	4.74225992195	0.0294303865481	0.0	2015.46046683
PA14_35070	4.68596424702	0.0304099917136	0.0	1991.53480498
PA14_34880	4.66571516754	0.0307706058561	0.0	1982.9289462
PA14_32840	4.65810191725	0.030907340364	0.0	1979.69331483
PA14_35690,pslE	4.59381313582	0.0320875520974	1.09861228867	2809.35478846
PA14_34100	4.58777955053	0.032200704299	0.0	1949.80630898
PA14_61650,pagL	4.55303367474	0.0328604755064	1.38629436112	2998.51784328
PA14_35640,pslI	4.51536996769	0.0335916204395	0.0	1919.03223627
PA14_34680	4.49192556457	0.0340552982464	0.0	1909.06836494
PA14_55170,cat	4.48417607808	0.0342100325798	0.0	1905.77483318
PA14_35600,pslL	4.45641583881	0.0347703811502	0.0	1893.97673149
PA14_55180,migA	4.43128745251	0.035285881948	0.69314718056	2437.40363369
PA14_34330	4.4035543679	0.0358641093622	0.0	1871.51060636
PA14_56200	4.3511220287	0.0369845720593	0.0	1849.2268622
PA14_35250	4.33664967642	0.0373002532424	0.0	1843.07611248
PA14_35620,pslK	4.30408890688	0.0380208558126	0.0	1829.23778542
PA14_35630,pslJ	4.30024225666	0.0381069444682	0.0	1827.60295908
PA14_35210	4.2229934687	0.0398797457257	0.0	1794.7722242
PA14_35140	4.20470237869	0.0403120477417	0.0	1786.99851094
PA14_34140	4.19471532092	0.0405501610064	0.0	1782.75401139
PA14_34230	4.12329623906	0.0422965907114	0.0	1752.4009016
PA14_34640,gntK	4.02235712166	0.0449009181726	0.0	1709.5017767
PA14_20510	3.99563892288	0.0456181538842	0.69314718056	2249.26261263
PA14_32290	3.92908810387	0.0474576716479	0.0	1669.86244414
PA14_35000	3.9238364431	0.0476061235545	0.0	1667.63048832
PA14_35270	3.91785699409	0.0477757449098	0.0	1665.08922249
PA14_34440,mtlR	3.90592664838	0.0481160859013	0.0	1660.01882556
PA14_34830	3.88804160826	0.048631099611	0.0	1652.41768351
PA14_03380	3.88664435109	0.048671579023	3.33220451018	502.292517083
PA14_34630,gnuT	3.8844145477	0.0487362515116	0.0	1650.87618277
PA14_34150,sfnR	3.86942937182	0.0491732372029	0.0	1644.50748303
PA14_34450	3.85518295781	0.0495925177654	0.0	1638.45275707
PA14_55300	3.83831477369	0.0500938467289	0.0	1631.28377882
PA14_32830	3.83510726287	0.0501897796169	0.69314718056	2179.80219327
PA14_34250	3.82157627564	0.0505966178664	0.0	1624.16991715
PA14_15480,merR	3.80258617426	0.0511734855099	6.90274273716	1416.80788955
PA14_35230	3.77020189446	0.0521733350032	0.0	1602.33580515
PA14_34500	3.74471489057	0.0529747642096	0.0	1591.50382849
PA14_55110	3.74378841548	0.053004141206	1.38629436112	2638.74609457
PA14_32270,oprD3	3.73710842341	0.0532164639294	0.0	1588.27107995
PA14_19920	3.72303745432	0.0536666602433	0.0	1582.29091808
PA14_35170,soxR	3.67775083251	0.055143189121	0.0	1563.04410382
PA14_08220	3.66452120621	0.0555826110704	0.0	1557.42151264
PA14_35300	3.6506843914	0.0560461765645	0.69314718056	2099.90149366
PA14_66850,phaD	3.64680463804	0.0561768922706	0.0	1549.89197117
PA14_39820,ufrA	3.62093156244	0.0570569162266	0.0	1538.89591404
PA14_34690	3.61773300338	0.0571667212666	0.0	1537.53652644
PA14_34460	3.60687488563	0.0575411520845	0.0	1532.92182639
PA14_13380	3.60423197648	0.0576326835486	0.0	1531.79859
PA14_08570,16S-rRNA	3.59015535491	0.0581228092923	13.363538577	3398.02412081
PA14_62090,16S-rRNA	3.58777453886	0.0582061423865	13.3396481998	3390.98842555
PA14_70910,16S-rRNA	3.58531646849	0.0582923127239	13.3415631623	3392.18276988
PA14_14560	3.58311966483	0.058369438771	1.38629436112	134.417067623
PA14_55637,16S-rRNA	3.57949343598	0.0584969868129	13.3512838104	3396.66427657
PA14_34510,srpL	3.57571374713	0.0586302479066	0.0	1519.67834253
PA14_21670	3.57424705297	0.0586820462277	0.0	1519.05499751
PA14_34490	3.57013486112	0.0588275334417	0.0	1517.30731597
PA14_55100	3.56955440914	0.0588481003868	0.0	1517.06062389
PA14_08270	3.55134786914	0.0594971016258	0.0	1509.32284438
PA14_34420,mtlE	3.5444279768	0.0597457643997	0.0	1506.38189014
PA14_35540,bkdR	3.52814489173	0.0603352597219	0.69314718056	2046.74455785
