feature	score	p-value	#I-out-of-2	#O-out-of-424
PA14_15510,traJ	87.5747811971	8.11527934617e-21	9.28998299963	165.915164258
PA14_03265	49.7601565575	1.73736491854e-12	13.4900241555	509.972694735
PA14_03250	47.7630623661	4.80968966055e-12	14.7161799089	608.251520405
PA14_15350	46.4788057613	9.26147920671e-12	13.1179536689	510.203033734
PA14_03320	46.2963461229	1.01653351245e-11	14.0188056249	572.565500658
PA14_03285	43.136580145	5.1048840518e-11	11.3740311461	421.550975723
PA14_03360	40.6894994234	1.78443494378e-10	13.4738030411	584.76680281
PA14_03340	39.1129980747	3.99972237072e-10	11.6574066888	470.943643769
PA14_03370	37.1192326182	1.11122293898e-09	12.1116740501	520.471254708
PA14_03330	35.5215707082	2.5224172653e-09	11.2421005096	473.239829408
PA14_03270	34.5189585128	4.22119814038e-09	15.0950322958	783.174792697
PA14_03350	32.8354120251	1.00300939046e-08	14.2279512798	734.044715611
PA14_50320	22.45852974	2.14729805684e-06	11.805221875	683.383478336
PA14_50330	21.4442680532	3.64263302943e-06	12.635644829	780.216801337
PA14_50310	20.5675211059	5.75644978091e-06	11.2998683739	670.885642885
PA14_59220	19.158757331	1.20284372535e-05	15.5130340702	1130.90449724
PA14_53670	18.0255572346	2.17959112714e-05	14.6066552134	1065.23012766
PA14_32820	15.5676384058	7.96054946405e-05	11.7208660344	824.026060987
PA14_59230	13.8327877718	0.000199818694724	6.91968384985	389.190843379
PA14_41290	9.79900237776	0.00174606567682	11.7757896045	1027.2778174
PA14_48940,coaB	9.61244157061	0.00193263520171	8.96597318421	699.353667683
PA14_59690	8.53427411751	0.00348520296671	0.0	1809.26611291
PA14_48950	8.49566851631	0.00355992950568	10.0276501952	868.189235442
PA14_59370	8.12666829174	0.00436188284139	0.0	1722.85367785
PA14_59960	7.48072509653	0.00623629525941	0.0	1585.91372046
PA14_50250,fliS	7.43115627123	0.00641041388059	17.0915407078	1890.05092045
PA14_59845	7.39116853349	0.00655448928554	1.60943791243	2197.49952307
PA14_63110	7.22879153591	0.00717434852951	15.5496557448	1683.09152833
PA14_59930	7.22029120975	0.00720840124301	0.0	1530.70173647
PA14_63120	7.12609869461	0.00759698470819	16.5304497752	1832.92097856
PA14_59910	7.02002021503	0.00806033207936	0.0	1488.24428559
PA14_59070	7.00392778951	0.008133107076	0.69314718056	1767.08972838
PA14_58990	6.94478577798	0.00840639036836	0.0	1472.29458493
PA14_33680,fpvA	6.92990700346	0.00847660963063	12.1141821121	1221.80425776
PA14_58910	6.9056358976	0.00859244605517	0.0	1463.99481029
PA14_59290,pilQ2	6.66223904195	0.00984771056793	0.0	1412.39467689
PA14_60000	6.63217590627	0.0100152849239	0.69314718056	1687.69852624
PA14_59130	6.59144469783	0.0102469982944	0.0	1397.38627594
PA14_59140	6.52887763739	0.0106136907776	0.69314718056	1665.62829762
PA14_59240,pilL2	6.51335300345	0.0107067436527	0.0	1380.83083673
PA14_59530	6.50691057477	0.0107456041092	0.0	1379.46504185
PA14_59900	6.44812784271	0.0111069321195	0.0	1367.00310266
PA14_59270,pilO2	6.41663927069	0.0113055914324	0.0	1360.32752539
PA14_59200	6.36290927067	0.0116530319015	0.69314718056	1630.1584951
PA14_59970	6.32225162749	0.0119232135347	0.0	1340.31734503
PA14_59320,pilS2	6.2993103951	0.0120784950945	0.69314718056	1616.5631749
PA14_60020	6.24965671231	0.0124217377911	1.09861228867	1760.75768771
PA14_59950	6.22125623368	0.0126225520426	0.0	1318.90632154
PA14_59990	6.19415939458	0.0128172588298	0.0	1313.16179165
PA14_63220	6.1063275448	0.0134698730846	11.4897898896	1189.13591993
PA14_59210	6.09869304504	0.0135281898582	0.0	1292.92292555
PA14_59880	6.08783628811	0.013611567633	0.0	1290.62129308
PA14_59440	6.08277484053	0.01365061902	0.69314718056	1570.26037703
PA14_59920	5.95144583691	0.0147052201688	1.09861228867	1696.35784644
PA14_59940	5.89411941373	0.0151915235252	2.48490664979	2177.10884876
PA14_60040	5.8275749557	0.015776857296	1.38629436112	1775.55309007
PA14_59510	5.79149680925	0.0161038720254	0.0	1227.79732356
PA14_59250,pilN2	5.73219120961	0.0166566864436	0.69314718056	1495.240808
PA14_59470	5.64998629226	0.0174555086125	1.38629436112	1736.81062472
PA14_59870	5.59074456335	0.0180556197711	0.0	1185.23784743
PA14_58920	5.57494145797	0.0182192740938	0.69314718056	1461.56831786
PA14_30970,bphR	5.5601878273	0.0183734428866	0.0	1178.75981939
PA14_27990	5.52274785813	0.0187707514598	0.69314718056	1450.38842472
PA14_34170	5.47289998298	0.0193135522277	9.86204036262	1005.40826214
PA14_59520	5.46557647905	0.0193946550425	0.0	1158.70221356
PA14_59820	5.43441262067	0.0197437297831	0.69314718056	1431.46284678
PA14_59590	5.42838734724	0.0198119664261	3.4657359028	223.576374627
PA14_59700	5.38654627157	0.0202925967182	0.0	1141.94780957
PA14_59340,pilT2	5.38031921566	0.0203651514727	0.0	1140.62767372
PA14_51550	5.34020156473	0.0208390633797	0.0	1132.12273172
PA14_59100	5.29444775758	0.0213935133596	1.38629436112	1659.08853526
PA14_58980	5.26981577358	0.021698308883	0.0	1117.200944
PA14_59640	5.25478208027	0.0218865419089	0.69314718056	1392.96068773
PA14_59280,pilP2	5.22198228723	0.0223031134508	0.0	1107.06024489
PA14_59890	5.21698076555	0.0223673530313	0.0	1105.9999223
PA14_33320	5.20084634205	0.0225758935726	0.0	1102.57942451
PA14_15460,merA	5.15918552988	0.0231237387496	0.69314718056	1372.46071779
PA14_59830	5.14359302485	0.0233323104859	2.48490664979	2007.12553527
PA14_59020	5.14209847527	0.0233524043699	0.0	1090.12487676
PA14_41280	5.12481288055	0.0235861135539	17.299319775	2137.41818187
PA14_59480	5.0747052018	0.0242773999968	0.69314718056	1354.33858789
PA14_59150	5.0738411894	0.0242895025973	1.38629436112	1610.74533379
PA14_59090	4.96078921174	0.0259283712177	0.69314718056	1329.89285493
PA14_59180	4.90715856504	0.0267456039429	1.38629436112	1574.15248105
PA14_33330	4.87058665785	0.0273182119291	0.0	1032.56437146
PA14_15430,tnpR	4.83543028604	0.0278806824912	0.0	1025.11122064
PA14_23450,orfM	4.77163221249	0.0289323833693	8.26975694753	831.503603305
PA14_15470,merP	4.72727624224	0.0296878638481	0.0	1002.18256335
PA14_29750	4.66559285541	0.0307727975981	10.5368847287	1158.50354564
PA14_59670	4.6590379958	0.0308904942227	0.0	987.716055109
PA14_59850	4.65705379015	0.0309262143566	0.0	987.295403512
PA14_59840	4.58291515364	0.0322922330615	6.6066501862	3152.57875356
PA14_51600	4.56189139679	0.0326909516953	2.56494935746	1900.37157393
PA14_59030	4.56010244392	0.0327251158911	0.0	966.741718112
PA14_59410	4.55559898383	0.0328112850341	0.69314718056	1242.84579471
PA14_59980	4.55320107595	0.0328572631971	0.0	965.278628101
PA14_28750	4.52638350348	0.0333760791571	0.0	959.593302737
PA14_14430	4.49506046232	0.0339929115668	0.0	952.952818013
PA14_30960,traG	4.47190753635	0.0344565034521	0.0	948.044397706
PA14_38180	4.4636410324	0.034623620966	0.0	946.291898868
