feature	score	p-value	#I-out-of-29	#O-out-of-397
PA14_27990	55.23925235	1.0671622271e-13	170.093209402	1280.98836249
PA14_49030	29.7051384476	5.03013107288e-08	32.0482667497	159.578277029
PA14_60080	27.4566266536	1.60657434872e-07	29.8109259116	148.914451324
PA14_23410,orfJ	25.4764625889	4.47812951316e-07	39.2879016502	230.878205218
PA14_46620	23.6967686372	1.12771726215e-06	65.2788938428	474.997676803
PA14_63450	23.2854858177	1.3964988239e-06	26.1572512957	132.906498669
PA14_15380,repA	23.2786763481	1.40145187729e-06	22.0235316107	102.382866029
PA14_60070	23.0353581005	1.59049176965e-06	42.833113521	271.520888993
PA14_03163	21.146916095	4.25385233959e-06	57.0953852384	412.793625397
PA14_23350,orfA	17.4343116065	2.97408695877e-05	55.6433524218	423.552612756
PA14_46610	15.3467054258	8.94768207096e-05	38.9524391613	276.00899944
PA14_23400	15.0680748307	0.000103702421102	36.5881061584	255.442118481
PA14_10790,ampC	14.8844651551	0.000114300398671	218.83803905	2281.97326144
PA14_23440,orfL	14.731552279	0.000123954437964	44.2810617805	331.063844284
PA14_23430	14.6019382146	0.00013277790927	45.1295475014	340.253675431
PA14_15600	14.4408934837	0.000144627459556	41.9809464558	310.667859542
PA14_53620	14.3332448776	0.000153136496364	103.88604845	964.338810615
PA14_50310	13.6379198889	0.000221662874202	70.7344706854	611.451040573
PA14_46530	12.8908583822	0.000330190958003	19.1358601233	110.633781634
PA14_03166	12.5091438944	0.000404965126625	24.5833314791	159.155117034
PA14_50320	12.2284084817	0.000470673298469	70.5481941743	624.640506037
PA14_23420	12.0715426301	0.000511973198826	74.531202186	669.627031975
PA14_23370,orfK	12.0377131986	0.000521348922779	62.9065211782	544.72956434
PA14_50330	11.7835642384	0.000597559621524	78.3190500666	714.533396099
PA14_46570	11.5684973792	0.000670786030255	56.8366191038	485.110451561
PA14_15360	11.4512465254	0.000714460566484	27.5614634793	191.847230952
PA14_54860	11.2700276086	0.000787685573106	10.8524390666	50.9324326344
PA14_13920	11.2612109395	0.000791435642897	34.4569858651	259.00544613
PA14_49480	11.1860841886	0.000824130861888	50.2564716946	419.722332713
PA14_54870	11.182490818	0.000825728472058	15.6572023959	88.2315957828
PA14_53590	9.89091268406	0.00166096967573	34.517590601	269.606804172
PA14_23360,wzz	9.86829246684	0.00168151492965	75.9718497821	713.459757544
PA14_46520	9.71080996162	0.00183187259556	21.3628603305	144.126854899
PA14_46590	9.60249178858	0.00194313509446	49.7857240091	430.326319402
PA14_15570	9.47637221392	0.00208135143138	37.7355661035	305.554940373
PA14_60060	9.47309872176	0.00208506871091	12.1357360145	65.678792837
PA14_23380,orfH	9.27280449055	0.0023258130763	61.4989669262	560.831129759
PA14_31060	9.11177121157	0.00253969837897	92.9746772127	917.725485189
PA14_10120	8.8678967763	0.00290229330117	30.4496819658	236.743386228
PA14_14420	8.82291162416	0.00297471636215	69.0280709748	650.227301187
PA14_03320	8.77396881057	0.00305559854362	21.8622214085	564.722084875
PA14_14430	8.75123250464	0.00309392881265	87.8738116511	865.079006362
PA14_46550	8.65372738458	0.0032639296495	19.9446548812	136.777234823
PA14_55080	8.61014963224	0.00334294837477	22.4204024549	160.208555913
PA14_10780	8.5776502667	0.00340314251603	172.041800346	1865.99316036
PA14_46510	8.39243512062	0.0037678579657	20.2250641944	140.841549629
PA14_23390,orfE	8.2226482967	0.0041370781985	34.915416532	287.479481025
PA14_15590	8.20744730154	0.00417188013589	48.3045378076	429.558579301
PA14_54880	8.13688753377	0.00433736718821	13.9885087873	85.9750641488
PA14_36010	8.10271424789	0.00441990226883	85.3677580945	1601.17976573
PA14_13950	7.98419438753	0.00471874883947	79.0695438382	776.613169691
PA14_54890	7.90350682772	0.004933905175	15.9080973214	103.914991314
PA14_15470,merP	7.8573376489	0.00506148678598	45.8727561526	956.309807202
PA14_13870	7.80631541144	0.00520639529013	67.1644589466	643.814779333
PA14_53660	7.68761840082	0.00556009514604	121.158389558	1275.26230719
PA14_31030	7.36824033847	0.00663858640982	64.0242316643	614.798255176
PA14_38180	7.16655539103	0.00742752605514	43.6768453815	902.615053487
PA14_54900	7.16286058315	0.00744284067391	12.1335019527	74.1313079141
PA14_33680,fpvA	6.834261829	0.00894256414155	107.129038992	1126.78940088
PA14_31010	6.65236456443	0.00990243244086	83.1293939702	846.974526748
PA14_53650	6.28030783339	0.0122086891233	99.0193053147	1042.29182769
PA14_59620	6.1933602896	0.0128230475007	24.7688433889	562.150824166
PA14_24360	6.17416159137	0.0129629325218	35.3792147143	740.396007384
PA14_07480	5.8757803857	0.0153505672475	154.014880872	1720.14222577
PA14_59610	5.84471148194	0.0156239355004	23.1626554879	526.873220497
PA14_35710	5.79075570702	0.0161106621788	27.6508777066	234.400170998
PA14_15450,merD	5.75364986244	0.0164544358688	29.7001466865	635.480547313
PA14_54910	5.66838679001	0.0172733338948	11.0100680109	70.9666063874
PA14_29330	5.66311843924	0.0173252920326	41.318181052	824.751368372
PA14_59220	5.64609616967	0.0174942761265	98.306742299	1048.11078901
PA14_53600	5.5229858699	0.0187681978712	16.6651672601	124.741103557
PA14_15560	5.45227275244	0.0195428865703	13.5138431449	95.0020779046
PA14_36330,hcnA	5.4060506155	0.0200670665469	83.1314198456	1477.93748174
PA14_53610	5.37632701097	0.0204118079025	14.9170984152	108.790429147
PA14_54920	5.22208281851	0.0223018241877	17.8562315338	138.665269605
PA14_13910	5.21946604636	0.0223354081392	38.219400727	355.486417587
PA14_55050	5.2057156929	0.0225127448548	22.5365168594	186.472443127
PA14_69520	5.20276256496	0.0225510209475	42.8688161032	837.226968957
PA14_03310	5.1837267209	0.0227993722948	12.9500650201	334.24807083
PA14_03330	5.12970744711	0.0235196916389	20.4246312036	464.057298714
PA14_69540	5.05717000696	0.0245242530326	15.0865455712	369.756565667
PA14_15475,merT	4.93774516401	0.0262762935729	61.3889886728	1123.3893324
PA14_46540	4.84166400748	0.0277800766778	20.6692167488	170.414760114
PA14_60100,dtd	4.76332671559	0.0290723056073	33.0459523895	304.112509106
PA14_03340	4.7267523974	0.0296969078608	20.8232731787	461.777777279
PA14_15350	4.69593922505	0.0302339705013	48.111328327	475.209659076
PA14_15460,merA	4.68408677238	0.0304432414209	73.2773616155	1299.87650335
PA14_15580	4.62876754978	0.0314401403336	48.2049731671	477.409563119
PA14_36000,prpR	4.60535604727	0.0318722342787	101.477225768	1728.88927939
PA14_48980	4.60279231927	0.0319199266478	35.5580484925	702.416599409
PA14_46460	4.55313764155	0.0328584804193	31.5216203454	289.9629872
PA14_31050	4.45370760641	0.0348255590065	74.4216566263	789.324059783
PA14_35890	4.44872251678	0.0349273653545	61.9866392641	1116.47506052
PA14_46600	4.44596419338	0.0349838300039	36.1384327586	342.846344649
PA14_03350	4.41575797798	0.0356084554539	36.4604611642	711.812205727
PA14_53570	4.38747348587	0.0362039249242	39.1605981952	754.41751058
PA14_59380	4.35647081496	0.0368686098238	152.303911641	1748.31296883
PA14_69510	4.33578151117	0.0373192797808	40.148047272	768.727226629
PA14_15650	4.30638042237	0.0379696682255	64.011831652	668.493951664
PA14_35880	4.29898596802	0.0381351046482	77.1475381859	1345.4734536
