feature	score	p-value	#I-out-of-7	#O-out-of-469
GGGGGGGGG	0.00235719485523	0.961277159162	0.001535148208	0.0310821997397
GGGGGGGG	0.00173631868888	0.966762441326	0.00153786719559	0.0365084737953
GGGGGGG	0.000868018349527	0.976496004847	0.00213146194244	0.0755805916533
CAAA	0.000547364020306	0.981334545613	0.0498597589226	3.71203546788
AAAA	0.000382296510352	0.984400432505	0.0790218088959	5.67848193843
GGCG	0.000324642612212	0.985624620265	1.28235043644	84.5511087597
TAAA	0.000301734302031	0.986141042464	0.0218219486549	1.64567459204
AAAG	0.000299139794762	0.98620074929	0.0898496253713	6.38002430689
AAAC	0.000267177620446	0.986958703718	0.0916762545312	6.48543619623
AAAT	0.00025752125646	0.987196521896	0.0672342522036	4.79431677676
AATC	0.000236303748629	0.987735262342	0.0910099457853	6.41870226859
TTAA	0.000235315265507	0.987760939545	0.0145326174698	1.10663844745
GAAA	0.00022917513282	0.98792166087	0.17708318954	12.3023154557
GGGGGG	0.000222184850182	0.988107279812	0.00619994234395	0.343268966635
CTAA	0.000205840497271	0.988553029235	0.0142749314941	1.07922427904
TTTA	0.000201807084402	0.988665727275	0.0225579153653	1.6623150614
GTAA	0.000200700873777	0.98869683243	0.0362867595749	2.62021519756
CAAAG	0.000194141587766	0.988883059076	0.0159867433105	1.19670676295
TTTG	0.000186556634055	0.989102373803	0.053871814437	3.82973483702
TAAT	0.00018074846356	0.989273345665	0.022453748338	1.64657050655
TCAAA	0.000180182189753	0.989290160809	0.00919882086174	0.70946530448
CACT	0.000176693736913	0.989394336343	0.103783150225	7.24849617327
CCCC	0.00017339198253	0.989493888219	0.194011277167	13.3960965504
CACA	0.000170778276237	0.989573368783	0.0919533668317	6.4341382412
GCAAA	0.000162515465246	0.989828719154	0.0209722999696	1.53531991795
TAAC	0.000159919090996	0.98991029096	0.0296636024526	2.13992863163
ACAC	0.000157943225386	0.989972812624	0.102489446593	7.14370564711
GCGG	0.000152375219543	0.990151134548	0.904078296348	59.7861025802
AAAAA	0.000148556336737	0.990275329401	0.0232901006603	1.69106382933
AGAAA	0.000148116423421	0.990289737983	0.0270183172511	1.95030791396
CCAC	0.000146720306742	0.990335607609	0.329475431504	22.5490925472
CTCC	0.00014606060706	0.990357358068	0.254058054793	17.4379851022
ACTC	0.000143655179911	0.990437084712	0.116798296372	8.10682466409
GGCGG	0.000140946590655	0.990527662859	0.349121556908	22.9223561152
AAAGA	0.000137766626914	0.990635122468	0.0148839522187	1.09860480942
ATAA	0.000136050110634	0.990693643961	0.0310893755444	2.22643912577
GGGCG	0.000134822502503	0.990735723791	0.232856884844	15.2277042954
CTCA	0.000133454921733	0.990782827843	0.139147400829	9.61824946048
CCTC	0.000130775029917	0.990875837534	0.344123800603	23.5135022276
GCAC	0.000129943284001	0.990904897976	0.338347905233	23.121243155
GCAA	0.000129798632656	0.990909961447	0.272457120469	18.66039761
CCAA	0.000129299764411	0.990927445843	0.155459954457	10.7228011371
CAAAC	0.000128965102565	0.990939194025	0.0140994636499	1.04010528618
CATA	0.000127383504125	0.99099492287	0.050288316655	3.54447487818
CGAGG	0.000126208442273	0.991036551459	0.217509653303	14.2236981246
GAGG	0.000125140943755	0.99107453777	0.372830730501	24.5227827482
CCAAA	0.000124999916681	0.991079568235	0.010505909605	0.785547281758
CAAAA	0.000124535284886	0.991096161856	0.0110895544451	0.826603981534
CACG	0.000123881293654	0.991119570708	0.268929368641	18.4120352423
CATT	0.000123721009972	0.991125317297	0.0911509108084	6.33796359215
CAGA	0.000119941675902	0.991261911554	0.176076877275	12.1113850499
TTAAA	0.000119914173755	0.991262913376	0.0035939494883	0.289304616755
CACC	0.000118433250866	0.991317029726	0.486364425761	33.1026819783
AACA	0.000118173721268	0.991326548314	0.169388086018	11.6549773518
ATTA	0.000117164473631	0.991363663535	0.0231728789055	1.66779634857
TTAT	0.000114578873165	0.99145948536	0.03163803042	2.25215726878
CGAG	0.000114139958097	0.991475858424	0.562414265932	37.1447632575
AAAAT	0.000113537014339	0.991498401749	0.0119369132319	0.882247694045
ATTG	0.000112181285614	0.99154931044	0.0906523597011	6.29274821401
ATCA	0.000112055467127	0.991554050587	0.227748010024	15.6038765089
CAAT	0.000111125014107	0.991589187865	0.0901472447178	6.25725630132
TAAG	0.000111042972161	0.991592293113	0.0222459501221	1.60035097031
CATC	0.000110290358952	0.991620832857	0.372688912084	25.4066144127
AGAA	0.000108801036859	0.991677597742	0.161178092073	11.0852585664
AATA	0.000108787647611	0.991678109824	0.0517959108715	3.63423652671
AACG	0.000107916999156	0.99171147636	0.22426245592	15.3612783072
CTTA	0.000107075520493	0.991743853165	0.0221673781581	1.59285382184
AGCAA	0.000106656828282	0.991760010206	0.0522702121651	3.66508974232
GGGC	0.000103583985106	0.991879572907	0.550422934332	36.3721279551
GCCC	0.000102695389919	0.991914477271	0.51742747589	35.1631237645
AATCA	0.000102032557834	0.991940612021	0.0145424381798	1.06005291856
GCGAG	0.000101954948615	0.991943677614	0.17712092556	11.5836629577
CAAAT	0.000101293863101	0.991969838184	0.00868399751702	0.648617824918
CGGCG	9.9481212907e-05	0.992042009861	0.555347843536	36.7099261016
GGCGA	9.90219978283e-05	0.992060397932	0.325412637693	21.422794241
ATAG	9.87122492844e-05	0.992072825096	0.0703652102834	4.89569866567
TAAAG	9.82300652061e-05	0.992092209273	0.00668728371204	0.506144100127
TTAG	9.82264779565e-05	0.992092353661	0.0145580749902	1.05946437721
CGCA	9.62672232293e-05	0.992171612479	0.424145966425	28.8523259877
ACAAA	9.54205025799e-05	0.9922061148	0.00918272848621	0.681702963693
AAACG	9.48058473327e-05	0.992231256881	0.0272242867421	1.93568924927
TGGCG	9.47541145616e-05	0.992233376691	0.271769737045	17.8692075925
TCAA	9.40693474757e-05	0.992261490532	0.150362795865	10.3313334379
GGCGAG	9.3918408845e-05	0.992267701228	0.0867332681576	5.62160350712
AATT	9.32474691905e-05	0.992295369088	0.0573523516832	4.00185653138
CCCTC	9.13714682722e-05	0.992373263364	0.0612577044001	4.26704639804
CTAAA	9.07305335361e-05	0.992400058898	0.00350240946679	0.275871884085
AAGA	9.03108341311e-05	0.992417656567	0.154793677639	10.6265903354
TCAC	8.99887434733e-05	0.992431189329	0.180717528128	12.3833044279
CAGC	8.96199050392e-05	0.992446715999	0.762122002067	51.6230202392
ACGC	8.86417041501e-05	0.992488049909	0.357738748536	24.3515737722
AATG	8.8415784043e-05	0.992497628545	0.0918896657163	6.35198569694
AAACA	8.84131649792e-05	0.99249773966	0.0135773530335	0.986657136655
TCAGA	8.62122497578e-05	0.992591704271	0.0139209453979	1.00959315481
AAAAC	8.54710054676e-05	0.992623620004	0.0207967210075	1.48628004683
GGTG	8.54640068143e-05	0.992623922003	0.51991125661	34.3869748736
TTAC	8.52991406859e-05	0.992631039724	0.0381545317222	2.68101381332
AAATC	8.4932118431e-05	0.992646909821	0.0260147918172	1.84620827599
GCCA	8.44662607978e-05	0.992667103045	0.612302461559	41.5125214825
GCCCC	8.43783903341e-05	0.992670918146	0.073432305358	5.09083107211
