feature	score	p-value	#I-out-of-1	#O-out-of-425
PA14_59550	104.654311463	1.45415755253e-24	7.92044650514	215.293873606
PA14_39480	54.6989196277	1.40483498101e-13	7.05098944707	304.679646871
PA14_13960	37.9231542509	7.35866974747e-10	5.81413053183	289.465221797
PA14_39470	26.6744266464	2.40787397954e-07	7.4483338609	581.535284753
PA14_59620	24.2134498249	8.62280038868e-07	7.14677217945	579.772895375
PA14_59630	20.3877247553	6.32341107023e-06	6.84161547648	605.067115818
PA14_59610	18.9547857662	1.3385310154e-05	6.23244801655	543.803427968
PA14_59230	15.1025979772	0.000101823061288	4.67282883446	391.437698395
PA14_13950	14.7787304105	0.000120891399466	7.45066079621	848.232052733
PA14_03390	13.6390275102	0.000221532148329	3.21887582487	222.972618109
PA14_13880	12.7263159478	0.000360546070287	3.73766961828	302.18397407
PA14_63440	10.9044152613	0.00095935318296	3.98898404656	373.194618298
PA14_38180	10.7835797669	0.00102404445087	7.10987946307	939.182019405
PA14_49010	10.7356772672	0.00105089533166	3.09104245336	246.515113571
PA14_13890	10.7095234756	0.00106585477148	4.27666611902	423.01253187
PA14_03400	9.61682820424	0.00192802432297	2.19722457734	148.642416199
PA14_13920	9.60460545214	0.00194089974208	3.25809653802	290.204335457
PA14_13900	9.43443340995	0.00212948869107	5.05624580535	596.210338253
PA14_50310	8.89284648373	0.00286290064077	5.37063802813	676.814873231
PA14_50330	8.86759552635	0.00290277228827	5.91889385427	786.933552311
PA14_50320	8.45624250735	0.00363792637639	5.34233425196	689.846365959
PA14_32250	7.66724218981	0.00562323378431	5.21493575761	700.208631158
PA14_49020	7.37859799934	0.00660046049212	7.40792432256	1201.39686658
PA14_13870	6.78629123608	0.00918605584079	5.03043792139	705.948800358
PA14_13970	6.72655565332	0.00949878473767	7.76004068088	1337.17806959
PA14_08320	6.70163196428	0.00963247062894	6.36818718635	1007.31407652
PA14_35820,tnpS	6.44165845869	0.0111474526043	7.57712193088	1316.4135005
PA14_35800	6.22910392896	0.0125667312565	7.8387375596	1400.53492567
PA14_03265	6.13088221565	0.0132840568531	3.97029191355	519.492426977
PA14_07480	5.94821442027	0.0147322013905	9.50896238447	1864.64814426
PA14_35760	5.72070906902	0.0167659582683	7.48717369421	1359.19168083
PA14_35810	5.61557396724	0.0178015497924	7.96970358328	1493.88485793
PA14_13910	5.50951016741	0.0189133430954	3.17805383035	390.527764484
PA14_20520	5.43962370561	0.0196849098516	0.0	2311.84007489
PA14_35770	5.24271164258	0.0220388964323	7.19668657083	1331.50453346
PA14_32830	5.13057727165	0.0235079079638	0.0	2180.49534045
PA14_03250	4.68775857744	0.0303782498494	4.07753744391	618.89016287
PA14_58720	4.67500449874	0.0306046226299	3.21887582487	434.959383622
PA14_32840	4.65810191725	0.030907340364	0.0	1979.69331483
PA14_36000,prpR	4.30674471802	0.0379615372904	0.0	1830.36650516
PA14_43405,kdbF	4.16507415117	0.0412656067124	4.64439089914	788.766422974
PA14_20510	3.99563892288	0.0456181538842	0.69314718056	2249.26261263
PA14_31970,czcC	3.93846978585	0.0471936878755	4.65396035016	810.114621465
PA14_03380	3.88664435109	0.048671579023	3.33220451018	502.292517083
PA14_08330	3.84852985668	0.0497896145319	5.23110861685	964.081637239
PA14_59600	3.81029019457	0.0509386244537	1.94591014906	223.197673533
PA14_35790	3.68740952165	0.0548247028114	8.48673398393	1884.4876908
PA14_32270,oprD3	3.60257157457	0.0576902670694	7.38894609762	1580.88213385
PA14_15480,merR	3.34990737009	0.0672087953035	0.0	1423.71063229
PA14_35880	3.34734351007	0.0673135627525	0.0	1422.62099178
PA14_31240	3.32607194348	0.0681895492394	4.45434729625	816.10116199
PA14_48950	3.31541309339	0.0686330697475	4.67282883446	873.544056803
PA14_53660	3.28569575706	0.0698860023935	0.0	1396.42069675
PA14_15460,merA	3.23095027051	0.0722587479971	0.0	1373.15386497
PA14_27990	3.16257127345	0.0753444255261	6.68461172767	1444.39696017
PA14_06170,fiuR	3.15445139468	0.0757201391526	0.0	1340.64184274
PA14_59220	3.13215549201	0.076762184608	5.59098698051	1140.82654433
PA14_32810	3.10510605877	0.0780471476625	4.84418708646	941.345656224
PA14_03270	3.01626629038	0.0824330503936	4.24849524205	794.021329751
PA14_35920	2.98479929586	0.0840497066299	0.0	1268.53970074
PA14_18970,pldA	2.86446008307	0.0905560925233	6.27287700655	1371.07052673
PA14_08310	2.85564321948	0.0910538131632	6.78558764501	1521.82087929
PA14_15475,merT	2.78771369663	0.0949896647546	0.0	1184.77832107
PA14_20150,nosL	2.77619257794	0.0956753702474	0.69314718056	1719.05027081
PA14_35890	2.77285105832	0.0958752553179	0.0	1178.46169979
PA14_59970	2.76312550847	0.096459617352	6.09130988208	1334.22603514
PA14_43100	2.72017607605	0.0990870844377	0.0	1156.07483232
PA14_33310	2.71952686436	0.0991273946943	0.0	1155.79891735
PA14_46280	2.71870029619	0.0991787431122	0.0	1155.44762588
PA14_30850,trbI	2.71692557321	0.099289091326	0.0	1154.69336861
PA14_36010	2.70043261996	0.100321021153	0.69314718056	1685.85437665
PA14_53650	2.68543796	0.101269379462	0.0	1141.311133
PA14_31190	2.6647626077	0.102593131053	0.0	1132.52410827
PA14_31990,czcB	2.66376119377	0.102657725937	5.18738580584	1090.76177228
PA14_50250,fliS	2.65166443765	0.103441537024	7.9182646861	1899.22419647
PA14_35860	2.64676864183	0.103760620862	0.0	1124.87667278
PA14_33320	2.59430452827	0.107248507793	0.0	1102.57942451
PA14_31360	2.58974727954	0.107557496114	0.0	1100.64259381
PA14_68030	2.57033195102	0.1088848812	5.81413053183	1284.0001587
PA14_53670	2.54079243029	0.110939096006	0.0	1079.83678287
PA14_35830,tnpT	2.52124976682	0.112321533774	5.63478960317	1239.64313016
PA14_60480	2.51934797449	0.112457074942	0.0	1070.72288916
PA14_53620	2.51347025662	0.112877121311	0.0	1068.22485907
PA14_10490	2.51232149809	0.112959418154	0.0	1067.73663669
PA14_26340	2.50896283365	0.113200411677	3.91202300543	760.048054888
PA14_33170	2.47712521791	0.115513213785	7.40974195408	1778.10153475
PA14_35970	2.46786226178	0.116195863277	0.0	1048.84146126
PA14_59390	2.4559879566	0.117077484589	4.46590811865	917.186678473
PA14_30910,trbE	2.45159199667	0.11740573976	0.0	1041.92659859
PA14_27830	2.44275638624	0.118068593755	2.77258872224	474.464974788
PA14_33330	2.42956322697	0.119066069711	0.0	1032.56437146
PA14_15430,tnpR	2.41202640151	0.120406414078	0.0	1025.11122064
PA14_09470,phzB1	2.39343277211	0.121845807011	1.09861228867	1832.68518687
PA14_30690	2.38354650843	0.122618892789	0.0	1013.00726608
PA14_36690,ybhO	2.37533345693	0.123265274605	0.0	1009.5167192
PA14_20200,nosZ	2.35546713268	0.12484448272	3.55534806149	3340.74789345
PA14_13370	2.34248233253	0.125888805153	0.69314718056	1528.40214486
PA14_53890	2.3391957538	0.126154670483	0.0	994.158195367
PA14_08200	2.32541641946	0.127276156256	5.98141421125	1374.18700909
PA14_33970	2.3254134645	0.127276397944	0.0	988.300722411
