feature	score	p-value	#I-out-of-1	#O-out-of-425
,,group_33863	425.0	1.99137139773e-94	1.0	0.0
,,group_33907	425.0	1.99137139773e-94	1.0	0.0
,,gcvT_4	425.0	1.99137139773e-94	1.0	0.0
,,soxB_1	425.0	1.99137139773e-94	1.0	0.0
PA14_73400,trmE,mnmE	425.0	1.99137139773e-94	1.0	0.0
,,folD_2	425.0	1.99137139773e-94	1.0	0.0
,,group_33911	425.0	1.99137139773e-94	1.0	0.0
,,group_33846	425.0	1.99137139773e-94	1.0	0.0
,,group_33917	425.0	1.99137139773e-94	1.0	0.0
,,group_17270	425.0	1.99137139773e-94	1.0	0.0
,,fabG_17	425.0	1.99137139773e-94	1.0	0.0
,,group_33848	425.0	1.99137139773e-94	1.0	0.0
,,group_33905	425.0	1.99137139773e-94	1.0	0.0
,,group_33873	425.0	1.99137139773e-94	1.0	0.0
,,group_33912	425.0	1.99137139773e-94	1.0	0.0
,,group_33828	425.0	1.99137139773e-94	1.0	0.0
,,fdhD_2	425.0	1.99137139773e-94	1.0	0.0
,,group_33887	425.0	1.99137139773e-94	1.0	0.0
,,group_33901	425.0	1.99137139773e-94	1.0	0.0
,,group_33916	425.0	1.99137139773e-94	1.0	0.0
,,group_33906	425.0	1.99137139773e-94	1.0	0.0
,,group_33891	425.0	1.99137139773e-94	1.0	0.0
,,group_33883	425.0	1.99137139773e-94	1.0	0.0
,,group_33886	425.0	1.99137139773e-94	1.0	0.0
,,group_33820	425.0	1.99137139773e-94	1.0	0.0
,,group_33825	425.0	1.99137139773e-94	1.0	0.0
,,group_33899	425.0	1.99137139773e-94	1.0	0.0
,,group_33836	425.0	1.99137139773e-94	1.0	0.0
,,group_1472	425.0	1.99137139773e-94	1.0	0.0
,,group_33844	425.0	1.99137139773e-94	1.0	0.0
,,group_33895	425.0	1.99137139773e-94	1.0	0.0
,,group_33892	425.0	1.99137139773e-94	1.0	0.0
PA14_71530,purU2,purU_2	425.0	1.99137139773e-94	1.0	0.0
,,group_33881	425.0	1.99137139773e-94	1.0	0.0
,,group_33840	425.0	1.99137139773e-94	1.0	0.0
,,group_18962	425.0	1.99137139773e-94	1.0	0.0
,,group_33915	425.0	1.99137139773e-94	1.0	0.0
PA14_69980,,puuR_4	425.0	1.99137139773e-94	1.0	0.0
,,soxD_1	425.0	1.99137139773e-94	1.0	0.0
,,group_33862	425.0	1.99137139773e-94	1.0	0.0
,,group_18944	425.0	1.99137139773e-94	1.0	0.0
,,engB_3	425.0	1.99137139773e-94	1.0	0.0
,,group_33914	425.0	1.99137139773e-94	1.0	0.0
,,group_7202	425.0	1.99137139773e-94	1.0	0.0
PA14_40170,sugE,sugE_3	425.0	1.99137139773e-94	1.0	0.0
,,group_33826	425.0	1.99137139773e-94	1.0	0.0
,,group_33845	425.0	1.99137139773e-94	1.0	0.0
,,group_33904	425.0	1.99137139773e-94	1.0	0.0
,,group_33853	425.0	1.99137139773e-94	1.0	0.0
,,group_18945	425.0	1.99137139773e-94	1.0	0.0
,,group_33866	425.0	1.99137139773e-94	1.0	0.0
,,group_33847	425.0	1.99137139773e-94	1.0	0.0
,,group_33902	425.0	1.99137139773e-94	1.0	0.0
,,group_33832	425.0	1.99137139773e-94	1.0	0.0
,,group_33827	425.0	1.99137139773e-94	1.0	0.0
,,group_33861	425.0	1.99137139773e-94	1.0	0.0
,,group_33830	425.0	1.99137139773e-94	1.0	0.0
,,group_33816	425.0	1.99137139773e-94	1.0	0.0
,,group_33850	425.0	1.99137139773e-94	1.0	0.0
,,group_33838	425.0	1.99137139773e-94	1.0	0.0
,,group_33920	425.0	1.99137139773e-94	1.0	0.0
,,group_33875	425.0	1.99137139773e-94	1.0	0.0
,,group_33860	425.0	1.99137139773e-94	1.0	0.0
,,group_16019	425.0	1.99137139773e-94	1.0	0.0
,,soxA_1	425.0	1.99137139773e-94	1.0	0.0
,,group_33890	425.0	1.99137139773e-94	1.0	0.0
,,group_33864	425.0	1.99137139773e-94	1.0	0.0
,,amt	425.0	1.99137139773e-94	1.0	0.0
,,group_33865	425.0	1.99137139773e-94	1.0	0.0
,,group_33872	425.0	1.99137139773e-94	1.0	0.0
,,group_33818	425.0	1.99137139773e-94	1.0	0.0
,,group_33900	425.0	1.99137139773e-94	1.0	0.0
,,group_33893	425.0	1.99137139773e-94	1.0	0.0
,,group_33839	425.0	1.99137139773e-94	1.0	0.0
,,group_33903	425.0	1.99137139773e-94	1.0	0.0
,,group_17387	425.0	1.99137139773e-94	1.0	0.0
,,group_33817	425.0	1.99137139773e-94	1.0	0.0
,,group_11424	425.0	1.99137139773e-94	1.0	0.0
,,allR_2	425.0	1.99137139773e-94	1.0	0.0
,,group_33869	425.0	1.99137139773e-94	1.0	0.0
,,group_2427	425.0	1.99137139773e-94	1.0	0.0
,,group_33879	425.0	1.99137139773e-94	1.0	0.0
,,group_33867	425.0	1.99137139773e-94	1.0	0.0
,,group_33877	425.0	1.99137139773e-94	1.0	0.0
,,group_33824	425.0	1.99137139773e-94	1.0	0.0
,,group_33833	425.0	1.99137139773e-94	1.0	0.0
,,group_33849	425.0	1.99137139773e-94	1.0	0.0
,,group_33878	425.0	1.99137139773e-94	1.0	0.0
,,group_33896	425.0	1.99137139773e-94	1.0	0.0
,,group_33837	425.0	1.99137139773e-94	1.0	0.0
,,group_33841	425.0	1.99137139773e-94	1.0	0.0
PA14_13730,narL,narL	425.0	1.99137139773e-94	1.0	0.0
,,group_33898	425.0	1.99137139773e-94	1.0	0.0
,,group_23207	425.0	1.99137139773e-94	1.0	0.0
,,group_33835	425.0	1.99137139773e-94	1.0	0.0
,,group_1471	425.0	1.99137139773e-94	1.0	0.0
,,group_7148	425.0	1.99137139773e-94	1.0	0.0
,,group_33913	425.0	1.99137139773e-94	1.0	0.0
,,group_33880	425.0	1.99137139773e-94	1.0	0.0
,,group_33885	425.0	1.99137139773e-94	1.0	0.0
