feature	score	p-value	#I-out-of-1	#O-out-of-475
TTTG	0.000292603074127	0.986352335904	0.00970230295346	3.8739043485
CAAA	0.000220215637097	0.988160095509	0.0092209951659	3.75267423164
GACTATACA	0.000200149022909	0.988712381789	1.001950292e-05	0.000207872496185
CGCC	0.000181393744565	0.989254216534	0.169768032221	83.3219441797
TTTT	0.000180387962466	0.989284047465	0.0138731581991	5.87915869769
TTAC	0.000174383588954	0.989463891238	0.00670957423259	2.71245877081
TTAGTGGAG	0.000171527480505	0.989550524302	1.4718646936e-05	0.000502125145052
TTGG	0.000168141186164	0.98965417937	0.025157311523	11.0108852294
TGAG	0.000154989031833	0.99006702538	0.0227593930232	9.95370234014
CTTT	0.00014999858653	0.990228240096	0.0152811630702	6.57339638026
GTTT	0.000147765703309	0.990301240538	0.015817066965	6.82041200304
GTATTATGT	0.000142633657661	0.99047114437	1.3081099515e-05	0.000473266578496
GTTACTAAC	0.000130688146771	0.99087886882	1.18903869641e-05	0.000427182138985
TGTG	0.000128153328064	0.990967754569	0.0155728212221	6.75510092365
GATT	0.000122030796913	0.991186143967	0.0153300122188	6.65972902205
AAAG	0.000119891347826	0.991263744944	0.0148673820469	6.45500655022
ATCACATAT	0.000117775271343	0.991341182356	1.31610209214e-05	0.000564879704772
TCTG	0.00011755922103	0.991349127681	0.0278741862284	12.4069507191
ATTG	0.000116755832382	0.991378736825	0.0146604915352	6.36874008217
TCACATATG	0.000116490330321	0.991388544373	1.28004662716e-05	0.000541596062359
TATG	0.000116086132715	0.991403496771	0.00869227496941	3.67795888689
GACTATACT	0.000116082901311	0.991403616414	1.15568334968e-05	0.000449180644057
CAAG	0.000113844711866	0.991486889858	0.0390922495277	17.5923742711
GGGG	0.000112244988612	0.991546911476	0.0317921752931	14.2293028665
CTTA	0.000110886387683	0.991598222944	0.00400563018425	1.61101556982
TTTGG	0.000108318435298	0.991696075151	0.00211200730662	0.800048010373
TCAA	0.000108230020229	0.991699464766	0.0235625304956	10.4581337033
TTTA	0.000105722156723	0.991796193351	0.00415074089035	1.68072223588
TTTC	0.000105060205832	0.991821915743	0.0286026132382	12.7865402594
CTAT	0.000103190327631	0.991895017377	0.0116289708434	5.02680934435
AGTG	0.000101585806145	0.991958274878	0.0171877166048	7.55951619318
CAAT	9.89452773563e-05	0.992063474157	0.0144823358168	6.33292121022
TTAAGACGT	9.78599963828e-05	0.992107118622	1.10798406642e-05	0.00048087881221
TAGGGACTA	9.72622525043e-05	0.992131260226	8.43107279083e-06	0.000290224720129
ACTAGTGTA	9.53657556798e-05	0.992208350895	5.59229926332e-06	0.000134771820699
CACCTTAGA	9.49212217933e-05	0.992226531362	1.08016655046e-05	0.000470823221012
AGACTATAC	9.43145061e-05	0.99225141356	1.06504142315e-05	0.00046121230399
TTACACTTA	9.39086785304e-05	0.992268101774	8.76460377557e-06	0.000322008113186
GTTA	9.37498113953e-05	0.992274644439	0.00529582240285	2.20199793471
CCAAA	9.35330888907e-05	0.992283578723	0.00206746837702	0.793985722986
CTTTG	9.31485860851e-05	0.992299455184	0.00310479441469	1.24023076141
CTATACTAC	9.08862836065e-05	0.992393538778	5.59229926332e-06	0.000140967059698
TTGA	8.96303863131e-05	0.992446274338	0.023526612004	10.5056095182
TACACTTAA	8.89230435183e-05	0.992476138639	8.99460484148e-06	0.000354435806821
GTGG	8.87296175806e-05	0.992484325826	0.0521579600355	23.7729596873
GAGCTC	8.83553361261e-05	0.99250019351	0.000886468372913	0.30733697917
TGGG	8.83495026987e-05	0.992500441085	0.0393867811589	17.8424478158
TCTAATACG	8.78610849595e-05	0.992521198906	1.05767334802e-05	0.000483418640528
AAAT	8.72397641575e-05	0.992547688696	0.0111562834938	4.85039474547
TACACTTTG	8.68101637747e-05	0.992566059756	1.28394288524e-05	0.000695243014334
CTAATACGC	8.66930899749e-05	0.992571074078	1.2245666796e-05	0.000638819627007
AGCT	8.63494950421e-05	0.99258580998	0.0367043882055	16.6083202159
TTTTG	8.60761293769e-05	0.992597554886	0.00217953407084	0.84875412502
TTAGGACCC	8.58380451784e-05	0.992607799161	5.54188217227e-06	0.000146072734361
CCAA	8.57817630419e-05	0.992610222942	0.0242521655345	10.854008926
ATTT	8.49897909204e-05	0.992644413786	0.0113574270468	4.94735846053
AGAG	8.39133189664e-05	0.992691143468	0.0188528978758	8.37665013134
TACACTTAT	8.35567733013e-05	0.992706687141	8.31534657417e-06	0.000323082511784
AAAA	8.3373104083e-05	0.992714707178	0.01309875552	5.7444049918
GAGT	8.28195673444e-05	0.992738931305	0.0191072007964	8.49710956358
TCAAA	8.16699333423e-05	0.992789502168	0.00186057786535	0.716803547476
TAAG	8.14634246896e-05	0.992798623837	0.0039352299407	1.61866169049
GAGC	8.14236913043e-05	0.992800380221	0.0633817702935	29.0452967685
TTTGA	8.0890142468e-05	0.992824006996	0.00189649635696	0.732818453328
GTGA	8.07027739283e-05	0.992832322586	0.0284977312427	12.8342276599
GCTT	8.04314203067e-05	0.992844382647	0.0398479745912	18.0954081534
GGGGGGTCC	8.00527339173e-05	0.992861247073	8.55165604949e-06	0.000353196584571
TTAGAGACG	7.90817020655e-05	0.99290467421	1.18374271447e-05	0.000647208832617
GAGCT	7.89736326815e-05	0.992909523811	0.0109580134201	4.78107407942
CGCCG	7.86145774457e-05	0.992925660248	0.0749590185089	36.7786426543
GGATCCTAA	7.82481583783e-05	0.992942165665	8.27778421801e-06	0.000339038202184
GGAG	7.82132745536e-05	0.992943739026	0.0404126132793	18.3689887132
GAGTTAGAC	7.7792168528e-05	0.992962759884	1.40821013701e-05	0.000894560509469
TAAA	7.68425135119e-05	0.993005844551	0.00402143432056	1.66347510637
ACTAATACG	7.62250248448e-05	0.993034002224	1.05042911196e-05	0.000537037046945
TATAATCCA	7.62003353302e-05	0.993035130441	8.43107279083e-06	0.00035882377844
CGGC	7.6107691188e-05	0.993039365555	0.178868341255	86.7350415959
CCGC	7.5965837523e-05	0.993045855221	0.121292435945	59.0754271668
CGCAATTAG	7.5777358704e-05	0.993054487324	1.29595600866e-05	0.000787641467568
CAAAT	7.57520846974e-05	0.993055645659	0.00170397324194	0.655597849193
TTTAGCTAC	7.55733306831e-05	0.993063843671	1.11277866164e-05	0.000600395744082
TTACATTCC	7.55569801962e-05	0.993064594021	1.70288734429e-05	0.00127613813111
AAGT	7.48455409891e-05	0.993097322075	0.0168644501803	7.49387498084
TACACAAAT	7.35335850097e-05	0.993158086033	1.46814464816e-05	0.00100519908169
CGCCC	7.350018905e-05	0.993159639831	0.029147137571	14.5585386418
ATAGTGTGA	7.31047678819e-05	0.993178064306	1.15492184112e-05	0.000659317601026
AACCTAGTA	7.28362544463e-05	0.993190603994	1.1245075558e-05	0.000630274764487
GTGT	7.2659076859e-05	0.993198890923	0.0170023771881	7.56459789783
GGTT	7.2363253183e-05	0.993212749704	0.030585313975	13.8376004686
GAGG	7.22892098953e-05	0.993216222923	0.0542441060281	24.8413693726
CCGCC	7.16751539113e-05	0.993245095855	0.0451136254611	22.3012083766
TTCA	7.13787047421e-05	0.993259079172	0.0298382093495	13.4959563333
TTAG	7.11249423773e-05	0.993271072066	0.00265653163941	1.07136592056
TATC	7.09931714775e-05	0.993277308042	0.0147337652581	6.52879466108
TTTGC	7.09553569843e-05	0.993279098659	0.00390505840775	1.62089040927
TTGT	7.03397382e-05	0.993308317236	0.017704942884	7.89565317835
CTAA	7.011946354e-05	0.993318802984	0.00269819708968	1.09080101344
CTTG	7.00529642278e-05	0.99332197179	0.0387388115703	17.6340809657
GATG	7.003761847e-05	0.993322703255	0.0571808019021	26.2257987075
TTGGG	7.00182634916e-05	0.993323625937	0.00421826765458	1.76135382175
