feature	score	p-value	#I-out-of-53	#O-out-of-423
CAAA	0.00159756707807	0.968117381014	0.394480850579	3.36741437622
TTTG	0.0011623352346	0.972802960195	0.411284252266	3.47232239919
TAAA	0.00065035889849	0.979654445419	0.175307814175	1.49218872652
AATC	0.000649026346312	0.979675295094	0.704374668668	5.80533754571
TTTA	0.000606519992439	0.980351983131	0.177545818636	1.50732715813
CCAA	0.000605659308884	0.980365926045	1.18570234985	9.69255874171
CCCCCCCCC	0.000565608959074	0.981026071361	0.0154559474846	0.150747082433
CCCCCCCC	0.000564755988658	0.981040380945	0.0163123621756	0.158240699855
CTAA	0.000551488636335	0.98126436449	0.114030516406	0.979468694124
AAAA	0.000540604963867	0.98145012672	0.623517354457	5.13398639287
GTAA	0.000536487289108	0.981520894326	0.283911918749	2.37259003838
CCCCCCC	0.000532235543788	0.981594251837	0.0200328685223	0.189735657832
CCAAA	0.000528282391123	0.981662721037	0.0821854979543	0.713867693409
AAAG	0.000519559336861	0.981814718307	0.702147566147	5.76772636612
TTGA	0.000516192270284	0.981873729865	1.1491716606	9.37996446958
CAAT	0.000508301057928	0.982012791142	0.688881381322	5.65852216472
CTTT	0.000502619088071	0.982113590443	0.71551153844	5.87316600489
AAAT	0.000501579664287	0.982132091601	0.525774037645	4.33577699132
TCTG	0.00049563297605	0.982238310063	1.35985528285	11.0749696225
TTAA	0.000482261646752	0.982479499119	0.117521878046	1.00364918688
TAAG	0.000473571608725	0.982638045518	0.171947648837	1.45064927159
GCAAA	0.000469626845267	0.982710496293	0.164780638798	1.39151157912
AAAC	0.000465209378861	0.982791991162	0.714925795113	5.86218665565
TTTT	0.000452687328749	0.983025129686	0.639910037433	5.25312181846
TTAG	0.000447047127382	0.983131193428	0.112693910936	0.961328541268
TAAC	0.000440972597234	0.983246176147	0.231842621257	1.93774961283
GATT	0.000432695031139	0.983404142509	0.726326187889	5.94873284638
ATTG	0.000430234597192	0.983451387507	0.694272130883	5.68912844283
CAAAC	0.000429974706295	0.983456385788	0.11068286653	0.943521883299
CTCA	0.000426592790053	0.983521565879	1.06613850502	8.69125835629
CTTTG	0.000423606430192	0.983579337588	0.131219629917	1.11211592591
TTTGA	0.00042062483824	0.983637220659	0.0762767138499	0.658438235835
CAAAA	0.000417413271959	0.9836997984	0.0873905744766	0.750302961502
TTTGG	0.000412752278468	0.983791048381	0.0835924423733	0.718567575306
CAAAT	0.000404221245303	0.983959408771	0.0680596154066	0.589242207028
TTGG	0.000403489864329	0.983973924974	1.20781248934	9.8282300516
AATG	0.000401553716786	0.984012416641	0.70148934494	5.74238601771
TCAAA	0.000400925389944	0.984024928065	0.0746798821968	0.643984243145
CCCCCC	0.000390369346401	0.984236608563	0.0461659935763	0.405989974904
CTAG	0.000390123505393	0.984241572316	0.18177470973	1.52363784317
CATT	0.000387898321312	0.984286572168	0.700138247454	5.72897625551
CTTA	0.000381295115136	0.984420874213	0.172017926515	1.44300327349
CAAAG	0.000371766281613	0.9846167481	0.128347794166	1.0843457121
TCAT	0.000350365666205	0.985066023197	1.22013061856	9.9144771993
ATTA	0.000346724681849	0.985143813442	0.180663582732	1.51030564475
GTTT	0.000341776646602	0.985250186957	0.74597196797	6.09025710203
TTAC	0.000341430768443	0.985257651406	0.293180018792	2.42598832625
CAAG	0.000339817169764	0.985292524809	1.93881922442	15.6926472962
TCAA	0.000339448860845	0.985300496374	1.14831654276	9.33337969102
ATAA	0.000338141045686	0.985328837337	0.242672527968	2.01485597335
AATCA	0.000333457352205	0.985430787618	0.113695843973	0.960899512767
TGAG	0.000324092626458	0.985636800968	1.09293807653	8.88352365663
CACA	0.000322860119627	0.985664135275	0.712205725851	5.81388588218
TCTGA	0.000320717709168	0.985711773759	0.108485035168	0.917069134929
ATCT	0.000316180074483	0.985813200701	1.13005246211	9.18039943065
TGTG	0.000310244200902	0.985946987197	0.739460736434	6.03121300844
CATA	0.000310205128707	0.985947872053	0.389753099361	3.20501009548
CCCCC	0.000304822306666	0.986070312589	0.24380511994	2.02005391833
CGTAA	0.000304512485914	0.986077392723	0.0693053779183	0.593263637839
CAGA	0.000303045562878	0.986110964386	1.34894685288	10.9385150743
CAATC	0.000290449424435	0.986402649311	0.206352239631	1.7136384931
TTAT	0.000286928043352	0.986485319229	0.246235900568	2.03755939863
GTTTG	0.000281545546598	0.986612668611	0.116894612915	0.982658005326
TAAT	0.000279830113356	0.986653511048	0.179038756901	1.48998549799
CCCC	0.000277068914206	0.986719515836	1.49388208793	12.0962257396
CACT	0.000275261601333	0.98676289683	0.804485213221	6.54779411028
TGATT	0.00027398397688	0.9867936497	0.118118241184	0.991986633823
TTTGC	0.000270693518913	0.986873184014	0.174315207329	1.45048026035
TCAGA	0.000263778906168	0.98704190975	0.108794161691	0.914719938519
ATTT	0.00025883971405	0.98716379093	0.540856517236	4.41785937034
CTAAC	0.000252546988375	0.987320770035	0.0289939337668	0.25534423743
GCCAAA	0.000250133283456	0.987381500973	0.0344538727656	0.30085347646
TGAC	0.000249965458692	0.987385734467	1.44466694374	11.69196554
TCCAA	0.000247771847681	0.987441201074	0.153026246574	1.27445309208
CTCT	0.000247520351932	0.987447575942	0.902874149803	7.33351537994
ACAAA	0.000244883809428	0.987514602525	0.0728348316303	0.618050860549
TTCT	0.000244519249577	0.987523898767	1.24561164555	10.0901262276
CATC	0.000242154511532	0.987584368434	2.84553137259	22.9337719522
ATTGA	0.000239494607632	0.987652739915	0.140009585049	1.16742580742
TGACA	0.000239467733234	0.987653432641	0.100698959213	0.846233432148
CATTG	0.000237792632782	0.987696687717	0.230957683268	1.90700257543
TTTTG	0.00023573212501	0.987750104483	0.0902917052787	0.760641953812
TGAAT	0.000231579814865	0.987858463476	0.134866447671	1.12463522684
GGCG	0.000230188457605	0.987894989469	9.60130200775	76.2321571884
AGTG	0.000229750007853	0.987906522545	0.830500508286	6.74620340149
TGAT	0.000229369255173	0.987916546877	1.75718504886	14.1952144647
TATC	0.00022915232796	0.987922261788	0.716405530987	5.82712289535
CGCCG	0.00022870059089	0.987934171414	4.13232575481	32.721275918
AAGC	0.000226969818067	0.987979910874	1.98452898972	16.0193804761
ATTTG	0.000225770314378	0.988011712797	0.072878304155	0.616906514139
GCTT	0.00022507938925	0.988030069358	1.9991647282	16.1360913998
CCAAT	0.000224464450145	0.988046430833	0.164801161347	1.36769678198
TGTTT	0.000222413834152	0.988101153518	0.110329867644	0.923393885199
GTCA	0.00022161556228	0.988122524378	1.4380288709	11.6291261071
TATG	0.000220995595978	0.98813914832	0.401509861967	3.28514129989
GTGA	0.000220035845629	0.98816492939	1.41545965044	11.4472657407
GCCG	0.000218805821134	0.988198053001	9.75461953153	77.4626388653
GAAA	0.000218383069533	0.988209458869	1.37309157654	11.1063070687
AGCT	0.00021653709005	0.988259393394	1.83444789562	14.8105767085
AAAGA	0.000216338177373	0.988264786751	0.119098746592	0.994390015047
