feature	score	p-value	#I-out-of-83	#O-out-of-393
TAAA	0.00428037561933	0.947835954289	0.322816394215	1.34468014648
TTTA	0.0041729521321	0.948493765756	0.325606002567	1.3592669742
TTAA	0.00356537084866	0.952386028539	0.219487565577	0.901683499345
AAAA	0.00355548470562	0.952452008618	1.05822135799	4.69928238934
CAAA	0.00337713236933	0.95365853989	0.698727424106	3.0631678027
TTTG	0.00324612320467	0.954565301581	0.719785365448	3.16382128601
TTTT	0.00303565703926	0.956061347897	1.07831508485	4.81471677104
TTAT	0.00281012540695	0.957723449276	0.428621046505	1.85517425269
ATAA	0.0024266500968	0.960711267096	0.421728003447	1.83580049787
AAAT	0.00210311958839	0.963422009889	0.886073538164	3.9754774908
ATTA	0.00202311332914	0.964124021992	0.317046382907	1.37392284457
TAAT	0.00191065231634	0.965134763615	0.312453803537	1.35657045135
ATTT	0.00183998627567	0.965785185717	0.900892716625	4.05782317095
TTTAT	0.00173881134068	0.966738605848	0.114359550695	0.472004417313
GTAA	0.00168366164716	0.96727002925	0.488588856861	2.16791310027
AAAC	0.00167475797876	0.967356638107	1.18667134476	5.390441106
TTAC	0.0016570316148	0.967529757506	0.499609694151	2.21955865089
TAAC	0.00160226853996	0.968070526995	0.400682234544	1.76890999954
AAAG	0.00153464018626	0.96875127694	1.16595792582	5.30391600645
AATA	0.00150750714795	0.969028613674	0.671016338908	3.01501609867
GTTA	0.00147267144867	0.969388373204	0.406517987951	1.80077576917
TTTTA	0.00142880665327	0.969847496067	0.0959498655101	0.396591642075
AAAAT	0.00139290903811	0.970228506147	0.169309446434	0.724875160843
CAAAA	0.00137337900161	0.970437860397	0.158938043384	0.678755492595
CTAA	0.00134521710837	0.970742386993	0.205225553955	0.888273656575
TTAAA	0.00134118857858	0.970786209205	0.0585928928598	0.234305673384
TTTAA	0.00132035778052	0.97101386479	0.0583280617255	0.23346852353
ATTTT	0.00130143866215	0.971222191351	0.171815830573	0.738634934845
TTTTT	0.00130025199226	0.971235308659	0.321092267062	1.41691069866
ATAAA	0.00128538354189	0.97140017355	0.111484172412	0.468459870564
ATAT	0.00127079584448	0.97156285588	0.633455864719	2.85450454705
TATT	0.00125636685224	0.971724690655	0.679053221873	3.06601543933
TTTTG	0.00122280480766	0.972104758352	0.160616337135	0.690317321956
TATC	0.00121960293696	0.972141288774	1.17488902316	5.36863940318
GTTT	0.0011848369621	0.972541070384	1.22617959426	5.61004947574
TAAAG	0.00117301987464	0.972678291884	0.0987283927511	0.414102991088
AAAAA	0.00115992239547	0.972831192488	0.315851178978	1.39850275102
TAAAA	0.00114258852886	0.973034883915	0.0912441923085	0.381465027168
GTTTA	0.00112177491967	0.97328152086	0.0652995195205	0.267166606637
TAAG	0.00111617242297	0.973348299735	0.299079094482	1.32351782595
GTAAA	0.00111087406615	0.973411607959	0.0989253271131	0.416345094611
CTTA	0.00109781015332	0.973568352931	0.297587319641	1.31743388036
TTATC	0.00106538282814	0.97396150983	0.160654412219	0.694990260183
TTAAT	0.0010639962553	0.973978453602	0.0529029559325	0.213834281058
TTTGG	0.00105400716693	0.974100847239	0.150905110776	0.651254906904
GCAAA	0.00104326439085	0.974233125346	0.286659001929	1.26963321599
CCAAA	0.00104183797213	0.974250740321	0.149734558076	0.646318633287
TTATT	0.00102394841296	0.97447269371	0.112904112782	0.480936572764
GTTAA	0.00101675081255	0.974562540467	0.0574618344412	0.234582015026
CTTT	0.00100850835445	0.974665821963	1.17979513956	5.40888240377
AATAA	0.00100697115382	0.974685130423	0.111701568287	0.47596655075
ATTAA	0.000995640643769	0.974827908144	0.0524416879382	0.212937659974
TAAAC	0.000990383486492	0.974894430638	0.0645033477472	0.26604827328
TAAAT	0.000986973482211	0.974937674346	0.0683404614084	0.283063854939
GATT	0.00098401015579	0.974975314307	1.19467911116	5.48037992311
AATG	0.000980403072182	0.975021207867	1.15377504257	5.29010032008
ATTTA	0.000973464681721	0.975109724476	0.0676219962489	0.280148858122
GATAA	0.000966406083249	0.975200099253	0.158644785935	0.688897914532
AATT	0.000962915813563	0.975244908992	0.731524788637	3.32768409443
GAAA	0.00094347585772	0.975495989464	2.21720051777	10.2621981275
CAAT	0.000933568185751	0.9756249501	1.13600299644	5.2114005496
TCAAA	0.00092921075958	0.975681884204	0.135118301972	0.58354582337
TTTAC	0.000909445505525	0.975941830623	0.100506171412	0.428176945639
AAAAC	0.000906508939654	0.975980691743	0.276812925408	1.23026384242
AATC	0.000899102068306	0.976078991545	1.16412465363	5.34558756075
TTAG	0.000894785688728	0.976136463054	0.199039386833	0.874983065371
ATTG	0.00089365512757	0.976151539108	1.14172952087	5.24167105284
TTAAC	0.000890564146999	0.976192806182	0.0554489130607	0.227976480402
TTTGA	0.00088312864165	0.976292370731	0.13777701457	0.596937935115
TTTGC	0.000851454086507	0.976721282402	0.297427818426	1.32736764925
ATTTG	0.000851086497875	0.976726306447	0.129470917621	0.560313900672
CAAAC	0.000849373353943	0.976749735307	0.195175188474	0.859029561355
TATG	0.000840259257671	0.976874778676	0.663958349029	3.02269281283
TTTATC	0.000839379948992	0.976886878416	0.0371295813771	0.148634588029
CAAAT	0.000835648707262	0.97693829293	0.123506028211	0.533795794224
CTTTA	0.000750993951479	0.978137293475	0.0967346212873	0.415359867368
GATA	0.000749253497056	0.978162635625	1.15888325068	5.33545382309
CATT	0.000748939186108	0.978167215336	1.14737164234	5.28174286062
AAATT	0.000731787089333	0.978418607311	0.136771406558	0.597175199247
TGAA	0.000716058731392	0.978651736419	2.40017717678	11.1503511649
GTTTG	0.000713787110934	0.978685617801	0.202358405997	0.897194212244
AAATA	0.000701800967682	0.978865292232	0.158991955276	0.699408963652
TGAAA	0.000678939320437	0.979212301891	0.367714699323	1.66036208595
GTTTT	0.000670185134081	0.979346723983	0.289064806143	1.29774390353
TATCA	0.000663470593711	0.97945042334	0.137001031434	0.600556085319
TCTG	0.000661728905081	0.979477407641	2.20267549222	10.2321494131
CCAA	0.000653400318039	0.979606937999	1.92882843158	8.94943265997
AATAT	0.000652126472617	0.979626822157	0.129642002385	0.567452313404
TGATT	0.000651918682489	0.979630067511	0.203775918072	0.906328956935
GATAAA	0.000648870672646	0.979677732227	0.036450294302	0.148737008323
CTAAA	0.000646191963441	0.979719714396	0.0538124548925	0.22556183866
AATTT	0.000637821133569	0.979851470805	0.139996024477	0.615118379139
GATTA	0.000631989493184	0.979943772483	0.103081777656	0.447495786706
ATATT	0.000626265983668	0.980034777968	0.128094561034	0.561306076698
GAAAA	0.000624919675395	0.980056245045	0.492187943317	2.24055764645
CTTTG	0.000620587383219	0.98012548155	0.227339704694	1.01599585113
ATTAT	0.000620366619793	0.980129016145	0.0828642356313	0.356435065668
TCAA	0.00062007822315	0.980133634548	1.85827987871	8.62341635507
TGAT	0.000586272091857	0.980682663821	2.81830953781	13.1340899758
TATTT	0.000584485896003	0.980712107603	0.162773423229	0.721259577475
