feature	score	p-value	#I-out-of-72	#O-out-of-334
PA14_00090,glyS_12145_C_A_S_I	38.0334383317	6.95425132457e-10	19.0	13.0
PA14_00790,prlC_78393_C_T_A_A	36.7347305389	1.35346579429e-09	18.0	12.0
PA14_25320,nqrC_2215094_T_C_G_G	36.7347305389	1.35346579429e-09	18.0	12.0
PA14_31110_2706662_G_A_D_D	35.6422375375	2.37090744162e-09	26.0	27.0
intergenic_299745_C_A_none_none	35.5454959646	2.49162501098e-09	15.0	8.0
PA14_31180_2710620_G_T_Q_K	34.8613925994	3.54031883353e-09	21.0	18.0
PA14_38010_3391032_C_T_D_D	34.4659569749	4.33772013508e-09	14.0	7.0
PA14_41230,clpX_3679323_G_A_G_G	33.9159377324	5.7545368843e-09	19.0	15.0
PA14_13000_1116086_T_C_T_A	33.36527206	7.63756869214e-09	29.0	35.0
PA14_00800_78409_T_C_I_T	33.2303725882	8.18618617288e-09	17.0	12.0
PA14_49910_4437775_C_A_I_I	32.8262641384	1.00774051469e-08	23.0	23.0
PA14_67710,trmH_6048573_G_A_D_N	32.5391092814	1.16817914501e-08	18.0	14.0
PA14_41510,nasA_3703792_G_T_A_S	32.5391092814	1.16817914501e-08	18.0	14.0
PA14_41440,uspA_3695468_C_T_A_A	32.5391092814	1.16817914501e-08	18.0	14.0
PA14_08070,gpFI_694953_G_A_V_V	32.2835662009	1.33235436106e-08	38.0	57.0
intergenic_4012017_G_T_none_none	32.0521290752	1.50090514688e-08	19.0	16.0
PA14_05390,chpA_469164_G_A_V_I	32.0521290752	1.50090514688e-08	19.0	16.0
PA14_68750,marC_6132225_C_G_P_P	32.0521290752	1.50090514688e-08	19.0	16.0
PA14_18660_1607114_C_T_P_S	32.0521290752	1.50090514688e-08	19.0	16.0
intergenic_2705810_A_T_none_none	31.9691369948	1.56641583144e-08	28.0	34.0
PA14_15240_1291494_C_T_L_L	31.9125699219	1.61270162745e-08	16.0	11.0
PA14_00150_16433_T_A_Q_L	31.9125699219	1.61270162745e-08	16.0	11.0
PA14_44660,ligA_3978116_A_G_I_T	31.9125699219	1.61270162745e-08	16.0	11.0
PA14_22910,edd_1988097_C_T_G_G	31.9125699219	1.61270162745e-08	16.0	11.0
PA14_21870_1900667_G_A_I_I	31.7836438235	1.72337947278e-08	11.0	4.0
PA14_25400,ugpQ_2221188_C_G_G_R	31.773574064	1.73233775947e-08	14.0	8.0
PA14_37730_3363525_T_C_F_L	31.773574064	1.73233775947e-08	14.0	8.0
PA14_37730_3363392_C_A_A_A	31.773574064	1.73233775947e-08	14.0	8.0
PA14_25320,nqrC_2214800_C_A_T_T	31.773574064	1.73233775947e-08	14.0	8.0
PA14_25330,nqrD_2215656_A_T_Y_F	31.773574064	1.73233775947e-08	14.0	8.0
PA14_45180_4029640_C_T_L_L	31.6053725882	1.88906233341e-08	26.0	30.0
PA14_58890_5245448_G_A_V_I	31.3990352628	2.10085266171e-08	22.0	22.0
PA14_05820_514727_G_A_D_D	31.3460904278	2.15893000351e-08	30.0	39.0
PA14_32790_2858782_C_T_N_N	31.1690008871	2.36512927068e-08	17.0	13.0
PA14_30860,trbG_2680033_G_T_A_A	30.8089007171	2.84728899244e-08	28.0	35.0
PA14_41430,miaE_3694491_G_C_H_D	30.6516058792	3.08770939013e-08	18.0	15.0
PA14_26090,cif_2279257_G_A_I_I	30.6122754491	3.15093857483e-08	15.0	10.0
PA14_05250,pyrC_458949_G_A_N_N	30.6122754491	3.15093857483e-08	15.0	10.0
PA14_03410_313019_G_A_A_V	30.6122754491	3.15093857483e-08	15.0	10.0
PA14_73410,yidC_6536128_C_T_K_K	30.6122754491	3.15093857483e-08	15.0	10.0
PA14_05380,pilK_468588_C_T_R_R	30.3038413913	3.69393610727e-08	19.0	17.0
intergenic_1474578_T_TT_none_none	30.0617588353	4.185031152e-08	24.0	27.0
PA14_02930_257942_C_T_G_G	29.9789103385	4.3677096068e-08	29.0	38.0
PA14_44010,sucA_3918234_C_T_Q_Q	29.9390700081	4.45837990373e-08	22.0	23.0
PA14_17690_1521256_C_T_S_S	29.8070525615	4.77252702079e-08	16.0	12.0
PA14_52310,dinP_4643028_G_T_R_R	29.8070525615	4.77252702079e-08	16.0	12.0
PA14_13000_1115901_T_C_G_G	29.8070525615	4.77252702079e-08	16.0	12.0
PA14_71210_6343712_G_A_T_T	29.8070525615	4.77252702079e-08	16.0	12.0
PA14_43670_3888578_C_T_D_D	29.8070525615	4.77252702079e-08	16.0	12.0
intergenic_2837533_G_T_none_none	29.3340565246	6.09156410347e-08	14.0	9.0
PA14_17620,potC_1514342_T_C_T_A	29.3340565246	6.09156410347e-08	14.0	9.0
PA14_20470_1759296_C_T_S_S	29.3340565246	6.09156410347e-08	14.0	9.0
PA14_35240_3134501_T_G_T_P	29.3340565246	6.09156410347e-08	14.0	9.0
PA14_20470_1759305_C_T_L_L	29.3340565246	6.09156410347e-08	14.0	9.0
intergenic_4027477_G_A_none_none	29.3340565246	6.09156410347e-08	14.0	9.0
PA14_37730_3362998_A_G_N_S	29.3340565246	6.09156410347e-08	14.0	9.0
PA14_49820,cobB_4431004_C_T_G_S	29.3340565246	6.09156410347e-08	14.0	9.0
PA14_17620,potC_1514337_G_A_A_A	29.3340565246	6.09156410347e-08	14.0	9.0
PA14_45030,ttuD_4017132_C_T_D_D	29.3340565246	6.09156410347e-08	14.0	9.0
PA14_45070_4020850_C_T_P_L	29.3340565246	6.09156410347e-08	14.0	9.0
PA14_45030,ttuD_4016164_G_A_A_T	29.3340565246	6.09156410347e-08	14.0	9.0
PA14_45050,pykF_4018748_C_A_L_I	29.3340565246	6.09156410347e-08	14.0	9.0
PA14_67370_6018017_G_A_Y_Y	29.3340565246	6.09156410347e-08	14.0	9.0
PA14_27140_2358632_G_A_R_R	29.3340565246	6.09156410347e-08	14.0	9.0
PA14_45060_4019359_C_A_I_I	29.3340565246	6.09156410347e-08	14.0	9.0
PA14_18850_1625560_G_A_L_L	29.3340565246	6.09156410347e-08	14.0	9.0
PA14_58420_5204877_G_A_Q_Q	29.3340565246	6.09156410347e-08	14.0	9.0
PA14_27400_2376861_G_A_D_D	29.3340565246	6.09156410347e-08	14.0	9.0
PA14_25560,rne_2235377_T_C_E_E	29.3340565246	6.09156410347e-08	14.0	9.0
PA14_67350,hutU_6016160_G_A_Y_Y	29.3340565246	6.09156410347e-08	14.0	9.0
PA14_32570_2828060_T_C_S_G	29.3340565246	6.09156410347e-08	14.0	9.0
PA14_25480_2227132_G_A_V_V	29.3340565246	6.09156410347e-08	14.0	9.0
PA14_25550,murB_2232453_C_T_G_G	29.3340565246	6.09156410347e-08	14.0	9.0
PA14_27360_2373080_C_T_Q_Q	29.3340565246	6.09156410347e-08	14.0	9.0
PA14_25480_2227211_C_T_L_L	29.3340565246	6.09156410347e-08	14.0	9.0
PA14_14940,ybdL_1269706_C_T_D_D	29.3340565246	6.09156410347e-08	14.0	9.0
PA14_18850_1625098_C_T_V_V	29.3340565246	6.09156410347e-08	14.0	9.0
PA14_67350,hutU_6016131_G_A_A_V	29.3340565246	6.09156410347e-08	14.0	9.0
PA14_66200,wapQ_5897884_G_A_D_D	29.3340565246	6.09156410347e-08	14.0	9.0
PA14_27390_2376468_C_T_A_A	29.3340565246	6.09156410347e-08	14.0	9.0
PA14_08680,tufB_742081_C_T_T_T	29.3340565246	6.09156410347e-08	14.0	9.0
PA14_25480_2227202_A_G_T_A	29.3340565246	6.09156410347e-08	14.0	9.0
PA14_05390,chpA_474506_G_A_R_R	29.3340565246	6.09156410347e-08	14.0	9.0
intergenic_5240899_C_CT_none_none	29.3340565246	6.09156410347e-08	14.0	9.0
PA14_44950,ygfU_4008357_G_A_P_P	29.3340565246	6.09156410347e-08	14.0	9.0
PA14_58510_5210663_C_T_D_D	29.3340565246	6.09156410347e-08	14.0	9.0
PA14_41470,acnB_3699249_G_A_L_L	29.2545285773	6.34677205072e-08	17.0	14.0
PA14_41500_3701867_C_T_T_T	29.2545285773	6.34677205072e-08	17.0	14.0
PA14_68060_6073071_G_A_K_K	28.9694096655	7.35303338055e-08	25.0	30.0
PA14_18710,pyrC_1610286_G_A_H_H	28.8878126101	7.66939586544e-08	18.0	16.0
PA14_03550,cynX_323079_C_T_V_M	28.8878126101	7.66939586544e-08	18.0	16.0
PA14_28370_2451405_G_A_R_R	28.7885766928	8.07258453311e-08	24.0	28.0
PA14_29930,nuoH_2591243_C_G_P_P	28.6468729208	8.68541344454e-08	23.0	26.0
PA14_31180_2710616_T_G_N_T	28.5519540629	9.12177253854e-08	22.0	24.0
PA14_44010,sucA_3918078_G_A_N_N	28.5519540629	9.12177253854e-08	22.0	24.0
PA14_53110_4707553_C_T_D_D	28.5445775116	9.15658996593e-08	20.0	20.0
intergenic_2870169_G_A_none_none	28.5434235695	9.16204862177e-08	11.0	5.0
PA14_31380,sfpA_2728352_G_A_Y_Y	28.5136123103	9.30420493121e-08	21.0	22.0
PA14_42920_3816941_G_T_G_G	28.5136123103	9.30420493121e-08	21.0	22.0
PA14_31150_2708606_C_G_R_R	28.5136123103	9.30420493121e-08	21.0	22.0
