feature	score	p-value	#I-out-of-53	#O-out-of-159
CCCCCCCCC	0.00124377257142	0.97186670959	0.0154559474846	0.0635359483547
CCCCCCCC	0.00123113969239	0.97200988888	0.0163123621756	0.0664172184268
CCCCCCC	0.00112760209952	0.97321224076	0.0200328685223	0.0783408425284
CCCCCC	0.000785166161106	0.977645548445	0.0461659935763	0.160565028778
CCCC	0.000517573167434	0.981849504894	1.49388208793	4.57874978556
CCCCC	0.000483205445019	0.982462366225	0.24380511994	0.769746296272
CTCC	0.00025220963906	0.987329240536	1.95158146617	5.93197734852
GGCG	0.000226265582113	0.98799857176	9.60130200775	28.6427850691
GCCC	0.000219566756405	0.988177550651	3.96640070531	12.0017605486
GGGGGGGGG	0.00020949465769	0.98845187771	0.00298628881147	0.0120310218812
CAGC	0.000204995223933	0.988576555	5.81820722653	17.5745642462
CAAA	0.000202197716903	0.988654763595	0.394480850579	1.21468529752
CACC	0.000198952162807	0.988746179252	3.73600641645	11.302760929
CCAC	0.000194602774648	0.988869863516	2.5391933595	7.69487648959
GCCCC	0.000193473021464	0.988902216079	0.568593844317	1.7424059557
TTGA	0.000164556732198	0.98976504405	1.1491716606	3.49539907254
TTTTTTTTT	0.000156734336848	0.990011258085	0.000448796522766	0.00252984471135
GCCA	0.000150223362163	0.990220921622	4.67898202332	14.1290123529
CCTC	0.000144203681724	0.990418846499	2.65194968474	8.02380823897
GCAC	0.000137549081372	0.99064251903	2.59996243148	7.86560325016
AGCC	0.000135392212546	0.990716171604	2.97138065218	8.9838264298
CTCCA	0.000132955715563	0.990800082268	0.65477668332	1.99685154107
AGCCC	0.000132612993576	0.990811946779	0.607181237504	1.85282769317
CCAGC	0.000132004626592	0.990833045342	2.27982310275	6.8997622865
GGGGGGGG	0.000127189950339	0.991001766595	0.00368346162985	0.013619906982
CCTCC	0.000125492943509	0.991061994221	0.537944938144	1.64248592367
GCGG	0.000124185429032	0.99110867687	6.78343675798	20.2499536122
CGCCC	0.000120996424915	0.991223576478	1.62566167419	4.92575071164
GCTGG	0.000120732461956	0.991233154539	2.35825033064	7.01648004859
CACG	0.000120090277448	0.991256500426	2.0670206164	6.25582019822
CACA	0.000117548472311	0.991349523159	0.712205725851	2.16848980021
AAAC	0.000117408604012	0.991354670994	0.714925795113	2.17669136665
TCCA	0.000117390518114	0.991355336867	2.33413168079	7.05991299883
CTCA	0.000115165584536	0.991437647883	1.06613850502	3.23697340915
CCAG	0.000112726824362	0.991528788236	5.75763323034	17.3613212889
GCTC	0.000112473285275	0.991538319737	3.14332649687	9.49528276552
TCAC	0.000111454352747	0.991576734084	1.38398785555	4.19515452762
CAGCC	0.000111293057279	0.991582831091	1.326777373	4.02259372796
AAAA	0.000105660875799	0.991798571244	0.623517354457	1.89882819677
GCCAC	0.000104931414705	0.991826929776	0.963563399413	2.92568036186
CTCCTC	0.000104930531681	0.991826964165	0.153930504661	0.475871872462
CCACC	0.000102613521278	0.991917700688	1.20212452662	3.64500183524
CGAG	0.00010072282921	0.991992504024	4.20977216049	12.5581354918
GGCGG	9.90807371958e-05	0.992058043492	2.60535874643	7.76056776316
CCCCT	9.84219352007e-05	0.992084490262	0.274528850995	0.841741343489
CAGCCC	9.78559186636e-05	0.992107283062	0.262409304322	0.804929217288
CCCA	9.66636035639e-05	0.992155512858	1.92780383916	5.83084501694
GCTG	9.36982085759e-05	0.992276770804	5.94516871412	17.7538870441
CTGG	9.18137380908e-05	0.992354828175	5.85196838773	17.4757464824
CACT	9.04316696401e-05	0.992412585844	0.804485213221	2.44313836304
AGCCA	9.00687960869e-05	0.992427823629	0.590548164494	1.79704415286
GGGCG	8.99880911073e-05	0.992431216763	1.7269629308	5.13783938626
TCTC	8.94858180929e-05	0.992452368458	1.29982709995	3.93697608417
ACAG	8.90184277614e-05	0.992472104566	1.50452870892	4.55380939364
CTCCT	8.84138992432e-05	0.992497708509	0.435331840927	1.3276197749
CTTG	8.82024135424e-05	0.992506686343	1.94988517271	5.89521724441
CCAT	8.62992025674e-05	0.992587969353	1.92057640183	5.80645626969
GTAG	8.56202811371e-05	0.99261718155	1.50724343201	4.56121128383
GGCGAG	8.52699143854e-05	0.99263230222	0.64027790909	1.89536527167
CACCC	8.51439018773e-05	0.992637748098	0.738439696993	2.24291496943
CCCCG	8.37446789019e-05	0.992698491238	0.645951882967	1.96345980936
ACTC	8.32523513265e-05	0.99271998474	0.90279001068	2.73852703151
CGCCCC	8.26039872917e-05	0.992748387515	0.231035269211	0.708363403383
TGGCG	8.24922630141e-05	0.992753293047	2.0250390028	6.03046780953
TAGC	8.14238813041e-05	0.992800371821	0.812236730017	2.46500395207
TACACTATA	7.80640321574e-05	0.992950474256	3.03866262694e-05	0.000413625631128
CATA	7.8056499379e-05	0.992950814377	0.389753099361	1.18848362909
CGAGG	7.78094710439e-05	0.992961977337	1.61908089653	4.81847789715
GCGAG	7.76323418907e-05	0.992969992537	1.31621286963	3.91373817846
TCTACACTA	7.74442806623e-05	0.992978512436	3.37735946576e-05	0.000429339743988
AATC	7.72058206339e-05	0.992989330483	0.704374668668	2.13878575969
CGGCG	7.71011572571e-05	0.992994083948	4.17621344624	12.4665956812
TCCAGC	7.66036058762e-05	0.993016725345	0.516232808692	1.57059765472
CTCG	7.62571933192e-05	0.993032532522	4.07729917125	12.2930945794
TCAG	7.55329219772e-05	0.993065698238	1.98588074047	6.00018199056
GCAAA	7.37867501261e-05	0.9931463186	0.164780638798	0.506532157104
CAGCT	7.3182137271e-05	0.9931744554	0.787313018767	2.38834367773
GCTCC	7.24695707777e-05	0.99320776567	0.66407536323	2.01636633364
CTCCAG	7.22179124923e-05	0.993219569019	0.367959005358	1.12184284864
CAAAA	7.18721128042e-05	0.993235821414	0.0873905744766	0.270961867997
TTAG	7.04536241751e-05	0.993302902355	0.112693910936	0.347948944975
CGCCA	7.0060373779e-05	0.993321618638	1.942418279	5.86777093659
GCCCCT	6.9862317635e-05	0.993331064775	0.115603576155	0.35676067236
CACTC	6.92617629657e-05	0.993359789928	0.199897241108	0.612685674837
GCCGG	6.92203849663e-05	0.993361773659	3.01502618223	8.99513813628
CCCT	6.91749293013e-05	0.993363953563	2.13980866862	6.46167551688
GCCTC	6.91222207438e-05	0.993366482189	0.830639176553	2.51826998905
GCGGCG	6.90288613144e-05	0.993370963356	1.33922337139	3.98446672885
GGGC	6.90066786455e-05	0.993372028549	4.11470813822	12.2858556811
CGGCGAG	6.88833559186e-05	0.993377953528	0.365641154818	1.07964145792
TCCAG	6.85915262901e-05	0.993391995499	1.28635583729	3.8917097278
GCCCCC	6.83574386216e-05	0.993403280706	0.0869253888089	0.269323492507
CAGA	6.73482976975e-05	0.993452153374	1.34894685288	4.07995978056
ATCT	6.6456542195e-05	0.993495646721	1.13005246211	3.4202771059
ATAG	6.64002972026e-05	0.993498399698	0.542926951888	1.64967988043
CTAG	6.63787942294e-05	0.993499452494	0.18177470973	0.557457057115
CATC	6.50634160725e-05	0.993564181573	2.84553137259	8.58382651347
CCCAC	6.47816576744e-05	0.99357813161	0.384325487564	1.17035878339
ACAC	6.41050952484e-05	0.993611753049	0.796574325384	2.41457358637
GGAG	6.35821096872e-05	0.993637864327	2.05266457498	6.11851433309
