feature	score	p-value	#I-out-of-237	#O-out-of-159
CAAA	0.00160441302266	0.968049178289	1.90644264141	1.2209860284
TTTG	0.00132432334709	0.970970388085	1.96583172978	1.26526987477
TAAA	0.00127303307648	0.971537845748	0.850123075565	0.535929739181
AAAA	0.0010719763897	0.973881087838	2.90157245829	1.8879347894
TTTA	0.000983063528374	0.974987350255	0.857628541659	0.544956608689
TTAA	0.000927608465644	0.975702853357	0.572041291773	0.359694720539
AAAT	0.000817851199623	0.977185129175	2.44664388658	1.59433192162
CTAA	0.000808994995498	0.977308958758	0.556744485017	0.351312082774
TTTT	0.000782423313744	0.977684618183	2.96525556529	1.9386128503
AAAG	0.000662576563853	0.979464270275	3.25030780351	2.13167445809
AATC	0.000656316559194	0.979561489677	3.26789349389	2.14357090855
GTAA	0.000643289930692	0.979765294994	1.3402942414	0.86831117556
ATAA	0.00063022047671	0.979971856175	1.14150371874	0.737631895356
TAAT	0.000623066972465	0.980085824523	0.845148349542	0.542910539478
TTAT	0.000580855671217	0.980772087534	1.15491057619	0.747585135665
AAAC	0.000549696457925	0.981294826371	3.30163486025	2.17009996279
TAAG	0.000531185394743	0.981612415691	0.820673715359	0.528650238098
TCAA	0.000526498096209	0.981693709232	5.25195669226	3.46796638808
TCAAA	0.000524396281567	0.981730279325	0.36572464277	0.2308720319
CCAA	0.000518772435855	0.981828492444	5.44719323167	3.59833743682
TAAC	0.000513120925499	0.981927726735	1.0946447335	0.709460922955
CCAAA	0.000506297248023	0.982048274489	0.405044914421	0.256746026345
TTTTG	0.000486720997579	0.982398694786	0.433082807862	0.275339875331
ATTT	0.000478515101694	0.982547676654	2.49050063354	1.63445222628
TCTG	0.000472996106486	0.982648596515	6.22253562893	4.11733150265
CAAAA	0.000457618325855	0.982932942842	0.425698054246	0.270970125946
GCAAA	0.00044677745739	0.98313628128	0.786464697323	0.507931057268
AAAAT	0.000445637767926	0.983157800737	0.453906814427	0.289610337083
TTTGA	0.000444257532222	0.983183899047	0.374066995971	0.237455892098
ATTA	0.000435882088113	0.983343144294	0.853444096064	0.552288786812
CAAT	0.000429016548735	0.983474826362	3.18300479787	2.09645232311
CAAAC	0.000419956317057	0.983650227121	0.534230076583	0.342689195046
TTTAT	0.000419707936472	0.983655062146	0.299734742493	0.189352645857
CAAAT	0.000411212873201	0.983821299005	0.3339405043	0.211766236909
AATA	0.000403334101201	0.983977018208	1.85225697766	1.21384956931
TAAAG	0.000402821733976	0.983987197308	0.261953184196	0.164999105881
CAAG	0.000396454420687	0.984114239951	8.81373951836	5.85056234819
TGAA	0.000392874779185	0.984186110495	6.7765709777	4.4918089059
AATG	0.000391412765459	0.984215558365	3.22949079479	2.12910863905
TTTGG	0.000388321580862	0.984278002674	0.407013974617	0.259879012299
TTAG	0.000372875645205	0.984593815965	0.543396722273	0.349610984146
GTTT	0.000372607724925	0.984599351132	3.42587760633	2.2606706904
GTTA	0.000372502667713	0.984601522131	1.11261883923	0.725010689774
TAAAC	0.000371692453675	0.984618275444	0.169464233845	0.105412060985
CTAAA	0.000368329266047	0.984688014281	0.14317341656	0.0884870150904
TTTTA	0.000362524404788	0.984809137043	0.251629914833	0.158823636612
TTAC	0.000360578960658	0.984849946942	1.36784718142	0.894276797106
GTTAA	0.000356523486804	0.984935374884	0.150174372462	0.0931214544481
AATCA	0.0003543618095	0.984981108915	0.543510850071	0.350058744902
CAAAG	0.000350964611174	0.985053265433	0.612574006285	0.395560470498
TATC	0.000344237139212	0.98519719537	3.27950340547	2.16471461803
ATTTA	0.000344139077683	0.985199303688	0.177999496341	0.111245460317
CTTA	0.000340884585744	0.985269446363	0.814504294698	0.528911552182
ATAAA	0.00033895081497	0.98531128281	0.295081295043	0.187490458218
GAAA	0.00033756658248	0.98534130355	6.24214093592	4.13927763981
AAATC	0.000332688230699	0.985447597443	0.942748888918	0.61383779561
CTTT	0.00032574124083	0.985600319461	3.2997040492	2.17912323322
CTTTG	0.000321386619978	0.985696882864	0.627553842235	0.40608838598
GATT	0.000321334037041	0.985698052872	3.34356572692	2.20855518646
ATTTT	0.000313471560972	0.985874089659	0.461072657389	0.296703316181
TTTTT	0.000312070495871	0.985905689688	0.876199943437	0.570427144605
AAAAA	0.000310793648842	0.985934549923	0.863409009996	0.562009306429
GTAAA	0.000303607699098	0.98609808988	0.26215781214	0.166533588331
ACCGTGTAA	0.00030298545072	0.98611234183	0.00137452046966	0.000333005984524
TTAAA	0.000301920131683	0.98613677588	0.149704414791	0.0934171120575
ACAA	0.000301866866123	0.986137998704	3.86228851791	2.55510507486
CCTAA	0.00029316395598	0.986339263049	0.123069882105	0.0763038616988
TATG	0.000291982878964	0.986366805814	1.84916326041	1.21607398818
TTTGT	0.000291760056544	0.986372008286	0.366003696125	0.234703304222
ATTG	0.000290686849223	0.98639709348	3.19581014413	2.11185173843
GTTTG	0.000287975513193	0.986460675476	0.555488405157	0.35937468491
CGTAA	0.00028565348896	0.986515366351	0.335766449095	0.21498742873
ATCA	0.000284264817304	0.986548180169	7.91184848751	5.2578333101
CGTGTAAAA	0.000284207981363	0.986549524889	0.00148260959848	0.000396143854534
TTTGC	0.00028416211547	0.986550610158	0.818747063065	0.533231666147
TCAGA	0.000282325054892	0.986594150573	0.51721484555	0.334292542595
TAAAT	0.000274451474401	0.986782388566	0.178923602707	0.112709520139
GCTAA	0.000272117880469	0.98683869647	0.21835917506	0.138423548426
CAGCTG	0.000271989170013	0.986841809172	0.697904400437	0.453718108043
CTGA	0.000271305121415	0.986858364415	9.02734970717	6.00401708734
GCCAAA	0.000271022311557	0.986865215036	0.17123859894	0.107759176579
ATTTG	0.000267259295436	0.986956710715	0.349706674523	0.224466928546
AATT	0.000266844126277	0.986966844682	2.03437389627	1.34025400991
GATAA	0.000265545562615	0.986998592656	0.429105590619	0.276667843352
TTATC	0.000264350843137	0.987027870444	0.43335431307	0.279487619982
CTAAC	0.000262864785598	0.987064380268	0.145237118387	0.0909832585712
GTGA	0.000260487475445	0.987123001934	6.42971462595	4.27036346588
TGTG	0.000259425209191	0.98714928264	3.38957124882	2.24270691435
GCTTTG	0.000258879167908	0.987162812767	0.23457020222	0.149205716974
CGTG	0.000255226300302	0.987253695171	9.62911713075	6.40763890834
GGGGGGGG	0.000254742275532	0.987265786266	0.0214469478913	0.0119976868821
GCTG	0.000254108412443	0.987281637759	26.6942276304	17.821670918
AAAGA	0.000250514240101	0.987371896352	0.561503915933	0.364231780229
TTAAC	0.000250403628516	0.987374684321	0.144874024016	0.0909004530647
AGCT	0.000249649934924	0.987393697619	8.31801742717	5.53227839359
TAAAA	0.000246490109658	0.987473724212	0.239782054817	0.152809052177
TAAGC	0.000244514452731	0.987524021133	0.28772178796	0.184229702969
TTTATC	0.000241065095196	0.987612325687	0.0958681117397	0.0593069868342
ATAT	0.000237360059964	0.987707882512	1.74924216546	1.15204788856
AAACA	0.000235244387403	0.987762782771	0.505120477296	0.327415630858
