feature	score	p-value	#I-out-of-20	#O-out-of-406
PA14_63220	43.6209644736	3.98546602018e-11	104.775708173	1095.85000165
PA14_63110	42.7944362755	6.08048505444e-11	136.779663017	1561.86152106
PA14_63120	41.873033628	9.73966427914e-11	145.693698119	1703.75773021
PA14_41290	34.3777683929	4.53878215782e-09	88.7603353723	950.29327163
PA14_29750	31.2748199681	2.23965731576e-08	95.3309940908	1073.70943628
PA14_51520,spcU	26.0547695663	3.31868004033e-07	18.488414156	1167.24025161
PA14_15510,traJ	25.4647523048	4.5053933131e-07	22.3545986131	152.850548644
PA14_18340	25.1656259029	5.26116275429e-07	94.9808882554	1135.32237533
PA14_44311	23.069344936	1.5626232206e-06	147.159088832	1987.49260235
PA14_51530,exoU	21.6143205129	3.33353584776e-06	29.045483842	1374.32600394
PA14_15660	21.5524572252	3.44281288958e-06	56.5759140546	608.901906234
PA14_18320	21.2851824243	3.95779018713e-06	90.0266599233	1108.04550653
PA14_15650	21.0568162357	4.45863924436e-06	60.6605613971	671.845221919
PA14_15630	20.0047141507	7.72514793688e-06	56.1326659351	616.753866498
PA14_18310	19.901926096	8.1518155336e-06	133.644483906	1823.71801222
PA14_41280	19.5498440174	9.80087387873e-06	144.57498905	2010.1425126
PA14_28830	19.0160916981	1.29620712886e-05	39.0327326183	386.88333077
PA14_18330,arnT	18.8318263012	1.42764892337e-05	105.204037166	1381.70304949
PA14_18360,prmF	18.5791045797	1.6299743312e-05	124.271510811	1694.48736397
PA14_49510,pyoS3I	18.388693451	1.80123637386e-05	10.3734911818	739.742769915
PA14_03250	18.2233597173	1.96454517868e-05	51.785311425	571.182388889
PA14_18370,arnB	18.0785558608	2.1197539229e-05	136.590276882	1906.80596986
PA14_22080	17.8215630334	2.42618093322e-05	2.8903717579	474.070549576
PA14_22190	17.6581888051	2.64374577724e-05	1.38629436112	414.032214265
PA14_15620	17.6217170509	2.69493253911e-05	44.5096453973	473.201617964
PA14_20600	17.5291177441	2.82941175304e-05	15.1713044736	868.841019618
PA14_03285	17.5217110985	2.84045514212e-05	38.7482304192	394.17677645
PA14_03265	17.0200963632	3.69862757617e-05	44.5417712488	478.920947642
PA14_59590	16.8975522906	3.94524243846e-05	23.7611311572	203.280979373
PA14_38180	16.5856359872	4.65018881269e-05	70.926920945	875.364977923
PA14_22120	16.3683668936	5.21483361791e-05	2.77258872224	439.736048222
PA14_53670	16.3572558442	5.24549540559e-05	78.809271582	1001.02751129
PA14_18300	16.3449820949	5.27957653473e-05	138.397896866	1972.56405183
PA14_18350,fmt	16.0454217851	6.18409695829e-05	140.653151215	2016.94150035
PA14_22100	15.836341412	6.90632374442e-05	0.0	321.477730663
PA14_31350	15.7945151289	7.06068960441e-05	34.4636130257	1370.87200262
PA14_31370,tam	15.5841751009	7.89122790051e-05	36.6080844352	1422.57405463
PA14_23350,orfA	15.4840568522	8.320409763e-05	4.27666611902	474.919299058
PA14_22230	15.4778539137	8.34776006411e-05	0.69314718056	342.400029083
PA14_22110	15.377247523	8.8042060284e-05	1.38629436112	367.464120523
PA14_22270	15.0746314761	0.000103342826549	8.65869275369	611.355856677
PA14_22550	14.6545985245	0.000129119238447	13.4880281911	750.562953906
PA14_69540	14.6500049179	0.000129434306346	33.9506282117	350.892483027
PA14_22130	14.232665666	0.000161541884441	0.0	288.923113019
PA14_63130	13.9778220517	0.000184979778173	132.99781376	1934.01357181
PA14_13950	13.8170159795	0.000201503004978	17.1726808142	838.510032715
PA14_63150,pmrA	13.8057293601	0.000202717105728	118.286384817	1689.4370393
PA14_22140	13.6892278082	0.000215688137167	2.07944154168	358.962399568
PA14_48500	13.6219704715	0.000223553929302	20.6370977407	932.2550686
PA14_04710	13.4586071913	0.000243884740971	14.6717760883	756.996317013
PA14_28820	13.3651168263	0.000256347943357	43.8926326732	505.086933889
PA14_22240	13.3177805087	0.000262901183758	1.38629436112	325.352274321
PA14_23370,orfK	13.2685342278	0.000269898150226	9.53416149104	598.101924027
PA14_53570	13.1820639232	0.000282641295068	15.6222847401	777.955824035
PA14_53650	13.1624711409	0.000285611978583	79.5088996957	1061.8022333
PA14_22250	13.1610012417	0.000285836111861	1.09861228867	311.116740722
PA14_69510	12.3973240662	0.00042994953991	59.1576677917	749.717606109
PA14_28770	12.3283536189	0.000446129709992	2.77258872224	355.881047113
PA14_48450	12.246802696	0.000466056056834	15.8513345345	761.350239202
PA14_20530	12.2086789549	0.000475677053496	2.77258872224	353.383459132
PA14_22180	12.0488914643	0.000518231881904	0.0	244.592496725
PA14_22090	12.037832632	0.000521315519144	3.87120101091	388.062414894
PA14_08200	11.578262711	0.000667272530454	91.536316705	1288.63210659
PA14_53660	11.5494067195	0.000677708788972	92.4227733934	1303.99792336
PA14_10830	11.5176069824	0.000689400799222	23.6554014657	959.700000226
PA14_15590	11.4889780916	0.000700101191645	6.7615727688	471.101544339
PA14_48460	11.4808415986	0.000703172811041	14.9995351124	717.736584815
PA14_51570	11.405022956	0.000732457956166	50.1401602623	1644.157593
PA14_27990	11.2983377429	0.00077576513655	41.0413465736	1410.04022532
PA14_22220	11.2292427148	0.000805184925908	2.30258509299	316.188625258
PA14_40470	11.1808418247	0.000826462660772	15.6152381968	727.746794339
PA14_59970	11.1632523617	0.000834335270988	37.0514567351	1303.26588829
PA14_31360	11.0694345916	0.000877624397851	28.3251134877	1072.31748032
PA14_22260	10.8414551163	0.000992527057217	1.38629436112	274.592053421
PA14_23380,orfH	10.7020542335	0.00107016643698	11.9545296197	610.375567066
PA14_59190	10.3749828242	0.00127734335475	4.27666611902	366.118546736
PA14_08250	10.3379062974	0.00130325756624	63.9511057382	858.277431839
PA14_23360,wzz	10.2931133879	0.00133527603665	17.994784331	771.436822995
PA14_22210	10.1637925164	0.00143225688781	2.77258872224	310.532965496
PA14_59840	9.95418043209	0.00160484555231	110.80755623	3048.37784751
PA14_63160,pmrB	9.86998038114	0.0016799729979	129.757304981	1983.38818859
PA14_59845	9.86365180461	0.00168576162958	72.0907788031	2127.01818218
PA14_03180	9.8568711624	0.0016919861853	63.2502728725	1912.78377986
PA14_15600	9.74051458712	0.00180250429847	4.15888308336	348.489922914
PA14_13920	9.4485629816	0.00211314596708	2.63905732962	290.823374666
PA14_08310	9.40344696633	0.00216577888748	97.1261780266	1431.48028891
PA14_18970,pldA	9.38425823531	0.00218856589802	40.6154257048	1336.72797803
PA14_53590	9.35439141488	0.00222451821698	2.99573227355	301.1286625
PA14_60130	9.27322010768	0.00232528537998	99.7699849447	2758.90806658
PA14_10840	9.09392602424	0.00256459760595	18.2966945082	747.389349935
PA14_13910	9.05754979083	0.00261612318699	5.85220247977	387.853615834
PA14_03270	9.04503514445	0.00263409165513	55.4516082139	742.818216779
PA14_22530	8.93085887511	0.00280392464421	10.940933406	537.397249889
PA14_28790	8.92358679472	0.00281511101068	0.0	181.148811933
PA14_13880	8.88850485885	0.00286971632396	3.33220451018	302.589439178
PA14_22160	8.79166689966	0.00302609619201	1.38629436112	232.411360747
PA14_08280	8.72523573093	0.00313835490646	83.9904756862	1223.7306851
PA14_13220	8.61884030095	0.00332703600104	10.9403308148	529.625165388
PA14_33340	8.57677760132	0.00340477393818	70.9407074846	1006.89785414
PA14_51640	8.49492647638	0.00356138167625	53.4912680295	1623.66507268
