feature	score	p-value	#I-out-of-293	#O-out-of-31
PA14_22270	27.7406073168	1.38720079115e-07	493.311313225	13.6206628758
PA14_35840	25.9534046979	3.49758039777e-07	633.399602019	112.264693301
PA14_22120	23.1542191138	1.49514792119e-06	350.906287505	7.49554194388
PA14_22080	22.7482668077	1.84670619937e-06	384.222467593	9.85429730835
PA14_35850	22.5036654215	2.09742992579e-06	604.259386068	105.026437885
PA14_22090	20.3505823015	6.44734652825e-06	310.87791095	6.74051935961
PA14_22190	19.8601382499	8.33196710663e-06	334.026366213	8.51238163442
PA14_22230	19.4365590304	1.03997132987e-05	279.844459598	5.38907172982
PA14_22100	19.155107444	1.20514597045e-05	261.748856206	4.46590811865
PA14_22110	19.1406045651	1.21433778313e-05	292.657593704	6.3561076607
PA14_22240	18.2800795195	1.90690854581e-05	267.450665469	5.32787616879
PA14_22130	17.9011886874	2.32675737554e-05	234.629989538	3.58351893846
PA14_49510,pyoS3I	17.8381634319	2.40510676882e-05	572.951010956	26.9706071888
PA14_22250	16.8553852402	4.03387084702e-05	253.366104973	5.32787616879
PA14_22220	16.7422052808	4.28178079388e-05	258.142184917	5.6937321388
PA14_04710	16.5761951247	4.6733957524e-05	573.897927304	28.2234575707
PA14_22140	16.5101772237	4.83896408746e-05	289.434520794	7.83518375527
PA14_22210	15.049987787	0.000104700934123	251.09647147	6.32076829425
PA14_22260	14.6496174957	0.00012946091436	224.281316381	4.88280192259
PA14_59630	14.56571458	0.000135355034459	462.06289987	21.586227182
PA14_22180	14.2092062422	0.000163568303147	200.018460955	3.66356164613
PA14_31230	13.8390005561	0.000199159115929	252.743153477	47.7152410052
PA14_32820	12.4896326637	0.000409216651291	562.183606018	88.8100542416
PA14_22160	12.3011875382	0.000452670186388	188.235596889	4.09434456222
PA14_59610	11.7050895264	0.000623293826797	414.234873902	20.6205472328
PA14_31010	10.5043552269	0.00119093508207	655.127658749	98.2498183486
PA14_27990	10.097981892	0.00148431784704	950.478430932	134.610994765
PA14_03380	9.98489625341	0.00157829447282	383.352900715	19.9191333914
PA14_15590	9.89885766207	0.00165381399882	354.160005238	17.7352731355
PA14_15580	9.66159529307	0.001881601541	387.118629302	20.5442295019
PA14_59620	9.54442537552	0.00200557603773	433.084204921	24.3292179789
PA14_28830	9.50985846157	0.00204370925906	326.320833781	15.9674587904
PA14_46400,yqhC	9.42701890932	0.00213811576557	865.989374926	61.2130924595
PA14_15600	9.40267449146	0.00216669155189	253.792672853	10.6327737797
PA14_46430	9.35373748528	0.00222531205447	667.91013561	44.1208720126
PA14_31040	9.34075088271	0.00224113679103	483.254508985	74.6095342094
PA14_53590	9.21384432559	0.00240191785838	212.966858516	7.86018505747
PA14_43090	9.13772161531	0.00250392713042	322.94283871	16.0641884169
PA14_15430,tnpR	9.09999977338	0.00255609526493	803.036081252	56.2005285829
PA14_43100	8.99974565661	0.00270017182693	812.582810902	57.1945544866
PA14_15470,merP	8.98468780948	0.00272251299136	769.312570868	53.4288543068
PA14_51560	8.44321028132	0.00366408853387	272.964123592	12.9000195063
PA14_42520,pcr3	8.1863551317	0.00422066381888	698.16761037	100.163204582
PA14_31220	8.17904352836	0.00423770988312	127.340972656	24.9528717945
PA14_31000	8.07569272368	0.00448629538935	387.109040826	60.5135092025
PA14_42530,pcr2	8.03653206127	0.00458432194402	717.746374586	102.345647416
PA14_59440	8.01030047849	0.00465120193833	1055.98825993	143.610948249
PA14_46420	7.96442792942	0.00477055661686	693.758373642	48.3935303636
PA14_58970	7.81670309813	0.00517655422044	1018.32633361	138.674267514
PA14_31030	7.81383335398	0.00518478076428	477.656514925	71.8510864883
PA14_15435	7.74525778481	0.00538537724692	698.448913062	49.1460175782
PA14_07480	7.71119826876	0.00548793111627	1361.43243543	109.401390975
PA14_03390	7.49069203111	0.00620187177343	168.805147901	6.08677472691
PA14_46530	7.44809179558	0.0063503738226	95.8287558041	1.38629436112
PA14_42540,pcr1	7.01496813536	0.00808310715788	862.260438656	118.204823275
PA14_59320,pilS2	6.88786602122	0.00867828091273	1097.17307363	146.184608441
PA14_59100	6.85292334224	0.00884963546799	1122.67651161	149.148244673
PA14_51420,pqsB	6.66995852987	0.00980514699329	1613.31306208	206.528307774
PA14_35700	6.63507986742	0.00999897126519	87.9541439408	1.38629436112
PA14_59780,rcsC	6.6345741583	0.0100018102409	129.576566246	4.02535169074
PA14_59120	6.63423150049	0.0100037343403	75.8140670412	0.69314718056
PA14_51430,pqsA	6.62437875136	0.0100592223018	1748.45419611	222.153801951
PA14_59210	6.62206455783	0.0100723008887	865.940791213	117.872588457
PA14_59250,pilN2	6.58608883702	0.0102778731499	1010.8225311	135.206210488
PA14_31240	6.57031759117	0.0103693445427	576.100723351	82.3470747628
PA14_15360	6.51491273081	0.0106973571354	156.151480761	5.95064255259
PA14_59290,pilQ2	6.49342356364	0.0108274263392	951.570428002	127.910847422
PA14_42490,pcrR	6.42418863107	0.0112576331202	755.603202361	104.117608057
PA14_03250	6.38482003005	0.0115100431192	438.380882843	28.6200701614
PA14_31100	6.37326905034	0.0115851984836	304.363757911	47.608032096
PA14_59160	6.37115186994	0.0115990282545	583.222892301	82.8962254958
PA14_54870	6.34930152738	0.0117427522685	73.0957481063	0.69314718056
PA14_10960	6.31721192666	0.0119571489633	591.770020884	42.0285830869
PA14_15450,merD	6.21935486878	0.012636114785	524.741216386	36.3046465198
PA14_42550,popN	6.16621132433	0.0130213178969	1114.65148668	146.617759119
PA14_59340,pilT2	6.15541580804	0.0131010313314	766.537457006	104.924423617
PA14_63440	6.15294460413	0.0131193490056	246.611039559	13.0895095525
PA14_59350,pilV2	6.14999742941	0.0131412292191	988.179045349	131.543657475
PA14_35830,tnpT	6.12891746262	0.0132988275346	910.730612175	122.238252303
PA14_28820	6.10848070074	0.0134534728033	424.873631585	27.8472704763
PA14_29330	6.09442009858	0.013560942391	621.892678386	45.0598144292
PA14_01220	6.09319604655	0.0135703398829	82.6852012587	1.38629436112
PA14_42480,pcrG	6.00090684645	0.0142985270382	1147.9147832	150.159892089
PA14_59310,pilR2	5.98591941327	0.0144205238646	886.503435128	119.029301095
PA14_54950	5.94473008938	0.0147613514734	81.238228431	1.38629436112
PA14_48940,coaB	5.93927407934	0.0148071160721	439.850392831	64.3366442155
PA14_42600,pscP	5.93274377727	0.0148620838749	1128.17559717	147.662386678
PA14_32810	5.92075520858	0.0149635433804	647.567451938	90.0090453914
PA14_58980	5.87881386205	0.0153241417568	756.527398981	103.166189262
PA14_10050	5.87508924822	0.0153565945092	104.564010376	2.8903717579
PA14_10080	5.8664780601	0.0154318955729	135.00180809	4.96284463026
PA14_31060	5.8593806125	0.015494245554	718.245360165	98.4934867919
PA14_48950	5.85204048554	0.0155590004777	553.179342862	78.3008717431
PA14_15350	5.82162745672	0.015830291026	373.005416963	23.8305692522
PA14_03400	5.80310242792	0.0159979225658	108.196050661	3.17805383035
PA14_59200	5.80215537535	0.0160065413678	1111.91539642	145.425225313
PA14_23430	5.78663411139	0.0161484790939	276.044628274	15.8381531506
PA14_42360,pscB	5.74603038054	0.0165259589281	833.649965834	112.181246142
PA14_59240,pilL2	5.73852244443	0.0165967485307	927.728575022	123.418224883
PA14_42580,pscO	5.69503998933	0.0170129248832	882.88252833	117.968047308
