feature	score	p-value	#I-out-of-206	#O-out-of-147
PA14_48950	89.9084414694	2.49440456519e-21	318.699886138	449.414187221
PA14_48940,coaB	76.3040040975	2.43190291286e-18	256.600514486	367.442338228
PA14_48970	62.0609371029	3.3299177444e-15	307.695818112	396.117398183
PA14_22270	61.1445843175	5.30334524144e-15	384.549629779	125.265970512
PA14_23370,orfK	59.9708522683	9.62726028477e-15	209.464412172	296.640937997
PA14_48910	58.6323438856	1.90066121966e-14	321.135141835	403.251588504
PA14_22080	57.4303928517	3.50154463202e-14	302.638296026	89.2336613895
PA14_23380,orfH	54.7476485191	1.37043077709e-13	221.133629456	300.562555042
PA14_49510,pyoS3I	53.3410735186	2.80382404528e-13	448.535478069	167.003658612
PA14_29330	51.7087300531	6.43758674003e-13	525.774362092	210.375963121
PA14_15435	50.2455674675	1.35660788851e-12	534.082616068	217.012375015
PA14_22120	49.7524974609	1.74416031197e-12	272.97096868	82.4567575833
PA14_53580	49.5753691823	1.90895345211e-12	82.103719777	149.009886318
PA14_22140	48.4768933534	3.34203575155e-12	226.347098661	61.6983010666
PA14_22190	48.4346734093	3.41476743631e-12	260.540589971	77.783835777
PA14_22230	48.308561408	3.64158826459e-12	220.634283363	59.2218685934
PA14_15430,tnpR	48.2343559263	3.78203535653e-12	594.675454885	253.494117213
PA14_48880,intT	48.2035376469	3.84194583917e-12	260.763250683	328.441835397
PA14_10790,ampC	46.7098385398	8.23147071164e-12	1366.13802828	711.696493043
PA14_15420	46.4172071233	9.5572526095e-12	402.98253895	151.984429965
PA14_48900	45.6594249476	1.40707414519e-11	63.126488521	122.899984047
PA14_31240	45.5231486175	1.50845483732e-11	302.082481833	362.494897664
PA14_22220	44.4845773533	2.56368846002e-11	204.076807236	54.9496422928
PA14_49020	43.8532187533	3.53948578725e-11	507.40803751	543.421754765
PA14_22100	43.4631728568	4.32013647152e-11	204.951728269	56.2461426524
PA14_49000	43.2512913458	4.81419885977e-11	61.7377300929	118.676348987
PA14_22240	43.2167851383	4.8998529129e-11	208.099849026	57.9229424772
PA14_22110	42.2577794538	8.00011439694e-11	231.010108447	69.6324091013
PA14_22090	42.1526259546	8.44205098084e-11	244.228143535	76.1166681245
PA14_23350,orfA	41.58742215	1.12716114185e-10	161.894506778	222.305372579
PA14_22210	41.5706590361	1.13686746881e-10	200.098507563	55.6819194773
PA14_23360,wzz	41.3777211378	1.25479345229e-10	299.922857015	352.85510146
PA14_60320,pilE	40.5220207141	1.94412594635e-10	184.062481303	242.392674296
PA14_31050	39.5789252365	3.15065057008e-10	323.962671654	371.308198311
PA14_48990	39.3500734825	3.54239535796e-10	168.744607079	225.650685977
PA14_22250	38.3802512026	5.82185789343e-10	195.404033953	56.3952011221
PA14_23420	38.0819444292	6.78349620756e-10	287.455441387	335.205991178
PA14_48930	37.3881589089	9.68081035651e-10	209.982123591	262.065410838
PA14_31010	37.1863036699	1.07365217834e-09	353.496515655	392.99619236
PA14_48920	36.9130553941	1.23516100745e-09	130.807855523	184.474158428
PA14_49010	36.852774661	1.27394657069e-09	86.2466666419	138.408057572
PA14_22130	36.6060390779	1.44583098914e-09	181.333357244	51.4235536848
PA14_15350	36.5544101697	1.48463688535e-09	196.418620625	247.808726858
PA14_48960	36.2733271407	1.71494962778e-09	165.780367315	217.963901802
PA14_53610	35.8311446386	2.15180452942e-09	33.1355482072	76.619981777
PA14_54880	35.8228746397	2.16095775719e-09	23.4203914292	63.9800499912
PA14_22260	35.050638164	3.21241673787e-09	173.904081397	49.3675023581
PA14_33680,fpvA	34.0540294997	5.36027893367e-09	492.97431698	507.723839784
PA14_20530	33.3918657669	7.53384108961e-09	125.999414419	174.536163877
PA14_15570	32.8606872086	9.9005284217e-09	123.468102437	171.235566715
PA14_59630	32.7883771115	1.02757417913e-08	356.840616997	146.154400589
PA14_31060	31.4897673669	2.00494040327e-08	393.201491877	415.379867262
PA14_14560	31.0969605748	2.45455438251e-08	36.0308944348	75.4485849783
PA14_13950	30.9016812569	2.71436529296e-08	347.410749076	374.039912424
PA14_69510	30.6707043043	3.05746603993e-08	329.725382812	357.972899964
PA14_15510,traJ	30.6275986552	3.12615158164e-08	54.1603831119	95.9207166349
PA14_22180	30.5039474947	3.33187853451e-08	152.91162503	43.6974102137
PA14_13910	30.3824452308	3.54723831626e-08	144.976859513	188.481423055
PA14_31030	29.8150909916	4.75278003398e-08	255.797163433	290.327486142
PA14_15360	29.1004718798	6.87202443932e-08	76.6845314719	118.363840451
PA14_48980	28.9719935085	7.34323196521e-08	303.027787229	330.701546127
PA14_15450,merD	28.558641231	9.09032366589e-08	384.440736121	168.208683084
PA14_59610	28.2087450131	1.08911382135e-07	315.026767588	130.138265311
PA14_53600	28.024105037	1.19813663937e-07	42.3818989212	79.6418128185
PA14_32850	27.7041278453	1.4136075008e-07	186.721562704	223.272853611
PA14_23410,orfJ	27.2140729838	1.82128147538e-07	94.4374962418	133.993752582
PA14_54900	26.9218900194	2.11845886852e-07	21.1599194865	52.791794602
PA14_22160	26.8956927965	2.14736911284e-07	144.578259664	43.1457321696
PA14_31040	26.8030362491	2.25283102432e-07	263.348228071	290.881711927
PA14_15470,merP	26.7129624943	2.36032778486e-07	561.510936243	274.45469426
PA14_46540	26.5272968974	2.59840455032e-07	61.662093427	99.1803435674
PA14_15400,repC	26.2621191446	2.98078372946e-07	27.8702015729	60.607985564
PA14_54960	26.2216836746	3.04385425004e-07	19.9913212776	50.6128029373
PA14_13870	25.8557936856	3.67898772507e-07	286.496958016	309.287182463
PA14_15410	25.7332473734	3.92015097485e-07	413.756584773	189.962808279
PA14_58720	25.5418337828	4.32894343639e-07	166.934328293	201.015813998
PA14_27990	25.3480945581	4.78624939265e-07	618.071369995	588.801250333
PA14_23390,orfE	25.2928250668	4.92537488892e-07	118.804523391	155.087373376
PA14_31000	25.2397881685	5.06269126203e-07	211.770541515	241.468525417
PA14_15530,trbK	24.8511540967	6.19319561209e-07	16.73421318	45.0392072694
PA14_58740	24.6751350501	6.78539843098e-07	213.63941611	242.024425993
PA14_69520	24.1148841188	9.07560997702e-07	365.911650193	373.94617908
PA14_08200	23.9552590056	9.86005868422e-07	599.400918505	569.057087511
PA14_31230	23.7833844309	1.07809106941e-06	134.437531043	167.520778216
PA14_03166	23.6126180631	1.17812439622e-06	57.7029210825	91.2794536676
PA14_54980	23.5995803987	1.18613378306e-06	22.9842965073	51.917310699
PA14_59620	23.528148879	1.23099527062e-06	332.738588514	147.633191217
PA14_08140,XR2	23.4961223387	1.25165781203e-06	660.32846089	341.59470772
PA14_15560	23.1751470842	1.47896417208e-06	31.6385859638	61.9098155584
PA14_31260	23.0751237938	1.55793362518e-06	270.317994571	113.407729707
PA14_08010,gpV	22.603684844	1.9910237205e-06	976.697513107	540.526728186
PA14_15490	22.5746428148	2.02134981759e-06	9.20873909061	32.4885704968
PA14_59440	22.3744107463	2.24343292015e-06	681.128616374	630.775894548
PA14_14540	22.3258513428	2.30088235582e-06	277.8671738	293.709793693
PA14_54940	22.3166661555	2.31191397864e-06	50.5043211429	81.9705515989
PA14_13890	22.1963828691	2.46137072186e-06	167.559751596	195.390358054
PA14_08320	22.1618987145	2.50597987295e-06	425.495510083	419.209887895
PA14_08120	22.1105442235	2.57392063491e-06	1189.3901957	677.130178823
PA14_08090,gpFII	21.912590349	2.85355590281e-06	1042.22775068	584.249419049
PA14_15445,merE	21.7838417107	3.05159330056e-06	305.861150285	135.43584074
