feature	score	p-value	#I-out-of-135	#O-out-of-277
PA14_18340_1573578_C_T_P_P	139.440433213	3.52841580062e-32	90.0	13.0
PA14_59990_5342403_A_G_T_A	137.08247422	1.15679315259e-31	76.0	5.0
PA14_60000_5343073_G_T_P_P	135.048134777	3.22260828294e-31	75.0	5.0
PA14_59540_5297617_C_T_F_F	134.52099159	4.2025444388e-31	73.0	4.0
PA14_52750,aotP_4675658_G_A_A_A	134.298206272	4.70158496611e-31	78.0	7.0
PA14_33610_2958612_C_T_G_G	133.818628159	5.98616926858e-31	81.0	9.0
PA14_37490_3336619_G_T_L_I	131.533948659	1.89210765879e-30	86.0	13.0
PA14_18340_1573284_G_T_R_R	129.98364408	4.13168141731e-30	91.0	17.0
PA14_61890_5520274_C_T_L_L	128.63019762	8.17077042897e-30	86.0	14.0
PA14_59540_5298916_C_T_D_D	127.542577783	1.41336001453e-29	73.0	6.0
PA14_53560_4749573_A_G_K_K	125.620541962	3.72275698239e-29	83.0	13.0
intergenic_1899581_A_G_none_none	124.606241994	6.20655316343e-29	81.0	12.0
intergenic_1899611_C_T_none_none	124.606241994	6.20655316343e-29	81.0	12.0
PA14_59540_5299046_A_G_I_V	124.202492312	7.60707071245e-29	73.0	7.0
PA14_43200_3849592_T_C_R_R	122.850309539	1.50376587028e-28	98.0	25.0
PA14_65960,waaA_5875605_C_T_P_P	122.691564273	1.62902480737e-28	77.0	10.0
PA14_29560_2563997_G_T_S_S	122.672822754	1.64448538989e-28	94.0	22.0
PA14_62260_5555814_G_A_Q_Q	121.68685767	2.70305188056e-28	81.0	13.0
PA14_59540_5299102_C_T_I_I	120.956911781	3.90522364236e-28	73.0	8.0
PA14_35630,pslJ_3167063_G_A_G_G	120.700380912	4.44431232923e-28	76.0	10.0
PA14_11730_1016241_G_A_P_P	120.314025939	5.39989825012e-28	86.0	17.0
PA14_34350,mtlY_3056145_G_A_C_C	119.146320096	9.72822277382e-28	84.0	16.0
PA14_59540_5299116_C_G_T_R	118.790931646	1.16370614667e-27	67.0	5.0
PA14_29050_2512769_A_G_Y_Y	118.684968579	1.22756236707e-27	78.0	12.0
PA14_29050_2512907_C_T_K_K	118.684968579	1.22756236707e-27	78.0	12.0
PA14_21870_1900862_C_T_R_R	117.760565526	1.95634514459e-27	79.0	13.0
PA14_15430,tnpR_1306851_T_G_T_T	117.703101282	2.01385379892e-27	99.0	28.0
PA14_46010_4091740_C_T_Q_Q	116.984955612	2.89253413924e-27	87.0	19.0
PA14_52750,aotP_4675430_T_C_E_E	116.886971463	3.0390262285e-27	80.0	14.0
PA14_21150_1829131_G_A_I_I	116.761278622	3.23786021442e-27	66.0	5.0
PA14_59990_5342522_G_T_P_P	116.761278622	3.23786021442e-27	66.0	5.0
PA14_59690_5311011_C_T_F_F	116.761278622	3.23786021442e-27	66.0	5.0
PA14_55400_4929167_A_G_D_D	115.724057421	5.46252483497e-27	89.0	21.0
PA14_59690_5311059_C_G_G_G	115.401480676	6.42741211642e-27	67.0	6.0
PA14_33480,sndH_2947150_G_A_S_S	115.279767294	6.83425541894e-27	82.0	16.0
PA14_21190_1832463_C_T_E_E	114.732259851	9.00735885247e-27	65.0	5.0
intergenic_1307024_T_C_none_none	114.732259851	9.00735885247e-27	65.0	5.0
PA14_22840,ypuG_1983345_G_A_Q_Q	114.732259851	9.00735885247e-27	65.0	5.0
PA14_53560_4749482_C_A_A_D	114.540557829	9.92160841231e-27	83.0	17.0
PA14_15460,merA_1309232_A_G_V_A	114.143251253	1.21226615774e-26	63.0	4.0
PA14_13990_1199882_A_G_K_R	113.84215834	1.41105319826e-26	77.0	13.0
PA14_27980,yjbN_2421308_G_A_N_N	113.380719348	1.7807816187e-26	66.0	6.0
PA14_26140,cifR_2282153_A_G_T_A	113.380719348	1.7807816187e-26	66.0	6.0
PA14_71170_6340030_C_T_Y_Y	113.380719348	1.7807816187e-26	66.0	6.0
PA14_26130,morB_2281979_C_T_A_T	113.380719348	1.7807816187e-26	66.0	6.0
PA14_09180,uvrA_775771_A_G_D_D	113.347773767	1.81061763384e-26	105.0	35.0
intergenic_685323_T_C_none_none	113.266693649	1.88619168589e-26	89.0	22.0
PA14_26280_2293990_C_T_A_A	112.75044466	2.44716371052e-26	72.0	10.0
PA14_55520,hxcU_4942104_C_T_A_V	112.703902909	2.50528746792e-26	64.0	5.0
PA14_61940_5523234_G_A_G_G	112.703902909	2.50528746792e-26	64.0	5.0
PA14_26970_2347008_G_A_T_I	112.703902909	2.50528746792e-26	64.0	5.0
PA14_29770_2579513_C_T_F_F	112.551340987	2.7056717168e-26	86.0	20.0
PA14_37610_3346830_C_T_S_S	112.116808505	3.36866849745e-26	67.0	7.0
PA14_45970_4088881_G_A_L_L	112.116808505	3.36866849745e-26	67.0	7.0
PA14_18340_1573309_C_T_S_N	111.722025318	4.11090276842e-26	92.0	25.0
PA14_55740,chrA_4975386_A_G_K_K	111.360833809	4.93241977193e-26	65.0	6.0
PA14_31470_2735421_C_T_T_T	111.360833809	4.93241977193e-26	65.0	6.0
PA14_55890,cpaF2_4989434_G_A_R_R	111.360833809	4.93241977193e-26	65.0	6.0
PA14_09130,rplQ_772686_C_T_L_L	111.043440608	5.78882197094e-26	77.0	14.0
PA14_02130_192680_G_T_A_A	110.933609193	6.11858442821e-26	68.0	8.0
PA14_07140_618266_C_T_R_R	110.676236993	6.96681504481e-26	63.0	5.0
PA14_21160_1830213_C_T_E_E	110.676236993	6.96681504481e-26	63.0	5.0
PA14_59690_5311107_C_T_N_N	110.676236993	6.96681504481e-26	63.0	5.0
PA14_02690_239634_C_T_I_I	110.676236993	6.96681504481e-26	63.0	5.0
PA14_58270_5190215_G_A_N_N	110.676236993	6.96681504481e-26	63.0	5.0
PA14_51090_4540068_G_A_I_I	110.676236993	6.96681504481e-26	63.0	5.0
PA14_26390_2299973_C_G_E_Q	110.676236993	6.96681504481e-26	63.0	5.0
intergenic_1177542_A_T_none_none	110.676236993	6.96681504481e-26	63.0	5.0
PA14_55880_4989312_G_A_A_A	110.676236993	6.96681504481e-26	63.0	5.0
intergenic_4571951_G_A_none_none	110.676236993	6.96681504481e-26	63.0	5.0
PA14_71180_6341992_G_A_A_V	110.676236993	6.96681504481e-26	63.0	5.0
intergenic_67771_A_G_none_none	110.676236993	6.96681504481e-26	63.0	5.0
PA14_57425,ftsI_5117875_G_A_A_A	110.676236993	6.96681504481e-26	63.0	5.0
PA14_12860_1104122_A_T_E_V	110.676236993	6.96681504481e-26	63.0	5.0
PA14_55880_4989353_G_A_L_L	110.676236993	6.96681504481e-26	63.0	5.0
PA14_00650_66967_G_A_R_R	110.676236993	6.96681504481e-26	63.0	5.0
PA14_06580_574469_G_C_K_N	110.676236993	6.96681504481e-26	63.0	5.0
PA14_61000_5441540_G_A_D_N	110.676236993	6.96681504481e-26	63.0	5.0
PA14_02690_239049_G_A_T_T	110.676236993	6.96681504481e-26	63.0	5.0
PA14_22840,ypuG_1982784_C_T_D_D	110.676236993	6.96681504481e-26	63.0	5.0
PA14_06190,psfA_547463_C_T_L_L	110.676236993	6.96681504481e-26	63.0	5.0
PA14_30710_2664332_G_A_P_P	110.676236993	6.96681504481e-26	63.0	5.0
intergenic_1620379_C_A_none_none	110.676236993	6.96681504481e-26	63.0	5.0
PA14_22840,ypuG_1983449_A_G_D_G	110.676236993	6.96681504481e-26	63.0	5.0
PA14_31470_2735538_C_T_G_G	110.676236993	6.96681504481e-26	63.0	5.0
PA14_26570_2315405_C_A_P_P	110.676236993	6.96681504481e-26	63.0	5.0
PA14_37420_3331031_C_A_A_S	110.676236993	6.96681504481e-26	63.0	5.0
PA14_29940,nuoG_2592631_C_A_K_N	110.676236993	6.96681504481e-26	63.0	5.0
PA14_73060,cynT_6505944_G_A_D_N	110.676236993	6.96681504481e-26	63.0	5.0
PA14_44830_3995771_C_T_T_T	110.676236993	6.96681504481e-26	63.0	5.0
PA14_11960_1034628_C_T_L_L	110.676236993	6.96681504481e-26	63.0	5.0
PA14_21940_1908910_C_T_A_T	110.676236993	6.96681504481e-26	63.0	5.0
PA14_37610_3346314_C_T_A_A	110.10613059	9.28823727205e-26	66.0	7.0
PA14_21160_1830118_A_G_V_A	110.10613059	9.28823727205e-26	66.0	7.0
PA14_37880_3380220_C_T_L_L	110.10613059	9.28823727205e-26	66.0	7.0
PA14_61870_5518248_T_G_E_A	110.10613059	9.28823727205e-26	66.0	7.0
intergenic_6116659_T_TT_none_none	110.10613059	9.28823727205e-26	66.0	7.0
PA14_61870_5518313_G_T_R_R	110.10613059	9.28823727205e-26	66.0	7.0
PA14_61870_5518955_G_A_R_R	110.10613059	9.28823727205e-26	66.0	7.0
PA14_67780_6052426_G_A_R_K	110.10613059	9.28823727205e-26	66.0	7.0
