feature	score	p-value	#I-out-of-135	#O-out-of-291
PA14_18340_1573578_C_T_P_P	147.557301571	5.92794054948e-34	90.0	13.0
PA14_59990_5342403_A_G_T_A	144.470207741	2.80406521735e-33	76.0	5.0
PA14_52750,aotP_4675658_G_A_A_A	141.707434809	1.12681547015e-32	78.0	7.0
PA14_33610_2958612_C_T_G_G	141.357525773	1.34389117454e-32	81.0	9.0
PA14_37490_3336619_G_T_L_I	139.241322735	3.9005157773e-32	86.0	13.0
PA14_60000_5343073_G_T_P_P	138.786432481	4.90456949874e-32	75.0	6.0
PA14_59540_5297617_C_T_F_F	138.058378124	7.07655806406e-32	73.0	5.0
PA14_18340_1573284_G_T_R_R	135.086833339	3.16040621116e-31	91.0	18.0
PA14_59540_5298916_C_T_D_D	134.527298563	4.18921585092e-31	73.0	6.0
PA14_61890_5520274_C_T_L_L	133.335349824	7.63599858049e-31	86.0	15.0
intergenic_1899581_A_G_none_none	131.886065846	1.58457404592e-30	81.0	12.0
intergenic_1899611_C_T_none_none	131.886065846	1.58457404592e-30	81.0	12.0
PA14_43200_3849592_T_C_R_R	130.828487879	2.69951231133e-30	98.0	25.0
PA14_65960,waaA_5875605_C_T_P_P	129.731961396	4.69022463782e-30	77.0	10.0
PA14_62260_5555814_G_A_Q_Q	128.883000658	7.19362102394e-30	81.0	13.0
PA14_59540_5299102_C_T_I_I	127.761065151	1.26602654601e-29	73.0	8.0
PA14_11730_1016241_G_A_P_P	127.694767513	1.30903172715e-29	86.0	17.0
PA14_35630,pslJ_3167063_G_A_G_G	127.638146994	1.34691445883e-29	76.0	10.0
PA14_53560_4749573_A_G_K_K	127.183710873	1.69348891324e-29	83.0	15.0
PA14_29050_2512769_A_G_Y_Y	125.657823597	3.65347074841e-29	78.0	12.0
PA14_29050_2512907_C_T_K_K	125.657823597	3.65347074841e-29	78.0	12.0
PA14_21870_1900862_C_T_R_R	124.75243787	5.76572277138e-29	79.0	13.0
PA14_59540_5299046_A_G_I_V	124.518693599	6.48651812327e-29	73.0	9.0
PA14_46010_4091740_C_T_Q_Q	124.310134215	7.20540026845e-29	87.0	19.0
PA14_52750,aotP_4675430_T_C_E_E	123.898759475	8.86534480721e-29	80.0	14.0
PA14_21150_1829131_G_A_I_I	123.115463918	1.31565441678e-28	66.0	5.0
PA14_59690_5311011_C_T_F_F	123.115463918	1.31565441678e-28	66.0	5.0
PA14_59990_5342522_G_T_P_P	123.115463918	1.31565441678e-28	66.0	5.0
PA14_29560_2563997_G_T_S_S	122.995271786	1.39781596897e-28	94.0	25.0
PA14_59540_5299116_C_G_T_R	121.766985203	2.59605702197e-28	67.0	6.0
PA14_21190_1832463_C_T_E_E	120.983145148	3.85392327703e-28	65.0	5.0
intergenic_1307024_T_C_none_none	120.983145148	3.85392327703e-28	65.0	5.0
PA14_22840,ypuG_1983345_G_A_Q_Q	120.983145148	3.85392327703e-28	65.0	5.0
PA14_15430,tnpR_1306851_T_G_T_T	120.962215296	3.89479762577e-28	99.0	30.0
PA14_34350,mtlY_3056145_G_A_C_C	120.940287043	3.938086935e-28	84.0	18.0
PA14_13990_1199882_A_G_K_R	120.629899453	4.60504887076e-28	77.0	13.0
PA14_15460,merA_1309232_A_G_V_A	120.280935529	5.49072692116e-28	63.0	4.0
PA14_27980,yjbN_2421308_G_A_N_N	119.643069874	7.57315321052e-28	66.0	6.0
PA14_26140,cifR_2282153_A_G_T_A	119.643069874	7.57315321052e-28	66.0	6.0
PA14_71170_6340030_C_T_Y_Y	119.643069874	7.57315321052e-28	66.0	6.0
PA14_26130,morB_2281979_C_T_A_T	119.643069874	7.57315321052e-28	66.0	6.0
PA14_33480,sndH_2947150_G_A_S_S	119.596239601	7.75406529678e-28	82.0	17.0
PA14_26280_2293990_C_T_A_A	119.277948202	9.10363690034e-28	72.0	10.0
PA14_18340_1573309_C_T_S_N	119.098894665	9.96361335306e-28	92.0	25.0
PA14_55520,hxcU_4942104_C_T_A_V	118.851499909	1.12870954331e-27	64.0	5.0
PA14_26970_2347008_G_A_T_I	118.851499909	1.12870954331e-27	64.0	5.0
PA14_59690_5311059_C_G_G_G	118.392173617	1.42282293349e-27	67.0	7.0
PA14_37610_3346830_C_T_S_S	118.392173617	1.42282293349e-27	67.0	7.0
PA14_45970_4088881_G_A_L_L	118.392173617	1.42282293349e-27	67.0	7.0
PA14_55400_4929167_A_G_D_D	118.085427917	1.66078736804e-27	89.0	23.0
intergenic_685323_T_C_none_none	118.085427917	1.66078736804e-27	89.0	23.0
PA14_09130,rplQ_772686_C_T_L_L	117.749634329	1.9671568299e-27	77.0	14.0
PA14_55740,chrA_4975386_A_G_K_K	117.520045819	2.20856602497e-27	65.0	6.0
PA14_31470_2735421_C_T_T_T	117.520045819	2.20856602497e-27	65.0	6.0
PA14_55890,cpaF2_4989434_G_A_R_R	117.520045819	2.20856602497e-27	65.0	6.0
PA14_07140_618266_C_T_R_R	116.720557914	3.30502678315e-27	63.0	5.0
PA14_21160_1830213_C_T_E_E	116.720557914	3.30502678315e-27	63.0	5.0
PA14_59690_5311107_C_T_N_N	116.720557914	3.30502678315e-27	63.0	5.0
PA14_02690_239634_C_T_I_I	116.720557914	3.30502678315e-27	63.0	5.0
PA14_58270_5190215_G_A_N_N	116.720557914	3.30502678315e-27	63.0	5.0
PA14_51090_4540068_G_A_I_I	116.720557914	3.30502678315e-27	63.0	5.0
PA14_26390_2299973_C_G_E_Q	116.720557914	3.30502678315e-27	63.0	5.0
intergenic_1177542_A_T_none_none	116.720557914	3.30502678315e-27	63.0	5.0
PA14_55880_4989312_G_A_A_A	116.720557914	3.30502678315e-27	63.0	5.0
intergenic_4571951_G_A_none_none	116.720557914	3.30502678315e-27	63.0	5.0
PA14_71180_6341992_G_A_A_V	116.720557914	3.30502678315e-27	63.0	5.0
intergenic_67771_A_G_none_none	116.720557914	3.30502678315e-27	63.0	5.0
PA14_57425,ftsI_5117875_G_A_A_A	116.720557914	3.30502678315e-27	63.0	5.0
PA14_12860_1104122_A_T_E_V	116.720557914	3.30502678315e-27	63.0	5.0
PA14_55880_4989353_G_A_L_L	116.720557914	3.30502678315e-27	63.0	5.0
PA14_00650_66967_G_A_R_R	116.720557914	3.30502678315e-27	63.0	5.0
PA14_06580_574469_G_C_K_N	116.720557914	3.30502678315e-27	63.0	5.0
PA14_61000_5441540_G_A_D_N	116.720557914	3.30502678315e-27	63.0	5.0
PA14_02690_239049_G_A_T_T	116.720557914	3.30502678315e-27	63.0	5.0
PA14_22840,ypuG_1982784_C_T_D_D	116.720557914	3.30502678315e-27	63.0	5.0
PA14_06190,psfA_547463_C_T_L_L	116.720557914	3.30502678315e-27	63.0	5.0
PA14_30710_2664332_G_A_P_P	116.720557914	3.30502678315e-27	63.0	5.0
intergenic_1620379_C_A_none_none	116.720557914	3.30502678315e-27	63.0	5.0
PA14_22840,ypuG_1983449_A_G_D_G	116.720557914	3.30502678315e-27	63.0	5.0
PA14_31470_2735538_C_T_G_G	116.720557914	3.30502678315e-27	63.0	5.0
PA14_26570_2315405_C_A_P_P	116.720557914	3.30502678315e-27	63.0	5.0
PA14_37420_3331031_C_A_A_S	116.720557914	3.30502678315e-27	63.0	5.0
PA14_29940,nuoG_2592631_C_A_K_N	116.720557914	3.30502678315e-27	63.0	5.0
PA14_73060,cynT_6505944_G_A_D_N	116.720557914	3.30502678315e-27	63.0	5.0
PA14_44830_3995771_C_T_T_T	116.720557914	3.30502678315e-27	63.0	5.0
PA14_11960_1034628_C_T_L_L	116.720557914	3.30502678315e-27	63.0	5.0
PA14_21940_1908910_C_T_A_T	116.720557914	3.30502678315e-27	63.0	5.0
PA14_06160,fiuA_543671_G_A_N_N	116.515932521	3.66423713453e-27	75.0	13.0
PA14_73370,gidA_6531314_A_T_A_A	116.515932521	3.66423713453e-27	75.0	13.0
PA14_53560_4749482_C_A_A_D	116.304867147	4.0757079579e-27	83.0	19.0
PA14_37610_3346314_C_T_A_A	116.278519983	4.13021497164e-27	66.0	7.0
PA14_21160_1830118_A_G_V_A	116.278519983	4.13021497164e-27	66.0	7.0
PA14_61870_5518248_T_G_E_A	116.278519983	4.13021497164e-27	66.0	7.0
intergenic_6116659_T_TT_none_none	116.278519983	4.13021497164e-27	66.0	7.0
PA14_61870_5518313_G_T_R_R	116.278519983	4.13021497164e-27	66.0	7.0
PA14_61870_5518955_G_A_R_R	116.278519983	4.13021497164e-27	66.0	7.0
PA14_67780_6052426_G_A_R_K	116.278519983	4.13021497164e-27	66.0	7.0
PA14_35920_3197265_G_A_L_L	116.278519983	4.13021497164e-27	66.0	7.0
PA14_67780_6052784_G_A_L_L	116.278519983	4.13021497164e-27	66.0	7.0
PA14_61870_5518475_C_T_L_L	116.278519983	4.13021497164e-27	66.0	7.0
