feature	score	p-value	#I-out-of-20	#O-out-of-334
PA14_63220	48.1376920608	3.97315071722e-12	104.775708173	866.239441515
PA14_63110	46.8089975901	7.82533077345e-12	136.779663017	1244.93973979
PA14_63120	45.797285967	1.31145113771e-11	145.693698119	1359.97741735
PA14_41290	43.724845616	3.77943100351e-11	88.7603353723	715.810893982
PA14_29750	37.7223471197	8.15647908938e-10	95.3309940908	828.961324002
PA14_51520,spcU	27.6482066998	1.45506900106e-07	18.488414156	991.719350275
PA14_18340	27.1665292822	1.86662426083e-07	94.9808882554	910.708869733
PA14_44311	25.6048553308	4.18983815778e-07	147.159088832	1594.56115058
PA14_41280	24.1434848528	8.94181675494e-07	144.57498905	1580.42728376
PA14_18320	23.6559065358	1.1519180971e-06	90.0266599233	883.339048188
PA14_51530,exoU	23.542275454	1.22199029618e-06	29.045483842	1172.31710972
PA14_38180	23.3984901666	1.31681850785e-06	70.926920945	652.719830234
PA14_15660	23.054116379	1.57504926309e-06	56.5759140546	487.244805626
PA14_15650	22.2563490498	2.38568638494e-06	60.6605613971	540.382997912
PA14_18310	21.7608816803	3.08833202738e-06	133.644483906	1468.76076377
PA14_15630	21.0073816818	4.57517234404e-06	56.1326659351	496.930194087
PA14_15510,traJ	20.744904831	5.24710020669e-06	22.3545986131	137.783574247
PA14_18330,arnT	20.5175634864	5.90865894282e-06	105.204037166	1111.28896572
PA14_18360,prmF	20.1934426123	6.99924537665e-06	124.271510811	1366.33610666
PA14_59590	20.0965459197	7.36295310205e-06	23.7611311572	153.1464455
PA14_28830	19.8737609817	8.27280327219e-06	39.0327326183	311.003385793
PA14_18370,arnB	19.6443378148	9.32793156386e-06	136.590276882	1539.52694057
PA14_03250	19.5292213904	9.90724983697e-06	51.785311425	457.331694288
PA14_20600	19.2399190068	1.15277485685e-05	15.1713044736	748.813504646
PA14_31350	19.049609747	1.27363817064e-05	34.4636130257	1202.967231
PA14_03265	18.9169000758	1.36537729685e-05	44.5417712488	378.342165403
PA14_31370,tam	18.8950497348	1.3811059257e-05	36.6080844352	1248.03947523
PA14_23350,orfA	18.3799490691	1.80952172899e-05	4.27666611902	441.199753166
PA14_15620	18.2268544213	1.96094392451e-05	44.5096453973	382.702593426
PA14_49510,pyoS3I	17.688768952	2.60158135201e-05	10.3734911818	596.718739272
PA14_03285	17.6850009087	2.60674007362e-05	38.7482304192	321.09538728
PA14_18300	17.5416894653	2.81076585884e-05	138.397896866	1598.02737308
PA14_18350,fmt	17.4815169781	2.90114478172e-05	140.653151215	1629.94296005
PA14_22190	16.772939748	4.21298301878e-05	1.38629436112	325.957315545
PA14_22080	16.7168598436	4.33936447123e-05	2.8903717579	371.611592425
PA14_23370,orfK	16.6634853663	4.46318792844e-05	9.53416149104	555.889334505
PA14_22550	15.7879457215	7.08524836116e-05	13.4880281911	640.494928696
PA14_22120	15.5468892644	8.04839685978e-05	2.77258872224	348.147172072
PA14_48500	15.4910558637	8.28965761619e-05	20.6370977407	807.499668293
PA14_63130	15.3028569675	9.15779038687e-05	132.99781376	1562.75968118
PA14_22100	15.2541198718	9.39715514023e-05	0.0	254.743801859
PA14_20530	14.8698087394	0.000115191957557	2.77258872224	336.606552706
PA14_22110	14.8481330944	0.000116523348604	1.38629436112	293.611368123
PA14_22230	14.5830014986	0.0001341189366	0.69314718056	266.817715092
PA14_63150,pmrA	14.5651566973	0.000135395116244	118.286384817	1373.08780672
PA14_15590	14.2456549451	0.000160430768362	6.7615727688	438.319278517
PA14_13950	14.2182735804	0.000162782051228	17.1726808142	699.220573462
PA14_04710	14.0316623299	0.000179758175019	14.6717760883	635.2772196
PA14_48450	14.0045774632	0.000182366127462	15.8513345345	663.245528001
PA14_22130	13.9448571713	0.000188251959369	0.0	232.87911476
PA14_22270	13.9382120165	0.000188918603922	8.65869275369	482.837867011
PA14_31360	13.733358911	0.000210679075852	28.3251134877	945.661350221
PA14_28770	13.6668617693	0.000218272420192	2.77258872224	316.060031306
PA14_28820	13.4888226771	0.000239988724736	43.8926326732	412.403259827
PA14_48460	13.2651746366	0.000270382268798	14.9995351124	627.869800476
PA14_23380,orfH	13.2394099167	0.000274124191333	11.9545296197	553.09792676
PA14_22140	13.1683417187	0.000284718586129	2.07944154168	286.753881644
PA14_10830	13.0123334639	0.00030944609568	23.6554014657	824.309498518
PA14_53570	12.9511231804	0.000319729610374	15.6222847401	636.429336322
PA14_22240	12.8218465833	0.000342595431812	1.38629436112	259.505570661
PA14_40470	12.5803748945	0.000389818528623	15.6152381968	628.693257657
PA14_22250	12.5699027798	0.000392008971568	1.09861228867	246.180496469
PA14_23360,wzz	12.4875370672	0.000409675954413	17.994784331	682.802924311
PA14_53670	12.4020900153	0.000428853587478	78.809271582	872.284200533
PA14_53650	12.3088255612	0.000450821547045	79.5088996957	882.995436707
PA14_15600	12.1865870961	0.000481343682755	4.15888308336	330.384080046
PA14_59190	11.9324151529	0.000551656146325	4.27666611902	329.20625537
PA14_22180	11.5071669159	0.00069328362734	0.0	192.169687496
PA14_22090	11.3149597666	0.000768851270965	3.87120101091	307.027687331
PA14_08110	11.1678300608	0.000832279138648	89.5228873667	1036.72243029
PA14_27990	10.9401097212	0.000941045964018	41.0413465736	1152.32499034
PA14_51570	10.9155073846	0.000953625937147	50.1401602623	1340.89913953
PA14_08130,gpU	10.8022436407	0.00101377154159	98.5819110325	1168.26377934
PA14_53660	10.6624171674	0.00109334417788	92.4227733934	1085.48531433
PA14_59970	10.6400466889	0.00110664879995	37.0514567351	1060.34093336
PA14_63160,pmrB	10.5961715388	0.00113322069762	129.757304981	1611.8070359
PA14_22220	10.5782412873	0.00114426465858	2.30258509299	249.262772943
PA14_22260	10.3890118767	0.00126767445726	1.38629436112	218.446191213
PA14_59840	10.3835207822	0.00127145009522	110.80755623	2526.77746958
PA14_59845	10.3600082361	0.00128774629757	72.0907788031	1768.17510857
PA14_53590	10.3513647677	0.0012937899618	2.99573227355	265.447274491
PA14_23420	10.2846395303	0.00134142223417	18.5213583117	647.533223987
PA14_08120	10.2240903754	0.00138618088661	132.830808034	1664.33243708
PA14_22530	10.0555500339	0.00151889662226	10.940933406	465.599230507
PA14_10840	10.0330110304	0.00153759484711	18.2966945082	636.878600796
PA14_69540	9.96575035909	0.00159479167665	33.9506282117	323.179532485
PA14_03270	9.96377567576	0.0015965030835	55.4516082139	596.640927398
PA14_28790	9.94308970268	0.00161454329048	0.0	166.049598035
PA14_33340	9.86338306855	0.00168600788427	70.9407074846	804.887375358
PA14_13220	9.85632836032	0.00169248547725	10.9403308148	461.592923188
PA14_08030	9.81369811436	0.00173216848564	117.328334129	1452.20571009
PA14_08100	9.76871907285	0.00177506080071	100.761763917	1218.75689204
PA14_34170	9.73407084456	0.00180883428985	64.9395054845	725.932439205
PA14_13920	9.61371237835	0.00193129828124	2.63905732962	242.429141422
PA14_46460	9.55395867882	0.00199518664959	4.27666611902	286.996019041
PA14_03180	9.51398351007	0.00203912026278	63.2502728725	1564.89009596
PA14_22210	9.47770145033	0.00207984390952	2.77258872224	243.891012514
PA14_33300	9.45629047471	0.00210426195818	62.0350276137	691.112403902
PA14_08000	9.39030473596	0.00218135943469	101.69422899	1239.65645671
PA14_08150,gpD	9.38993662873	0.00218179747091	117.864256482	1469.42791453
