feature	score	p-value	#I-out-of-334	#O-out-of-92
PA14_00790,prlC_78393_C_T_A_A	40.2332763045	2.25376422609e-10	12.0	23.0
PA14_17690_1521256_C_T_S_S	40.2332763045	2.25376422609e-10	12.0	23.0
PA14_25320,nqrC_2215094_T_C_G_G	40.2332763045	2.25376422609e-10	12.0	23.0
PA14_05820_514727_G_A_D_D	39.3373890634	3.56548200949e-10	39.0	40.0
PA14_67710,trmH_6048573_G_A_D_N	38.7662752299	4.77710462186e-10	14.0	24.0
PA14_00510_48759_C_T_N_N	38.7662752299	4.77710462186e-10	14.0	24.0
PA14_08070,gpFI_694953_G_A_V_V	37.9774343847	7.15676071129e-10	57.0	49.0
PA14_00800_78409_T_C_I_T	37.3175031012	1.00379646024e-09	12.0	22.0
PA14_31180_2710620_G_T_Q_K	36.5322595915	1.50160404107e-09	18.0	26.0
PA14_28370_2451405_G_A_R_R	35.69195522	2.31116440007e-09	28.0	32.0
PA14_54480_4830034_C_G_A_G	35.3770180613	2.71673656231e-09	48.0	43.0
PA14_41610,crfX_3715232_G_A_G_G	34.9515646967	3.38009664174e-09	22.0	28.0
PA14_68750,marC_6132225_C_G_P_P	34.8411351211	3.57734701299e-09	16.0	24.0
PA14_60350_5378896_G_C_Q_E	34.5753879764	4.1005830485e-09	34.0	35.0
PA14_38010_3391032_C_T_D_D	34.3621940901	4.57524777763e-09	7.0	17.0
PA14_32370_2812127_C_T_S_S	33.9685214551	5.60109533247e-09	6.0	16.0
intergenic_514625_C_T_none_none	33.8141945922	6.0634833806e-09	26.0	30.0
PA14_03270_296353_A_G_A_A	33.6264075111	6.67799361303e-09	3.0	13.0
PA14_03270_296413_G_A_E_E	33.6264075111	6.67799361303e-09	3.0	13.0
PA14_03270_297148_C_T_G_G	33.6264075111	6.67799361303e-09	3.0	13.0
PA14_03270_296371_A_G_A_A	33.6264075111	6.67799361303e-09	3.0	13.0
PA14_53110_4707553_C_T_D_D	33.138120734	8.58391998024e-09	20.0	26.0
PA14_45180_4029640_C_T_L_L	32.9914420808	9.25654276639e-09	30.0	32.0
intergenic_1474578_T_TT_none_none	32.4244508694	1.23917458516e-08	27.0	30.0
PA14_32790_2858782_C_T_N_N	32.3991952157	1.25538455006e-08	13.0	21.0
PA14_71470,soxB_6368865_C_T_R_R	32.3991952157	1.25538455006e-08	13.0	21.0
PA14_03550,cynX_323079_C_T_V_M	32.1798710272	1.40539253583e-08	16.0	23.0
PA14_08070,gpFI_695070_C_A_G_G	31.6891658961	1.80928712515e-08	66.0	50.0
intergenic_6047378_T_C_none_none	31.3422843753	2.16316645841e-08	18.0	24.0
PA14_41230,clpX_3679323_G_A_G_G	31.3272022348	2.18003618417e-08	15.0	22.0
PA14_13000_1116086_T_C_T_A	31.2204022956	2.30332563263e-08	35.0	34.0
PA14_30860,trbG_2680033_G_T_A_A	31.2204022956	2.30332563263e-08	35.0	34.0
intergenic_2705808_C_G_none_none	31.2204022956	2.30332563263e-08	35.0	34.0
PA14_41520,ppkB_3705234_C_A_R_R	31.2204022956	2.30332563263e-08	35.0	34.0
PA14_03285_297671_A_G_Q_Q	31.2108115784	2.31473319314e-08	1.0	10.0
PA14_35420,pvcB_3149701_G_A_P_S	31.0059906274	2.57233249718e-08	23.0	27.0
PA14_57920_5155243_G_A_K_K	30.6534865053	3.0847180663e-08	61.0	47.0
intergenic_291152_A_G_none_none	30.4911080848	3.35400283726e-08	2.0	11.0
PA14_03270_297079_C_T_I_I	30.4911080848	3.35400283726e-08	2.0	11.0
PA14_66350_5918330_C_T_I_I	30.4859932309	3.36285746648e-08	14.0	21.0
PA14_23670_2058557_A_T_A_A	30.4859932309	3.36285746648e-08	14.0	21.0
PA14_58410_5202611_G_A_Q_Q	30.4859932309	3.36285746648e-08	14.0	21.0
PA14_41440,uspA_3695468_C_T_A_A	30.4859932309	3.36285746648e-08	14.0	21.0
PA14_49610_4414434_C_G_P_R	30.4526197605	3.42120999748e-08	17.0	23.0
PA14_03270_297043_A_G_A_A	30.4448128914	3.43500583349e-08	5.0	14.0
PA14_03270_295567_G_A_K_K	30.2323919935	3.83254867416e-08	4.0	13.0
intergenic_4024478_C_T_none_none	30.2323919935	3.83254867416e-08	4.0	13.0
PA14_03270_295729_C_T_D_D	30.2323919935	3.83254867416e-08	4.0	13.0
PA14_03270_296296_G_T_E_D	30.2174433741	3.86220191636e-08	3.0	12.0
PA14_03285_297749_A_C_R_R	30.2174433741	3.86220191636e-08	3.0	12.0
PA14_03270_296884_T_C_G_G	30.2174433741	3.86220191636e-08	3.0	12.0
PA14_03270_297022_G_A_A_A	30.2174433741	3.86220191636e-08	3.0	12.0
PA14_03270_295505_T_C_L_L	30.2174433741	3.86220191636e-08	3.0	12.0
intergenic_293974_T_C_none_none	30.2174433741	3.86220191636e-08	3.0	12.0
PA14_03270_296419_C_T_L_L	30.2174433741	3.86220191636e-08	3.0	12.0
PA14_03270_296929_T_C_A_A	30.2174433741	3.86220191636e-08	3.0	12.0
PA14_03270_296323_T_A_L_L	30.2174433741	3.86220191636e-08	3.0	12.0
PA14_03270_297166_T_C_V_V	30.2174433741	3.86220191636e-08	3.0	12.0
PA14_42920_3816941_G_T_G_G	30.0727349649	4.16141042092e-08	22.0	26.0
intergenic_6048717_C_T_none_none	29.7341293147	4.95546606514e-08	19.0	24.0
PA14_00090,glyS_12145_C_A_S_I	29.6583276135	5.1530775243e-08	13.0	20.0
PA14_64800,vanA_5774753_G_A_Q_Q	29.6583276135	5.1530775243e-08	13.0	20.0
PA14_36710,glgB_3269840_C_G_S_S	29.6070463287	5.29122405084e-08	54.0	43.0
PA14_31180_2710616_T_G_N_T	29.5930517482	5.32956436823e-08	24.0	27.0
intergenic_4012017_G_T_none_none	29.5696159169	5.39439484085e-08	16.0	22.0
PA14_70370,pyrE_6274819_G_T_A_A	29.5696159169	5.39439484085e-08	16.0	22.0
PA14_18850_1625560_G_A_L_L	29.4425780546	5.75981963889e-08	9.0	17.0
PA14_44950,ygfU_4008357_G_A_P_P	29.4425780546	5.75981963889e-08	9.0	17.0
PA14_55180,migA_4901821_G_A_V_V	29.3158352192	6.14911359183e-08	33.0	32.0
PA14_08090,gpFII_695601_G_A_K_K	29.306723783	6.17809479736e-08	69.0	50.0
PA14_66350_5918141_C_G_R_R	29.1411911527	6.72909949941e-08	21.0	25.0
PA14_66350_5918138_G_A_Q_Q	29.1411911527	6.72909949941e-08	21.0	25.0
PA14_66350_5918132_C_G_D_E	29.1411911527	6.72909949941e-08	21.0	25.0
PA14_20870_1798589_G_A_S_S	28.8622411927	7.7713193864e-08	28.0	29.0
PA14_08070,gpFI_694932_C_T_R_R	28.8506611359	7.81792102534e-08	59.0	45.0
intergenic_55312_C_T_none_none	28.8468266832	7.83341364721e-08	12.0	19.0
PA14_21000_1807246_G_A_F_F	28.8468266832	7.83341364721e-08	12.0	19.0
intergenic_299745_C_A_none_none	28.7925019526	8.05624018992e-08	8.0	16.0
intergenic_54530_G_C_none_none	28.7925019526	8.05624018992e-08	8.0	16.0
PA14_41430,miaE_3694491_G_C_H_D	28.6943829732	8.47491922296e-08	15.0	21.0
PA14_53880_4776850_G_A_G_G	28.6943829732	8.47491922296e-08	15.0	21.0
PA14_17600_1512439_T_C_nan_nan	28.6943829732	8.47491922296e-08	15.0	21.0
PA14_23640_2057317_T_A_I_I	28.6943829732	8.47491922296e-08	15.0	21.0
PA14_53880_4777102_G_T_I_I	28.6943829732	8.47491922296e-08	15.0	21.0
PA14_49910_4437775_C_A_I_I	28.6507446509	8.66806533558e-08	23.0	26.0
intergenic_1297522_C_T_none_none	28.5882582661	8.95233964707e-08	30.0	30.0
PA14_64710_5764980_C_T_G_G	28.5882582661	8.95233964707e-08	30.0	30.0
PA14_08070,gpFI_694392_C_T_S_S	28.4303466645	9.713078449e-08	68.0	49.0
PA14_55180,migA_4901905_G_C_A_A	28.4303466645	9.713078449e-08	68.0	49.0
PA14_29680_2571509_T_C_K_K	28.3636143861	1.00537262611e-07	32.0	31.0
PA14_27980,yjbN_2420805_G_A_A_V	28.197492367	1.09546402075e-07	7.0	15.0
PA14_41160_3672473_G_A_L_L	28.197492367	1.09546402075e-07	7.0	15.0
intergenic_732612_C_T_none_none	28.054834858	1.17926123552e-07	11.0	18.0
PA14_08020,gpW_689955_C_T_A_A	28.054834858	1.17926123552e-07	11.0	18.0
intergenic_3696165_T_C_none_none	27.9162878257	1.2667890778e-07	17.0	22.0
intergenic_4338091_A_G_none_none	27.9102411777	1.27075396869e-07	27.0	28.0
PA14_31110_2706662_G_A_D_D	27.9102411777	1.27075396869e-07	27.0	28.0
PA14_31110_2706660_C_G_S_T	27.8400156209	1.31772321512e-07	40.0	35.0
PA14_32290_2806595_C_A_R_L	27.8282922646	1.32573195072e-07	14.0	20.0
PA14_41470,acnB_3699249_G_A_L_L	27.8282922646	1.32573195072e-07	14.0	20.0
