feature	score	std	#I-out-of-206	#O-out-of-147
geneexp##PA14_10790,ampC	0.000994558993501	0.0120715457807	  (0, 0)	1366.13802828	  (0, 0)	711.696493043
geneexp##PA14_06080,creD	0.000527118888693	0.00654791793456	  (0, 0)	869.766846727	  (0, 0)	528.392037142
geneexp##PA14_10780	0.000525597426364	0.00808225380757	  (0, 0)	1065.55464033	  (0, 0)	632.993481106
SNPs##intergenic_514529_T_C_none_none	0.000401421912474	0.00588394758016	  (0, 0)	0.14695903344	  (0, 0)	0.183730624623
SNPs##PA14_20040,hasE_1727472_T_C_G_G	0.000398749876346	0.00732239602303	  (0, 0)	0.336452802798	  (0, 0)	0.134754516521
SNPs##intergenic_1762474_T_C_none_none	0.0003917561744	0.00733957052267	  (0, 0)	0.111755694855	  (0, 0)	0.188419554614
SNPs##PA14_08480,argC_726587_G_A_K_K	0.000387150803248	0.00705906575045	  (0, 0)	0.357294397869	  (0, 0)	0.122559124934
SNPs##PA14_45130_4025255_C_T_V_V	0.000385450646875	0.00769177801894	  (0, 0)	0.255113681661	  (0, 0)	0.267007293208
SNPs##PA14_33630,pvdJ_2978274_C_G_G_G	0.000381851365143	0.0064405581767	  (0, 0)	0.369885229613	  (0, 0)	0.127625232037
geneexp##PA14_08370,vfr	0.000372620471941	0.00533936334978	  (0, 0)	1572.3412065	  (0, 0)	1156.76589059
SNPs##PA14_57520,sspB_5124769_A_G_G_G	0.000371188226	0.00595604835545	  (0, 0)	0.262099682579	  (0, 0)	0.272577008199
SNPs##PA14_60710,gdhA_5410959_G_C_P_P	0.000361230469037	0.0066247991502	  (0, 0)	0.0474847545479	  (0, 0)	0.158149717584
SNPs##PA14_17180,lpxD_1474125_C_T_G_G	0.000349993857665	0.00674595200127	  (0, 0)	0.380240003642	  (0, 0)	0.199095279602
SNPs##intergenic_1762456_T_C_none_none	0.000340865606436	0.00773781620371	  (0, 0)	0.11046110877	  (0, 0)	0.192398630206
geneexp##PA14_66650,pilN	0.000340678003167	0.00506843725952	  (0, 0)	1361.36732363	  (0, 0)	1000.06817246
SNPs##PA14_66900,ubiE_5974166_G_A_A_A	0.000328248470054	0.00690684463067	  (0, 0)	0.381536800871	  (0, 0)	0.204275875977
SNPs##PA14_48920_4349113_C_A_G_G	0.000323792139607	0.00516355746192	  (0, 0)	0.0976421006122	  (0, 0)	0.267090033899
geneexp##PA14_70950,betB	0.000323374843419	0.00597164569756	  (0, 0)	1349.16247662	  (0, 0)	1001.0093059
SNPs##PA14_65920_5872154_C_T_V_V	0.000319942835342	0.00588049799943	  (0, 0)	0.336314076248	  (0, 0)	0.131523630037
SNPs##PA14_21490_1864352_C_T_V_V	0.000318374974097	0.00586245467563	  (0, 0)	0.321125083448	  (0, 0)	0.189007894358
SNPs##PA14_18340_1573284_G_T_R_R	0.000313166658238	0.00704664078238	  (0, 0)	0.307226077547	  (0, 0)	0.0629058705088
SNPs##PA14_45460_4047855_A_G_V_A	0.000305000363265	0.00601564691828	  (0, 0)	0.266840349634	  (0, 0)	0.263094436563
SNPs##PA14_48890_4347256_C_T_E_E	0.000299209324235	0.00482720551185	  (0, 0)	0.190721106724	  (0, 0)	0.299394603765
SNPs##intergenic_4727696_G_A_none_none	0.000298905308326	0.00567892604428	  (0, 0)	0.353263571335	  (0, 0)	0.223558810217
SNPs##PA14_01620,aptA_148049_T_C_E_E	0.00029260207924	0.00563880177412	  (0, 0)	0.333691496141	  (0, 0)	0.100589028082
SNPs##PA14_25210_2204313_T_C_L_L	0.000292083077639	0.00574011694199	  (0, 0)	0.206252160254	  (0, 0)	0.196398267442
SNPs##PA14_48890_4346845_A_G_G_G	0.000288938823424	0.00530664076452	  (0, 0)	0.238733366181	  (0, 0)	0.296345390599
geneexp##PA14_05360,pilJ	0.000287380958814	0.00642803481682	  (0, 0)	1621.75565446	  (0, 0)	1200.12149911
SNPs##PA14_00520_54636_T_C_R_R	0.000282202322348	0.00632101224514	  (0, 0)	0.371387280523	  (0, 0)	0.146165882021
geneexp##PA14_48970	0.000277191757895	0.00580908665483	  (0, 0)	307.695818112	  (0, 0)	396.117398183
SNPs##PA14_08150,gpD_700472_T_C_L_L	0.000276481496995	0.0062066262912	  (0, 0)	0.368183426401	  (0, 0)	0.193037794613
SNPs##PA14_42230,bglX_3767493_A_G_K_K	0.000274389647822	0.00509545054563	  (0, 0)	0.338209617919	  (0, 0)	0.0749568672866
SNPs##intergenic_2432593_T_C_none_none	0.000274076235323	0.00649879863366	  (0, 0)	0.385308156291	  (0, 0)	0.164563626628
SNPs##PA14_33650,pvdD_2981222_G_T_G_G	0.000273014981445	0.0048841760484	  (0, 0)	0.0484358019705	  (0, 0)	0.170518851626
SNPs##PA14_36700_3269184_C_T_D_D	0.000272422955326	0.00609178367777	  (0, 0)	0.356308031067	  (0, 0)	0.196010387757
SNPs##PA14_67200_5998106_G_C_L_V	0.000266509563078	0.00600727583124	  (0, 0)	0.319115539748	  (0, 0)	0.0792442034475
SNPs##PA14_33740,pvdP_2995955_C_G_P_P	0.000264730396135	0.00489188105029	  (0, 0)	0.355716938706	  (0, 0)	0.143742061593
SNPs##PA14_48890_4346629_A_G_V_V	0.000261556616736	0.00600739980033	  (0, 0)	0.227004821091	  (0, 0)	0.305762688124
SNPs##intergenic_5478466_A_C_none_none	0.000261531265477	0.00607047434999	  (0, 0)	0.349325132273	  (0, 0)	0.229089256814
SNPs##PA14_14010_1201283_T_C_A_A	0.000260926490589	0.00583019334522	  (0, 0)	0.310720480933	  (0, 0)	0.130851444992
geneexp##PA14_49800,gsp69	0.000259528426054	0.00518494632364	  (0, 0)	1034.61339065	  (0, 0)	775.258004401
SNPs##PA14_26580_2315825_C_T_A_V	0.000257693562843	0.00641588705524	  (0, 0)	0.109968415134	  (0, 0)	0.206987387318
SNPs##PA14_27980,yjbN_2421227_T_C_A_A	0.000256901721953	0.00578918013205	  (0, 0)	0.33756282157	  (0, 0)	0.168349713169
SNPs##PA14_28010_2425096_G_C_P_P	0.000256609224749	0.0057342969064	  (0, 0)	0.356012123735	  (0, 0)	0.13791836242
SNPs##PA14_50160,fliE_4457778_G_A_A_V	0.000256181700737	0.00572584935022	  (0, 0)	0.334789787208	  (0, 0)	0.151819260255
SNPs##PA14_36990_3294276_G_A_D_D	0.000255828324921	0.00571744829807	  (0, 0)	0.371839476353	  (0, 0)	0.208759713774
geneexp##PA14_38410,amrB	0.000253909486429	0.00493954544775	  (0, 0)	1349.97933594	  (0, 0)	847.878372325
SNPs##PA14_53140_4710501_G_A_R_R	0.000253444261002	0.00530161069396	  (0, 0)	0.284073810474	  (0, 0)	0.234180051371
geneexp##PA14_68340,arcB	0.000251358131215	0.00350667415487	  (0, 0)	1841.17108355	  (0, 0)	1294.59116327
geneexp##PA14_29010	0.000251186487475	0.00562130047009	  (0, 0)	974.554687159	  (0, 0)	724.333979072
SNPs##PA14_36810,katE_3279380_G_A_G_G	0.000249622712051	0.00572280173345	  (0, 0)	0.294071840533	  (0, 0)	0.139564859268
SNPs##PA14_55850_4987272_C_G_A_P	0.000247902166278	0.00555213164967	  (0, 0)	0.352952742002	  (0, 0)	0.19947657498
SNPs##intergenic_5236047_G_C_none_none	0.000246269598589	0.00550429951039	  (0, 0)	0.358645416386	  (0, 0)	0.217108264972
SNPs##PA14_34250_3045173_A_G_G_G	0.000245201248853	0.00547739967823	  (0, 0)	0.10574409289	  (0, 0)	0.185406545391
SNPs##PA14_68930_6149401_C_T_A_A	0.000243650491931	0.00544539109113	  (0, 0)	0.22679228037	  (0, 0)	0.24148959838
SNPs##PA14_46140_4103792_A_G_T_A	0.00024331678086	0.00543647274465	  (0, 0)	0.0994991500989	  (0, 0)	0.194526895234
SNPs##PA14_27310_2370072_T_C_R_R	0.000242364548994	0.00545405740914	  (0, 0)	0.367485620256	  (0, 0)	0.214980674221
SNPs##PA14_29010_2508478_G_A_G_G	0.000242050975666	0.00541038212173	  (0, 0)	0.222667428444	  (0, 0)	0.24272527372
SNPs##PA14_58530_5211903_C_G_P_P	0.000241454748209	0.00479952226117	  (0, 0)	0.238638620876	  (0, 0)	0.220599720494
SNPs##PA14_21780_1895035_C_T_P_P	0.000241325107444	0.00559219726671	  (0, 0)	0.298631678642	  (0, 0)	0.175874560297
SNPs##PA14_10600,hpaX_913629_T_C_L_L	0.000240209220447	0.00536593689909	  (0, 0)	0.23747678068	  (0, 0)	0.239768650001
SNPs##PA14_31390_2730653_T_C_A_A	0.000239804462658	0.0049363613854	  (0, 0)	0.35207447384	  (0, 0)	0.210666135019
SNPs##PA14_36080,yfaV_3215055_A_G_G_G	0.000238489124573	0.00545218698153	  (0, 0)	0.333753214132	  (0, 0)	0.146051215417
SNPs##PA14_20560,amiE_1769336_G_C_L_L	0.000237557183783	0.00533449547028	  (0, 0)	0.383499703908	  (0, 0)	0.198579436439
SNPs##intergenic_6017180_G_C_none_none	0.000237171513213	0.00533325146671	  (0, 0)	0.369219459007	  (0, 0)	0.199771988265
SNPs##PA14_17010,yjcE_1457611_C_T_L_L	0.000234837737478	0.00529562654957	  (0, 0)	0.0903911783098	  (0, 0)	0.177491843216
geneexp##PA14_18230,fruR	0.00023464105107	0.00527634743547	  (0, 0)	891.696483653	  (0, 0)	663.045324845
SNPs##PA14_33600_2955829_G_C_P_P	0.000234252689846	0.00524902362437	  (0, 0)	0.35348402505	  (0, 0)	0.157033634227
SNPs##PA14_48890_4346995_T_C_Q_Q	0.000233978822825	0.00435406928694	  (0, 0)	0.237082315333	  (0, 0)	0.283654565018
SNPs##intergenic_5504427_G_A_none_none	0.00023397730887	0.00525877312132	  (0, 0)	0.287979586448	  (0, 0)	0.0391636605776
geneexp##PA14_11270,oprG	0.000233953149243	0.00441273564682	  (0, 0)	1865.88474616	  (0, 0)	1365.56611763
SNPs##PA14_29050_2512631_G_A_Y_Y	0.00023363296229	0.00475835307762	  (0, 0)	0.334847766133	  (0, 0)	0.135017156484
geneexp##PA14_60270	0.000233049299854	0.00500978992107	  (0, 0)	1234.55501123	  (0, 0)	927.390949586
SNPs##PA14_11630_1008504_G_A_R_R	0.000231986877004	0.00518225964041	  (0, 0)	0.319940563155	  (0, 0)	0.197690249194
SNPs##PA14_33700,pvdF_2990947_G_A_G_E	0.000230436822331	0.00522031778135	  (0, 0)	0.351383623878	  (0, 0)	0.105441965086
SNPs##PA14_28080_2431798_T_C_N_D	0.000230252019103	0.00514818691388	  (0, 0)	0.355107029259	  (0, 0)	0.197159190127
SNPs##PA14_32300_2807231_C_A_A_D	0.000230164261305	0.00515533171705	  (0, 0)	0.221748442915	  (0, 0)	0.222611158377
SNPs##PA14_29740_2575417_G_C_A_A	0.000230155820152	0.00516398951879	  (0, 0)	0.259163669069	  (0, 0)	0.244989712137
SNPs##intergenic_2432594_T_C_none_none	0.00023010848517	0.00503644258498	  (0, 0)	0.379837990879	  (0, 0)	0.163232886933
geneexp##PA14_03290	0.000229579573382	0.0051729929818	  (0, 0)	1216.51500239	  (0, 0)	787.804197219
SNPs##PA14_55450,hxcQ_4937113_T_C_V_V	0.000229214895543	0.00493746104236	  (0, 0)	0.160604862966	  (0, 0)	0.235388178923
SNPs##intergenic_2553846_G_A_none_none	0.000228715150115	0.00555183586176	  (0, 0)	0.322864754316	  (0, 0)	0.0844723834362
SNPs##PA14_44910_4003796_C_T_R_R	0.000227876056602	0.00537595458407	  (0, 0)	0.169800308036	  (0, 0)	0.212148612769
SNPs##PA14_33610_2971251_G_C_A_A	0.000226647207427	0.00511794580406	  (0, 0)	0.366170740611	  (0, 0)	0.141059850336
SNPs##PA14_30890_2683013_G_T_G_C	0.000226416408341	0.00508961097225	  (0, 0)	0.308247500107	  (0, 0)	0.0803256866843
SNPs##PA14_62230_5553541_A_G_I_V	0.000226337979588	0.00571719649334	  (0, 0)	0.138140560979	  (0, 0)	0.209196520797
SNPs##PA14_01100,clpB_106839_C_A_G_G	0.000225469040695	0.00462884831371	  (0, 0)	0.118910149468	  (0, 0)	0.212847883532
SNPs##PA14_48990_4352586_A_C_L_R	0.000225116889777	0.00421812188778	  (0, 0)	0.118803032968	  (0, 0)	0.194426496671
SNPs##PA14_44920_4005490_G_A_M_I	0.000224934099894	0.0062922562533	  (0, 0)	0.350111495326	  (0, 0)	0.174538557062
SNPs##PA14_69130,glpT_6165791_T_C_H_H	0.000224753127814	0.00504076117808	  (0, 0)	0.229504630825	  (0, 0)	0.256972675136
SNPs##PA14_25360,apbE_2218188_G_A_Q_Q	0.000224324677129	0.00503787066991	  (0, 0)	0.131428330008	  (0, 0)	0.200342726108
SNPs##PA14_16860,plsB_1444443_T_C_E_E	0.000223557405096	0.00518934944071	  (0, 0)	0.362562576779	  (0, 0)	0.218546876206
SNPs##PA14_02360,atsR_211656_C_T_F_F	0.000222840540299	0.00540110765449	  (0, 0)	0.124561731218	  (0, 0)	0.208880972633
SNPs##PA14_55230_4905297_G_A_S_S	0.000222807306427	0.0046564868891	  (0, 0)	0.0837645597817	  (0, 0)	0.17716407002
SNPs##PA14_07590,folB_654009_T_A_R_R	0.000222423130496	0.00500705758499	  (0, 0)	0.162010152197	  (0, 0)	0.186338153531
SNPs##intergenic_1862385_G_A_none_none	0.000222241303899	0.00406892953367	  (0, 0)	0.36392828688	  (0, 0)	0.222661151217
SNPs##PA14_23670_2058721_C_T_G_S	0.000222195226174	0.004731875739	  (0, 0)	0.184481886199	  (0, 0)	0.2009127713
SNPs##PA14_44920_4005511_T_C_N_N	0.000221682535688	0.00446981968031	  (0, 0)	0.151474293769	  (0, 0)	0.197308074028
geneexp##PA14_18150,acsL	0.00022079906975	0.00360254754641	  (0, 0)	1243.15532419	  (0, 0)	843.945145051
SNPs##PA14_48890_4346935_C_G_R_R	0.000219686351806	0.00469787948882	  (0, 0)	0.0680833353907	  (0, 0)	0.183809456427
