feature	score	std	#I-out-of-234	#O-out-of-148
SNPs##PA14_23260,gyrA_2015001_C_T_T_I	0.00112799595251	0.0207613492901	  (0, 0)	0.560119892215	  (0, 0)	0.044940138406
SNPs##PA14_05480_483607_T_C_P_P	0.00060804153761	0.0111219046363	  (0, 0)	0.416221355975	  (0, 0)	0.151983792142
SNPs##intergenic_2678409_C_G_none_none	0.000602497739146	0.00969661009162	  (0, 0)	0.393169876283	  (0, 0)	0.0367342768036
SNPs##PA14_08120_698309_A_C_D_A	0.000549032520736	0.0100746472642	  (0, 0)	0.44246354207	  (0, 0)	0.160975126684
SNPs##intergenic_5358929_A_C_none_none	0.000537356211625	0.00985835361743	  (0, 0)	0.458482998225	  (0, 0)	0.193983438761
SNPs##PA14_08050_691742_G_A_A_T	0.000533263585813	0.00982181804793	  (0, 0)	0.437239882586	  (0, 0)	0.054108403583
SNPs##PA14_44910_4003988_C_T_Y_Y	0.000517225486664	0.00951783770134	  (0, 0)	0.434206305703	  (0, 0)	0.163838668823
SNPs##PA14_30910,trbE_2684906_G_A_L_L	0.000513132925027	0.00844474841629	  (0, 0)	0.392693356298	  (0, 0)	0.0339430543457
SNPs##PA14_29560_2563997_G_T_S_S	0.00051064703097	0.00892306232186	  (0, 0)	0.440369782285	  (0, 0)	0.0409634351028
SNPs##PA14_65605,parC_5845617_G_A_S_L	0.000491432923388	0.00597510740372	  (0, 0)	0.46415842109	  (0, 0)	0.0157480863214
SNPs##PA14_15430,tnpR_1306701_A_C_L_L	0.000482845992913	0.00884123488928	  (0, 0)	0.443689347535	  (0, 0)	0.119075990469
SNPs##PA14_35170,soxR_3129298_C_T_R_R	0.000468695046301	0.0087871648849	  (0, 0)	0.434096255851	  (0, 0)	0.135964018934
SNPs##PA14_08050_693196_T_C_H_H	0.000464010873636	0.00849020033639	  (0, 0)	0.443116141729	  (0, 0)	0.07693501404
SNPs##PA14_21230,hepA_1837713_T_C_E_E	0.00045516832204	0.00838263305879	  (0, 0)	0.412607766212	  (0, 0)	0.198542924836
SNPs##PA14_30850,trbI_2678999_C_T_A_A	0.000452542741907	0.00794574123304	  (0, 0)	0.397875222295	  (0, 0)	0.0339839510933
SNPs##PA14_17790_1529210_C_T_L_L	0.000451196346332	0.00836806562175	  (0, 0)	0.432136754175	  (0, 0)	0.0855962399445
SNPs##PA14_30880,trbL_2681934_T_A_A_A	0.000447768932813	0.010004668413	  (0, 0)	0.446815600829	  (0, 0)	0.0592612724975
SNPs##PA14_58830_5240469_G_T_A_A	0.000439157693146	0.00804428740948	  (0, 0)	0.444857509144	  (0, 0)	0.172493381475
SNPs##PA14_07770,ostA_667453_C_A_P_P	0.000435401317727	0.00808940381347	  (0, 0)	0.438726169544	  (0, 0)	0.084642921503
SNPs##PA14_30860,trbG_2680504_T_G_P_P	0.000425129177955	0.00679926219743	  (0, 0)	0.382731259711	  (0, 0)	0.0267472239308
SNPs##PA14_22680,yrbE_1972786_A_T_F_Y	0.000422826577779	0.00820061189402	  (0, 0)	0.386630280183	  (0, 0)	0.0302001951132
SNPs##PA14_30960,traG_2689283_G_C_R_R	0.000422685235858	0.00814896198335	  (0, 0)	0.408469919886	  (0, 0)	0.0327958820018
SNPs##PA14_60730_5412856_C_T_A_A	0.000422513062993	0.0094662600455	  (0, 0)	0.452057262376	  (0, 0)	0.0676063986696
genePA##,,group_579	0.000422055865857	0.00832488836578	  (0, 0)	1.80375307021	  (0, 0)	0.19755489531
SNPs##PA14_08050_692819_C_A_Q_K	0.000420954554036	0.00940524494469	  (0, 0)	0.448590078107	  (0, 0)	0.0828650288321
SNPs##intergenic_5642338_C_T_none_none	0.000416200791593	0.00781392604911	  (0, 0)	0.445922013226	  (0, 0)	0.166687605035
SNPs##PA14_08050_692915_A_T_S_C	0.000415757384136	0.00861627626895	  (0, 0)	0.44214660611	  (0, 0)	0.0743287024245
SNPs##PA14_38750_3456506_A_G_N_N	0.000409497537689	0.00786430806439	  (0, 0)	0.436414147006	  (0, 0)	0.127649284794
SNPs##PA14_47720,cobC_4246351_T_G_E_A	0.000409407309339	0.00703292852821	  (0, 0)	0.43215696708	  (0, 0)	0.0501989205637
SNPs##PA14_60000_5342770_G_A_A_A	0.000404215110427	0.00745958044305	  (0, 0)	0.43325216844	  (0, 0)	0.0912625258821
geneexp##PA14_38395	0.000404009622969	0.00796463958559	  (0, 0)	1315.27745467	  (0, 0)	654.923714736
SNPs##PA14_69300_6180619_G_C_A_A	0.00040357773009	0.00877430069557	  (0, 0)	0.468994470798	  (0, 0)	0.17007210084
SNPs##PA14_35970_3201679_A_G_P_P	0.00040197999434	0.00926201190062	  (0, 0)	0.476472456725	  (0, 0)	0.140955592494
geneexp##PA14_41280	0.0004011620531	0.00668200330975	  (0, 0)	1304.99690816	  (0, 0)	648.950741238
SNPs##intergenic_2690651_A_G_none_none	0.000397077709466	0.00676660993476	  (0, 0)	0.389776653705	  (0, 0)	0.0182398944461
SNPs##PA14_30910,trbE_2686119_G_A_I_I	0.000395180471945	0.00899465471253	  (0, 0)	0.397489237817	  (0, 0)	0.033443364318
SNPs##PA14_44910_4004430_T_A_S_T	0.000393710013713	0.0088073285773	  (0, 0)	0.427276584641	  (0, 0)	0.177126661884
SNPs##PA14_08050_692983_T_A_H_Q	0.000393583841053	0.00824697855096	  (0, 0)	0.451078901543	  (0, 0)	0.0733777320136
SNPs##PA14_60850,mexC_5426724_C_T_S_S	0.000393580624604	0.00914353976288	  (0, 0)	0.44457777377	  (0, 0)	0.113732373998
SNPs##PA14_32790_2859814_A_G_L_L	0.000392822977242	0.00877638537995	  (0, 0)	0.446618291505	  (0, 0)	0.147307524141
SNPs##PA14_60750,pra_5413205_G_A_S_S	0.000392106566843	0.00880681045032	  (0, 0)	0.452375123211	  (0, 0)	0.0794246221541
SNPs##PA14_08050_692842_C_G_S_S	0.000390608603971	0.00872631761005	  (0, 0)	0.450896025116	  (0, 0)	0.0827629487499
SNPs##PA14_30930,trbC_2686711_C_A_A_S	0.000388283431367	0.00740763577663	  (0, 0)	0.386871628107	  (0, 0)	0.030129643523
SNPs##PA14_30970,bphR_2691814_G_A_L_L	0.000385563511018	0.00862310727828	  (0, 0)	0.394596978894	  (0, 0)	0.0360811149867
SNPs##PA14_60750,pra_5413469_G_T_T_T	0.000380435982303	0.00852064507772	  (0, 0)	0.453661720336	  (0, 0)	0.0767665171352
SNPs##PA14_55410_4931209_C_T_S_N	0.000380294961564	0.00849570176115	  (0, 0)	0.44433657633	  (0, 0)	0.0529474087025
SNPs##PA14_46300_4118805_T_C_G_G	0.000375827559815	0.00839858913841	  (0, 0)	0.45186698865	  (0, 0)	0.0930410525465
SNPs##PA14_08050_691729_T_G_V_V	0.000375487036449	0.00842062779736	  (0, 0)	0.437239882586	  (0, 0)	0.054108403583
SNPs##PA14_62230_5553378_G_C_A_A	0.000375083026697	0.00808823989637	  (0, 0)	0.438799892104	  (0, 0)	0.160762667637
SNPs##intergenic_138844_T_A_none_none	0.000374655018494	0.00840929685852	  (0, 0)	0.446826822925	  (0, 0)	0.174006196316
SNPs##intergenic_3485626_T_C_none_none	0.000374277508408	0.00689112358024	  (0, 0)	0.386050721919	  (0, 0)	0.137876164149
SNPs##PA14_07770,ostA_667305_G_A_L_L	0.000371700695092	0.00841229104635	  (0, 0)	0.450896025116	  (0, 0)	0.0824270363097
SNPs##PA14_30850,trbI_2679152_C_G_S_S	0.000370190320522	0.00690810527469	  (0, 0)	0.391504491547	  (0, 0)	0.040738673518
SNPs##PA14_31110_2706143_C_G_R_R	0.000368594990301	0.00824375031245	  (0, 0)	0.436861940761	  (0, 0)	0.127860098319
SNPs##PA14_30910,trbE_2685501_A_G_F_F	0.00036848824768	0.0082351337492	  (0, 0)	0.453520393031	  (0, 0)	0.0886146267969
SNPs##PA14_49560,toxA_4407505_T_C_F_S	0.000367334002237	0.00832029132672	  (0, 0)	0.435283252766	  (0, 0)	0.182600208527
SNPs##PA14_30910,trbE_2684793_C_G_T_T	0.000364480237512	0.00683105695543	  (0, 0)	0.391630050827	  (0, 0)	0.0737388434538
SNPs##PA14_25230,mfd_2207075_G_T_R_R	0.000364073552846	0.00813336869882	  (0, 0)	0.422165430226	  (0, 0)	0.0548694871421
SNPs##PA14_21480_1862629_A_G_I_V	0.00036374767701	0.00753949131653	  (0, 0)	0.425757572365	  (0, 0)	0.14950376622
SNPs##PA14_01840_168460_G_A_Q_Q	0.000362863185812	0.00666472860906	  (0, 0)	0.467569881697	  (0, 0)	0.160474022646
SNPs##PA14_08050_691708_C_G_A_A	0.000361888838335	0.00818084820833	  (0, 0)	0.435038388592	  (0, 0)	0.054308878459
SNPs##PA14_08050_691870_T_A_A_A	0.000360499682821	0.00805488378978	  (0, 0)	0.43559074167	  (0, 0)	0.120980790225
SNPs##PA14_14010_1201267_C_T_A_T	0.000359044783545	0.00802250096448	  (0, 0)	0.445518164502	  (0, 0)	0.0605982547384
genePA##,,acrR_2	0.000356034884767	0.00688938556682	  (0, 0)	1.77935512313	  (0, 0)	0.15673564274
SNPs##PA14_07950,prtN_685759_C_G_S_T	0.000355859833775	0.00742243102161	  (0, 0)	0.421195656923	  (0, 0)	0.0886874450721
SNPs##PA14_48530_4314244_A_G_Q_R	0.000354457076187	0.00654141702876	  (0, 0)	0.435311061721	  (0, 0)	0.210659260384
SNPs##PA14_15410_1306060_T_G_none_none	0.000353974018556	0.00790991299672	  (0, 0)	0.395515542432	  (0, 0)	0.0359220549259
SNPs##PA14_31260_2718336_A_G_A_A	0.000353788994304	0.00716392110905	  (0, 0)	0.434032731733	  (0, 0)	0.0966011777119
SNPs##PA14_01230_121173_T_C_L_L	0.000352935032373	0.00646112566825	  (0, 0)	0.432002903936	  (0, 0)	0.161640635345
SNPs##PA14_21370,fadD1_1850881_G_T_P_P	0.000352337824896	0.00759695702523	  (0, 0)	0.451527341958	  (0, 0)	0.090759314989
SNPs##intergenic_3596439_G_A_none_none	0.000348299609623	0.00783190796777	  (0, 0)	0.410125480282	  (0, 0)	0.193473817924
geneexp##PA14_08140,XR2	0.000345627596566	0.00528554126666	  (0, 0)	775.459692109	  (0, 0)	303.061907313
SNPs##PA14_37790,pcoA_3370767_G_A_L_L	0.000343943275216	0.00774075315832	  (0, 0)	0.462312719008	  (0, 0)	0.142636831081
SNPs##PA14_52130_4623161_A_G_Y_Y	0.000343683358604	0.00771592972031	  (0, 0)	0.433165733141	  (0, 0)	0.0559580266983
SNPs##PA14_68730,gshA_6129943_A_C_K_Q	0.00034203797649	0.00764972983986	  (0, 0)	0.427499916502	  (0, 0)	0.205854439387
SNPs##PA14_32790_2858759_T_C_L_L	0.000341523302494	0.00764116709397	  (0, 0)	0.452353375211	  (0, 0)	0.16885196623
SNPs##PA14_67190_5997466_T_G_P_P	0.000341103987695	0.0076641118379	  (0, 0)	0.446066391359	  (0, 0)	0.0991508694088
SNPs##intergenic_2564800_T_C_none_none	0.000338881509288	0.00764904779193	  (0, 0)	0.457276400091	  (0, 0)	0.178755755634
geneexp##PA14_28050	0.000338780301172	0.00495498610794	  (0, 0)	1335.99428672	  (0, 0)	901.763152082
SNPs##PA14_55530,hxcW_4942590_G_A_V_I	0.00033809417346	0.00767039941619	  (0, 0)	0.406021078741	  (0, 0)	0.0799341503766
SNPs##PA14_55070_4892151_G_A_A_A	0.000338050310694	0.00756129881082	  (0, 0)	0.448727456942	  (0, 0)	0.123998712574
SNPs##PA14_30910,trbE_2685859_G_C_T_R	0.000337891346314	0.00791214770299	  (0, 0)	0.439638198669	  (0, 0)	0.0627458588124
SNPs##PA14_39650,cirA_3534032_C_T_G_G	0.000337723521917	0.00755331636994	  (0, 0)	0.461948249394	  (0, 0)	0.158025981861
SNPs##PA14_07770,ostA_667720_T_A_R_R	0.000337089511107	0.00753030129477	  (0, 0)	0.445513169595	  (0, 0)	0.0832437301405
SNPs##PA14_01200_118633_C_A_A_D	0.000336742168572	0.00689177718371	  (0, 0)	0.419747865478	  (0, 0)	0.150666907534
SNPs##PA14_08120_697974_C_T_A_A	0.000336167093479	0.0075471124339	  (0, 0)	0.445513682205	  (0, 0)	0.17750565287
SNPs##PA14_40260_3594606_G_C_G_G	0.000334617417295	0.00747668615074	  (0, 0)	0.416028671199	  (0, 0)	0.137819522621
SNPs##PA14_66100_5888799_A_C_M_L	0.000333384812917	0.00759439395973	  (0, 0)	0.454284939775	  (0, 0)	0.176719427325
SNPs##PA14_71630,adhA_6380279_G_A_R_R	0.000330930945529	0.0066173622904	  (0, 0)	0.46700781378	  (0, 0)	0.134475030468
SNPs##PA14_08050_692905_A_G_S_S	0.000330421927388	0.00682472000211	  (0, 0)	0.446989073003	  (0, 0)	0.0909866793263
SNPs##PA14_59940_5338656_T_C_F_L	0.000329961564991	0.00656953406225	  (0, 0)	0.391574890771	  (0, 0)	0.0383684121006
SNPs##PA14_08150,gpD_700453_T_C_S_S	0.000329714057221	0.00740561533944	  (0, 0)	0.462308430456	  (0, 0)	0.160747504932
SNPs##PA14_16770_1435571_T_C_Y_Y	0.000328950829633	0.00735621745787	  (0, 0)	0.454452822718	  (0, 0)	0.106769921807
SNPs##PA14_30850,trbI_2679695_G_A_D_D	0.000328382348465	0.00662852586393	  (0, 0)	0.401772148438	  (0, 0)	0.0395381371218
SNPs##PA14_30960,traG_2690183_T_C_A_A	0.000327853147411	0.00732824158241	  (0, 0)	0.454174439884	  (0, 0)	0.139094782675
SNPs##intergenic_4930513_A_C_none_none	0.000324521774494	0.00725117114976	  (0, 0)	0.435791441444	  (0, 0)	0.0696593353755
SNPs##PA14_08150,gpD_700471_G_A_E_E	0.000320661424552	0.00720670733307	  (0, 0)	0.455875574021	  (0, 0)	0.159620994585
SNPs##PA14_35940_3199620_T_G_R_R	0.000320148369898	0.00719609957591	  (0, 0)	0.43940669901	  (0, 0)	0.114391360095
SNPs##PA14_44910_4004496_A_G_S_G	0.000319034649594	0.00712871257755	  (0, 0)	0.428452669	  (0, 0)	0.173919272981
SNPs##PA14_23470,wbpM_2041834_G_C_R_R	0.000317874085375	0.00617970861956	  (0, 0)	0.451099684312	  (0, 0)	0.07929038304
