feature	score	std	#I-out-of-135	#O-out-of-277
SNPs##PA14_37490_3336890_C_T_Q_Q	0.00173724209342	0.0293511685892	  (0, 0)	0.386722349492	  (0, 0)	0.101258874683
SNPs##PA14_05920_525583_C_T_S_S	0.00163310579138	0.0260020821462	  (0, 0)	0.369666566378	  (0, 0)	0.0797234017392
SNPs##PA14_25590_2238137_C_T_I_I	0.00158941977998	0.0252245727308	  (0, 0)	0.361474380273	  (0, 0)	0.0890179763532
SNPs##PA14_00510_48165_C_T_G_G	0.00136560939564	0.024913114412	  (0, 0)	0.364485292179	  (0, 0)	0.16153889292
SNPs##PA14_33290_2926012_G_C_L_L	0.00133863818342	0.0244730338981	  (0, 0)	0.330504784505	  (0, 0)	0.225762405983
SNPs##PA14_59540_5299285_T_G_V_V	0.00131491326617	0.0240980281062	  (0, 0)	0.292146513481	  (0, 0)	0.296743549903
genePA##,,group_642	0.00131130596812	0.0239235228927	  (0, 0)	1.66042271711	  (0, 0)	0.105333561146
SNPs##PA14_33480,sndH_2947150_G_A_S_S	0.00130725402077	0.0238647640682	  (0, 0)	0.378241126446	  (0, 0)	0.0598552646342
SNPs##PA14_37490_3336741_T_C_D_G	0.00124313136149	0.0227484515886	  (0, 0)	0.353089786141	  (0, 0)	0.201328575388
SNPs##PA14_29560_2563980_A_C_R_R	0.00121623595484	0.0223226864377	  (0, 0)	0.337609680433	  (0, 0)	0.22373781587
SNPs##PA14_30570,potF_2647041_A_G_L_L	0.0012026616535	0.0220238841679	  (0, 0)	0.337833634378	  (0, 0)	0.16322396822
SNPs##intergenic_289220_T_G_none_none	0.00119936838502	0.022080246561	  (0, 0)	0.383373133107	  (0, 0)	0.0971059716936
SNPs##PA14_65420_5829314_T_C_I_I	0.0011892985618	0.0217359791031	  (0, 0)	0.352891904252	  (0, 0)	0.120654185062
SNPs##PA14_57840,ttg2D_5150223_G_A_Y_Y	0.00117978734654	0.0217033356248	  (0, 0)	0.338867837964	  (0, 0)	0.171059150589
SNPs##PA14_32380,oprN_2813111_A_G_S_S	0.00116293043132	0.0212628855507	  (0, 0)	0.352527775934	  (0, 0)	0.12562052168
SNPs##PA14_08050_691714_G_C_L_L	0.00116127019552	0.0205681571498	  (0, 0)	0.371930246686	  (0, 0)	0.108117875836
genePA##PA14_22470,,yhaJ_4	0.00113729010987	0.0189321668505	  (0, 0)	1.53259026114	  (0, 0)	0.106199810402
SNPs##PA14_34350,mtlY_3056145_G_A_C_C	0.00111197988987	0.0217931848177	  (0, 0)	0.383816533851	  (0, 0)	0.0651692058601
SNPs##PA14_52130_4622179_A_G_L_L	0.00109465805077	0.0200744684546	  (0, 0)	0.323250635444	  (0, 0)	0.246919346143
SNPs##PA14_18010,glpK_1546980_G_A_E_E	0.0010929345827	0.0200598401924	  (0, 0)	0.359784379307	  (0, 0)	0.131714441752
SNPs##PA14_26280_2293990_C_T_A_A	0.00106845071832	0.0185717664035	  (0, 0)	0.356282097067	  (0, 0)	0.0452165479722
SNPs##PA14_59540_5299279_A_C_G_G	0.00105897484687	0.0194206867702	  (0, 0)	0.307359141336	  (0, 0)	0.321603004585
SNPs##PA14_55117_4896993_G_A_V_I	0.00103697723023	0.0189755211995	  (0, 0)	0.293069672036	  (0, 0)	0.296768199922
SNPs##PA14_23470,wbpM_2041921_C_G_V_V	0.000999567915424	0.0182538572213	  (0, 0)	0.363886108949	  (0, 0)	0.163870880163
SNPs##PA14_72420_6451481_C_T_E_E	0.000957926885212	0.0215107145362	  (0, 0)	0.358963298167	  (0, 0)	0.192666530462
SNPs##PA14_61890_5520625_G_A_P_P	0.000956129899597	0.0213631825671	  (0, 0)	0.381433281001	  (0, 0)	0.0902415905143
SNPs##PA14_21870_1900457_C_T_L_L	0.000923369582484	0.0206755026318	  (0, 0)	0.372501258018	  (0, 0)	0.0673010002182
SNPs##intergenic_3116528_A_G_none_none	0.000920681391515	0.0205677552884	  (0, 0)	0.315916032711	  (0, 0)	0.203850995217
SNPs##PA14_40540_3620445_A_G_R_R	0.00091749434199	0.0190207566262	  (0, 0)	0.375399727701	  (0, 0)	0.107143864986
genePA##,,group_2501	0.000907733676129	0.0202843849188	  (0, 0)	1.64537217694	  (0, 0)	0.193609598554
SNPs##PA14_20870_1799426_C_T_A_A	0.000896687706627	0.0200349513567	  (0, 0)	0.311518431774	  (0, 0)	0.224255223904
SNPs##PA14_37900_3382563_G_A_Y_Y	0.00089185508397	0.0199550232645	  (0, 0)	0.31731728903	  (0, 0)	0.191454483104
genePA##,,group_196	0.00088168512967	0.0171028710696	  (0, 0)	1.52596293943	  (0, 0)	0.110849593476
SNPs##PA14_64120_5715151_G_A_S_N	0.000880918252346	0.0196803980836	  (0, 0)	0.361700360071	  (0, 0)	0.0950396346254
genePA##PA14_58910,,soj_3	0.000880681190525	0.0190032534669	  (0, 0)	1.54798495143	  (0, 0)	0.106640346279
SNPs##PA14_28895_2496801_G_A_Y_Y	0.000876785380628	0.0195859018314	  (0, 0)	0.35855795911	  (0, 0)	0.156030816027
SNPs##PA14_59540_5298292_C_G_L_L	0.000871364755536	0.0194689736602	  (0, 0)	0.310735177535	  (0, 0)	0.32698270776
SNPs##PA14_37690_3356872_C_G_R_R	0.000866526126674	0.0176977631736	  (0, 0)	0.334244878218	  (0, 0)	0.259989021028
SNPs##PA14_37610_3346314_C_T_A_A	0.000858806269044	0.0164382243234	  (0, 0)	0.345808589252	  (0, 0)	0.0337892184997
SNPs##PA14_18050_1549616_G_A_L_L	0.000855417049076	0.0191105269821	  (0, 0)	0.341435165861	  (0, 0)	0.189688475642
SNPs##PA14_60020_5344854_C_G_L_V	0.000847551637744	0.018963786368	  (0, 0)	0.312389453799	  (0, 0)	0.287505567365
SNPs##PA14_59690_5310592_C_T_L_L	0.000845929598235	0.0189049194731	  (0, 0)	0.2930002249	  (0, 0)	0.304836801459
SNPs##intergenic_6326308_G_A_none_none	0.000839973683447	0.0187635947639	  (0, 0)	0.369777984394	  (0, 0)	0.0717049915034
SNPs##intergenic_152350_C_T_none_none	0.000836237933383	0.0187213753238	  (0, 0)	0.331422935586	  (0, 0)	0.188297490028
SNPs##PA14_47860_4259425_T_C_A_A	0.000834335784722	0.0186496512598	  (0, 0)	0.329921313068	  (0, 0)	0.160253014213
SNPs##PA14_52130_4622621_G_C_T_T	0.000830626031799	0.0185571675172	  (0, 0)	0.354362206636	  (0, 0)	0.18391019243
SNPs##PA14_41390,ppiB_3691923_T_C_T_T	0.000827060787828	0.0185725492995	  (0, 0)	0.334961474971	  (0, 0)	0.141146097591
SNPs##PA14_03800,oprE_341967_C_T_D_D	0.00082620359499	0.0185114111082	  (0, 0)	0.360345032701	  (0, 0)	0.191614826086
SNPs##PA14_50620_4498293_G_C_D_E	0.000825024501125	0.0186841338267	  (0, 0)	0.34543875269	  (0, 0)	0.215877111834
SNPs##PA14_07410_634071_C_T_G_D	0.000824712956942	0.0184508649568	  (0, 0)	0.353736327162	  (0, 0)	0.188851020631
SNPs##PA14_08050_693078_T_A_F_Y	0.000823222719288	0.0184400424612	  (0, 0)	0.362553838705	  (0, 0)	0.164404758483
SNPs##PA14_52750,aotP_4675658_G_A_A_A	0.000820610371543	0.018346067002	  (0, 0)	0.387784176171	  (0, 0)	0.0330069600269
SNPs##PA14_59540_5298229_A_T_A_A	0.000819451166605	0.0183561980695	  (0, 0)	0.310465693233	  (0, 0)	0.281816159999
SNPs##PA14_59690_5311449_G_A_E_E	0.000814626026278	0.0183720371906	  (0, 0)	0.290111507202	  (0, 0)	0.303287354923
SNPs##PA14_23610_2054633_T_C_H_H	0.000811635553765	0.0181365954295	  (0, 0)	0.30247696896	  (0, 0)	0.282096325891
SNPs##PA14_23470,wbpM_2041852_A_C_L_L	0.00080942923387	0.0181155893128	  (0, 0)	0.360875326407	  (0, 0)	0.164404758483
SNPs##intergenic_640019_G_T_none_none	0.000808191384217	0.0181031041112	  (0, 0)	0.349980010557	  (0, 0)	0.126069465515
SNPs##PA14_43240_3853403_A_G_L_L	0.000806445525173	0.0160218371827	  (0, 0)	0.326489056247	  (0, 0)	0.0688307321121
SNPs##PA14_07000,dsbB_606984_A_G_V_A	0.000805306428134	0.018026942806	  (0, 0)	0.317896830979	  (0, 0)	0.262430000511
SNPs##PA14_60000_5343124_T_C_N_N	0.000804202014372	0.0179896757538	  (0, 0)	0.307844375477	  (0, 0)	0.310568768429
SNPs##PA14_29050_2512627_G_A_L_L	0.000803572919052	0.0179597055269	  (0, 0)	0.336561429327	  (0, 0)	0.226167609029
SNPs##PA14_08050_691660_A_G_P_P	0.000803536953011	0.017955125252	  (0, 0)	0.368019743041	  (0, 0)	0.105839689998
SNPs##PA14_42230,bglX_3767520_C_G_P_P	0.000799963630338	0.0179036193856	  (0, 0)	0.374398808902	  (0, 0)	0.144903152557
SNPs##PA14_55400_4921612_A_G_L_L	0.000799438349912	0.017258207308	  (0, 0)	0.349532316186	  (0, 0)	0.182666238231
SNPs##PA14_08050_691732_C_G_S_S	0.000795191967337	0.017772225625	  (0, 0)	0.371892033342	  (0, 0)	0.108516571672
SNPs##PA14_08050_693280_T_C_R_R	0.000793625483557	0.0177924245709	  (0, 0)	0.358223398652	  (0, 0)	0.163651625282
SNPs##PA14_23210_2011021_C_T_R_Q	0.000793392899429	0.0177829188871	  (0, 0)	0.353011648751	  (0, 0)	0.183261069027
SNPs##PA14_08050_693192_C_G_A_G	0.000790165056776	0.0165787078751	  (0, 0)	0.356954258471	  (0, 0)	0.166933664858
SNPs##PA14_60050_5346757_C_A_I_I	0.000786886524473	0.0176508862148	  (0, 0)	0.338128578645	  (0, 0)	0.167047318354
SNPs##PA14_45170_4028328_C_T_L_L	0.000783735863965	0.0175656269393	  (0, 0)	0.323533302177	  (0, 0)	0.221219476684
SNPs##PA14_52040,purM_4618435_C_T_L_L	0.000781648674338	0.0174607353343	  (0, 0)	0.352450850722	  (0, 0)	0.134181534757
SNPs##PA14_18860_1626461_A_G_E_E	0.000781090066943	0.0177529859785	  (0, 0)	0.360077105576	  (0, 0)	0.130888692081
SNPs##PA14_52720,argD_4673601_A_G_I_I	0.000780288474984	0.017432509032	  (0, 0)	0.312572864524	  (0, 0)	0.25421376345
SNPs##PA14_55410_4930838_T_C_N_D	0.000778345696175	0.0174657994529	  (0, 0)	0.354358783269	  (0, 0)	0.168285158405
SNPs##PA14_29760_2576481_A_G_I_I	0.000777554400849	0.0166139193068	  (0, 0)	0.3426335949	  (0, 0)	0.171350609273
SNPs##PA14_52630,aruE_4666764_G_A_N_N	0.00077366896973	0.0173308076101	  (0, 0)	0.386986724872	  (0, 0)	0.110099841815
SNPs##PA14_59990_5342432_C_G_I_M	0.00076861341245	0.0172167232461	  (0, 0)	0.3291584744	  (0, 0)	0.235562778459
SNPs##PA14_06160,fiuA_543671_G_A_N_N	0.000768068349979	0.0171891793815	  (0, 0)	0.358515170809	  (0, 0)	0.0550998725672
SNPs##PA14_00510_50816_G_A_S_N	0.000766399436844	0.0172197471693	  (0, 0)	0.336776985954	  (0, 0)	0.265995534294
SNPs##PA14_59990_5342598_G_A_A_T	0.000763563044115	0.0152357447761	  (0, 0)	0.339075935619	  (0, 0)	0.0502588399355
genePA##,,group_9986	0.000760588411975	0.016998018459	  (0, 0)	1.54892019309	  (0, 0)	0.127190016748
SNPs##PA14_52130_4622240_G_C_T_T	0.000758857156383	0.0170495063547	  (0, 0)	0.331070365706	  (0, 0)	0.234866585559
genePA##,,group_11708	0.000758807802671	0.0169624521523	  (0, 0)	1.54195548751	  (0, 0)	0.106640346279
SNPs##PA14_66160_5893818_G_A_T_T	0.000758676534564	0.0154918050764	  (0, 0)	0.333230275199	  (0, 0)	0.0450855688557
SNPs##PA14_63700_5679287_C_T_V_V	0.000756935421514	0.0169386991413	  (0, 0)	0.362956236381	  (0, 0)	0.0850558856591
SNPs##PA14_32670_2837997_G_A_I_I	0.000753516385228	0.0168893212928	  (0, 0)	0.370114452885	  (0, 0)	0.104566547023
SNPs##PA14_52130_4623161_A_G_Y_Y	0.00075000814224	0.0168000127744	  (0, 0)	0.363151147297	  (0, 0)	0.123105859021
SNPs##PA14_70760,phoR_6301569_T_C_D_D	0.00074973135508	0.0169332737928	  (0, 0)	0.325948951939	  (0, 0)	0.222425301278
SNPs##PA14_59690_5311803_G_C_T_T	0.000749404110327	0.0167817385212	  (0, 0)	0.326928491678	  (0, 0)	0.235696873529
SNPs##PA14_00850_83756_C_A_S_S	0.000749304749348	0.0167729892512	  (0, 0)	0.322131516827	  (0, 0)	0.272447286629
SNPs##intergenic_2317762_C_T_none_none	0.000749109665986	0.0167371857952	  (0, 0)	0.329179864481	  (0, 0)	0.200664726638
SNPs##PA14_30900,trbJ_2683354_C_G_L_L	0.000748381891132	0.0168059686197	  (0, 0)	0.343965935766	  (0, 0)	0.196986285869
SNPs##intergenic_5414092_G_A_none_none	0.00074468641801	0.0167173385058	  (0, 0)	0.373399057808	  (0, 0)	0.136148454222
SNPs##PA14_08050_693282_G_A_S_N	0.000741609986872	0.0167866072943	  (0, 0)	0.361376502744	  (0, 0)	0.165276291937
SNPs##PA14_60000_5343073_G_T_P_P	0.00073597195492	0.0132975477842	  (0, 0)	0.358166010075	  (0, 0)	0.0228225629211
SNPs##PA14_07130,tktA_617754_C_T_G_G	0.000735969735618	0.016597793497	  (0, 0)	0.324117354629	  (0, 0)	0.0551190632767
SNPs##PA14_08050_693250_C_T_G_G	0.000735339671222	0.0154560219191	  (0, 0)	0.36221226201	  (0, 0)	0.157470695407
SNPs##PA14_15740,purL_1342391_T_C_R_R	0.000733822663394	0.0165011430004	  (0, 0)	0.341384686112	  (0, 0)	0.193539380407
SNPs##PA14_47100,ilvA2_4196880_T_C_E_E	0.00073005605012	0.0156170757649	  (0, 0)	0.311714006383	  (0, 0)	0.246068293245
SNPs##PA14_59990_5342373_C_G_L_V	0.000728487516029	0.0163617520915	  (0, 0)	0.340942981251	  (0, 0)	0.20377788557
