feature	score	std	#I-out-of-234	#O-out-of-148
SNPs##PA14_23260,gyrA_2015001_C_T_T_I	0.0013380731373	0.0185318733221	  (0, 0)	0.560119892215	  (0, 0)	0.044940138406
SNPs##PA14_65605,parC_5845617_G_A_S_L	0.000806521716123	0.0113651649652	  (0, 0)	0.46415842109	  (0, 0)	0.0157480863214
geneexp##PA14_07950,prtN	0.000746169681239	0.0123051187201	  (0, 0)	1379.29895245	  (0, 0)	764.12508533
geneexp##PA14_38410,amrB	0.000582647159445	0.00702717176529	  (0, 0)	1546.45186851	  (0, 0)	813.549792253
SNPs##PA14_40910_3649216_G_A_T_T	0.000516501873102	0.00944931583506	  (0, 0)	0.459684497245	  (0, 0)	0.174062691902
SNPs##intergenic_5414000_A_G_none_none	0.00051196849965	0.00937151626224	  (0, 0)	0.44575335742	  (0, 0)	0.0726931672631
SNPs##intergenic_2938454_C_G_none_none	0.000500937189345	0.00824001355787	  (0, 0)	0.420727132166	  (0, 0)	0.163608098434
SNPs##intergenic_5465037_G_C_none_none	0.000495397896488	0.00905825863375	  (0, 0)	0.455210739903	  (0, 0)	0.100123148449
genePA##,,group_4170	0.000493635351898	0.00876871881525	  (0, 0)	1.73310996939	  (0, 0)	0.0940956502106
SNPs##intergenic_4108777_T_C_none_none	0.000484531807969	0.00822249554019	  (0, 0)	0.466494229704	  (0, 0)	0.142929370641
SNPs##PA14_46810_4168978_A_G_R_R	0.000481690988327	0.00918640834146	  (0, 0)	0.38793453825	  (0, 0)	0.125838048516
SNPs##PA14_32790_2863173_T_C_I_T	0.000479175873325	0.00902093796986	  (0, 0)	0.425417891238	  (0, 0)	0.14791089739
SNPs##PA14_29390_2545629_G_C_S_T	0.000466894691718	0.00856205837032	  (0, 0)	0.420213415779	  (0, 0)	0.185100746937
SNPs##PA14_30910,trbE_2685717_G_T_T_T	0.000459940797834	0.00862451089361	  (0, 0)	0.390435634327	  (0, 0)	0.0304663011461
SNPs##PA14_40670,metH_3631437_T_C_A_A	0.000458932698355	0.00870687628148	  (0, 0)	0.452173312636	  (0, 0)	0.183559026706
SNPs##PA14_22680,yrbE_1972664_T_G_M_L	0.000453114172971	0.00719132414322	  (0, 0)	0.401210336095	  (0, 0)	0.0335765553805
SNPs##PA14_44920_4005631_C_G_N_K	0.00043833333103	0.0079092359785	  (0, 0)	0.428452669	  (0, 0)	0.173919272981
SNPs##PA14_17790_1529204_G_A_N_N	0.000436358620448	0.00802608146823	  (0, 0)	0.429414193642	  (0, 0)	0.0724620534302
SNPs##intergenic_5304163_T_C_none_none	0.000436245299258	0.00830444405094	  (0, 0)	0.465444372334	  (0, 0)	0.122120782096
SNPs##PA14_08120_697446_T_A_A_A	0.000434594059178	0.00806373940912	  (0, 0)	0.450963683424	  (0, 0)	0.174258023527
geneexp##PA14_38395	0.00042861860821	0.00477070500827	  (0, 0)	1315.27745467	  (0, 0)	654.923714736
geneexp##PA14_41280	0.000419460053756	0.0086941963268	  (0, 0)	1304.99690816	  (0, 0)	648.950741238
SNPs##PA14_23470,wbpM_2041865_C_T_L_F	0.000418155296233	0.0087907850216	  (0, 0)	0.451099684312	  (0, 0)	0.07929038304
SNPs##PA14_33410,opdJ_2940499_A_G_G_G	0.000415690216224	0.00767383067064	  (0, 0)	0.386277630573	  (0, 0)	0.156797809606
SNPs##PA14_22680,yrbE_1972480_A_T_L_Q	0.000405223133415	0.00741336542697	  (0, 0)	0.401210336095	  (0, 0)	0.0335765553805
SNPs##PA14_70070_6249697_T_C_Q_Q	0.000401864053011	0.00796283194218	  (0, 0)	0.432683501138	  (0, 0)	0.184983786122
SNPs##PA14_58050,pmbA_5164976_T_A_R_R	0.000400564929149	0.00778100087696	  (0, 0)	0.423606831109	  (0, 0)	0.184064485721
SNPs##PA14_08120_697469_G_A_R_Q	0.000399863417244	0.00901545400647	  (0, 0)	0.465386076665	  (0, 0)	0.155913810116
SNPs##PA14_38470,gnyH_3431385_C_G_V_V	0.000399321169908	0.00896088191546	  (0, 0)	0.442349720263	  (0, 0)	0.0601851543435
SNPs##PA14_66100_5888759_C_G_V_V	0.000398922877154	0.0082253443727	  (0, 0)	0.453579425125	  (0, 0)	0.176286244153
SNPs##intergenic_6376011_A_T_none_none	0.000390207996765	0.00872254310206	  (0, 0)	0.451414947698	  (0, 0)	0.164998164838
SNPs##PA14_30910,trbE_2685878_T_C_K_E	0.000389201415991	0.00874859370914	  (0, 0)	0.445504623738	  (0, 0)	0.0561940970564
geneexp##PA14_30850,trbI	0.000388129269474	0.0066181511934	  (0, 0)	781.392013707	  (0, 0)	293.028484244
SNPs##PA14_30970,bphR_2691686_C_T_A_A	0.000387638206899	0.0073190455967	  (0, 0)	0.446698137513	  (0, 0)	0.0929493331564
SNPs##intergenic_6312473_C_T_none_none	0.000386228353675	0.00745975257282	  (0, 0)	0.445463580807	  (0, 0)	0.112931028831
SNPs##PA14_63270,fabG_5646086_C_T_D_D	0.000384713967596	0.00764467967446	  (0, 0)	0.435385567691	  (0, 0)	0.0912095396388
SNPs##PA14_27890_2414709_A_G_R_R	0.000377413397113	0.00843623838609	  (0, 0)	0.3978814773	  (0, 0)	0.197173409545
SNPs##PA14_22680,yrbE_1972492_A_G_V_A	0.000370505692707	0.00898656070291	  (0, 0)	0.401210336095	  (0, 0)	0.0335765553805
SNPs##intergenic_2690671_T_C_none_none	0.000368520619464	0.00661368461072	  (0, 0)	0.402911179526	  (0, 0)	0.0518071138648
SNPs##PA14_27780,yadH_2409063_C_T_G_G	0.000364811075286	0.00820957280591	  (0, 0)	0.446738715705	  (0, 0)	0.0821861182468
SNPs##PA14_44910_4004552_G_T_K_N	0.00036196152813	0.00776302757662	  (0, 0)	0.428452669	  (0, 0)	0.173919272981
SNPs##PA14_69300_6180619_G_C_A_A	0.00036052544755	0.00783789964978	  (0, 0)	0.468994470798	  (0, 0)	0.17007210084
SNPs##PA14_49500_4401995_G_A_A_T	0.000358561021472	0.00785757347539	  (0, 0)	0.442144270988	  (0, 0)	0.0854336389181
SNPs##PA14_09210,pchA_780705_C_T_A_A	0.000357670748463	0.00801214053443	  (0, 0)	0.412582095939	  (0, 0)	0.138633203769
SNPs##PA14_08050_693040_G_A_E_E	0.000356273772826	0.0074353462918	  (0, 0)	0.444193309909	  (0, 0)	0.0767001332439
SNPs##PA14_23470,wbpM_2041921_C_G_V_V	0.000355184740167	0.00808228788544	  (0, 0)	0.451099684312	  (0, 0)	0.07929038304
SNPs##PA14_22680,yrbE_1972882_G_C_T_S	0.000352004872699	0.00676576420058	  (0, 0)	0.375273591821	  (0, 0)	0.0141052598056
SNPs##PA14_01840_168460_G_A_Q_Q	0.000351409111731	0.00742174658919	  (0, 0)	0.467569881697	  (0, 0)	0.160474022646
SNPs##intergenic_4266278_C_T_none_none	0.000350131202671	0.00794179072555	  (0, 0)	0.430115738006	  (0, 0)	0.089296867956
SNPs##PA14_30880,trbL_2681967_G_A_G_G	0.000349956756374	0.00783184618621	  (0, 0)	0.392592062207	  (0, 0)	0.033443364318
SNPs##PA14_20550_1768316_A_G_I_T	0.000349889405094	0.00783716650588	  (0, 0)	0.426772173013	  (0, 0)	0.156436467681
SNPs##PA14_62530,cbrA_5576955_T_C_T_T	0.000347168547413	0.00928728613733	  (0, 0)	0.460866608252	  (0, 0)	0.108871700493
SNPs##PA14_13150_1131553_A_G_A_A	0.000346977028399	0.00775547925499	  (0, 0)	0.419549832285	  (0, 0)	0.0515793473582
SNPs##PA14_18860_1626461_A_G_E_E	0.000344713248078	0.00772732135407	  (0, 0)	0.425610045123	  (0, 0)	0.0686008597568
SNPs##PA14_12150_1050513_A_G_T_A	0.000344515524535	0.0077356442123	  (0, 0)	0.429341131051	  (0, 0)	0.1692816641
SNPs##intergenic_2937468_G_A_none_none	0.000343685309652	0.00726044343262	  (0, 0)	0.424520950694	  (0, 0)	0.0419285945974
SNPs##PA14_31680_2753267_T_C_R_R	0.000343109253875	0.00777261326656	  (0, 0)	0.441827526525	  (0, 0)	0.156148471002
SNPs##PA14_30910,trbE_2685795_G_C_V_V	0.000341585389069	0.0077618605461	  (0, 0)	0.459181300553	  (0, 0)	0.0642696851323
SNPs##PA14_44910_4003988_C_T_Y_Y	0.00033812268906	0.00773300851718	  (0, 0)	0.434206305703	  (0, 0)	0.163838668823
SNPs##PA14_11140_969871_C_T_G_D	0.000336153201496	0.00752212764667	  (0, 0)	0.403693944402	  (0, 0)	0.0413558151588
SNPs##PA14_63880_5693551_G_T_A_S	0.000335988290576	0.00761469035898	  (0, 0)	0.446071341864	  (0, 0)	0.0683775975524
genePA##,,ptlF_3	0.000335929768177	0.0062516184311	  (0, 0)	1.80406407498	  (0, 0)	0.155060963469
SNPs##PA14_60730_5412705_C_T_V_I	0.000335308040969	0.00755534674244	  (0, 0)	0.43445356066	  (0, 0)	0.0805199733192
SNPs##PA14_47720,cobC_4246351_T_G_E_A	0.000334855598327	0.00748065432245	  (0, 0)	0.43215696708	  (0, 0)	0.0501989205637
SNPs##PA14_30850,trbI_2679299_C_T_K_K	0.000334382263173	0.0075975883539	  (0, 0)	0.38219910491	  (0, 0)	0.0411834907886
SNPs##PA14_59970_5340994_T_G_D_A	0.000334055477612	0.00753451711619	  (0, 0)	0.438938074541	  (0, 0)	0.215314361728
SNPs##PA14_30910,trbE_2685681_T_G_E_D	0.000333950096341	0.00624427846645	  (0, 0)	0.395973472321	  (0, 0)	0.0338468232864
SNPs##PA14_08050_693235_C_T_P_P	0.000333699725224	0.00746056484616	  (0, 0)	0.450056718082	  (0, 0)	0.0796860716908
SNPs##PA14_30910,trbE_2685669_G_A_H_H	0.000332815272796	0.00751090513926	  (0, 0)	0.403427677749	  (0, 0)	0.0409803891077
SNPs##PA14_23470,wbpM_2041897_C_G_S_S	0.000332431259319	0.00742631928252	  (0, 0)	0.451099684312	  (0, 0)	0.07929038304
SNPs##PA14_32790_2860042_G_A_Q_Q	0.000330847352354	0.00746712757327	  (0, 0)	0.448079686992	  (0, 0)	0.164616562269
SNPs##PA14_30960,traG_2689031_C_A_L_L	0.000330747097814	0.00658687863045	  (0, 0)	0.396967897252	  (0, 0)	0.0338468232864
SNPs##PA14_30860,trbG_2680534_C_T_E_E	0.000328735288507	0.00633674841772	  (0, 0)	0.40435994555	  (0, 0)	0.0331178937149
SNPs##PA14_30630,pqsH_2654853_C_T_G_G	0.000328600719961	0.00668874249929	  (0, 0)	0.436227664206	  (0, 0)	0.202558692715
SNPs##PA14_08050_692434_G_A_A_A	0.000328448530743	0.00735218923408	  (0, 0)	0.452375123211	  (0, 0)	0.0794246221541
SNPs##PA14_30900,trbJ_2683504_C_T_E_E	0.000326994578573	0.00535384654708	  (0, 0)	0.394674033338	  (0, 0)	0.0339839510933
SNPs##intergenic_2938456_C_T_none_none	0.000325498910342	0.00727144455784	  (0, 0)	0.418117356709	  (0, 0)	0.171106786521
SNPs##PA14_13150_1131427_C_T_T_T	0.000325497870727	0.00729627408558	  (0, 0)	0.420426282404	  (0, 0)	0.0548439020486
SNPs##intergenic_5414096_G_A_none_none	0.000324017442219	0.00731995509155	  (0, 0)	0.445282230762	  (0, 0)	0.0685226271286
SNPs##PA14_08120_697477_G_A_E_K	0.000322563895779	0.00750565691266	  (0, 0)	0.462578930748	  (0, 0)	0.159835392669
SNPs##PA14_31280_2721019_C_T_L_L	0.000321714262348	0.00520227068083	  (0, 0)	0.312002169121	  (0, 0)	0.0188059459273
SNPs##PA14_55640,sbcD_4958797_G_A_E_E	0.000321673623947	0.00721586476541	  (0, 0)	0.44886569565	  (0, 0)	0.15560633981
SNPs##PA14_27980,yjbN_2421263_C_T_V_V	0.000318851049047	0.00712568290837	  (0, 0)	0.41590574094	  (0, 0)	0.0793416082421
SNPs##PA14_42440,popD_3779782_A_G_V_A	0.000317536002413	0.00713481979873	  (0, 0)	0.392686338203	  (0, 0)	0.128578303835
SNPs##PA14_37900_3382563_G_A_Y_Y	0.000317531346955	0.00710260790358	  (0, 0)	0.379617916	  (0, 0)	0.090047079363
genePA##,,group_16647	0.00031714864547	0.0058672844961	  (0, 0)	1.79254666674	  (0, 0)	0.156172349047
SNPs##PA14_67190_5997487_G_A_S_S	0.000314916976332	0.00754252301931	  (0, 0)	0.441524716006	  (0, 0)	0.125140027614
SNPs##PA14_31070_2701476_G_A_I_I	0.000314570547601	0.00702761844337	  (0, 0)	0.381072273366	  (0, 0)	0.0259513236972
SNPs##PA14_08030_690764_G_A_E_E	0.000311691751064	0.00697062228889	  (0, 0)	0.382988018961	  (0, 0)	0.0626031844368
SNPs##PA14_31070_2701397_G_A_L_L	0.000311013829726	0.00697783354548	  (0, 0)	0.448643618207	  (0, 0)	0.0846161915295
SNPs##PA14_31070_2703099_C_T_R_R	0.000305527783314	0.00682754116074	  (0, 0)	0.389364591048	  (0, 0)	0.0339302125939
SNPs##PA14_20820_1793289_C_G_V_V	0.000302522426479	0.00675788146953	  (0, 0)	0.41042113749	  (0, 0)	0.133147875639
geneexp##PA14_08140,XR2	0.000302467437466	0.00465137110585	  (0, 0)	775.459692109	  (0, 0)	303.061907313
SNPs##intergenic_1332434_G_T_none_none	0.000301588776809	0.00726278712864	  (0, 0)	0.42089766072	  (0, 0)	0.133151960291
SNPs##PA14_40640,cti_3627900_G_A_R_R	0.00029983413937	0.00670265953628	  (0, 0)	0.395735721788	  (0, 0)	0.0599120664488
SNPs##PA14_30870,trbF_2680812_G_C_S_S	0.000299759377708	0.00593725805532	  (0, 0)	0.348843370739	  (0, 0)	0.0192027144574
SNPs##PA14_31530_2741824_A_G_A_A	0.000298832917386	0.00675750159381	  (0, 0)	0.385676931649	  (0, 0)	0.10864856948
SNPs##PA14_03720_333460_T_C_S_S	0.000298408636945	0.00666694021218	  (0, 0)	0.43522667884	  (0, 0)	0.202219528628
geneexp##PA14_61650,pagL	0.000298385431412	0.00554506347532	  (0, 0)	1692.52243422	  (0, 0)	996.438855319
SNPs##intergenic_5569548_C_A_none_none	0.000298129177536	0.00670266889339	  (0, 0)	0.443817914244	  (0, 0)	0.0581724884621
