feature	score	std	#I-out-of-293	#O-out-of-102
genePA##,,group_12802	0.00495559929759	0.024970230421	  (0, 0)	2.50325455612	  (0, 0)	0.0667184148639
genePA##PA14_51830,,dps2	0.00479603591811	0.023008843228	  (0, 0)	1.5453716885	  (0, 0)	1.19039884212
genePA##,,oprD_10	0.00288799421145	0.015870638906	  (0, 0)	2.45184734554	  (0, 0)	0.0688583457453
genePA##,,group_21979	0.00124254990616	0.00777710522917	  (0, 0)	0.382394367075	  (0, 0)	0.229086699407
genePA##PA14_67200,,hcpC_2	0.00123485453927	0.0104812986014	  (0, 0)	1.41725802781	  (0, 0)	0.82791932896
genePA##,,group_10295	0.00116162531852	0.00944485672653	  (0, 0)	2.16680680248	  (0, 0)	0.808902653105
genePA##PA14_69840,,comM	0.00115255745973	0.00949892059754	  (0, 0)	1.96039213855	  (0, 0)	0.945398565865
genePA##,,group_2348	0.00108812574318	0.00833065148462	  (0, 0)	1.24478093584	  (0, 0)	0.849872640028
genePA##,,group_7273	0.00102675572997	0.00725926894856	  (0, 0)	0.136436647915	  (0, 0)	0.264294395956
genePA##,,group_8404	0.000876850292739	0.00741344866814	  (0, 0)	0.88668110013	  (0, 0)	0.407481031506
genePA##,,pmfR	0.00085829635764	0.00802163855264	  (0, 0)	2.16701468085	  (0, 0)	0.815582532332
genePA##,,group_5329	0.000850434485303	0.00614512590598	  (0, 0)	0.287007838331	  (0, 0)	0.434210851564
genePA##,,group_8647	0.000847492598078	0.00619216409749	  (0, 0)	0.183869011503	  (0, 0)	0.221986033472
genePA##,,group_22099	0.000841756458056	0.00790494357605	  (0, 0)	0.65764708047	  (0, 0)	0.537221896805
genePA##,,gbsA_2	0.000836053834204	0.00674009269084	  (0, 0)	0.337092147724	  (0, 0)	0.298524574709
genePA##PA14_67220,,clsA	0.000834976672674	0.00852424310383	  (0, 0)	1.98747913797	  (0, 0)	0.878550819118
genePA##,,group_1761	0.000824815303591	0.00610874424576	  (0, 0)	0.0613754981708	  (0, 0)	0.257632107434
genePA##,,group_11181	0.000810059405812	0.00818944454047	  (0, 0)	2.06912714763	  (0, 0)	0.90286562501
genePA##,,group_9667	0.000793412841302	0.00751751335274	  (0, 0)	2.35546753436	  (0, 0)	0.743783007114
genePA##,,group_11274	0.000785680998657	0.00643932181679	  (0, 0)	2.33344957009	  (0, 0)	0.765050446731
genePA##PA14_38080,,group_10937	0.00078189366425	0.00691362688776	  (0, 0)	2.40216657613	  (0, 0)	0.899992281021
genePA##,,group_13721	0.000769332438881	0.0065602253303	  (0, 0)	0.405151717956	  (0, 0)	0.489372021841
genePA##,,xylA	0.000743635446849	0.00677635402404	  (0, 0)	2.36048633949	  (0, 0)	0.77121753119
genePA##,,hcaE	0.000737276524882	0.0076160313287	  (0, 0)	2.28645618636	  (0, 0)	0.77544328777
genePA##,,group_6194	0.00073406355956	0.00547352107358	  (0, 0)	0.235904267077	  (0, 0)	0.210821216422
genePA##PA14_18660,,ybjJ	0.000719146193757	0.00627728760632	  (0, 0)	1.54782922519	  (0, 0)	0.70208600029
genePA##,,group_2853	0.000701312220748	0.00592004890894	  (0, 0)	0.283591660793	  (0, 0)	0.243411611085
genePA##,,per1	0.000693793387607	0.00655896709571	  (0, 0)	2.28725757181	  (0, 0)	0.780800574147
genePA##,,group_6158	0.000685085015898	0.00613214938346	  (0, 0)	2.02042939026	  (0, 0)	0.589794878215
genePA##,,group_4131	0.00066896227267	0.00668667397154	  (0, 0)	2.18782906016	  (0, 0)	0.795581023052
genePA##PA14_46950,,glnQ_3	0.00066317241166	0.00636683720814	  (0, 0)	2.24885243145	  (0, 0)	0.831910305105
genePA##,,group_21749	0.000652451076983	0.00536864518817	  (0, 0)	0.265713520049	  (0, 0)	0.222030195325
genePA##,,group_20956	0.000650366467289	0.00635317001841	  (0, 0)	0.476531293211	  (0, 0)	0.452717561519
genePA##,,group_10568	0.000648648422248	0.00640596997351	  (0, 0)	1.27469579308	  (0, 0)	0.845889125901
genePA##,,vibB	0.000644937279218	0.0063680915083	  (0, 0)	2.27040470878	  (0, 0)	0.774276482166
genePA##PA14_46490,fabF2,group_6476	0.000640909925667	0.00655506927148	  (0, 0)	2.05319152627	  (0, 0)	0.83650076798
genePA##,,group_13184	0.000634125133364	0.00684146332117	  (0, 0)	2.02061524751	  (0, 0)	0.297233948781
genePA##,,group_314	0.000631363989783	0.00519659071943	  (0, 0)	0.121008693543	  (0, 0)	0.184631028022
genePA##PA14_64230,retS,barA_2	0.000631353051206	0.00670988331713	  (0, 0)	2.40330928001	  (0, 0)	0.785602559893
genePA##,,group_1252	0.000629925733286	0.00616871830323	  (0, 0)	2.36133748492	  (0, 0)	0.746787835796
genePA##,,group_4551	0.000629801466947	0.00587948431893	  (0, 0)	0.16029113188	  (0, 0)	0.32927216301
genePA##PA14_58570,piuA,group_8144	0.000628549697449	0.00639927867615	  (0, 0)	1.55534031208	  (0, 0)	0.792020790552
genePA##,,group_22079	0.00062790094904	0.00574768555078	  (0, 0)	1.23923041102	  (0, 0)	0.436490717055
genePA##,,group_16640	0.000616606534835	0.00618660427436	  (0, 0)	0.270084832399	  (0, 0)	0.222441999152
genePA##,,group_13431	0.000609654590564	0.0061926042491	  (0, 0)	0.898568922576	  (0, 0)	0.510770277407
genePA##,,group_18130	0.000603405147028	0.00530215311133		  (0, 0)	0.13979275883
genePA##,,group_17780	0.000603329792526	0.0049227159574	  (0, 0)	0.0272154948303	  (0, 0)	0.161974503734
genePA##PA14_59150,,group_4656	0.000599233747741	0.00607156429999	  (0, 0)	0.857381571555	  (0, 0)	0.475507763545
genePA##,,group_6433	0.000598043771419	0.00549426394174	  (0, 0)	0.350950171237	  (0, 0)	0.300723721658
genePA##,,group_8222	0.00059506744963	0.00729034480798	  (0, 0)	1.11981937424	  (0, 0)	0.67825724343
genePA##,,group_23872	0.00058339127803	0.00573289795259	  (0, 0)	0.326009047096	  (0, 0)	0.384050943777
genePA##PA14_40040,,group_2347	0.000583276262399	0.00574365150983	  (0, 0)	1.23741331952	  (0, 0)	0.859663336076
genePA##,,group_1345	0.000577797118498	0.00519945302134	  (0, 0)	0.190199721023	  (0, 0)	0.385420395949
genePA##,,group_6235	0.000572010235162	0.00537759030072	  (0, 0)	0.780152457743	  (0, 0)	0.333709418669
genePA##PA14_07460,,group_21313	0.000567531022924	0.00536012130185	  (0, 0)	0.550300365654	  (0, 0)	0.459558102516
genePA##PA14_39720,,puuB_10	0.000561798418745	0.005910531062	  (0, 0)	2.27540959365	  (0, 0)	0.770711828444
genePA##,,group_21375	0.000557104976705	0.00525675640244	  (0, 0)	0.377606217613	  (0, 0)	0.231860286918
genePA##,,group_16057	0.000556768119555	0.00650353795213	  (0, 0)	2.34556907951	  (0, 0)	0.751302081681
genePA##PA14_07450,,group_3549	0.000555041308984	0.00595554931856	  (0, 0)	1.36264236965	  (0, 0)	0.575265457412
genePA##PA14_72590,znuB,znuB_1	0.000554108472589	0.00586517905052	  (0, 0)	2.35911669625	  (0, 0)	0.788972505395
genePA##PA14_59210,,group_673	0.000550812277024	0.00562106131336	  (0, 0)	0.682669480291	  (0, 0)	0.474995817532
genePA##,,group_14647	0.000539830229842	0.00468798100531	  (0, 0)	0.284306676828	  (0, 0)	0.106133016253
genePA##,,group_10523	0.000533673505626	0.00498114827612	  (0, 0)	2.34059490959	  (0, 0)	0.771990733339
genePA##,,group_19797	0.000533334349259	0.0057805113556	  (0, 0)	2.29589200043	  (0, 0)	0.759512466396
genePA##PA14_40100,,group_8750	0.000533322432043	0.00534384016152	  (0, 0)	2.38619497537	  (0, 0)	0.616304064393
genePA##,,group_1353	0.00053322544841	0.00625045467849	  (0, 0)	0.981709486387	  (0, 0)	0.740498440892
genePA##PA14_07400,,group_3259	0.000527802852285	0.0053085967289	  (0, 0)	1.44545375767	  (0, 0)	0.594140199629
genePA##PA14_56170,,group_1137	0.000527654318232	0.00511201570322	  (0, 0)	2.37294832564	  (0, 0)	0.818353429825
genePA##PA14_02300,fabG,group_11004	0.000524839497873	0.00696582350971	  (0, 0)	1.18796931389	  (0, 0)	0.576756543304
genePA##,,group_4704	0.000523627261916	0.00494361990329	  (0, 0)	1.28350530902	  (0, 0)	0.614303311083
genePA##PA14_33340,,cas3	0.000521140855492	0.00535514714691	  (0, 0)	1.38268777939	  (0, 0)	0.706891073694
genePA##,,group_3019	0.000520785415488	0.00543149926549	  (0, 0)	0.116997205143	  (0, 0)	0.278450961143
genePA##,,group_6217	0.000520522687904	0.00521996687533	  (0, 0)	0.819378027454	  (0, 0)	0.39112431852
genePA##PA14_10350,,cvaA	0.00052032327349	0.00600921227645	  (0, 0)	2.24877558428	  (0, 0)	0.847399805875
genePA##,,group_1560	0.000511529256769	0.00445266567058	  (0, 0)	0.145185621088	  (0, 0)	0.286036937541
genePA##PA14_48200,,paaF_3	0.000510930478222	0.0054821847643	  (0, 0)	2.35877984717	  (0, 0)	0.810928143404
genePA##PA14_55230,,group_8124	0.00050708871039	0.00595333228843	  (0, 0)	2.35306743188	  (0, 0)	0.779259438133
genePA##,,group_2094	0.000505942906355	0.00512329531285	  (0, 0)	0.22538789549	  (0, 0)	0.20869845783
genePA##,,group_265	0.00050408873466	0.00536448808697	  (0, 0)	2.06724347108	  (0, 0)	0.332746246273
genePA##PA14_34520,srpM,cmpB_1	0.000503706303928	0.00539954244245	  (0, 0)	2.35646232551	  (0, 0)	0.784599130509
genePA##,,group_6240	0.00050070614101	0.00558307039231	  (0, 0)	0.702602683049	  (0, 0)	0.314381954441
genePA##,,group_9504	0.000500460341903	0.00550760716234	  (0, 0)	0.297007512788	  (0, 0)	0.305084920802
genePA##,,actP_2	0.000495486016122	0.00462563556287	  (0, 0)	2.33371653901	  (0, 0)	0.76510199359
genePA##,,group_14361	0.000495281169663	0.00459138688387	  (0, 0)	0.257007400459	  (0, 0)	0.17918866829
genePA##,,group_1601	0.000494911604528	0.00544329975049	  (0, 0)	1.20207640845	  (0, 0)	0.664044506402
genePA##,,group_284	0.000494059502477	0.00574941328074	  (0, 0)	0.791736210586	  (0, 0)	0.547555949691
genePA##,,group_5116	0.000489620946652	0.00485409447634	  (0, 0)	0.568866320012	  (0, 0)	0.307382059612
genePA##,,group_7213	0.00048690653538	0.00460076687755	  (0, 0)	0.73209875479	  (0, 0)	0.343284930355
genePA##,,group_874	0.000486463766771	0.0054179291338		  (0, 0)	0.149870610563
genePA##PA14_36290,yncB,curA	0.00048479216653	0.00531394117001	  (0, 0)	2.35920380622	  (0, 0)	0.829890250027
genePA##PA14_35950,,gno_2	0.000483473090011	0.00559978488237	  (0, 0)	2.34291736996	  (0, 0)	0.762227924362
genePA##,,group_10027	0.000481183288205	0.00521614930064	  (0, 0)	0.65764708047	  (0, 0)	0.537221896805
genePA##PA14_48970,,group_1095	0.000480816958693	0.00475219757042	  (0, 0)	0.973638424059	  (0, 0)	0.50096299163
genePA##,,group_2777	0.000479550207092	0.00493664642404	  (0, 0)	0.340837939603	  (0, 0)	0.268615626253
genePA##PA14_51170,pauA,group_7892	0.000478675935833	0.00560344759282	  (0, 0)	2.39166113438	  (0, 0)	0.812061248918
genePA##PA14_33440,,group_20023	0.000469442545958	0.00539417638915	  (0, 0)	2.35547136299	  (0, 0)	0.804408238005
genePA##,,fliF	0.000469383521195	0.00496463097969	  (0, 0)	2.27590573484	  (0, 0)	0.766029291197
genePA##,,group_2674	0.000467753161568	0.00462043400614	  (0, 0)	0.7475040291	  (0, 0)	0.42892835174
genePA##PA14_34440,mtlR,btr_6	0.000467731922279	0.00555651620576	  (0, 0)	2.36156012407	  (0, 0)	0.771605305865
genePA##PA14_07740,pdxA,pdxA1	0.000466809450736	0.00594540088738	  (0, 0)	2.37149180888	  (0, 0)	0.814934799629
