feature	score	std	#I-out-of-617	#O-out-of-13715
seq_6_gram##CGACTA	0.000849687870275	0.00132014079732	  (0, 0)	0.122089270365	  (0, 0)	2.65501554346
seq_6_gram##GGTCCC	0.000790300962212	0.00186469540428	  (0, 0)	0.0831362713809	  (0, 0)	1.79217334515
seq_6_gram##GGCGGC	0.000703842520517	0.00133967225767	  (0, 0)	1.32570952367	  (0, 0)	29.423673646
seq_6_gram##CCCCCC	0.000701146473096	0.0015401150912	  (0, 0)	0.0448424631177	  (0, 0)	0.939819219733
seq_6_gram##CGCCGA	0.000685095164329	0.00126712807995	  (0, 0)	1.26598402274	  (0, 0)	27.775155642
seq_6_gram##ACGCTC	0.000666922172331	0.0015101762439	  (0, 0)	0.146162307592	  (0, 0)	3.28397414273
seq_6_gram##ATCGGC	0.000660857795751	0.00157350569763	  (0, 0)	0.563445049096	  (0, 0)	12.33988105
seq_6_gram##GCCGGC	0.000653342116052	0.00119117547711	  (0, 0)	1.55497621817	  (0, 0)	34.3235813551
seq_6_gram##CTGCGG	0.000650694030904	0.00139656433642	  (0, 0)	0.39783329774	  (0, 0)	8.80982054419
seq_6_gram##GGCGTT	0.000650353642295	0.00139074533614	  (0, 0)	0.380920809193	  (0, 0)	8.43681566672
seq_6_gram##CGGGGC	0.00063938006995	0.00114214071883	  (0, 0)	0.264547466522	  (0, 0)	5.85214149033
seq_6_gram##CCAGGC	0.000637753070208	0.00140487173577	  (0, 0)	1.01523726513	  (0, 0)	22.4145453131
seq_6_gram##TCGGCC	0.000633943067436	0.00131129730438	  (0, 0)	0.732976788818	  (0, 0)	16.1049802331
seq_6_gram##CGGCGC	0.000632407226018	0.00122593169015	  (0, 0)	1.43833270327	  (0, 0)	31.8529083699
seq_6_gram##GCGCCG	0.000631078470248	0.00124811124838	  (0, 0)	1.4282581637	  (0, 0)	31.5862052981
seq_6_gram##GCGCAG	0.000629730029558	0.00125125868632	  (0, 0)	0.826973086221	  (0, 0)	18.2646445928
seq_6_gram##CTGGCC	0.000625061137325	0.00134124535619	  (0, 0)	0.943737868483	  (0, 0)	20.7083417257
seq_6_gram##CCGGCG	0.000614222694625	0.00134479362138	  (0, 0)	1.32075078587	  (0, 0)	29.0695182542
seq_6_gram##CTGGCG	0.000603047042265	0.00144739719626	  (0, 0)	1.00644066497	  (0, 0)	22.2962530122
seq_6_gram##GCGCGG	0.000602130015854	0.00135897799195	  (0, 0)	0.967365482792	  (0, 0)	21.3753830551
seq_6_gram##TCGGCG	0.000601724899067	0.00119171311714	  (0, 0)	1.27294599791	  (0, 0)	28.0657668
seq_6_gram##CCAGCG	0.000596732456255	0.00131436275501	  (0, 0)	0.913839349535	  (0, 0)	20.203199926
seq_6_gram##GGGGGC	0.000595688467949	0.00122855555873	  (0, 0)	0.117224296298	  (0, 0)	2.52017197431
seq_6_gram##AGCGGC	0.000592025289539	0.00131379449358	  (0, 0)	0.647671852411	  (0, 0)	14.2478622252
seq_6_gram##TCGCCG	0.00058743294357	0.00123878915813	  (0, 0)	1.28134508187	  (0, 0)	28.0172823375
seq_6_gram##GGCGCC	0.00058602046359	0.00124623055468	  (0, 0)	1.07994115204	  (0, 0)	23.8993617788
seq_6_gram##GGCGTC	0.000584785424613	0.00127587975299	  (0, 0)	0.499796495036	  (0, 0)	10.9387628782
seq_6_gram##CGCCAG	0.000583650870467	0.00115400901763	  (0, 0)	0.99286070472	  (0, 0)	22.0224684625
seq_6_gram##CCGCAG	0.000581843566177	0.00160291462697	  (0, 0)	0.396003298039	  (0, 0)	8.74040201265
seq_6_gram##CGCGCC	0.000576913964645	0.00120829806348	  (0, 0)	1.04416591066	  (0, 0)	23.037059889
seq_6_gram##CGCCGG	0.000571641035568	0.0013195420779	  (0, 0)	1.32051231511	  (0, 0)	29.1512234718
seq_6_gram##CGGGGG	0.00056644713147	0.00119773881663	  (0, 0)	0.112627510252	  (0, 0)	2.47065129659
seq_6_gram##CGTTGG	0.000564569085562	0.00128057575085	  (0, 0)	0.189474130163	  (0, 0)	4.21516697947
seq_6_gram##CGGCGG	0.000560388978084	0.00128195769839	  (0, 0)	1.18498629507	  (0, 0)	26.1651713988
seq_6_gram##CGAGGT	0.000559737617777	0.00145516701073	  (0, 0)	0.354812828929	  (0, 0)	7.79593802863
seq_6_gram##CCTGGC	0.00055379346176	0.00134178385935	  (0, 0)	0.961459724755	  (0, 0)	21.0853440965
seq_6_gram##CAGCCA	0.000551044715849	0.00121234995239	  (0, 0)	0.381910763371	  (0, 0)	8.44869023507
seq_6_gram##CCGCGC	0.000549516482455	0.00138751175515	  (0, 0)	0.958646052231	  (0, 0)	21.1978089135
seq_6_gram##GCCGGG	0.000548599560642	0.00124835944475	  (0, 0)	0.723620393296	  (0, 0)	15.8501856237
seq_6_gram##GGGTGC	0.000548221011179	0.00138441102341	  (0, 0)	0.242418817731	  (0, 0)	5.32856808517
seq_6_gram##CGCAGG	0.000546755962595	0.00130151703832	  (0, 0)	0.568202967311	  (0, 0)	12.4724734265
seq_6_gram##GCCAGC	0.000545928308309	0.00123262085895	  (0, 0)	1.0296407072	  (0, 0)	22.8487847549
seq_6_gram##TCAGCG	0.000545795576029	0.00138903367759	  (0, 0)	0.444429379408	  (0, 0)	9.85978402558
seq_6_gram##CAGCGC	0.000545400441559	0.00117103631219	  (0, 0)	1.00996785947	  (0, 0)	22.420024197
seq_6_gram##CCGGCC	0.000545012474885	0.00125643441219	  (0, 0)	0.828914771129	  (0, 0)	18.1666370565
seq_6_gram##GCGTTG	0.000544852509619	0.00117510264785	  (0, 0)	0.303331829577	  (0, 0)	6.63052286848
seq_6_gram##CAGGCC	0.000538819421299	0.00121590015162	  (0, 0)	0.895888465772	  (0, 0)	19.7053998339
seq_6_gram##ATCACC	0.000538351063619	0.00128386652044	  (0, 0)	0.352091328349	  (0, 0)	7.75473608688
seq_6_gram##GGCTGG	0.000534469769235	0.00130245335804	  (0, 0)	0.587361447087	  (0, 0)	12.9242185721
seq_6_gram##CTCGCC	0.000533190440978	0.00122156512878	  (0, 0)	0.679582834699	  (0, 0)	14.9299401338
seq_6_gram##AGACAG	0.000523822077971	0.00159664926623	  (0, 0)	0.0412337841519	  (0, 0)	0.911284452021
seq_6_gram##GGCCCG	0.000522781558246	0.0012707446438	  (0, 0)	0.345177191432	  (0, 0)	7.63029676757
seq_6_gram##GGCCAG	0.000522249334953	0.00110892822304	  (0, 0)	0.940813533001	  (0, 0)	20.8005782214
seq_6_gram##GCGCGC	0.000522224406443	0.00119820756492	  (0, 0)	1.11601815535	  (0, 0)	24.6350757756
seq_6_gram##GACCCT	0.000519737169107	0.00153116399504	  (0, 0)	0.202732552502	  (0, 0)	4.4369706299
seq_6_gram##GGGGGG	0.000518132213698	0.00116722884757	  (0, 0)	0.0451964025283	  (0, 0)	0.971843670072
seq_6_gram##GCGGCG	0.000517500225486	0.00108862433295	  (0, 0)	1.44828709127	  (0, 0)	32.0417146151
seq_6_gram##AGCCAC	0.000514119197785	0.00113629078911	  (0, 0)	0.151010716475	  (0, 0)	3.38568512009
seq_6_gram##AGCCCG	0.000512896262841	0.00133992034811	  (0, 0)	0.277282478304	  (0, 0)	6.11089431361
seq_6_gram##CGCGGG	0.000510213035053	0.001248251897	  (0, 0)	0.433319346395	  (0, 0)	9.53683380852
seq_6_gram##CTGGCT	0.000509588617519	0.00124486687952	  (0, 0)	0.337607941482	  (0, 0)	7.49967732049
seq_6_gram##GCCGCG	0.000508033489089	0.00118586110619	  (0, 0)	1.01929272887	  (0, 0)	22.4316775932
seq_6_gram##GGCATC	0.000507895243195	0.00126010704567	  (0, 0)	0.42059323872	  (0, 0)	9.23918008992
seq_6_gram##GGTCGG	0.000507797113902	0.00128271441999	  (0, 0)	0.499432282065	  (0, 0)	10.8779191708
seq_6_gram##GCCAGG	0.000507458710289	0.00104988069416	  (0, 0)	0.958887050845	  (0, 0)	21.2200184453
seq_6_gram##GCTGGC	0.000505724547097	0.00117242212087	  (0, 0)	1.05230589528	  (0, 0)	23.1991185798
seq_6_gram##TGCGGC	0.000503570032234	0.00114783928067	  (0, 0)	0.39933877459	  (0, 0)	8.81668565407
seq_6_gram##CGGGCC	0.000501552103557	0.0013106489946	  (0, 0)	0.348700090313	  (0, 0)	7.73970035234
seq_6_gram##GCGGAT	0.000500546008696	0.00133034512055	  (0, 0)	0.406865801081	  (0, 0)	8.99182493134
seq_6_gram##CTCGGC	0.000500048157148	0.00122596987879	  (0, 0)	0.897720537689	  (0, 0)	19.8435315987
seq_6_gram##GGGCGT	0.00049785840944	0.00131811771116	  (0, 0)	0.300827983508	  (0, 0)	6.65764561143
seq_6_gram##TCCAGC	0.000496431295698	0.00118349620149	  (0, 0)	0.597034528806	  (0, 0)	13.143200174
seq_6_gram##GCCCGA	0.000495492109098	0.00122977228364	  (0, 0)	0.226156116002	  (0, 0)	4.98600897277
seq_6_gram##CGCACC	0.000494924044423	0.00120787337041	  (0, 0)	0.358448694396	  (0, 0)	7.990611863
seq_6_gram##TGGTCG	0.000494718412092	0.00129294461889	  (0, 0)	0.496332705585	  (0, 0)	10.8564732968
seq_6_gram##CCGCAC	0.000492596133031	0.00128848389904	  (0, 0)	0.229251403173	  (0, 0)	5.0714160199
seq_6_gram##CCTCGA	0.000492280750622	0.00119714311217	  (0, 0)	0.495326898629	  (0, 0)	10.9835070514
seq_6_gram##GCACCA	0.000491597599889	0.00128048034443	  (0, 0)	0.330898895479	  (0, 0)	7.37406620771
seq_6_gram##CCGCTG	0.000491481746601	0.00131345016381	  (0, 0)	0.68656697096	  (0, 0)	15.2916954244
seq_6_gram##CTGCGC	0.000488192977974	0.00115793450165	  (0, 0)	0.807477525649	  (0, 0)	18.0070911055
seq_6_gram##CCTCGC	0.000487237112261	0.00116846661687	  (0, 0)	0.505583325703	  (0, 0)	11.1635044147
seq_6_gram##GACGCT	0.00048638985619	0.00136235993794	  (0, 0)	0.207668150997	  (0, 0)	4.5916931946
seq_6_gram##CGCAGC	0.000484654137547	0.00111380099851	  (0, 0)	0.595549785207	  (0, 0)	13.1468590434
seq_6_gram##CCGACG	0.000483624630407	0.00129442682358	  (0, 0)	0.460881242753	  (0, 0)	10.1174766664
seq_6_gram##TCCTGC	0.000482849647797	0.00121454326413	  (0, 0)	0.365729722209	  (0, 0)	8.1468573954
seq_6_gram##ACCCGG	0.000481233261066	0.00133494791271	  (0, 0)	0.276547562963	  (0, 0)	6.12303029191
seq_6_gram##GGCCAT	0.000480413130656	0.0012025103112	  (0, 0)	0.339019309614	  (0, 0)	7.46639363679
seq_6_gram##CGGCGA	0.000478882002577	0.00112228662254	  (0, 0)	1.27150412917	  (0, 0)	27.9690333337
seq_6_gram##TGGCGC	0.000478378998175	0.00117331905946	  (0, 0)	0.778102542627	  (0, 0)	17.3601108272
seq_6_gram##CCTGCT	0.000478182680193	0.00127778440898	  (0, 0)	0.681420545897	  (0, 0)	15.2400637387
seq_6_gram##AGCGCC	0.000477839513602	0.00104887787885	  (0, 0)	0.784442562082	  (0, 0)	17.472804264
seq_6_gram##CTTCGG	0.000476746771623	0.00127147361188	  (0, 0)	0.350413534522	  (0, 0)	7.7344130131
seq_6_gram##CCGCCT	0.000475098528691	0.00126270332709	  (0, 0)	0.488042709322	  (0, 0)	10.7979899358
seq_6_gram##CGGCCA	0.000474882966145	0.0011161217336	  (0, 0)	0.783628532012	  (0, 0)	17.2759969566
seq_6_gram##CGCGGC	0.000474087957793	0.00105819402562	  (0, 0)	1.01136172529	  (0, 0)	22.3079579158
seq_6_gram##GATGCG	0.000473971172194	0.00111796050362	  (0, 0)	0.317761038631	  (0, 0)	7.08567100957
seq_6_gram##CCGAAG	0.000472431916702	0.00129403044031	  (0, 0)	0.351049757992	  (0, 0)	7.72238652423
seq_6_gram##TGGGCG	0.000471426506199	0.00129605698036	  (0, 0)	0.445809057426	  (0, 0)	9.99017276573
seq_6_gram##CTTCGT	0.000470674956582	0.00126083012675	  (0, 0)	0.227255368851	  (0, 0)	5.06542503022
seq_6_gram##GTCGCC	0.000470560109444	0.00130002896796	  (0, 0)	0.660139285619	  (0, 0)	14.495465164
