feature	score	std	#I-out-of-10267	#O-out-of-5573
seq_6_gram##GGGGGG	0.000756956698427	0.000604741956916	  (0, 0)	0.726483729761	  (0, 0)	0.397660303885
seq_6_gram##GCCGGC	0.000590204569242	0.00082855610666	  (0, 0)	25.3275283756	  (0, 0)	14.10081087
seq_6_gram##GCGGCG	0.000576737989427	0.000865799196146	  (0, 0)	23.5249798089	  (0, 0)	13.2127902821
seq_6_gram##CGCGGC	0.000554692039723	0.000896677372723	  (0, 0)	16.4136043635	  (0, 0)	9.15818019593
seq_6_gram##AGGCGC	0.000550919582461	0.00132933068102	  (0, 0)	12.2170448449	  (0, 0)	6.87959894098
seq_6_gram##CCGGCG	0.000540926722857	0.000684830343012	  (0, 0)	21.4395439219	  (0, 0)	11.9570907548
seq_6_gram##CCCAGG	0.000540278046882	0.0011981465445	  (0, 0)	7.80107057716	  (0, 0)	4.36049398728
seq_6_gram##GCGCCG	0.000536690337414	0.000916150114321	  (0, 0)	23.2141178887	  (0, 0)	13.0216670556
seq_6_gram##CCAGGC	0.000527437423266	0.000966497837343	  (0, 0)	16.48144778	  (0, 0)	9.25516920258
seq_6_gram##CCAATC	0.000522998392189	0.00140535711977	  (0, 0)	1.17969025968	  (0, 0)	0.567693905653
seq_6_gram##GGCGCC	0.000511584422033	0.00100225046945	  (0, 0)	17.531520725	  (0, 0)	9.86611373321
seq_6_gram##GCGCGG	0.000510154289071	0.00101437236568	  (0, 0)	15.7429541694	  (0, 0)	8.77541842578
seq_6_gram##CGCCGG	0.000492114275554	0.000716230610365	  (0, 0)	21.4825310576	  (0, 0)	11.9740651101
seq_6_gram##TCCTGA	0.000491337019328	0.00137247822699	  (0, 0)	1.83368329895	  (0, 0)	0.911090460954
seq_6_gram##CAGCGG	0.000490636519173	0.00113095180932	  (0, 0)	11.289467994	  (0, 0)	6.33590810417
seq_6_gram##CGCGCT	0.000489324758082	0.0010239663542	  (0, 0)	9.70511945607	  (0, 0)	5.27357590249
seq_6_gram##CGCCGC	0.000485495400978	0.00068287429422	  (0, 0)	23.4708226608	  (0, 0)	13.005602167
seq_6_gram##CCCGGG	0.000476058988239	0.000846547462194	  (0, 0)	3.36459115182	  (0, 0)	1.88937864969
seq_6_gram##CCCATG	0.000475690858592	0.00105864403272	  (0, 0)	2.79797720459	  (0, 0)	1.54962117415
seq_6_gram##GCGCGC	0.000475021789194	0.000573941458775	  (0, 0)	18.1916884447	  (0, 0)	10.0990799227
seq_6_gram##GGCGGC	0.000474385736491	0.000580862775344	  (0, 0)	21.6758488191	  (0, 0)	12.1133471525
seq_6_gram##CAGGCC	0.000464262012733	0.000950700575561	  (0, 0)	14.4977302976	  (0, 0)	8.12981677411
seq_6_gram##TGTCCC	0.000457919995088	0.000614815792057	  (0, 0)	1.47364549239	  (0, 0)	0.790559808949
seq_6_gram##CATCAT	0.00045518827591	0.00138628449118	  (0, 0)	2.11171229944	  (0, 0)	1.04493506263
seq_6_gram##CGGCGC	0.000455175286787	0.000572935208618	  (0, 0)	23.5204873933	  (0, 0)	13.0587708967
seq_6_gram##CAGGGC	0.000449322587363	0.000861761010589	  (0, 0)	11.1053726223	  (0, 0)	6.25637854493
seq_6_gram##CGGCGG	0.000439961360821	0.000659906575351	  (0, 0)	19.2378341399	  (0, 0)	10.7870775514
seq_6_gram##GCCGCC	0.000439060076148	0.000588102154678	  (0, 0)	21.5518486324	  (0, 0)	11.880181107
seq_6_gram##CGCCGA	0.000435960293541	0.000680002864379	  (0, 0)	20.4765510941	  (0, 0)	11.4213944829
seq_6_gram##GAGCCC	0.000433784462991	0.000826100269419	  (0, 0)	2.35562729353	  (0, 0)	1.31166060992
seq_6_gram##GCCAGG	0.000433621991797	0.000630247118673	  (0, 0)	15.6193799896	  (0, 0)	8.7518555787
seq_6_gram##CCGGTG	0.000431741107166	0.000771047368432	  (0, 0)	7.12037411184	  (0, 0)	3.97646011316
seq_6_gram##GGCCAG	0.000430909256146	0.00077808602318	  (0, 0)	15.3458977763	  (0, 0)	8.5515241124
seq_6_gram##GCAGGC	0.00042734675642	0.000858640224092	  (0, 0)	13.9848879974	  (0, 0)	7.86330656765
seq_6_gram##GCCGAG	0.000420196539468	0.000753346180616	  (0, 0)	14.6556317469	  (0, 0)	8.21791964157
seq_6_gram##CCGCCG	0.000417359184445	0.00060005493838	  (0, 0)	19.3132070749	  (0, 0)	10.7067482759
seq_6_gram##CGCGCC	0.000416867989259	0.000592091890676	  (0, 0)	17.0743773329	  (0, 0)	9.43394404089
seq_6_gram##AGGCCT	0.000416450987369	0.000721617921964	  (0, 0)	4.78759708385	  (0, 0)	2.66634787831
seq_6_gram##CGGGGG	0.000416407374151	0.000773757043795	  (0, 0)	1.81680822773	  (0, 0)	1.02163271878
seq_6_gram##CCGGCC	0.000414106458612	0.000607531006242	  (0, 0)	13.4381976956	  (0, 0)	7.4675155638
seq_6_gram##CACCGG	0.00041322746137	0.000724840158389	  (0, 0)	7.08252445146	  (0, 0)	3.93679560003
seq_6_gram##CGGGGC	0.000409485834601	0.000640603356691	  (0, 0)	4.2977540949	  (0, 0)	2.40739548237
seq_6_gram##AGCGGC	0.00040946148745	0.000787463699016	  (0, 0)	10.5220826313	  (0, 0)	5.86158387854
seq_6_gram##TGCGGC	0.000409028999792	0.000572499347099	  (0, 0)	6.55862915554	  (0, 0)	3.59638264757
seq_6_gram##CCAGGG	0.000408785899753	0.000762380814335	  (0, 0)	9.64199768736	  (0, 0)	5.43275675362
seq_6_gram##CAGCGC	0.000407207435894	0.000618028791361	  (0, 0)	16.6111945478	  (0, 0)	9.19149092936
seq_6_gram##GGGCAC	0.000407183906034	0.000698292762831	  (0, 0)	2.60962580491	  (0, 0)	1.41759089826
seq_6_gram##CAATCT	0.00040473515312	0.00120499514039	  (0, 0)	0.810203210954	  (0, 0)	0.384834186339
seq_6_gram##GCAGGG	0.000403986217873	0.00109281925386	  (0, 0)	7.14329105999	  (0, 0)	4.05895549512
seq_6_gram##TCGAGG	0.000402552667263	0.000947596517534	  (0, 0)	8.14103267243	  (0, 0)	4.54676960006
seq_6_gram##TTCGCA	0.000402462224504	0.000942652120323	  (0, 0)	1.3247588531	  (0, 0)	0.699426841118
seq_6_gram##CAGCAG	0.000401689448236	0.000810128047634	  (0, 0)	13.8781662417	  (0, 0)	7.83408144521
seq_6_gram##CCTGGC	0.000401673057759	0.000599458530417	  (0, 0)	15.5886097015	  (0, 0)	8.66005097387
seq_6_gram##TCGGCG	0.000401046500969	0.00059365015761	  (0, 0)	20.7297705056	  (0, 0)	11.5135972761
seq_6_gram##CGCGCG	0.000400546057574	0.000591498856811	  (0, 0)	11.571159908	  (0, 0)	6.41135560309
seq_6_gram##GGCGAC	0.000400226336725	0.000770612230026	  (0, 0)	10.6240221944	  (0, 0)	5.92986087624
seq_6_gram##CCGCGG	0.000400071013765	0.000599045078465	  (0, 0)	8.51435858315	  (0, 0)	4.7415556874
seq_6_gram##GCCAGC	0.000399880924277	0.000607617814864	  (0, 0)	16.8984332011	  (0, 0)	9.37256866146
seq_6_gram##GCGGGG	0.000399712920821	0.000760187261372	  (0, 0)	3.8027041164	  (0, 0)	2.13015486128
seq_6_gram##TCGCCG	0.000399341596322	0.000618022497902	  (0, 0)	20.7794051067	  (0, 0)	11.4590724393
seq_6_gram##CCAGCT	0.000398682098175	0.000726136550209	  (0, 0)	5.79872888844	  (0, 0)	3.18594219796
seq_6_gram##GGCGCG	0.000397876307849	0.00052854115279	  (0, 0)	17.086227908	  (0, 0)	9.4939157656
seq_6_gram##CCGCGC	0.000397060749635	0.000643583949426	  (0, 0)	15.7009307904	  (0, 0)	8.67664102771
seq_6_gram##GCCGCG	0.000395722688452	0.000586353449152	  (0, 0)	16.5794106132	  (0, 0)	9.20447749146
seq_6_gram##GGGCCG	0.000393752377967	0.000741808554355	  (0, 0)	6.27346666099	  (0, 0)	3.53482009135
seq_6_gram##GGCATC	0.000390477165886	0.000719665074815	  (0, 0)	6.94747138653	  (0, 0)	3.73257460173
seq_6_gram##CGGCCG	0.000389996710107	0.000591657552958	  (0, 0)	12.2387257839	  (0, 0)	6.78846944151
seq_6_gram##CGACGG	0.000389526282717	0.000929284545973	  (0, 0)	7.07548609559	  (0, 0)	3.95579191065
seq_6_gram##CCCGGC	0.000387990828817	0.000570076462098	  (0, 0)	11.6281490111	  (0, 0)	6.45918231977
seq_6_gram##GCAGCC	0.000386851690475	0.000639347604546	  (0, 0)	7.4878499611	  (0, 0)	4.11593822574
seq_6_gram##CCCCGC	0.000386092677698	0.00063203008915	  (0, 0)	3.76707794568	  (0, 0)	2.05681116807
seq_6_gram##CGGCAG	0.000385400387896	0.000677386079848	  (0, 0)	11.1087024917	  (0, 0)	6.20127746428
seq_6_gram##TGGTCG	0.000385120123714	0.000634045805203	  (0, 0)	8.09129697259	  (0, 0)	4.41845506781
seq_6_gram##GCTGCG	0.000384837519879	0.000673056917792	  (0, 0)	9.77961631551	  (0, 0)	5.35105282467
seq_6_gram##TCGGCC	0.000384824499049	0.000647157078363	  (0, 0)	11.9635348115	  (0, 0)	6.58382199698
seq_6_gram##TCCCGG	0.000384717870138	0.000680892949994	  (0, 0)	3.96259898347	  (0, 0)	2.18824900093
seq_6_gram##CTGGCG	0.000383154158612	0.000592034793164	  (0, 0)	16.4668175432	  (0, 0)	9.14745938195
seq_6_gram##GGGGCG	0.000382260977081	0.000645390488757	  (0, 0)	4.54000508145	  (0, 0)	2.55374104503
seq_6_gram##CAGCTG	0.000382194404313	0.000666598064452	  (0, 0)	3.00922283888	  (0, 0)	1.62060449591
seq_6_gram##CGGGTC	0.000381976494544	0.000921106801662	  (0, 0)	5.2487886774	  (0, 0)	2.96528498345
seq_6_gram##CGGCGA	0.000381885374799	0.000516991961372	  (0, 0)	20.5808131421	  (0, 0)	11.5097611873
seq_6_gram##GCCCAA	0.000381132625094	0.000994366317073	  (0, 0)	1.67938343642	  (0, 0)	0.849453616475
seq_6_gram##GCGCAG	0.000380547503757	0.000635747560221	  (0, 0)	13.4791613583	  (0, 0)	7.48910799644
seq_6_gram##GTCGAC	0.00038002198964	0.000698271854424	  (0, 0)	6.28657414192	  (0, 0)	3.50392342808
seq_6_gram##CACGCC	0.000379487332601	0.000678808192382	  (0, 0)	6.64626824244	  (0, 0)	3.68132225807
seq_6_gram##GGCCGG	0.000379321830133	0.000596853172712	  (0, 0)	13.5026344662	  (0, 0)	7.53329443436
seq_6_gram##GCGCTG	0.000378422020376	0.000622538498142	  (0, 0)	16.8099644793	  (0, 0)	9.23691087742
seq_6_gram##GGGGGC	0.000378171546992	0.000601500908387	  (0, 0)	1.86572091329	  (0, 0)	1.04215836567
seq_6_gram##AGCAGG	0.000378033920091	0.00097178316543	  (0, 0)	11.2496075036	  (0, 0)	6.37674719809
seq_6_gram##CCCCCC	0.00037802838367	0.000580860301422	  (0, 0)	0.722554890753	  (0, 0)	0.370067499672
seq_6_gram##CCACGC	0.000377559347583	0.000634531015676	  (0, 0)	4.94133579376	  (0, 0)	2.73252880321
seq_6_gram##GCCCTG	0.000376905819204	0.000630632225877	  (0, 0)	11.2799649972	  (0, 0)	6.21267797553
seq_6_gram##TGCCGG	0.000376698258103	0.000686118870107	  (0, 0)	11.1994031367	  (0, 0)	6.22190691955
seq_6_gram##GGCACC	0.000375825948562	0.000624764443143	  (0, 0)	6.12899727247	  (0, 0)	3.36423071992
seq_6_gram##CGGCGT	0.000375744864381	0.000590308211272	  (0, 0)	10.572270414	  (0, 0)	5.83619348699
seq_6_gram##CTGCGG	0.000375577349288	0.000609019281954	  (0, 0)	6.52131722065	  (0, 0)	3.61336006142
seq_6_gram##CCCAGC	0.000375398084166	0.000580065560611	  (0, 0)	6.54095151414	  (0, 0)	3.59231344352
seq_6_gram##GGGCCT	0.000375317763608	0.00067361437739	  (0, 0)	4.78462154297	  (0, 0)	2.63381118349
seq_6_gram##GCTCGA	0.000375166769103	0.000601848276777	  (0, 0)	7.41262363789	  (0, 0)	4.0596962517
seq_6_gram##GCCACC	0.000375049645609	0.00060008341448	  (0, 0)	8.49665408078	  (0, 0)	4.65393064434
