feature	score	std	#I-out-of-135	#O-out-of-277
SNPs##PA14_50590_4495644_G_A_L_L	0.00171970025452	0.0266295768095	  (0, 0)	0.374497586444	  (0, 0)	0.152184754883
SNPs##PA14_47720,cobC_4246749_G_A_G_G	0.00157121458933	0.0249819374255	  (0, 0)	0.331558492536	  (0, 0)	0.218859954054
SNPs##PA14_07770,ostA_668275_C_T_P_P	0.00155853005924	0.0253990747215	  (0, 0)	0.379282320595	  (0, 0)	0.118348971493
SNPs##PA14_43200_3849592_T_C_R_R	0.0015417621148	0.0262307094569	  (0, 0)	0.403811916454	  (0, 0)	0.0850695642502
SNPs##PA14_31530_2741911_G_A_A_A	0.00146946513951	0.0232335054629	  (0, 0)	0.347241503009	  (0, 0)	0.172317434611
genePA##,,group_1377	0.00136224773068	0.024875715582	  (0, 0)	1.54798495143	  (0, 0)	0.106640346279
SNPs##PA14_60730_5412610_G_A_T_T	0.00128912330505	0.0235982997348	  (0, 0)	0.351294293866	  (0, 0)	0.157200567994
SNPs##PA14_01480_139141_G_A_E_E	0.00127519859585	0.0234068401879	  (0, 0)	0.363749112562	  (0, 0)	0.0972857262822
SNPs##PA14_05950,dbpA_527287_C_T_K_K	0.00126124546122	0.0230121516578	  (0, 0)	0.322548991645	  (0, 0)	0.193669354697
SNPs##PA14_62560,pcnB_5582032_A_G_E_E	0.00124668061598	0.0229360790249	  (0, 0)	0.33074692953	  (0, 0)	0.158431942945
genePA##,,group_11706	0.00124571919937	0.0227530036205	  (0, 0)	1.54195548751	  (0, 0)	0.106640346279
SNPs##PA14_20890,rfaD_1800341_T_C_R_R	0.0012351007334	0.022652794089	  (0, 0)	0.340797690147	  (0, 0)	0.175716244067
SNPs##PA14_60900_5434901_G_C_D_E	0.00121663303272	0.0223399993257	  (0, 0)	0.339889985326	  (0, 0)	0.195835940361
SNPs##PA14_11140_969423_C_G_Q_H	0.00120951524829	0.0221843498771	  (0, 0)	0.369037240131	  (0, 0)	0.0724417097371
SNPs##PA14_21860_1900077_C_T_G_G	0.00119286288971	0.0218389227832	  (0, 0)	0.36765710055	  (0, 0)	0.0698782574194
SNPs##PA14_43220_3851148_A_G_H_H	0.00116998521607	0.0215475794348	  (0, 0)	0.337718350823	  (0, 0)	0.179801500022
SNPs##PA14_67530_6030024_G_A_R_R	0.00114837996985	0.0211411251244	  (0, 0)	0.33787828618	  (0, 0)	0.202382053706
SNPs##PA14_07340_631202_A_G_Y_Y	0.00114650390169	0.0210608692707	  (0, 0)	0.345652537066	  (0, 0)	0.204122241902
SNPs##PA14_59690_5310690_A_G_V_V	0.00114302446001	0.020982620788	  (0, 0)	0.306480097176	  (0, 0)	0.334797987346
SNPs##PA14_35630,pslJ_3167063_G_A_G_G	0.00113712169997	0.0193450128974	  (0, 0)	0.377698053165	  (0, 0)	0.0456425116331
SNPs##PA14_39330,rbsA_3502182_C_T_E_E	0.00110757653877	0.0195186720985	  (0, 0)	0.312443766115	  (0, 0)	0.245144894554
SNPs##PA14_55650,sbcC_4960833_A_G_Q_Q	0.00109628450105	0.0200280883833	  (0, 0)	0.3603932843	  (0, 0)	0.156981228075
SNPs##PA14_00650_66967_G_A_R_R	0.00106941354584	0.0195442756848	  (0, 0)	0.341699109255	  (0, 0)	0.0261145219023
SNPs##PA14_47880_4261177_C_T_L_L	0.00104818369599	0.0190214346992	  (0, 0)	0.352758839896	  (0, 0)	0.116987751508
SNPs##PA14_09180,uvrA_775771_A_G_D_D	0.000986344578317	0.0212454145429	  (0, 0)	0.393224232374	  (0, 0)	0.119076463621
SNPs##PA14_29050_2512907_C_T_K_K	0.000917167862455	0.0185836327347	  (0, 0)	0.379060278015	  (0, 0)	0.0517477778466
SNPs##intergenic_5554011_T_C_none_none	0.000894136003764	0.0173219645986	  (0, 0)	0.352248882497	  (0, 0)	0.123953129354
SNPs##PA14_37490_3336619_G_T_L_I	0.000893535813197	0.018644261931	  (0, 0)	0.396810117442	  (0, 0)	0.0507663113514
SNPs##PA14_02360,atsR_211864_A_G_N_D	0.000888271927652	0.0200644377082	  (0, 0)	0.339350413554	  (0, 0)	0.142437696923
SNPs##PA14_08050_691742_G_A_A_T	0.000887224703668	0.0184574556145	  (0, 0)	0.371892033342	  (0, 0)	0.108516571672
geneexp##PA14_15475,merT	0.000886045103109	0.0180162108466	  (0, 0)	652.392042728	  (0, 0)	513.731974745
SNPs##PA14_00510_48165_C_T_G_G	0.000879626613817	0.0196592614468	  (0, 0)	0.364485292179	  (0, 0)	0.16153889292
SNPs##PA14_15430,tnpR_1306635_G_C_G_G	0.000868946975435	0.0194166007126	  (0, 0)	0.385840068719	  (0, 0)	0.147212884507
SNPs##PA14_13150_1131427_C_T_T_T	0.000865651603021	0.0193846096199	  (0, 0)	0.342155122311	  (0, 0)	0.136788653828
genePA##,,group_7165	0.000857085269509	0.0191473120059	  (0, 0)	1.54195548751	  (0, 0)	0.106640346279
SNPs##intergenic_1899611_C_T_none_none	0.000856891966838	0.0186527369269	  (0, 0)	0.385487737871	  (0, 0)	0.0512645635588
SNPs##PA14_06600_576138_C_T_G_G	0.000851840800465	0.01785755008	  (0, 0)	0.352333550426	  (0, 0)	0.166159577138
SNPs##PA14_52130_4622240_G_C_T_T	0.000845643143129	0.0189176930093	  (0, 0)	0.331070365706	  (0, 0)	0.234866585559
SNPs##PA14_67540_6033831_T_C_E_E	0.000845622805275	0.0189049254937	  (0, 0)	0.294964626948	  (0, 0)	0.313396889173
SNPs##PA14_49160,yegE_4366774_A_G_G_G	0.000841585029757	0.0188809583291	  (0, 0)	0.298738138227	  (0, 0)	0.250853772326
SNPs##PA14_62510,yadB_5575652_C_G_V_V	0.000841407295084	0.0187984329945	  (0, 0)	0.352120722055	  (0, 0)	0.188443950441
SNPs##PA14_18050_1549616_G_A_L_L	0.000839332470074	0.0187793189911	  (0, 0)	0.341435165861	  (0, 0)	0.189688475642
SNPs##PA14_36170_3222225_C_T_A_A	0.000832028905672	0.0186285379168	  (0, 0)	0.368310935329	  (0, 0)	0.0931908721918
SNPs##PA14_55410_4930950_T_C_V_V	0.000830569076337	0.018589362649	  (0, 0)	0.357869799134	  (0, 0)	0.162314598239
SNPs##PA14_29050_2512601_C_T_K_K	0.000829624128721	0.0185333930138	  (0, 0)	0.359925878659	  (0, 0)	0.100302229323
SNPs##intergenic_4482541_A_T_none_none	0.000826997097934	0.018486843274	  (0, 0)	0.38180266312	  (0, 0)	0.103113436633
SNPs##PA14_09480,phzA1_812968_G_A_G_G	0.000821660387519	0.0186010456752	  (0, 0)	0.323876683638	  (0, 0)	0.225075267108
SNPs##PA14_32380,oprN_2813111_A_G_S_S	0.000821123614377	0.0189626531685	  (0, 0)	0.352527775934	  (0, 0)	0.12562052168
SNPs##PA14_18340_1573309_C_T_S_N	0.000820540248018	0.0184455466516	  (0, 0)	0.391961673378	  (0, 0)	0.0979554188359
SNPs##PA14_52350_4645962_G_A_A_A	0.000817224530802	0.0180292363173	  (0, 0)	0.370709554591	  (0, 0)	0.0748198092192
SNPs##PA14_19610_1694049_G_A_A_A	0.000815999318483	0.0182345856476	  (0, 0)	0.341915510604	  (0, 0)	0.135566402212
SNPs##PA14_43180_3847227_G_A_D_D	0.00081579921437	0.0185425823296	  (0, 0)	0.365851333318	  (0, 0)	0.0635239690175
SNPs##PA14_69720_6218770_C_T_V_V	0.000808464077364	0.0182135008048	  (0, 0)	0.344764808874	  (0, 0)	0.128552511347
SNPs##intergenic_2578524_G_T_none_none	0.000807772163166	0.0180906081319	  (0, 0)	0.32140546175	  (0, 0)	0.22417559171
SNPs##PA14_08050_692983_T_A_H_Q	0.000805410160489	0.0180036468963	  (0, 0)	0.364475167855	  (0, 0)	0.157287106338
genePA##,,group_11708	0.000801455155363	0.0173981018224	  (0, 0)	1.54195548751	  (0, 0)	0.106640346279
SNPs##PA14_08050_691729_T_G_V_V	0.000795926395695	0.0173406259192	  (0, 0)	0.371892033342	  (0, 0)	0.108516571672
genePA##,,group_11732	0.000795211990353	0.0177677688366	  (0, 0)	1.61577307588	  (0, 0)	0.0682062573532
SNPs##PA14_65090_5804064_G_A_A_A	0.000788967632077	0.0176247969301	  (0, 0)	0.375897331845	  (0, 0)	0.125426394843
SNPs##intergenic_4482550_T_C_none_none	0.000786508816665	0.0181028930728	  (0, 0)	0.387306787028	  (0, 0)	0.105244871275
SNPs##PA14_52630,aruE_4666764_G_A_N_N	0.000783349530067	0.0146006227072	  (0, 0)	0.386986724872	  (0, 0)	0.110099841815
SNPs##PA14_32670_2837997_G_A_I_I	0.000780932685577	0.0174471451807	  (0, 0)	0.370114452885	  (0, 0)	0.104566547023
genePA##,,group_1510	0.000780272456273	0.0174299782188	  (0, 0)	1.64537217694	  (0, 0)	0.195857662023
SNPs##PA14_38470,gnyH_3431385_C_G_V_V	0.000780165521508	0.0176593308465	  (0, 0)	0.384801035108	  (0, 0)	0.115603321365
SNPs##PA14_59540_5298733_C_T_D_D	0.000779542076489	0.0177128339048	  (0, 0)	0.298807183586	  (0, 0)	0.321750729253
SNPs##PA14_47100,ilvA2_4196790_A_G_H_H	0.000777254133985	0.017509147476	  (0, 0)	0.314962802064	  (0, 0)	0.243014476413
SNPs##PA14_21870_1900862_C_T_R_R	0.000776420838653	0.0162583627054	  (0, 0)	0.379551723499	  (0, 0)	0.0562476893016
SNPs##intergenic_3629513_A_C_none_none	0.000775543759358	0.0173689540536	  (0, 0)	0.336501691885	  (0, 0)	0.191245392143
SNPs##PA14_59540_5297505_T_A_L_Q	0.000773420296745	0.0172784237655	  (0, 0)	0.294152873326	  (0, 0)	0.336098227127
SNPs##PA14_37900_3382428_G_A_G_G	0.000770370713945	0.0172181807502	  (0, 0)	0.332666205441	  (0, 0)	0.204893447846
SNPs##PA14_13150_1131745_G_A_K_K	0.00076929688176	0.0173035761474	  (0, 0)	0.351972691014	  (0, 0)	0.146519310681
SNPs##PA14_42780_3805646_T_C_S_S	0.000767580825845	0.0171734322581	  (0, 0)	0.341407517192	  (0, 0)	0.226542185148
SNPs##PA14_24675_2157373_G_A_V_V	0.000766789154781	0.0174515671145	  (0, 0)	0.327381666813	  (0, 0)	0.214982035212
genePA##PA14_51120,,acrC_3	0.000764124227673	0.0171923741706	  (0, 0)	0.568298518373	  (0, 0)	2.58302660936
SNPs##PA14_39520_3517161_G_A_V_V	0.000762181268409	0.0170319593051	  (0, 0)	0.331010277792	  (0, 0)	0.240848495094
SNPs##PA5204-PA5205,phrY_6131863_C_T_L_L	0.000757374848575	0.0170304667808	  (0, 0)	0.357264458821	  (0, 0)	0.195975019671
SNPs##PA14_47860_4259425_T_C_A_A	0.00075483178235	0.0170000469989	  (0, 0)	0.329921313068	  (0, 0)	0.160253014213
SNPs##PA14_07950,prtN_685752_C_T_P_P	0.000753927983998	0.0171172923085	  (0, 0)	0.368706842942	  (0, 0)	0.144643155636
SNPs##PA14_36960_3292721_G_A_L_L	0.000753499971893	0.0168730613082	  (0, 0)	0.338000913814	  (0, 0)	0.0262495853894
SNPs##intergenic_4774472_G_A_none_none	0.000752358861311	0.0169060626789	  (0, 0)	0.307452611283	  (0, 0)	0.285633245076
SNPs##PA14_13510_1162100_G_A_R_R	0.000751569710137	0.016931726455	  (0, 0)	0.339251060127	  (0, 0)	0.184460251991
SNPs##PA14_55410_4930983_A_G_T_T	0.000749887767608	0.0168546127706	  (0, 0)	0.355521205141	  (0, 0)	0.166099291587
SNPs##PA14_65420_5828941_G_C_G_A	0.000749856509008	0.01703866406	  (0, 0)	0.312875709196	  (0, 0)	0.275218628029
SNPs##PA14_60020_5344854_C_G_L_V	0.000746713075894	0.0164851357448	  (0, 0)	0.312389453799	  (0, 0)	0.287505567365
SNPs##PA14_30910,trbE_2685878_T_C_K_E	0.000732738863923	0.0144246943693	  (0, 0)	0.352117392837	  (0, 0)	0.153297906869
SNPs##PA14_59690_5311495_G_T_A_S	0.000730450964911	0.0163457735392	  (0, 0)	0.299887873272	  (0, 0)	0.326010690884
geneexp##PA14_15470,merP	0.000728787625505	0.015076583454	  (0, 0)	592.17199503	  (0, 0)	394.764325556
genePA##,,group_2233	0.000727211012403	0.0163455018196	  (0, 0)	1.54195548751	  (0, 0)	0.106640346279
SNPs##PA14_72490,polA_6458750_G_A_G_G	0.000726150952713	0.0162210054835	  (0, 0)	0.350141970495	  (0, 0)	0.183600718119
SNPs##PA14_39330,rbsA_3501840_T_C_E_E	0.00072331936404	0.0162195920179	  (0, 0)	0.336585560197	  (0, 0)	0.244381173159
SNPs##PA14_60750,pra_5413229_G_C_G_G	0.000719569864942	0.0161114407833	  (0, 0)	0.358359622197	  (0, 0)	0.166576468835
SNPs##PA14_59990_5342451_A_G_I_V	0.000717095732909	0.0161848059095	  (0, 0)	0.310321092473	  (0, 0)	0.272068456431
SNPs##PA14_21870_1900457_C_T_L_L	0.000711573333643	0.0159978439729	  (0, 0)	0.372501258018	  (0, 0)	0.0673010002182
SNPs##PA14_31200_2713376_G_T_A_D	0.000710475266619	0.0159411960337	  (0, 0)	0.313453151278	  (0, 0)	0.286035710957
SNPs##PA14_47720,cobC_4247334_T_C_E_E	0.000710124886309	0.0159057117087	  (0, 0)	0.37059750275	  (0, 0)	0.0690418175278
SNPs##PA14_58760,pilC_5236633_T_C_N_N	0.000709239102591	0.0158467606759	  (0, 0)	0.365507939202	  (0, 0)	0.134129139269
SNPs##intergenic_1082674_T_C_none_none	0.000708968492705	0.0158699872103	  (0, 0)	0.320303351185	  (0, 0)	0.181887759099
SNPs##PA14_07770,ostA_667642_T_C_T_T	0.000708338263458	0.0160413644001	  (0, 0)	0.344446493555	  (0, 0)	0.219981977173
genePA##,,group_4175	0.000707507857506	0.0147932596726	  (0, 0)	1.65174644854	  (0, 0)	0.175929435234
SNPs##PA14_68730,gshA_6128913_G_A_P_P	0.00070256751246	0.015746118408	  (0, 0)	0.339712896849	  (0, 0)	0.181063914497
