feature	score	p-value	#I-out-of-37	#O-out-of-108
TTAA	0.000724028206996	0.978533294411	0.089330888142	0.234585552336
TTTA	0.000689655151997	0.979048933404	0.133056584176	0.35697351785
TTTG	0.000632064000831	0.979942590515	0.300056217059	0.830175625551
TAAA	0.000604986330098	0.980376835084	0.131035415336	0.353238261076
CAAA	0.000587256022292	0.980666463809	0.293939107503	0.814397067518
TAAT	0.00051511265831	0.981892692002	0.132368062696	0.359185502284
ATTA	0.000425495845941	0.983542762896	0.133347622196	0.364368135193
ATAA	0.000405962041062	0.983924910802	0.178044131876	0.491528605551
AAAT	0.000403384741253	0.983976012503	0.381011443485	1.07079629123
TTTAA	0.000390184956028	0.984240331425	0.0239140244451	0.0600255567215
AAAA	0.00038828215598	0.98427880069	0.451226479285	1.27288886382
AATA	0.000360329856875	0.984855180378	0.291447500675	0.816573849144
TTAG	0.000358535037862	0.984892941455	0.0851110970407	0.230265055594
CCTATTCTA	0.000355409509	0.984958925641	0.000266439547229	0.000133547994518
GATATAGTA	0.000342572187508	0.985233032594	0.000212841603176	8.0070215824e-05
CTGTCTAGT	0.000336960884245	0.985354459081	0.000211606013482	8.11015181028e-05
GGTATAATA	0.000330878906328	0.985487218624	0.000219727069947	9.23554615652e-05
CGTAACTAG	0.000330685444301	0.985491461525	0.000155885797524	3.06696493812e-05
TTTT	0.000329889175559	0.985508937932	0.455882308769	1.28968542692
ATTT	0.000324397306218	0.985630051856	0.386180782202	1.08984545253
AATATATCA	0.000313229799018	0.985879537378	0.00023146330937	0.000113786778701
TTAT	0.000313077265718	0.985882975554	0.178213301556	0.495379675206
ATAT	0.000312597408943	0.985893797229	0.274283533885	0.769746823696
TTAAA	0.000308975361944	0.98597575073	0.0237124925126	0.0604999688369
AAAG	0.000304800602404	0.986070808465	0.505380219663	1.43362939203
TTAAT	0.000302770726121	0.98611726327	0.0217880765581	0.0553414645044
GTGTATTCT	0.00029419997547	0.986315148688	0.000160324123546	4.65177624243e-05
CTCATATAT	0.000292139607701	0.986363147691	0.000206484305375	9.53668198428e-05
GTAA	0.000282901444549	0.986580474272	0.207293899675	0.579583365853
CATT	0.000282451279674	0.986591154378	0.502743844577	1.42757545787
AAAC	0.000280420987631	0.986639428929	0.51752869631	1.47028723206
CTTT	0.000279104544704	0.986670823655	0.512049795685	1.45460433623
CTAGATTAC	0.000277034325003	0.986720344751	0.000155110826084	4.77427545761e-05
TAAG	0.00027476544046	0.9867748311	0.126403618859	0.349426702634
TCAA	0.000274433310572	0.986782825919	0.815001420067	2.32874049723
GTCAATAGT	0.000269653951809	0.986898411999	0.000313260976843	0.000249085257096
GGTATGTTA	0.000268443753231	0.986927842183	0.000144198021531	4.0488945878e-05
CTAA	0.000267711578846	0.986945679773	0.0849632169456	0.232256395953
ATGATACAC	0.000266264869893	0.986980997082	0.000143633790263	4.07253757612e-05
TTAATGTAA	0.000263278956619	0.987054194461	0.000146690377132	4.4682595236e-05
TGTACAATA	0.000262392503088	0.987076005026	0.000159498703428	5.76999040432e-05
AATT	0.00026119311295	0.987105573923	0.317994602903	0.897755597615
TAACAGAGT	0.000260325965757	0.98712699426	0.000217463931224	0.000124790195867
CAAT	0.000259461301762	0.987148388819	0.495096824464	1.40719105116
TTTGA	0.000258764832259	0.987165647649	0.0571567733878	0.154201057944
CTAGAATTA	0.000256340885056	0.98722589602	0.000169262503953	7.05041252118e-05
TTTTG	0.000255644480903	0.987243258116	0.0661759496578	0.179619200178
TATAGTACC	0.000254056080638	0.987282947343	0.000199456999985	0.000106146317009
GTAACTAGT	0.000253942901452	0.987285780073	0.000136739434997	3.86098842556e-05
AATC	0.000249924425628	0.98738676977	0.508023280432	1.44513165382
AATAT	0.00024841772583	0.987424844284	0.0560198238364	0.151257665045
CATTTTAAG	0.000248094353677	0.987433030985	0.000153201200769	5.70140015069e-05
CAAAG	0.000247286775995	0.987453499484	0.0956960340864	0.26323304512
TCTTAGAAT	0.000244968548994	0.987512442665	0.000167609822548	7.37815512269e-05
CCAA	0.000237015767578	0.987716799943	0.848916027963	2.43028670505
TCTAGCATA	0.000233223255298	0.987815460872	0.000147188355419	5.68952062568e-05
TGTAGGATC	0.000232399551027	0.987836995079	0.000223235113074	0.000149061933759
TCCTAATTA	0.000231065176829	0.987871960961	0.000129052621041	3.95131953102e-05
ATTAA	0.000230354575943	0.987890622727	0.0214424830411	0.055400797933
GTTAGGTTA	0.000230262240713	0.987893049743	0.000136524753959	4.71494373091e-05
CATTTAACA	0.000230174458617	0.987895357532	0.000157294176759	6.91118859122e-05
GAAA	0.000229483912394	0.987913527344	0.978964335408	2.80715766808
AAAAT	0.000228790459426	0.987931801177	0.0706836136189	0.193048497854
ATTG	0.000226717420403	0.987986595588	0.496639567472	1.41409132763
TAGCTTTGA	0.000225495391667	0.988019013598	0.000243930783442	0.000182329594162
TCAAA	0.00022544117593	0.988020453867	0.0562651139722	0.152512181395
CCAAA	0.000224554702799	0.988044028109	0.0623359146169	0.16962306565
ACAGCTAGA	0.000224411853735	0.988047831287	0.000216736943157	0.000145514310946
ATTGTAAGA	0.000223416883989	0.988074354774	0.00014008909609	5.35506118871e-05
GTATAATAA	0.000222567864672	0.988097034322	0.000215724534232	0.000145351915294
TCATATATA	0.000222200219308	0.988106868524	0.000260084932505	0.00020810982254
TAGTTTCTA	0.000219952167094	0.988167179848	0.000192986685707	0.000117114951666
GATT	0.000218023701889	0.98821916332	0.51770252965	1.47551610207
CTATTCTAC	0.000217910153425	0.988222231273	0.000199397503451	0.00012663711754
ACTAGTTAG	0.000217564973879	0.988231562552	0.000125913138914	4.14838783003e-05
TTTTA	0.000214553000825	0.988313301812	0.0387989653705	0.103800902089
ATTTT	0.000213090218645	0.988353205969	0.0713428762631	0.19536424284
TAATT	0.000212467080394	0.988370246548	0.026503509819	0.0696398335292
GAGATTATA	0.0002096518525	0.988447546245	0.000166518200422	8.99145615964e-05
CTTA	0.000209644140999	0.988447758696	0.126405693806	0.351860445544
TTAC	0.000209544301212	0.988450509619	0.211731198374	0.595801849271
TACTAGGGG	0.000207198473546	0.98851533478	0.000202101398801	0.000137031334663
AGCATAATA	0.000206979835885	0.988521395321	0.000214955928277	0.000154797927722
ATTTA	0.000206898896189	0.988523639746	0.0275463128722	0.0726274681708
TAAC	0.000203948548183	0.988605753557	0.169828100364	0.476105019184
CATA	0.000201674169355	0.988669460153	0.282874737655	0.800435447349
AATG	0.000201364101753	0.98867817309	0.501349555653	1.42970880162
TAAAA	0.000197867347108	0.988776900711	0.0377589266056	0.101254853274
CTCA	0.000197113063537	0.988798311331	0.763352351313	2.18696307658
TGTCTAGTT	0.000196321829903	0.988820814872	0.000197194608185	0.000137590662252
CATGTTTAA	0.000195354345753	0.988848392897	0.000158789963148	8.82052070569e-05
TACTCATAT	0.000195173936303	0.988853542997	0.000235550903893	0.000193282016657
TAATATAGC	0.000194459575261	0.988873959086	0.00014140790283	6.79966875112e-05
TCTAGTTTC	0.000193690049136	0.988895993775	0.000200664398915	0.000144178049949
CTAGTTTCT	0.000193047961852	0.988914412894	0.000205593788097	0.000151522664277
GATACCTAA	0.000191033956513	0.988972386931	0.000142967319509	7.14959011241e-05
GTAGTATTA	0.000189319785247	0.989021971351	0.00016182604643	9.5362655306e-05
GATA	0.000186968861723	0.989090341145	0.508864358186	1.45261573731
ATATAGTAC	0.000186610582125	0.989100798339	0.000204675971874	0.000154881552441
TAATGTAAT	0.00018251818621	0.989220963993	0.000134588287161	6.59729063644e-05
