feature	score	p-value	#I-out-of-44	#O-out-of-148
PA14_59620	35.9465148909	2.02808803551e-09	6.23832462504	164.783307112
PA14_59630	32.864806579	9.87957117381e-09	8.43554920238	168.051713279
PA14_23410,orfJ	31.5258404217	1.96803775668e-08	4.96981329958	141.227667468
PA14_59610	25.6990522128	3.9902297479e-07	9.23405689859	147.432880983
PA14_35710	23.3661870799	1.33911851214e-06	9.39864400045	139.959695697
PA14_01220	23.1763207948	1.47806175427e-06	1.38629436112	88.2607910969
PA14_23380,orfH	22.2939601416	2.33941267777e-06	49.5926654722	337.098124059
PA14_14540	21.6710757089	3.23634534616e-06	46.9754410119	322.01049708
PA14_54970	21.0213260165	4.54199498179e-06	0.69314718056	75.9448615358
PA14_23390,orfE	20.2405995789	6.82881848503e-06	14.9094398987	158.944963551
PA14_35720	19.9836138332	7.8108659538e-06	11.8569122536	141.368541279
PA14_23370,orfK	19.1616981643	1.20099194447e-05	52.6290892009	335.110443952
PA14_53610	17.986703666	2.22453359191e-05	2.48490664979	78.2458907899
PA14_15560	17.6597212188	2.6416166077e-05	0.69314718056	64.6169404682
PA14_53600	17.3155494106	3.16585680012e-05	3.4657359028	82.3590320436
PA14_23420	17.2828506239	3.22080590022e-05	59.5719943121	355.764693899
PA14_54880	17.0542853474	3.63263056846e-05	1.38629436112	67.545821126
PA14_55080	16.9488213363	3.84011542613e-05	6.23832462504	98.1137006614
PA14_54910	16.7445671163	4.27645409706e-05	0.0	56.3226348457
PA14_23440,orfL	16.5822428477	4.65851624848e-05	20.6132223734	173.347212441
PA14_46510	16.2145280576	5.65587034437e-05	4.15888308336	82.893299291
PA14_15360	16.0359124933	6.21523281914e-05	8.43554920238	107.428437175
PA14_10120	15.8780715198	6.75569544789e-05	10.9520689076	120.687548302
PA14_54890	15.7569170233	7.20241104261e-05	2.48490664979	70.5931867542
PA14_54900	15.4221192611	8.59760203611e-05	0.69314718056	57.0721655451
PA14_55050	15.1471095181	9.94504471864e-05	8.72323127483	105.692268846
PA14_23400	15.117943759	0.00010099871336	16.2833117398	145.462931497
PA14_04710	15.0409482269	0.000105203592663	27.5336471895	199.875142446
PA14_14550	15.0047659369	0.000107240000087	68.9108849751	382.777888899
PA14_54980	14.9480841551	0.000110510218603	1.38629436112	60.3999286279
PA14_22120	14.7985180645	0.000119629474386	2.07944154168	64.6106367723
PA14_10090	14.6981967446	0.00012616707956	10.4573726658	113.439707881
PA14_29330	14.6474925953	0.000129606949699	35.4822156297	234.731814895
PA14_63450	14.3530438152	0.000151534514505	5.6058020663	84.9911944272
PA14_46530	14.0549920408	0.000177541931326	3.87120101091	73.5016306459
PA14_23430	14.0480428441	0.000178199188091	24.7845279767	182.282433463
PA14_46520	13.974143395	0.000185342072997	6.3561076607	87.9632886268
PA14_54870	13.970301821	0.000185721175816	2.07944154168	61.7698889999
PA14_53590	13.9365681518	0.000189083883659	18.2495495884	150.263987476
PA14_15530,trbK	13.8676138665	0.000196149588569	0.0	46.6456102781
PA14_46550	13.709954567	0.000213320792547	6.23832462504	86.3139803447
PA14_39480	13.4246991309	0.000248332843965	23.3773805969	172.73798946
PA14_22090	13.2991624625	0.000265524701748	2.07944154168	59.464106584
PA14_15500,traK	13.2531387054	0.000272123848243	0.0	44.5787392817
PA14_58720	12.9541535866	0.000319212477495	27.7248020631	190.846136985
PA14_59390	12.628582116	0.000379893211902	70.0335402012	372.704557832
PA14_54950	12.4694132318	0.000413670015645	3.40119738166	65.0044558226
PA14_15430,tnpR	12.3965733866	0.000430122419626	35.9837186828	225.443395893
PA14_22110	12.3799619617	0.000433965991367	1.38629436112	51.6641717948
PA14_10080	12.3662964776	0.000437153896853	8.53464010502	94.0211480326
PA14_10050	12.3614793576	0.000438283266161	5.1416635565	75.0317996665
PA14_54860	12.3188142212	0.000448415470611	0.0	41.4360114714
PA14_13950	12.2335054372	0.000469389277043	140.952210097	334.272587635
PA14_54920	12.1932493543	0.000479627655207	7.04925484126	85.2316863352
PA14_07480	12.0841511196	0.000508522491766	120.394568128	572.823690802
PA14_03400	12.0143911042	0.000527913321473	5.07517381523	73.3777116892
PA14_15610	11.8113332334	0.00058871260394	20.975423856	153.908072421
PA14_09480,phzA1	11.6770328009	0.000632763667124	143.471939889	660.262763826
PA14_30980	11.6721327896	0.000634432385875	8.94167630536	93.4932507104
PA14_59580	11.5774454399	0.000667565864909	31.972638203	203.253534164
PA14_09470,phzB1	11.4458879768	0.000716523841092	160.813840224	725.659808598
PA14_23350,orfA	11.3153190564	0.000768702515235	46.7624825784	266.481000785
PA14_28250	11.0065787754	0.000907890679169	70.8833193009	365.53667421
PA14_23360,wzz	10.9527299981	0.000934658052382	78.622204115	396.80100557
PA14_46540	10.8889415299	0.000967400955845	11.4437039959	103.328338593
PA14_54850	10.8161535038	0.00100618315256	15.1689510942	121.549753979
PA14_03390	10.6605538707	0.00109444615122	10.3481733738	96.7894737975
PA14_54960	10.6547401098	0.00109789169766	2.77258872224	54.7171055264
PA14_22240	10.4788520312	0.00120748761781	1.38629436112	45.1733663919
PA14_09450,phzD1	10.4626118914	0.00121814921344	123.070434816	570.157571277
PA14_15590	10.3567482532	0.00129002237118	33.188186595	202.184131052
PA14_55040	10.3022034514	0.00132871458271	0.69314718056	39.7829823248
PA14_22190	10.2818393584	0.0013434595237	3.4657359028	57.6210104332
PA14_22080	10.2113824453	0.00139576507098	3.87120101091	59.7779204981
PA14_59170	10.1312382457	0.00145777444453	0.0	34.0778013718
PA14_15400,repC	10.0740946802	0.00150368487612	3.87120101091	59.2808461332
PA14_55410	10.0095722048	0.00155728691363	55.2137365136	294.178805242
PA14_53580	9.94160278004	0.00161584796131	23.8338771534	158.186018003
PA14_14560	9.84146460627	0.00170621594478	7.62657020629	79.293799314
PA14_15490	9.7235130963	0.00181925439735	0.0	32.706362233
PA14_20530	9.65148619594	0.00189198449762	41.6634007281	234.893772029
PA14_59600	9.64643840029	0.00189719076092	5.25749537203	65.6505551911
PA14_59570	9.58590335116	0.00196076943524	17.6564585257	127.896331861
PA14_50310	9.55850409823	0.00199025228159	58.3923056105	304.413707274
PA14_46460	9.52219256329	0.00203001899063	22.3261022957	149.22213169
PA14_59790,pvrR	9.48386984796	0.002072862646	4.85203026392	62.7634922862
PA14_55000	9.47064957825	0.00208785428706	0.69314718056	36.9690503042
PA14_55020	9.3806030824	0.00219293396288	0.0	31.5529376408
PA14_39925,phzD2	9.35384830738	0.00222517750182	119.133425197	545.308130689
PA14_08090,gpFII	9.16320201895	0.00246930123524	201.796112204	528.71664936
PA14_22210	9.12306792852	0.00252406313856	0.69314718056	35.7920760659
PA14_22130	8.94115536417	0.0027881630991	1.38629436112	39.9007422591
PA14_59780,rcsC	8.93403864949	0.00279904751166	7.78322401634	76.509550117
PA14_09460,phzC1	8.87344954196	0.00289347877246	148.743500187	655.225855588
PA14_49030	8.87147597313	0.00289660852113	9.70406052784	86.1124691989
PA14_39945,phzC2	8.86720741787	0.00290338949869	154.044610702	675.440462862
PA14_15600	8.81627002204	0.00298556334968	24.5368445147	155.626828119
PA14_50320	8.79283021588	0.00302416713367	59.9588547194	305.669054853
PA14_15540,trbL	8.64090174373	0.00328698697648	6.67456139181	69.505763233
PA14_39970,phzA2	8.63482339833	0.00329797208832	139.544563936	617.677787953
