feature	score	p-value	#I-out-of-331	#O-out-of-145
TTTG	0.00338878379184	0.953578757642	2.75337480884	1.13023184261
TTTT	0.00196909327314	0.964605914412	4.14746412021	1.74556773569
CAAA	0.00177595811986	0.96638540457	2.65355905178	1.10833617502
CGCC	0.00166085966649	0.967492293724	57.886924962	25.6047872499
GTTT	0.00161594764426	0.967934593437	4.8021384427	2.0340906273
TAAA	0.00158780494961	0.968214889893	1.18322286428	0.484273676411
TTTA	0.00151056173908	0.968997267398	1.19484287474	0.490030102025
TTAA	0.00130676714322	0.971163364635	0.797254624444	0.323916440478
CTTT	0.00116950997571	0.972719182428	4.62202341141	1.96665413192
GATT	0.00114008713713	0.973064405311	4.68184040255	1.99321863172
ATTT	0.00113360628088	0.973141043473	3.48268965285	1.47602623473
TTTGG	0.00109343032848	0.973621112239	0.571435217137	0.230724800543
TCAA	0.00109074759648	0.973653480643	7.33795431648	3.14374191729
CTAA	0.00108924794691	0.973671591975	0.776279597631	0.317219612899
TTGG	0.00107161797688	0.973885453043	7.7242744315	3.31176810944
TGAG	0.00105322330949	0.974110476154	6.98459151839	2.99187021477
TGTG	0.0010401871742	0.974271141252	4.74680307955	2.02387066532
TTAT	0.00100967913617	0.974651125896	1.61020232244	0.673592976762
CGTG	0.00100717067222	0.97468262348	13.4663953215	5.80696148492
TTTTG	0.000998819636074	0.974787767398	0.605138509255	0.245795149836
TTTGA	0.000996333665529	0.974819151982	0.523357118353	0.211357831332
TAAG	0.000990177392517	0.974897042085	1.14676659894	0.475830321493
CTTTG	0.000989636641342	0.974903895317	0.88073282467	0.362602731158
TCTG	0.000946392173577	0.975458159248	8.6968338164	3.73799108897
TATG	0.000927593917114	0.975703043836	2.59053115056	1.0961200113
GTAA	0.000887794090955	0.976229849599	1.8696246916	0.786877265528
GTGC	0.000885055211874	0.976266533005	16.9360501363	7.32213513613
GTGG	0.000873682955356	0.976419459395	16.6338689273	7.19124872008
GCTG	0.000869703380468	0.97647320908	37.2931375106	16.1941214033
TTTGC	0.000865802291841	0.976526018294	1.14710961223	0.477685855448
GTTTG	0.0008593508632	0.97661361355	0.77875251706	0.320800101181
ATTG	0.000844507674242	0.976816407335	4.4726696786	1.9107308951
ATTA	0.00084431030409	0.976819115853	1.19325347009	0.497715757389
GTGA	0.000837393586625	0.976914235158	8.99222458596	3.87050080515
AAAT	0.000823820148481	0.977102048066	3.40974329425	1.45180773472
GGGG	0.000823376122698	0.977108218017	9.96672703414	4.29436800764
TTTC	0.000822897157036	0.977114875342	8.95863382338	3.85650904931
AGTG	0.000821304067922	0.977137032251	5.3049807576	2.27172315218
GCGT	0.000814902628214	0.977226281963	17.8268298595	7.71385047663
GGTG	0.000812032695757	0.977266408818	24.3509737483	10.5559123819
TAAT	0.000804760104661	0.977368411739	1.17747068991	0.491553564981
CCAG	0.000762147461675	0.977975583974	35.8075533897	15.8173745911
GTGT	0.000760017202069	0.978006377655	5.30701598882	2.2745842862
TGGG	0.000759487445993	0.978014042177	12.4882732066	5.39356139032
TTAC	0.000750038523642	0.978151201484	1.9116352974	0.807533047645
AATG	0.000744894085551	0.978226241088	4.51281700538	1.93105835727
CCGCC	0.000742519262762	0.978260969032	15.4798586568	6.86646334531
AAAG	0.000740434698038	0.978291498252	4.53086432057	1.93900961169
CCGC	0.000739343207599	0.978307500688	41.0678194904	18.1289001124
TGGC	0.000734315449162	0.97838136619	30.1076543723	13.0712988964
CAAT	0.000727236288264	0.978485800292	4.44511567042	1.90228787562
AAAA	0.000725510210944	0.978511340989	4.03338840422	1.72411534311
TATT	0.000721760181752	0.978566935012	2.62816752787	1.11690113333
CAAG	0.000719082854482	0.978606714751	12.3123598533	5.31910666735
GGTT	0.000715005282718	0.978667441984	9.68946398584	4.17872179669
TTTTT	0.000709293149409	0.978752804878	1.22472883628	0.513274129442
GTTA	0.000691665141951	0.979018431855	1.55288713836	0.654406618754
ATAA	0.000686578095801	0.979095713953	1.58795576389	0.669572737428
TCAAA	0.000675876793215	0.979259228376	0.509886829974	0.208777295367
CGCCC	0.000667626839024	0.97938617272	10.0985375491	4.48914823021
GAGT	0.000663700140273	0.979446869578	5.95659300176	2.55962376262
CCAGC	0.000660756716577	0.979492485389	14.1798414353	6.28868524905
CCAAA	0.000658332105821	0.979530137302	0.564094211096	0.231958980267
AAGT	0.000654020307367	0.97959726726	5.25506139987	2.25567803115
TTTAT	0.000646091947688	0.979721283581	0.416702914581	0.169661053427
AATC	0.000645978069617	0.979723070405	4.55655728013	1.95315493425
GTTTT	0.000639768079318	0.979820749143	1.11809651769	0.468712191981
CTGA	0.000639639067817	0.97982278342	12.6150986231	5.45509445595
TATC	0.000638275778222	0.979844292585	4.57997082663	1.96355759971
TTAG	0.000611459185257	0.980272159815	0.758646299569	0.315376152635
TTGC	0.000597271220476	0.98050233404	13.4857093005	5.83653455273
TGAA	0.000595498903988	0.980531278042	9.46408507565	4.08644326607
ATTTT	0.000586576051594	0.980677657797	0.643743646314	0.266707119104
GCTT	0.000584876291421	0.980705668456	12.6582615948	5.47699453321
TTTGT	0.000584477366925	0.980712248304	0.511472861126	0.210463355287
CTAT	0.000582950480508	0.980737453502	3.52856327487	1.50987504032
CGTT	0.000582344334246	0.980747468667	11.1879832389	4.83714203515
GCCC	0.000581720281995	0.980757785136	24.7451680633	10.9353831771
CATT	0.00058101724166	0.980769414026	4.49879520051	1.93031930245
GTTG	0.000570989696264	0.980936050931	14.5564813674	6.30447075275
TGGCT	0.000569510156917	0.980960761356	3.85704563827	1.65256733817
TGTT	0.000567094734714	0.981001171482	8.48538981557	3.66223044554
ATTTG	0.000565457726264	0.981028607682	0.488750957859	0.201033860435
CAAAT	0.000564808788027	0.98103949486	0.465941295512	0.191360526923
TGTTT	0.000550561504973	0.981280116865	0.729808757292	0.303914995551
CTTA	0.000549000431429	0.981306670214	1.13675506065	0.478266139351
CGCCG	0.00054891446559	0.981308133561	25.5617282905	11.2918733823
TGAT	0.00054360256941	0.981398778424	11.1358093554	4.81659015822
TAAAG	0.000542218468341	0.981422470109	0.364286511837	0.148544872003
TTGA	0.000540906495094	0.981444955127	7.35646471382	3.17267141635
TGATT	0.000534275771397	0.981559014315	0.783151389747	0.326953485259
TTTTA	0.000530406124981	0.981625905908	0.349941640125	0.14259986746
GCTTTG	0.000528124105889	0.981665467888	0.328080527775	0.133388485337
CACC	0.00052571810193	0.981707272045	23.29592915	10.2931172541
GGGC	0.000524561556396	0.981727401006	25.7391875355	11.1833633539
TGAGT	0.000524510200956	0.981728295331	0.809822691276	0.338512599636
CCTCG	0.000523736639933	0.981741771736	9.61168258564	4.26698455677
CGTGA	0.000522104667355	0.981770235453	1.98242979955	0.843015039616
TGCGT	0.000519930321777	0.981808228103	2.3196709187	0.988719496004
CTGT	0.000519559866877	0.981814709033	9.74363727982	4.21200182121
