feature	score	p-value	#I-out-of-234	#O-out-of-192
,,group_642	56.8023080832	4.81900447949e-14	79.0	3.0
,,group_4175	55.9551372083	7.41437433315e-14	84.0	5.0
,,group_1510	53.6157051282	2.43802631914e-13	84.0	6.0
,,group_2501	53.6157051282	2.43802631914e-13	84.0	6.0
,,group_4170	52.8133462979	3.66800312727e-13	83.0	6.0
,,group_21791	51.7663898601	6.25128044906e-13	90.0	9.0
,,ptlF_3	50.4608085809	1.21568416994e-12	91.0	10.0
,,group_11732	50.2861334893	1.32885213819e-12	71.0	3.0
,,group_21794	49.6802884615	1.80954839273e-12	90.0	10.0
,,ptlE	49.6802884615	1.80954839273e-12	90.0	10.0
,,group_21793	49.6802884615	1.80954839273e-12	90.0	10.0
,,group_13791	49.6802884615	1.80954839273e-12	90.0	10.0
,,group_16647	49.6802884615	1.80954839273e-12	90.0	10.0
,,group_13790	49.6802884615	1.80954839273e-12	90.0	10.0
,,topB_1	49.4547119547	2.03004365073e-12	73.0	4.0
,,group_11703	49.4547119547	2.03004365073e-12	73.0	4.0
,,group_11684	49.206691872	2.30363497499e-12	92.0	11.0
,,group_21795	48.9005762756	2.69271620039e-12	89.0	10.0
,,group_21796	48.9005762756	2.69271620039e-12	89.0	10.0
,,group_689	48.9005762756	2.69271620039e-12	89.0	10.0
PA14_01960,,mdtE	48.9005762756	2.69271620039e-12	89.0	10.0
,,cnrA	48.9005762756	2.69271620039e-12	89.0	10.0
,,acrR_2	48.9005762756	2.69271620039e-12	89.0	10.0
,,group_13792	48.9005762756	2.69271620039e-12	89.0	10.0
,,group_196	48.6587540064	3.04605631436e-12	69.0	3.0
,,group_6414	48.645242915	3.06711366772e-12	72.0	4.0
,,group_7165	48.645242915	3.06711366772e-12	72.0	4.0
,,group_6416	48.645242915	3.06711366772e-12	72.0	4.0
,,group_21825	48.645242915	3.06711366772e-12	72.0	4.0
PA14_58910,,soj_3	48.645242915	3.06711366772e-12	72.0	4.0
,,group_11709	48.645242915	3.06711366772e-12	72.0	4.0
,,group_13818	48.645242915	3.06711366772e-12	72.0	4.0
,,group_1377	48.645242915	3.06711366772e-12	72.0	4.0
,,group_13821	48.645242915	3.06711366772e-12	72.0	4.0
,,group_16673	48.645242915	3.06711366772e-12	72.0	4.0
,,group_2233	48.645242915	3.06711366772e-12	72.0	4.0
,,group_11711	48.645242915	3.06711366772e-12	72.0	4.0
,,group_11706	48.645242915	3.06711366772e-12	72.0	4.0
,,group_11708	48.645242915	3.06711366772e-12	72.0	4.0
,,group_11701	48.645242915	3.06711366772e-12	72.0	4.0
PA14_22470,,yhaJ_4	48.645242915	3.06711366772e-12	72.0	4.0
,,group_9984	48.645242915	3.06711366772e-12	72.0	4.0
,,group_7170	48.645242915	3.06711366772e-12	72.0	4.0
,,group_11680	48.1216967556	4.0056944153e-12	88.0	10.0
,,group_16650	48.1216967556	4.0056944153e-12	88.0	10.0
,,group_11679	48.1216967556	4.0056944153e-12	88.0	10.0
,,group_16649	48.1216967556	4.0056944153e-12	88.0	10.0
PA14_22670,yrbF,mkl	48.1216967556	4.0056944153e-12	88.0	10.0
,,group_21824	47.8453525641	4.61199027895e-12	68.0	3.0
,,group_16672	47.8453525641	4.61199027895e-12	68.0	3.0
,,group_21832	47.8453525641	4.61199027895e-12	68.0	3.0
,,group_3756	47.8453525641	4.61199027895e-12	68.0	3.0
,,group_6204	47.8453525641	4.61199027895e-12	68.0	3.0
,,group_21830	47.8453525641	4.61199027895e-12	68.0	3.0
,,group_16670	47.8453525641	4.61199027895e-12	68.0	3.0
,,group_21829	47.8453525641	4.61199027895e-12	68.0	3.0
,,group_21828	47.8453525641	4.61199027895e-12	68.0	3.0
,,group_226	47.8453525641	4.61199027895e-12	68.0	3.0
,,group_4189	47.8453525641	4.61199027895e-12	68.0	3.0
,,group_7210	47.8453525641	4.61199027895e-12	68.0	3.0
,,group_21827	47.8453525641	4.61199027895e-12	68.0	3.0
,,group_579	47.6027495845	5.21952242273e-12	95.0	13.0
,,group_5523	47.2092323327	6.3799228631e-12	76.0	6.0
,,group_13813	47.0895073143	6.78177764851e-12	73.0	5.0
,,group_21834	47.032154304	6.9831604853e-12	67.0	3.0
,,group_21833	47.032154304	6.9831604853e-12	67.0	3.0
,,group_9987	47.032154304	6.9831604853e-12	67.0	3.0
,,group_21831	47.032154304	6.9831604853e-12	67.0	3.0
,,group_13822	47.0272002772	7.00083379427e-12	70.0	4.0
,,group_895	46.8020743302	7.85302436752e-12	81.0	8.0
,,group_5350	46.4676375405	9.31441645927e-12	91.0	12.0
,,group_13794	46.1163639601	1.11433810509e-11	88.0	11.0
,,group_13843	46.0605955831	1.14651397952e-11	121.0	25.0
,,group_16648	45.790317139	1.31612492595e-11	85.0	10.0
,,group_9986	45.482551029	1.54004708347e-11	71.0	5.0
,,group_1501	45.4104344729	1.59780864741e-11	68.0	4.0
,,group_16674	45.4104344729	1.59780864741e-11	68.0	4.0
,,group_920	44.9715396486	1.99919015098e-11	94.0	14.0
,,group_21871	44.6025641026	2.41375339947e-11	67.0	4.0
,,group_14932	44.6025641026	2.41375339947e-11	67.0	4.0
,,group_13837	44.6025641026	2.41375339947e-11	67.0	4.0
,,group_21870	44.6025641026	2.41375339947e-11	67.0	4.0
,,dbpA_2	44.6025641026	2.41375339947e-11	67.0	4.0
,,group_6181	44.5771295929	2.44531480167e-11	86.0	11.0
,,group_9975	44.5771295929	2.44531480167e-11	86.0	11.0
,,group_9974	44.5638020833	2.46201734622e-11	91.0	13.0
,,group_11387	44.2085776266	2.95184985145e-11	75.0	7.0
,,group_16434	44.0181213018	3.25349760864e-11	72.0	6.0
,,group_4732	43.8774363306	3.49595986309e-11	69.0	5.0
,,ptlG_1	43.8070154966	3.62403653386e-11	90.0	13.0
,,group_5261	43.7950549451	3.64625150818e-11	66.0	4.0
,,group_21936	43.7815777972	3.67144670235e-11	63.0	3.0
,,group_21937	43.7815777972	3.67144670235e-11	63.0	3.0
,,group_21935	43.7815777972	3.67144670235e-11	63.0	3.0
,,group_16710	43.7815777972	3.67144670235e-11	63.0	3.0
,,group_16671	43.0756168774	5.26645236995e-11	68.0	5.0
,,group_9829	42.9695389546	5.55988345366e-11	62.0	3.0
,,group_21934	42.9695389546	5.55988345366e-11	62.0	3.0
,,group_13789	42.2743166845	7.93275121368e-11	67.0	5.0
,,hcaR_4	42.1811840121	8.3196655671e-11	64.0	4.0
