feature	score	p-value	#I-out-of-102	#O-out-of-324
PA14_63920_5696410_G_A_A_V	29.3336445689	6.0928592274e-08	12.0	2.0
PA14_63920_5696365_C_T_S_N	29.3336445689	6.0928592274e-08	12.0	2.0
PA14_25060_2192107_C_A_Q_H	25.7565039088	3.87319578321e-07	13.0	4.0
PA14_26960_2345171_G_A_A_A	25.4117647059	4.63085373051e-07	8.0	0.0
PA14_35430,pvcA_3149875_C_T_Q_Q	25.4117647059	4.63085373051e-07	8.0	0.0
PA14_35420,pvcB_3149721_C_T_R_H	25.4117647059	4.63085373051e-07	8.0	0.0
PA14_66570,gltB_5940220_G_A_H_H	24.0763435004	9.25908248688e-07	26.0	22.0
PA14_52660,aruB_4667786_C_T_K_K	23.9608932462	9.83124561566e-07	9.0	1.0
PA14_37710,fusA2_3359638_G_A_G_G	23.9608932462	9.83124561566e-07	9.0	1.0
PA14_31190_2711035_T_C_E_E	23.3738043365	1.33382615025e-06	4.0	101.0
PA14_65920_5872022_A_G_R_R	23.2960784314	1.38882887202e-06	14.0	6.0
PA14_23990,xcpR_2085824_G_C_R_R	23.2960784314	1.38882887202e-06	14.0	6.0
PA14_43630_3883456_C_G_S_T	23.2960784314	1.38882887202e-06	14.0	6.0
PA14_27310_2370153_C_T_G_G	23.2421931736	1.42829055491e-06	10.0	2.0
PA14_63100_5632623_C_T_G_G	23.2421931736	1.42829055491e-06	10.0	2.0
PA14_29490,hplR_2558077_C_T_R_R	22.9418767507	1.6697431733e-06	11.0	3.0
PA14_65300,hflX_5818703_T_C_I_V	22.9418767507	1.6697431733e-06	11.0	3.0
PA14_32710_2840830_A_G_E_E	22.9418767507	1.6697431733e-06	11.0	3.0
PA14_28880_2493534_C_T_D_N	22.5741857997	2.02183072405e-06	22.0	17.0
PA14_72280,citA_6439174_G_A_L_L	22.2352941176	2.41199046428e-06	7.0	0.0
PA14_26960_2345537_G_A_A_A	22.2352941176	2.41199046428e-06	7.0	0.0
PA14_28530_2460870_G_C_P_P	22.0270588235	2.68833655141e-06	16.0	9.0
PA14_37870_3378065_A_G_Y_Y	21.0482933914	4.47851567445e-06	14.0	7.0
PA14_14020_1202670_G_T_L_L	20.8454369402	4.9787696908e-06	8.0	1.0
PA14_21410,phoA_1856864_C_T_P_P	20.8454369402	4.9787696908e-06	8.0	1.0
PA14_66560,gltD_5937906_G_A_I_I	20.8454369402	4.9787696908e-06	8.0	1.0
PA14_02360,atsR_211719_G_A_K_K	20.8454369402	4.9787696908e-06	8.0	1.0
intergenic_2535699_T_C_none_none	20.8454369402	4.9787696908e-06	8.0	1.0
PA14_34320_3052089_A_G_N_N	20.8454369402	4.9787696908e-06	8.0	1.0
PA14_66560,gltD_5937702_C_T_L_L	20.8454369402	4.9787696908e-06	8.0	1.0
PA14_21230,hepA_1837566_G_A_S_S	20.8454369402	4.9787696908e-06	8.0	1.0
PA14_35210_3132028_C_T_V_I	20.8454369402	4.9787696908e-06	8.0	1.0
intergenic_4940657_A_C_none_none	20.6398348813	5.54307012254e-06	13.0	6.0
intergenic_4566013_A_C_none_none	20.6398348813	5.54307012254e-06	13.0	6.0
PA14_37880_3379740_A_C_P_P	20.6398348813	5.54307012254e-06	13.0	6.0
PA14_37880_3379743_T_G_G_G	20.6398348813	5.54307012254e-06	13.0	6.0
PA14_29490,hplR_2557422_A_C_D_A	20.310713828	6.58309278999e-06	12.0	5.0
PA14_18350,fmt_1575697_T_C_I_V	20.2321251733	6.85913527327e-06	9.0	2.0
PA14_28630_2466867_G_C_A_A	20.2321251733	6.85913527327e-06	9.0	2.0
PA14_18350,fmt_1575704_A_G_H_H	20.2321251733	6.85913527327e-06	9.0	2.0
PA14_43180_3846663_G_A_A_A	20.2321251733	6.85913527327e-06	9.0	2.0
PA14_07940,trpE_683987_C_T_G_G	20.2321251733	6.85913527327e-06	9.0	2.0
PA14_38090_3398065_G_A_L_L	20.2321251733	6.85913527327e-06	9.0	2.0
PA14_02360,atsR_212016_G_A_V_V	20.0926652142	7.37790832608e-06	11.0	4.0
PA14_02360,atsR_212052_G_A_Q_Q	20.0926652142	7.37790832608e-06	11.0	4.0
PA14_67680,ntrC_6046940_C_T_H_H	20.0926652142	7.37790832608e-06	11.0	4.0
PA14_63100_5630926_G_A_A_T	20.0926652142	7.37790832608e-06	11.0	4.0
PA14_65920_5872025_C_T_E_E	20.0926652142	7.37790832608e-06	11.0	4.0
PA14_71630,adhA_6380939_C_G_L_L	20.0369532428	7.59599978422e-06	10.0	3.0
PA14_18140,mmsB_1556178_C_T_G_G	20.0369532428	7.59599978422e-06	10.0	3.0
PA14_21900_1905736_T_C_A_A	20.0369532428	7.59599978422e-06	10.0	3.0
PA14_29640,fhp_2569269_A_G_Q_Q	20.0369532428	7.59599978422e-06	10.0	3.0
PA14_10530_905566_A_G_R_R	20.0369532428	7.59599978422e-06	10.0	3.0
PA14_50830_4517966_T_C_A_A	20.0369532428	7.59599978422e-06	10.0	3.0
intergenic_1721813_T_C_none_none	20.0369532428	7.59599978422e-06	10.0	3.0
PA14_47270_4211981_A_G_V_V	20.0369532428	7.59599978422e-06	10.0	3.0
PA14_03860_347434_T_G_K_Q	19.5919117647	9.5874215395e-06	15.0	9.0
PA14_25020,uup_2188960_T_C_L_L	19.1494252874	1.2087389235e-05	17.0	12.0
PA14_16660,cadA_1424662_G_T_A_E	19.0588235294	1.26750362612e-05	6.0	0.0
intergenic_1234524_G_A_none_none	19.0588235294	1.26750362612e-05	6.0	0.0
PA14_45400_4043302_C_T_N_N	19.0588235294	1.26750362612e-05	6.0	0.0
PA14_48560_4318760_C_T_I_I	19.0588235294	1.26750362612e-05	6.0	0.0
PA14_10900,ydjL_943300_G_T_A_A	19.0588235294	1.26750362612e-05	6.0	0.0
intergenic_151644_C_G_none_none	19.0588235294	1.26750362612e-05	6.0	0.0
PA14_12850_1102918_C_A_A_A	19.0588235294	1.26750362612e-05	6.0	0.0
PA14_12850_1102776_C_T_A_V	19.0588235294	1.26750362612e-05	6.0	0.0
PA14_34750,tauD_3086792_C_T_G_G	19.0588235294	1.26750362612e-05	6.0	0.0
PA14_39610_3527280_C_G_S_S	19.0588235294	1.26750362612e-05	6.0	0.0
PA14_21190_1832586_C_T_A_A	19.0588235294	1.26750362612e-05	6.0	0.0
intergenic_686805_A_G_none_none	19.0588235294	1.26750362612e-05	6.0	0.0
PA14_38510,hmgA_3436002_C_T_I_I	19.0588235294	1.26750362612e-05	6.0	0.0
PA14_34840_3101924_C_T_A_V	19.0588235294	1.26750362612e-05	6.0	0.0
PA14_65060_5798267_G_A_R_R	19.0588235294	1.26750362612e-05	6.0	0.0
PA14_22490,acpD_1957385_G_A_G_R	19.0588235294	1.26750362612e-05	6.0	0.0
PA14_56570_5043631_G_A_A_A	19.0588235294	1.26750362612e-05	6.0	0.0
PA14_33800_3003272_C_T_R_R	19.0588235294	1.26750362612e-05	6.0	0.0
PA14_34580_3073119_A_G_N_N	19.0588235294	1.26750362612e-05	6.0	0.0
PA14_31730_2760310_C_T_G_G	19.0588235294	1.26750362612e-05	6.0	0.0
PA14_21180_1831496_C_T_G_G	19.0588235294	1.26750362612e-05	6.0	0.0
PA14_45400_4043416_G_A_L_L	19.0588235294	1.26750362612e-05	6.0	0.0
PA14_63100_5630802_C_T_N_N	19.0588235294	1.26750362612e-05	6.0	0.0
PA14_17220,lpxB_1476299_G_A_V_V	19.0588235294	1.26750362612e-05	6.0	0.0
intergenic_141400_A_G_none_none	19.0588235294	1.26750362612e-05	6.0	0.0
PA14_26460,cobK_2304941_C_T_V_V	19.0588235294	1.26750362612e-05	6.0	0.0
intergenic_1910760_C_T_none_none	19.0588235294	1.26750362612e-05	6.0	0.0
PA14_22650_1970533_C_T_L_L	19.0588235294	1.26750362612e-05	6.0	0.0
intergenic_1870028_C_CTGAGTTC,CCTGAGTTC_none_none	19.0588235294	1.26750362612e-05	6.0	0.0
PA14_25020,uup_2188149_C_G_L_L	19.0334719746	1.28445464829e-05	14.0	8.0
PA14_03860_347450_A_G_H_H	19.0334719746	1.28445464829e-05	14.0	8.0
PA14_28150_2438107_T_C_A_A	19.0334719746	1.28445464829e-05	14.0	8.0
PA14_30330,serS_2627479_C_T_L_L	19.0334719746	1.28445464829e-05	14.0	8.0
PA14_58700,nadC_5231997_T_C_M_T	18.6410675381	1.5778478313e-05	25.0	25.0
PA14_52670,astD_4669018_T_C_Q_Q	18.5124727669	1.6879605281e-05	13.0	7.0
PA14_18150,acsL_1557458_T_C_G_G	18.5124727669	1.6879605281e-05	13.0	7.0
PA14_06870,dnr_596080_A_C_G_G	18.5124727669	1.6879605281e-05	13.0	7.0
PA14_33920_3016049_A_G_R_R	18.4208031561	1.77113777078e-05	20.0	17.0
PA14_71000_6327203_G_A_T_T	18.3400054466	1.84785810956e-05	18.0	14.0
intergenic_1456003_A_G_none_none	18.0413943355	2.16153486759e-05	12.0	6.0
PA14_18150,acsL_1558595_T_C_V_V	18.0413943355	2.16153486759e-05	12.0	6.0
PA14_38140_3402456_T_C_V_V	18.0413943355	2.16153486759e-05	12.0	6.0
