feature	score	std	#I-out-of-234	#O-out-of-148
geneexp##PA14_38395	0.00610097015821	0.028620937639	  (0, 0)	1315.27745467	  (0, 0)	654.923714736
geneexp##PA14_38410,amrB	0.00447819591923	0.0229302623182	  (0, 0)	1546.45186851	  (0, 0)	813.549792253
geneexp##PA14_30850,trbI	0.00446798440802	0.0229437033796	  (0, 0)	781.392013707	  (0, 0)	293.028484244
geneexp##PA14_15420	0.00441136657514	0.0241605689408	  (0, 0)	530.739630217	  (0, 0)	115.693945339
geneexp##PA14_41280	0.00391520367776	0.022031632709	  (0, 0)	1304.99690816	  (0, 0)	648.950741238
geneexp##PA14_08000	0.00378846391565	0.0209310118692	  (0, 0)	1073.14307826	  (0, 0)	461.488969221
geneexp##PA14_15450,merD	0.00367716050846	0.0230417912907	  (0, 0)	525.233131016	  (0, 0)	105.958028838
geneexp##PA14_07950,prtN	0.00360433329062	0.0206310576202	  (0, 0)	1379.29895245	  (0, 0)	764.12508533
geneexp##PA14_38380,amrR	0.00359791739796	0.0191333872753	  (0, 0)	1345.77377042	  (0, 0)	762.061130082
geneexp##PA14_15480,merR	0.00349262625096	0.0197953205984	  (0, 0)	974.412972398	  (0, 0)	331.957132607
geneexp##PA14_15470,merP	0.00327527820676	0.0205830503887	  (0, 0)	743.61486193	  (0, 0)	199.757501224
geneexp##PA14_15410	0.00312240570713	0.019988438089	  (0, 0)	540.990945934	  (0, 0)	162.929365807
geneexp##PA14_67190	0.0030706147963	0.01826672897	  (0, 0)	1146.70836914	  (0, 0)	798.042023101
geneexp##PA14_66100	0.00294258147952	0.0178431112752	  (0, 0)	1145.9600525	  (0, 0)	823.548505398
geneexp##PA14_15460,merA	0.00288786279617	0.0192791540164	  (0, 0)	938.228770223	  (0, 0)	315.330814872
geneexp##PA14_15475,merT	0.00274873386046	0.0182775199678	  (0, 0)	849.02631491	  (0, 0)	251.074167518
geneexp##PA14_34170	0.00271424383682	0.0175440429321	  (0, 0)	651.267300148	  (0, 0)	270.011572066
geneexp##PA14_08130,gpU	0.00267977012967	0.0175230988358	  (0, 0)	1014.14410463	  (0, 0)	427.716028169
geneexp##PA14_15435	0.00264500939798	0.0177244657089	  (0, 0)	704.063563551	  (0, 0)	149.036817054
geneexp##PA14_08040,gpI	0.00250589763408	0.0160698808074	  (0, 0)	1167.49066835	  (0, 0)	504.863431418
geneexp##PA14_15430,tnpR	0.00250203713527	0.0160257900743	  (0, 0)	763.684106065	  (0, 0)	225.443395893
geneexp##PA14_08240	0.00249241202387	0.0169827052581	  (0, 0)	719.78377509	  (0, 0)	693.805868941
geneexp##PA14_08090,gpFII	0.00249124291889	0.0152225198777	  (0, 0)	1226.06289588	  (0, 0)	528.71664936
geneexp##PA14_15445,merE	0.00248911159017	0.0186378943658	  (0, 0)	413.794476766	  (0, 0)	92.457276528
geneexp##PA14_41290	0.00244645022808	0.0168730768091	  (0, 0)	675.859627948	  (0, 0)	273.01394617
geneexp##PA14_08200	0.00234933814259	0.0158666892085	  (0, 0)	547.203217738	  (0, 0)	632.073398231
geneexp##PA14_08010,gpV	0.0022546419086	0.0158967991196	  (0, 0)	1153.34526974	  (0, 0)	491.891822401
geneexp##PA14_22740	0.00218134086437	0.0145915782071	  (0, 0)	1486.14045982	  (0, 0)	874.357746086
geneexp##PA14_08140,XR2	0.00211806274012	0.0139339361908	  (0, 0)	775.459692109	  (0, 0)	303.061907313
geneexp##PA14_08050	0.00202772814845	0.0138237055438	  (0, 0)	1462.4411823	  (0, 0)	688.11701944
geneexp##PA14_51880,oprD	0.00202426671821	0.013844293099	  (0, 0)	1970.67923579	  (0, 0)	1337.30874166
geneexp##PA14_08250	0.00201593273118	0.0151796452061	  (0, 0)	351.741879954	  (0, 0)	429.053663609
geneexp##PA14_08150,gpD	0.00201064409379	0.0148594892156	  (0, 0)	1242.28409341	  (0, 0)	553.315634858
geneexp##PA14_08060	0.00192230234399	0.0136787342637	  (0, 0)	1116.5500737	  (0, 0)	514.435432914
geneexp##PA14_61650,pagL	0.00187654878801	0.0131802969627	  (0, 0)	1692.52243422	  (0, 0)	996.438855319
geneexp##PA14_48960	0.001864879948	0.0133854280131	  (0, 0)	155.893483164	  (0, 0)	218.29073463
geneexp##PA14_07980	0.0018525412736	0.0142265872495	  (0, 0)	1288.24767688	  (0, 0)	724.992744322
geneexp##PA14_48880,intT	0.00180149794462	0.0121018101586	  (0, 0)	294.704359246	  (0, 0)	313.241114158
geneexp##PA14_31190	0.0017702039163	0.014017386783	  (0, 0)	771.7703279	  (0, 0)	279.988978817
geneexp##PA14_08120	0.00169938434671	0.0121634930326	  (0, 0)	1398.01264707	  (0, 0)	627.971695687
geneexp##PA14_30940,trbB	0.00168713847339	0.0139844060404	  (0, 0)	504.682799658	  (0, 0)	176.620777091
geneexp##PA14_38360,ugd	0.00165720677682	0.0119906106691	  (0, 0)	1359.41433681	  (0, 0)	793.157578281
geneexp##PA14_08070,gpFI	0.00164656666804	0.0129190524722	  (0, 0)	1485.3676661	  (0, 0)	673.483822028
geneexp##PA14_08280	0.00160950718031	0.014202774186	  (0, 0)	551.86376526	  (0, 0)	574.619873466
geneexp##PA14_23370,orfK	0.00158816875244	0.0117439391871	  (0, 0)	219.896552366	  (0, 0)	335.110443952
geneexp##PA14_64490	0.00155765420156	0.0118191511075	  (0, 0)	1221.10956872	  (0, 0)	674.154214828
geneexp##PA14_66330,msrA	0.00153979614151	0.0108941613469	  (0, 0)	1813.77839038	  (0, 0)	1121.1173154
geneexp##PA14_26330	0.00150808103072	0.0110293923232	  (0, 0)	984.053797401	  (0, 0)	664.029464658
geneexp##PA14_20530	0.00150712455909	0.0109226182351	  (0, 0)	79.598875098	  (0, 0)	234.893772029
geneexp##PA14_08030	0.0014986476712	0.0121629518014	  (0, 0)	1243.30480794	  (0, 0)	539.008414618
geneexp##PA14_08260	0.00148000243972	0.0134112153992	  (0, 0)	439.460074087	  (0, 0)	469.522240034
geneexp##PA14_48970	0.00146514995111	0.0109362342798	  (0, 0)	331.045447535	  (0, 0)	377.902686889
geneexp##PA14_48890	0.00146360180169	0.012136657436	  (0, 0)	650.705739851	  (0, 0)	561.854198499
geneexp##PA14_28050	0.00145285557057	0.00960401086491	  (0, 0)	1335.99428672	  (0, 0)	901.763152082
geneexp##PA14_29750	0.00143504582156	0.0112902532238	  (0, 0)	728.632578343	  (0, 0)	335.675440892
geneexp##PA14_08270	0.00138561876645	0.0116557872775	  (0, 0)	698.970500651	  (0, 0)	619.523689695
geneexp##PA14_08230	0.00131358210233	0.0128017792668	  (0, 0)	480.623989531	  (0, 0)	462.626164727
geneexp##PA14_02140	0.00128975595786	0.00929854876037	  (0, 0)	1359.81607493	  (0, 0)	799.429070457
geneexp##PA14_07460	0.00124320637518	0.0106511750298	  (0, 0)	909.315746103	  (0, 0)	482.782533502
geneexp##PA14_03300	0.00121177496871	0.0106360745379	  (0, 0)	1176.65123188	  (0, 0)	644.294050369
geneexp##PA14_00710,osmC	0.0012109553158	0.0102212588507	  (0, 0)	1566.67226519	  (0, 0)	902.156757031
geneexp##PA14_63110	0.00117446181813	0.00966073596123	  (0, 0)	1001.48380035	  (0, 0)	534.804222052
geneexp##PA14_16640	0.00117126759655	0.0098167302382	  (0, 0)	1893.02591806	  (0, 0)	1097.08412439
geneexp##PA14_36010	0.00115966971699	0.00908138669426	  (0, 0)	1011.41512325	  (0, 0)	528.293648353
geneexp##PA14_05530,mexA	0.00114303386201	0.00915927215201	  (0, 0)	1748.14933	  (0, 0)	1088.79299876
geneexp##PA14_36000,prpR	0.00112922003723	0.0102110504245	  (0, 0)	1129.52724299	  (0, 0)	543.946102182
geneexp##PA14_49040	0.00112495795772	0.00867119916941	  (0, 0)	1110.46238758	  (0, 0)	737.230936212
geneexp##PA14_36780	0.00110081902168	0.00994583476875	  (0, 0)	768.281240375	  (0, 0)	411.387050072
geneexp##PA14_13910	0.00109383062378	0.00886669044887	  (0, 0)	156.576631552	  (0, 0)	171.007112012
geneexp##PA14_09460,phzC1	0.00108780751581	0.00892670352916	  (0, 0)	829.10805066	  (0, 0)	655.225855588
geneexp##PA14_08020,gpW	0.00106834763492	0.00913633394007	  (0, 0)	1008.78766147	  (0, 0)	434.929030023
geneexp##PA14_51630	0.0010576024805	0.00969394015055	  (0, 0)	1144.64575925	  (0, 0)	621.089491743
geneexp##PA14_60290,pilW	0.00105223809759	0.00897295601552	  (0, 0)	974.475823857	  (0, 0)	683.849582762
geneexp##PA14_46070,gbuA	0.00103825086071	0.00966371310849	  (0, 0)	1060.61754559	  (0, 0)	603.901291831
geneexp##PA14_49020	0.000970339727209	0.00865485996577	  (0, 0)	515.780367248	  (0, 0)	537.073875213
geneexp##PA14_02370	0.000965640518692	0.0086146085376	  (0, 0)	745.491695598	  (0, 0)	556.499385457
geneexp##PA14_51430,pqsA	0.000963828489797	0.00834982860716	  (0, 0)	1395.24038787	  (0, 0)	962.375576608
geneexp##PA14_69610,cyaA	0.000958151291362	0.00833530130521	  (0, 0)	1414.96319645	  (0, 0)	913.149551463
geneexp##PA14_48950	0.000946218937834	0.00849801629621	  (0, 0)	373.761214822	  (0, 0)	388.250159878
geneexp##PA14_08110	0.000943989190328	0.00938903059934	  (0, 0)	901.607185408	  (0, 0)	379.990824849
geneexp##PA14_08220	0.000930837958392	0.00814014812554	  (0, 0)	719.217030745	  (0, 0)	633.281919655
geneexp##PA14_30900,trbJ	0.000923072297576	0.00957860009351	  (0, 0)	543.866830802	  (0, 0)	212.815331377
geneexp##PA14_08300,JF1	0.000918060405173	0.00940629155819	  (0, 0)	942.498716131	  (0, 0)	751.693502142
geneexp##PA14_10790,ampC	0.000909981922033	0.00691283027739	  (0, 0)	1417.12039871	  (0, 0)	811.578032683
geneexp##PA14_32850	0.000903276378662	0.00776520268768	  (0, 0)	179.90467565	  (0, 0)	231.60419275
geneexp##PA14_55960,pctC	0.000898559347086	0.00837464524047	  (0, 0)	1414.94311168	  (0, 0)	961.259358694
geneexp##PA14_28760	0.000897385164598	0.00831734774339	  (0, 0)	933.492318932	  (0, 0)	469.443423898
geneexp##PA14_33000,gcvP2	0.000895990680768	0.00774004936363	  (0, 0)	1791.04017754	  (0, 0)	1053.69763754
geneexp##PA14_01190	0.00087689430837	0.00767790601374	  (0, 0)	1012.23615731	  (0, 0)	573.7523641
geneexp##PA14_64480,osmE	0.000870163956643	0.0078652092259	  (0, 0)	1341.22207811	  (0, 0)	777.977145417
geneexp##PA14_36560	0.000869821174218	0.00861428832175	  (0, 0)	911.75670865	  (0, 0)	465.601335054
geneexp##PA14_42780	0.000844759268844	0.00762114312343	  (0, 0)	1187.10267396	  (0, 0)	779.614123196
geneexp##PA14_44311	0.000843280558547	0.00660997907929	  (0, 0)	1209.55618014	  (0, 0)	708.153739704
geneexp##PA14_18310	0.000840233291234	0.00725173951788	  (0, 0)	1116.79307853	  (0, 0)	638.76816332
geneexp##PA14_39530	0.000839015970598	0.00828529489878	  (0, 0)	872.973213043	  (0, 0)	429.230703948
geneexp##PA14_48940,coaB	0.000833628501441	0.00728825865218	  (0, 0)	297.577638476	  (0, 0)	322.889330669
geneexp##PA14_15620	0.000824905828522	0.0079617339599	  (0, 0)	222.690503679	  (0, 0)	238.504204318
geneexp##PA14_18140,mmsB	0.00080337729733	0.00711893364203	  (0, 0)	1418.32576337	  (0, 0)	797.960409843
geneexp##PA14_21570	0.000800386316788	0.00756400726966	  (0, 0)	1200.14918578	  (0, 0)	806.073611796
geneexp##PA14_03220	0.000774264037119	0.00754739969887	  (0, 0)	1379.18606591	  (0, 0)	837.525612227
