feature	score	std	#I-out-of-293	#O-out-of-102
geneexp##PA14_46070,gbuA	0.00182386523803	0.0181204947609	  (0, 0)	1351.51184304	  (0, 0)	376.593799378
genePA##PA14_51830,,dps2	0.0012162069823	0.0139784148771	  (0, 0)	1.5453716885	  (0, 0)	1.19039884212
genePA##,,oprD_10	0.000936784997574	0.0110392864182	  (0, 0)	2.45184734554	  (0, 0)	0.0688583457453
geneexp##PA14_46140	0.000828188858138	0.00913447524113	  (0, 0)	1067.8115001	  (0, 0)	349.13276487
geneexp##PA14_53880	0.000727090672731	0.00816435839745	  (0, 0)	1415.92321351	  (0, 0)	452.743667862
geneexp##PA14_70970,betI	0.000703773563971	0.0109375780781	  (0, 0)	1702.36924025	  (0, 0)	636.621571029
geneexp##PA14_46080	0.000697554241861	0.00698974184418	  (0, 0)	1125.04471298	  (0, 0)	337.596102789
geneexp##PA14_52250,pirR	0.000678983684454	0.0090384116652	  (0, 0)	1054.88583186	  (0, 0)	322.639721105
geneexp##PA14_46100	0.000657696382611	0.00861643853837	  (0, 0)	1143.26137754	  (0, 0)	336.292903342
geneexp##PA4726.2,P30	0.000616759105409	0.00779501928105	  (0, 0)	2394.88798105	  (0, 0)	808.659091109
SNPs##PA14_23260,gyrA_2015001_C_T_T_I	0.000616555574592	0.00870135596477	  (0, 0)	0.533021237152	  (0, 0)	0.07927042177
genePA##,,group_12802	0.000590463339353	0.00912756728948	  (0, 0)	2.50325455612	  (0, 0)	0.0667184148639
geneexp##PA14_46120,ilvG	0.000554716983676	0.00693504244427	  (0, 0)	993.287890418	  (0, 0)	302.643495821
geneexp##PA14_51880,oprD	0.000548557424341	0.00864568498656	  (0, 0)	2453.06119546	  (0, 0)	972.791919407
geneexp##PA14_70940,betA	0.00054305329488	0.00709232884201	  (0, 0)	1627.42828298	  (0, 0)	620.35764182
geneexp##PA14_32710	0.000536945772427	0.00610935323762	  (0, 0)	1129.52169557	  (0, 0)	364.987198304
geneexp##PA14_06170,fiuR	0.000517142479773	0.00714527603035	  (0, 0)	959.886115312	  (0, 0)	283.275120314
geneexp##PA14_70950,betB	0.000515172154126	0.00680211262902	  (0, 0)	1909.45102147	  (0, 0)	710.950007804
geneexp##PA14_02370	0.000501716787183	0.00937411119465	  (0, 0)	944.465966518	  (0, 0)	408.713358622
geneexp##PA14_52240,pirS	0.000500703423904	0.00595090763843	  (0, 0)	1331.09892717	  (0, 0)	430.650756552
geneexp##PA14_62000,hitA	0.000482824217665	0.00645964964507	  (0, 0)	2134.1024414	  (0, 0)	709.297631671
genePA##,,group_11181	0.000438983178974	0.00615060994833	  (0, 0)	2.06912714763	  (0, 0)	0.90286562501
geneexp##PA14_56870	0.000406144061888	0.0049080867321	  (0, 0)	1548.04114572	  (0, 0)	514.259081545
geneexp##PA14_06680,nirH	0.000391055474631	0.00520853622602	  (0, 0)	1814.47964805	  (0, 0)	590.767591767
SNPs##PA14_71460,glyA1_6368144_A_G_E_E	0.00035326999924	0.0056261758283	  (0, 0)	0.284678119513	  (0, 0)	0.184076235531
geneexp##PA14_29010	0.000349714438749	0.00510914721436	  (0, 0)	1395.90609606	  (0, 0)	498.923100148
geneexp##PA14_34630,gnuT	0.000338439117706	0.00554077888318	  (0, 0)	1166.67674815	  (0, 0)	367.129980729
geneexp##PA14_36320,hcnB	0.000337907177134	0.00471126007953	  (0, 0)	1494.69078259	  (0, 0)	555.004543956
SNPs##PA14_31190_2711270_T_G_E_A	0.000325737454654	0.00596704326186	  (0, 0)	0.455337268002	  (0, 0)	0.0744619163336
geneexp##PA14_21290	0.000320713920104	0.00493137418704	  (0, 0)	1158.17758108	  (0, 0)	407.327397112
geneexp##PA14_14340,ybiN	0.000318016221891	0.00457327598148	  (0, 0)	1220.74434929	  (0, 0)	440.574741538
SNPs##PA14_09400,phzS_806015_A_G_H_H	0.000317822806503	0.00510508939303	  (0, 0)	0.13059929351	  (0, 0)	0.0946942573083
SNPs##PA14_61200_5461183_C_T_Q_Q	0.000314859701827	0.00450798654853	  (0, 0)	0.0360022064559	  (0, 0)	0.0804939812471
geneexp##PA14_18520,algK	0.000313362134693	0.00467668317852	  (0, 0)	931.340052706	  (0, 0)	363.286669451
geneexp##PA14_46640	0.000303159208305	0.00486853508286	  (0, 0)	1438.60988241	  (0, 0)	480.696764905
geneexp##PA14_71640	0.000301680508095	0.00454451352242	  (0, 0)	1520.48416243	  (0, 0)	522.208483838
SNPs##PA14_33610_2966659_G_A_A_T	0.00030148455177	0.00387596519483	  (0, 0)	0.0382290848238	  (0, 0)	0.0764622475926
geneexp##PA14_46110	0.000298932759795	0.00608202672962	  (0, 0)	1151.21960781	  (0, 0)	355.916043744
geneexp##PA14_16100	0.000296788012087	0.00513028981859	  (0, 0)	1071.37053538	  (0, 0)	422.810356662
genePA##PA14_67200,,hcpC_2	0.000288081601492	0.00567274550041	  (0, 0)	1.41725802781	  (0, 0)	0.82791932896
geneexp##PA14_13460,fecI	0.000279328666315	0.00509932888349	  (0, 0)	975.214228323	  (0, 0)	310.747582716
geneexp##PA14_25520	0.000279262961903	0.00406237225538	  (0, 0)	1419.56526438	  (0, 0)	484.497490734
SNPs##PA14_30950_2688408_T_C_V_V	0.000271522246318	0.0055194301943	  (0, 0)	0.476635570714	  (0, 0)	0.115510048868
geneexp##PA14_26970	0.000268917512453	0.00418266472502	  (0, 0)	1186.91867543	  (0, 0)	415.237107491
SNPs##PA14_03220_287097_T_C_K_K	0.000266445576085	0.00465826554809	  (0, 0)	0.260345983168	  (0, 0)	0.129034607494
genePA##,,group_22081	0.000262363947918	0.00429534007252	  (0, 0)	1.23923041102	  (0, 0)	0.436490717055
SNPs##PA14_60470,ispB_5390115_C_T_G_G	0.000262158258208	0.00549404810845	  (0, 0)	0.519707800014	  (0, 0)	0.120259671451
SNPs##PA14_12920_1107712_G_A_P_P	0.000259905451196	0.00402339250449	  (0, 0)	0.0380039350291	  (0, 0)	0.0743897702852
geneexp##PA14_64800,vanA	0.00025966946231	0.00454932547719	  (0, 0)	928.704021608	  (0, 0)	332.532045376
SNPs##PA14_07090,metK_614537_C_T_K_K	0.000258700134964	0.00490363291528	  (0, 0)	0.263131083895	  (0, 0)	0.127590433671
genePA##,,rstB_3	0.000255241479223	0.00479603556326	  (0, 0)	2.237392641	  (0, 0)	0.828348454538
SNPs##PA14_50270,fliD_4463694_C_T_G_D	0.000254646519003	0.00367560784923	  (0, 0)	0.479446779476	  (0, 0)	0.115471290448
geneexp##PA14_33860,lldA	0.000254133270876	0.0042508797252	  (0, 0)	1342.27835871	  (0, 0)	453.658215148
SNPs##PA14_58700,nadC_5231997_T_C_M_T	0.000254049671406	0.0058029859701	  (0, 0)	0.0975823924889	  (0, 0)	0.114732711927
SNPs##PA14_31190_2711035_T_C_E_E	0.000253570372305	0.0046653040154	  (0, 0)	0.379871282311	  (0, 0)	0.0123170449715
geneexp##PA14_39960,phzB2	0.000251134164006	0.00474215911603	  (0, 0)	1225.00892883	  (0, 0)	511.259751568
genePA##,,xylA	0.000249537177263	0.00459214991093	  (0, 0)	2.36048633949	  (0, 0)	0.77121753119
SNPs##PA0263.1_290257_CCC_CCCCTGCC_none_none	0.000248997659846	0.00426329216392	  (0, 0)	0.0341058261571	  (0, 0)	0.046593004643
geneexp##PA14_12840	0.000248488059402	0.00389274558591	  (0, 0)	1609.96970766	  (0, 0)	546.177233109
SNPs##PA14_08050_692527_G_T_A_A	0.000248458887362	0.00456196048603	  (0, 0)	0.496344388861	  (0, 0)	0.108726893523
SNPs##PA14_54270,yecP_4815344_G_C_G_G	0.000246656243532	0.00371999285891	  (0, 0)	0.0596050603044	  (0, 0)	0.0671074312095
SNPs##PA14_58760,pilC_5237104_G_T_T_T	0.00024641728386	0.00481261336471	  (0, 0)	0.105464559933	  (0, 0)	0.0905971332849
geneexp##PA14_24970,yegS	0.000246284812398	0.00374420373661	  (0, 0)	1393.0781587	  (0, 0)	462.164364344
geneexp##PA14_33190	0.000245348753806	0.00380234521254	  (0, 0)	1237.29770334	  (0, 0)	417.177401902
geneexp##PA14_62650	0.000242872546568	0.00425147233779	  (0, 0)	2244.69447075	  (0, 0)	782.500994235
geneexp##PA14_58560,piuB	0.000242472450969	0.00448563100245	  (0, 0)	1329.35072609	  (0, 0)	436.910218241
geneexp##PA14_44820	0.000242059857213	0.0054078851879	  (0, 0)	1137.87614031	  (0, 0)	406.141578778
geneexp##PA14_69300	0.000242003707378	0.00553729922966	  (0, 0)	1425.65351282	  (0, 0)	484.293041565
SNPs##intergenic_6363868_A_G_none_none	0.000240681649751	0.0044573716317	  (0, 0)	0.234818829206	  (0, 0)	0.136949478853
SNPs##PA14_66570,gltB_5940220_G_A_H_H	0.000240308970141	0.00438948408047	  (0, 0)	0.0963715555999	  (0, 0)	0.133152615193
geneexp##PA14_58040	0.000238737899967	0.00489315656969	  (0, 0)	1099.66992348	  (0, 0)	357.048737771
geneexp##PA14_58030,fumC	0.0002378818608	0.00358437299329	  (0, 0)	1294.8085041	  (0, 0)	435.739284822
geneexp##PA14_42390,exsA	0.000237705665591	0.00352095906093	  (0, 0)	1900.16451635	  (0, 0)	683.189153064
geneexp##PA14_17480,rpoS	0.000237554614777	0.00399137750277	  (0, 0)	2608.94206204	  (0, 0)	902.281850836
genePA##PA14_67210,,hcpC_1	0.000237224514243	0.0044213891243	  (0, 0)	1.82408791401	  (0, 0)	0.853884261865
geneexp##PA14_48560	0.000236303444799	0.00433600907097	  (0, 0)	1070.16419464	  (0, 0)	423.12625621
genePA##,,group_1020	0.000236046655213	0.00530312866829	  (0, 0)	2.30599469745	  (0, 0)	0.887281730821
SNPs##PA14_12070,rodA_1043062_C_G_V_V	0.000235759124257	0.00474760180974	  (0, 0)	0.0692677198498	  (0, 0)	0.0919546959693
geneexp##PA14_71470,soxB	0.000233840841459	0.00389031213339	  (0, 0)	1289.74408201	  (0, 0)	453.896972939
SNPs##PA14_56880_5067254_G_A_T_T	0.000233476917926	0.00387045631395	  (0, 0)	0.00834775910943	  (0, 0)	0.0455030186708
SNPs##PA14_27770,yadG_2408554_C_T_D_D	0.000232975930122	0.00449261430021	  (0, 0)	0.516250675451	  (0, 0)	0.135774525626
SNPs##intergenic_1648274_C_T_none_none	0.000230250575173	0.00432849691591	  (0, 0)	0.064699940509	  (0, 0)	0.0830076694233
SNPs##PA14_20860_1797262_GAGGAG_GAGGAGGAG_none_none	0.000229952244025	0.00385390118544	  (0, 0)	0.0708804078847	  (0, 0)	0.0405896294451
geneexp##PA14_49910	0.000229115384077	0.00358812545965	  (0, 0)	1416.49265668	  (0, 0)	487.492393967
geneexp##PA14_40610	0.000228386568034	0.0042508525688	  (0, 0)	329.993005391	  (0, 0)	129.601098231
SNPs##PA14_04050_365264_C_G_A_G	0.0002275778573	0.00448621355553	  (0, 0)	0.248949174197	  (0, 0)	0.116617503954
geneexp##PA14_00640,phzH	0.000227256151241	0.00403819182304	  (0, 0)	1073.63432254	  (0, 0)	417.821781897
SNPs##PA14_55560,pigC_4944914_C_T_E_E	0.000226785222695	0.00528359788446	  (0, 0)	0.18000143619	  (0, 0)	0.148378643918
genePA##PA14_63500,,group_12438	0.000226000410482	0.00419729963521	  (0, 0)	2.33820117334	  (0, 0)	0.816463072381
SNPs##PA14_23560,gltx_2052158_C_T_N_N	0.000225330054213	0.00412565235448	  (0, 0)	0.156863215279	  (0, 0)	0.121763081157
geneexp##PA14_39890,phzF2	0.000224581662805	0.00504604288106	  (0, 0)	1076.35010684	  (0, 0)	453.356243436
geneexp##PA14_62330,phuS	0.00022394683956	0.0041245135808	  (0, 0)	1335.60710535	  (0, 0)	440.950068529
geneexp##PA14_09470,phzB1	0.000223723637481	0.00517944257782	  (0, 0)	1193.55642887	  (0, 0)	509.670910241
geneexp##PA14_52110	0.000222610122658	0.00475278393584	  (0, 0)	909.886130334	  (0, 0)	323.00117926
geneexp##PA14_22800,yciB	0.000221993262087	0.00375604097021	  (0, 0)	1961.12587415	  (0, 0)	677.795498372
SNPs##PA14_33920_3016103_G_A_R_R	0.000221003829108	0.00423503333328	  (0, 0)	0.51118214882	  (0, 0)	0.152791788637
geneexp##PA14_68370,cysQ	0.000220104028122	0.00387366582262	  (0, 0)	1507.73874014	  (0, 0)	513.647475357
geneexp##PA14_33000,gcvP2	0.00021990837374	0.00403645998126	  (0, 0)	2232.76608265	  (0, 0)	707.960629385
SNPs##intergenic_2515733_C_T_none_none	0.000219857207742	0.00420571623707	  (0, 0)	0.249659535858	  (0, 0)	0.160883169673
geneexp##PA14_17760,ada	0.000216557976283	0.00366445476777	  (0, 0)	879.786842517	  (0, 0)	316.380383108
