feature	score	std	#I-out-of-20	#O-out-of-334
SNPs##PA14_53260_4721682_C_T_G_G	0.0010959619614	0.0148414896847	  (0, 0)	0.0251122011473	  (0, 0)	0.0166312306767
SNPs##PA14_49440_4393862_T_C_N_D	0.00101301752554	0.0147719264446	  (0, 0)	0.0387219908457	  (0, 0)	0.015101644182
SNPs##PA14_33890,aldG_3011414_T_G_S_A	0.000942180948223	0.0151199698674	  (0, 0)	0.0278880988961	
SNPs##PA14_51620_4587909_A_G_Q_Q	0.000920306379114	0.0168451602006	  (0, 0)	0.0350413872151	  (0, 0)	0.0803806942916
SNPs##PA14_17730_1523519_T_C_L_P	0.000866501897099	0.0137006507047	  (0, 0)	0.0414825300375	  (0, 0)	0.0261403917724
SNPs##PA14_20860_1797056_A_T_E_V	0.000798554195205	0.0133862520169	  (0, 0)	0.0431081028632	  (0, 0)	0.0200644206743
SNPs##PA14_61200_5460669_G_A_L_L	0.000788867523465	0.0116531946067	  (0, 0)	0.0344624004294	  (0, 0)	0.0159934651414
SNPs##PA14_59820_5328508_A_G_I_V	0.00078626420945	0.0116227203823	  (0, 0)	0.0137849877576	  (0, 0)	0.0778185373304
SNPs##PA14_18650,ydhD_1605783_C_T_A_A	0.000783065936692	0.0144464486869	  (0, 0)	0.0421784051789	  (0, 0)	0.0204010040881
SNPs##PA14_06640_580089_G_A_Q_Q	0.000759685085385	0.0140125323338	  (0, 0)	0.0312969971634	  (0, 0)	0.0170663018716
SNPs##PA14_32390,mexF_2814868_A_G_R_R	0.000752871705731	0.0158557299111	  (0, 0)	0.037945708664	  (0, 0)	0.0110348128917
SNPs##PA14_41190,ppiD_3675177_G_A_L_L	0.000740042085622	0.0165614248318	  (0, 0)	0.0414825300375	  (0, 0)	0.0200644206743
SNPs##PA14_18630,eprS_1601078_C_T_R_R	0.000717291908106	0.0160469489565	  (0, 0)	0.0421784051789	  (0, 0)	0.0204010040881
SNPs##intergenic_290520_C_T_none_none	0.000713242186022	0.0164343559414	  (0, 0)	0.0300577063762	  (0, 0)	0.0150312602855
SNPs##PA14_28840_2491524_A_G_K_E	0.000683827374899	0.0156533674055	  (0, 0)	0.0300577063762	  (0, 0)	0.00703987534514
SNPs##PA14_22890,gapA_1986385_G_A_A_A	0.000683799885028	0.0159781922186	  (0, 0)	0.0386976396086	  (0, 0)	0.0475025673843
SNPs##PA14_17640,potA_1516732_G_C_Q_E	0.000678527978103	0.010832879639	  (0, 0)	0.0428823444548	  (0, 0)	0.074007200356
SNPs##PA14_62530,cbrA_5576682_G_A_V_V	0.000672313438405	0.0126109511685	  (0, 0)	0.0401281938502	  (0, 0)	0.0377629895565
SNPs##PA14_11990_1036646_C_T_A_T	0.000671699445046	0.015004950726	  (0, 0)	0.0343803460353	  (0, 0)	0.0269455070392
SNPs##PA14_18360,prmF_1577019_G_A_L_L	0.000654970760234	0.0207016354442	  (0, 0)	0.0402286679491	  (0, 0)	0.0282616498277
SNPs##PA14_31380,sfpA_2728788_T_G_E_A	0.000653414130568	0.0120016730102	  (0, 0)	0.0213525539534	  (0, 0)	0.0210577260377
SNPs##PA14_09520,mexI_816783_G_A_D_D	0.000650475396303	0.0136573817303	  (0, 0)	0.0294060227235	  (0, 0)	0.0196133859654
SNPs##PA14_30910,trbE_2685456_C_T_L_L	0.000649545296567	0.0146905118186	  (0, 0)	0.0273248497642	  (0, 0)	0.0331128447498
SNPs##intergenic_4201661_A_AA_none_none	0.000635329666778	0.0116982867606	  (0, 0)	0.0225520506144	  (0, 0)	0.0674308233751
SNPs##PA14_46680,norM_4160968_G_A_Q_Q	0.000621948770918	0.0137971935166	  (0, 0)	0.0396276747441	  (0, 0)	0.044029428653
SNPs##PA14_67770,pgm_6051807_C_A_A_E	0.000617799328974	0.0138166316893	  (0, 0)	0.0288165031514	  (0, 0)	0.0211597299374
SNPs##PA14_59540_5297587_G_T_M_I	0.000615722248766	0.0137589400741	  (0, 0)	0.0226961479489	  (0, 0)	0.0129358901739
SNPs##PA14_12630_1084911_C_T_V_V	0.000601578499243	0.010068416159	  (0, 0)	0.0269101884918	
SNPs##PA14_28840_2490827_T_C_L_L	0.000587774908793	0.013553219206	  (0, 0)	0.032167701937	  (0, 0)	0.0451753728208
SNPs##PA14_17930,glpD_1540048_C_G_P_P	0.000585590897243	0.0126674353051	  (0, 0)	0.0421784051789	  (0, 0)	0.0204010040881
SNPs##PA14_04700_418406_G_T_E_D	0.000580450352878	0.00951239449742	  (0, 0)	0.0259259829801	
SNPs##intergenic_5244866_A_G_none_none	0.000578989687617	0.0132680187141	  (0, 0)	0.0304431966437	  (0, 0)	0.05266593556
SNPs##PA14_36590,malQ_3257889_G_T_G_G	0.00057620478943	0.0129403259845	  (0, 0)	0.0414825300375	  (0, 0)	0.0257987117618
SNPs##PA14_12590_1080738_A_T_S_T	0.000575765357766	0.0112676759791	  (0, 0)	0.0251833130739	  (0, 0)	0.0154524920689
SNPs##PA14_23270,serC_2017831_C_T_G_G	0.000570277884938	0.0109503362464	  (0, 0)	0.0282783139482	  (0, 0)	0.0207645418698
SNPs##PA14_48060,aprA_4278590_C_T_Q_Q	0.000568895731559	0.0127309347061	  (0, 0)	0.0314757456858	  (0, 0)	0.0579482499948
SNPs##intergenic_1541768_G_T_none_none	0.000560643363854	0.013800404101	  (0, 0)	0.0421784051789	  (0, 0)	0.0204010040881
SNPs##PA14_37030,cupA3_3297038_T_TTGCGC,TCTTGCGC_none_none	0.000560460256994	0.0136156039476	  (0, 0)	0.020431679725	
SNPs##PA14_18610,argF_1598997_C_T_V_V	0.000554307626253	0.0130983968779	  (0, 0)	0.0414825300375	  (0, 0)	0.0277329026875
SNPs##PA14_59540_5297434_C_T_H_H	0.000552927095061	0.00989466412656	  (0, 0)	0.0328748491463	  (0, 0)	0.0245019745924
SNPs##PA14_14160_1211341_C_T_S_S	0.000552528333918	0.0124016514364	  (0, 0)	0.0353357577777	  (0, 0)	0.03451667532
SNPs##intergenic_499696_C_CC_none_none	0.000550506209317	0.0126522120461	  (0, 0)	0.0262888409327	
SNPs##PA14_18310_1570877_C_T_A_T	0.000548214179172	0.0103163758009	  (0, 0)	0.0477982437125	  (0, 0)	0.0333838283283
SNPs##PA14_31390_2730602_G_C_L_L	0.000547947047979	0.0122944991286	  (0, 0)	0.0418051057742	  (0, 0)	0.0253502652736
SNPs##PA14_71910,wbpZ_6409523_G_A_L_L	0.00054603368927	0.0123913463167	  (0, 0)	0.0277832278737	  (0, 0)	0.0204010040881
SNPs##PA14_21790,rdgC_1895747_A_T_S_T	0.000529973623443	0.0118661085312	  (0, 0)	0.0265929805391	  (0, 0)	0.0638113981472
SNPs##PA14_23310_2021223_G_A_E_E	0.000526772276653	0.0119065032217	  (0, 0)	0.0331924818785	  (0, 0)	0.183175521619
SNPs##PA14_59090_5262550_G_A,C_none_none	0.000517682216906	0.00971987027537	  (0, 0)	0.017731911284	  (0, 0)	0.0183304255696
SNPs##PA14_73160_6515176_G_A_V_I	0.000514663608319	0.00961088694555	  (0, 0)	0.0424348715807	  (0, 0)	0.0197510690126
SNPs##PA14_03190_281871_T_C_N_S	0.000508789445032	0.0115985837014	  (0, 0)	0.0266275878809	  (0, 0)	0.235696765181
SNPs##PA14_07450_639094_T_G_L_L	0.000507619033134	0.0114473229644	  (0, 0)	0.0347073799599	  (0, 0)	0.312907181047
SNPs##PA14_11080,cupB3_960487_C_T_L_L	0.000505113177593	0.0113223845373	  (0, 0)	0.0426923166769	  (0, 0)	0.0866200710306
SNPs##PA14_04080,yecS_367509_G_A_Y_Y	0.000498412087581	0.0112915798569	  (0, 0)	0.0441329894466	  (0, 0)	0.0509036028739
SNPs##PA14_36300_3233126_G_A_Y_Y	0.000494528729853	0.0116905280299	  (0, 0)	0.0188752594004	  (0, 0)	0.0686439101192
SNPs##PA14_18230,fruR_1563188_G_A_L_L	0.000493528353218	0.0112412163369	  (0, 0)	0.0408346857798	  (0, 0)	0.0268842082967
SNPs##PA14_48520,mltA_4313220_G_A_V_V	0.000491090885561	0.0110631221941	  (0, 0)	0.0402286679491	  (0, 0)	0.0340722746849
SNPs##PA14_14140_1210607_C_G_D_E	0.000489888004502	0.0111182939202	  (0, 0)	0.0353357577777	  (0, 0)	0.03451667532
SNPs##PA14_28840_2489828_G_T_A_A	0.000483547436612	0.0108624035379	  (0, 0)	0.032167701937	  (0, 0)	0.0451753728208
SNPs##PA14_03270_294148_C_G_G_G	0.000481247420172	0.0120880963	  (0, 0)	0.0294060227235	  (0, 0)	0.0147053662707
SNPs##PA14_09210,pchA_781491_G_A_F_F	0.000479200750193	0.0110376751876	  (0, 0)	0.0279916402235	  (0, 0)	0.0780608408944
SNPs##PA14_10240,acoC_882029_C_T_V_V	0.000479148983969	0.0108862473277	  (0, 0)	0.0254578157082	  (0, 0)	0.00793666182409
SNPs##PA14_18780,mexF_1615869_G_A_V_V	0.000478692622301	0.00762685375025	  (0, 0)	0.016463296561	  (0, 0)	0.0162516250481
SNPs##PA14_44340,ccoN_3948155_G_C_S_T	0.000475755200389	0.00793582856208	  (0, 0)	0.0177237865844	  (0, 0)	0.00736040063203
SNPs##PA14_67230_6002543_T_C_K_R	0.00047352976518	0.010586189424	  (0, 0)	0.0289808997699	  (0, 0)	0.0467421263863
SNPs##PA14_46640_4157450_G_A_P_S	0.000473303171758	0.010609642129	  (0, 0)	0.0424348715807	  (0, 0)	0.0275441433282
SNPs##PA14_37340_3322630_A_G_S_S	0.00046754403103	0.00958721511889	  (0, 0)	0.0262879101157	  (0, 0)	0.106818033327
SNPs##PA14_02020_184782_G_C_V_V	0.000461202655646	0.0115819323288	  (0, 0)	0.0421784051789	  (0, 0)	0.0204010040881
SNPs##PA14_08070,gpFI_694413_A_G_G_G	0.00045995423341	0.0145377556361	  (0, 0)	0.0495292412396	  (0, 0)	0.225412087759
SNPs##intergenic_2811014_C_T_none_none	0.00045590778098	0.0144098595709	  (0, 0)	0.0174573462679	  (0, 0)	0.0128275075994
SNPs##PA14_67190_5997178_G_A_Y_Y	0.000454974111822	0.00862052389372	  (0, 0)	0.0225096772571	  (0, 0)	0.159996394659
SNPs##PA14_67190_5997103_G_A_S_S	0.000453316378609	0.00839778616514	  (0, 0)	0.0221719970316	  (0, 0)	0.167502926204
SNPs##PA14_00340_31351_C_T_P_P	0.000451657558688	0.0104193167053	  (0, 0)	0.0282783139482	  (0, 0)	0.0207645418698
SNPs##intergenic_5599278_C_T_none_none	0.000450606575008	0.0104024906941	  (0, 0)	0.0282783139482	  (0, 0)	0.0207645418698
SNPs##PA14_28520_2460097_C_G_R_R	0.000446807803896	0.0106116959713	  (0, 0)	0.0318809914555	  (0, 0)	0.0688645983501
SNPs##PA14_36590,malQ_3258642_C_CC_none_none	0.000444027869699	0.00727711727407	  (0, 0)	0.0170263250028	  (0, 0)	0.0163893184869
SNPs##PA14_33610_2971309_C_T_L_L	0.000441782376911	0.0102643703253	  (0, 0)	0.0164394676767	  (0, 0)	0.0169420938262
SNPs##PA14_28840_2490019_C_T_A_V	0.000441209237171	0.00989976787181	  (0, 0)	0.0282783139482	  (0, 0)	0.0207645418698
SNPs##PA14_06650,nirN_581744_G_A_L_L	0.000436058482101	0.0105754517735	  (0, 0)	0.018347163035	  (0, 0)	0.00826177700353
SNPs##PA14_55400_4923332_A_G,C_none_none	0.000435652173913	0.0137696413831	  (0, 0)	0.019511115048	
SNPs##PA14_24310_2112042_C_T_A_V	0.000434922226474	0.00876819373882	  (0, 0)	0.0259479570597	  (0, 0)	0.0317116346055
SNPs##PA14_29210,tetV_2526259_G_T_L_L	0.000431890718753	0.00806286655121	  (0, 0)	0.018347163035	  (0, 0)	0.00826177700353
SNPs##PA14_23460,orfN_2040388_T_G_A_A	0.000431705759891	0.00991559962852	  (0, 0)	0.0323049532425	  (0, 0)	0.101096953408
SNPs##PA14_49170,phoQ_4370592_G_A_F_F	0.000431628707791	0.0099048332268	  (0, 0)	0.0190944112958	
SNPs##PA14_09520,mexI_818433_C_T_E_E	0.000428176463224	0.00795888859183	  (0, 0)	0.018347163035	  (0, 0)	0.00826177700353
SNPs##PA14_28820_2486890_A_G_E_G	0.000427150112	0.00960418688561	  (0, 0)	0.0325906280884	  (0, 0)	0.0390823012202
SNPs##PA14_69270_6179805_G_C_S_T	0.000427041620413	0.00971469263556	  (0, 0)	0.0408346857798	  (0, 0)	0.0268060648431
SNPs##intergenic_6312437_A_G_none_none	0.000425408370046	0.00883578520255	  (0, 0)	0.0160817173139	  (0, 0)	0.00826177700353
SNPs##PA14_71120_6336510_G_T_Q_K	0.000424933525066	0.00950677477478	  (0, 0)	0.0190944112958	
SNPs##intergenic_405143_T_C_none_none	0.000424740234437	0.00819271115398	  (0, 0)	0.0282783139482	  (0, 0)	0.0207645418698
SNPs##PA14_60000_5344078_C_G_R_R	0.000417705895371	0.00933662950084	  (0, 0)	0.0213525539534	  (0, 0)	0.0139968534167
SNPs##PA14_55060_4891610_G_T_T_K	0.000417239512958	0.00760915767345	  (0, 0)	0.0163641883676	  (0, 0)	0.0240947357927
SNPs##PA14_28840_2489660_T_C_S_S	0.000414995321701	0.0131167410555	  (0, 0)	0.0330377342539	  (0, 0)	0.0328074419762
SNPs##PA14_00510_48750_C_T_D_D	0.000414817804535	0.0096116999294	  (0, 0)	0.0363561838241	  (0, 0)	0.0207645418698
SNPs##PA14_24410_2126594_C_T_P_P	0.000412809081616	0.00829316631696	  (0, 0)	0.0271088157244	  (0, 0)	0.0674614038231
SNPs##PA14_59690_5310594_G_T_L_L	0.000410556470883	0.00618934847386	  (0, 0)	0.00901678191318	
SNPs##intergenic_282485_C_T_none_none	0.000410522758485	0.00926113821348	  (0, 0)	0.0245063721624	  (0, 0)	0.230287504146
SNPs##PA14_46330_4123511_G_A_G_G	0.000409588201472	0.0100491331256	  (0, 0)	0.0436256382823	  (0, 0)	0.0600394580933
SNPs##PA14_67180_5996546_A_G_Y_Y	0.000407647805593	0.00916587018364	  (0, 0)	0.0245201027037	  (0, 0)	0.122913642614
SNPs##PA14_26510,cobI_2310593_C_T_F_F	0.000402914468945	0.00937583707369	  (0, 0)	0.018347163035	  (0, 0)	0.00826177700353
SNPs##PA14_31070_2703381_G_A_S_S	0.000400054270778	0.0126444998378	  (0, 0)	0.0282783139482	  (0, 0)	0.0207645418698
