feature	score	std	#I-out-of-293	#O-out-of-102
SNPs##PA14_31130_2707788_T_C_S_G	0.000356166224469	0.00522306297199	  (0, 0)	0.447906070266	  (0, 0)	0.0680416946127
SNPs##PA14_65920_5872025_C_T_E_E	0.000347895359175	0.00527278607055	  (0, 0)	0.0151248077877	  (0, 0)	0.0685136334998
SNPs##PA14_51010_4532787_C_G_S_T	0.000333118368556	0.0053516060987	  (0, 0)	0.153744346	  (0, 0)	0.127047841719
SNPs##PA14_06870,dnr_596080_A_C_G_G	0.000294667658385	0.00508860699473	  (0, 0)	0.0238332938196	  (0, 0)	0.0624521067739
SNPs##PA14_24445,gdhB_2130373_G_A_V_V	0.000292646537777	0.00518908286077	  (0, 0)	0.173090643466	  (0, 0)	0.131694098493
SNPs##intergenic_2717908_C_G_none_none	0.000287832876033	0.00441856657142	  (0, 0)	0.09314379912	  (0, 0)	0.0714343449007
SNPs##PA14_17400,adhC_1493919_C_T_T_T	0.000278148041184	0.00457549729074	  (0, 0)	0.161143453598	  (0, 0)	0.0978118807733
SNPs##PA14_40120,polB_3575185_G_A_D_D	0.000274474520997	0.005076099916	  (0, 0)	0.531531626352	  (0, 0)	0.124457886621
SNPs##PA14_00730_72112_G_C_G_G	0.000268957259634	0.00499001927031	  (0, 0)	0.17264032986	  (0, 0)	0.127579469796
SNPs##PA14_48890_4346881_C_T_G_G	0.000254507815876	0.00431564487472	  (0, 0)	0.0511167735832	  (0, 0)	0.0784527298571
SNPs##PA14_12070,rodA_1043062_C_G_V_V	0.00024939089691	0.00419696850041	  (0, 0)	0.0692677198498	  (0, 0)	0.0919546959693
SNPs##PA14_60490_5392484_C_A_P_P	0.000248240302636	0.00434967771411	  (0, 0)	0.0855808084123	  (0, 0)	0.0917201924921
SNPs##PA14_14680,suhB_1251385_T_A_G_G	0.000247465389416	0.00423323216564	  (0, 0)	0.0257857126389	  (0, 0)	0.0599770420933
SNPs##PA14_58960_5254555_G_T_L_L	0.000239605782209	0.00419244050159	  (0, 0)	0.107319351086	  (0, 0)	0.121780246145
SNPs##PA14_34750,tauD_3087051_C_G_L_V	0.00023741631132	0.00456183110782	  (0, 0)	0.509521271257	  (0, 0)	0.155272484312
SNPs##PA14_39650,cirA_3534661_C_T_A_T	0.000236869661238	0.00444658174479	  (0, 0)	0.202656802284	  (0, 0)	0.108622850715
SNPs##PA14_06540,bioC_573080_C_G_A_A	0.000235868062295	0.00437281934925	  (0, 0)	0.116348593188	  (0, 0)	0.0991018150013
SNPs##PA14_58960_5254669_A_G_E_E	0.00023087619518	0.00368840983179	  (0, 0)	0.165344691345	  (0, 0)	0.137284924306
SNPs##intergenic_1648274_C_T_none_none	0.000230279974936	0.00435027237891	  (0, 0)	0.064699940509	  (0, 0)	0.0830076694233
SNPs##PA14_33610_2966659_G_A_A_T	0.000229816402262	0.00398917453089	  (0, 0)	0.0382290848238	  (0, 0)	0.0764622475926
SNPs##PA14_55400_4925462_A_C_L_L	0.000224204282235	0.00501037747762	  (0, 0)	0.35044891608	  (0, 0)	0.148691567105
SNPs##PA14_31010_2695788_G_A_S_S	0.000223518388341	0.00353672888157	  (0, 0)	0.206326073728	  (0, 0)	0.0616396003121
SNPs##PA14_33630,pvdJ_2977815_G_A_G_G	0.000220060302684	0.00409826583967	  (0, 0)	0.168551366598	  (0, 0)	0.115453368459
SNPs##PA14_61130_5451353_G_T_R_R	0.000216598232648	0.00338883567238	  (0, 0)	0.0210795181575	  (0, 0)	0.0712180603717
SNPs##PA14_31130_2707735_G_A_A_A	0.000216070186102	0.00395051771554	  (0, 0)	0.404198266828	  (0, 0)	0.0397789491806
SNPs##PA14_17860,paaH_1533517_C_T_R_W	0.000215323094214	0.00380259698622	  (0, 0)	0.0537049061059	  (0, 0)	0.0432173774854
SNPs##intergenic_679897_T_C_none_none	0.000214688625113	0.00498610649092	  (0, 0)	0.239762789262	  (0, 0)	0.127327723057
SNPs##PA14_61200_5461183_C_T_Q_Q	0.000211802468696	0.00420615314173	  (0, 0)	0.0360022064559	  (0, 0)	0.0804939812471
SNPs##PA14_62020_5533029_C_T_E_E	0.000211431668451	0.00393172027644	  (0, 0)	0.346333167332	  (0, 0)	0.196432526308
SNPs##PA14_64540_5749903_G_A_F_F	0.000208932075576	0.00438750771133	  (0, 0)	0.268978484064	  (0, 0)	0.130173545044
SNPs##PA14_58750,pilB_5234512_C_G_P_P	0.000208473822545	0.00392261475133	  (0, 0)	0.497098653857	  (0, 0)	0.134204984193
SNPs##PA14_29375_2543613_G_C_none_none	0.000208354357359	0.00388233531176	  (0, 0)	0.267755387793	  (0, 0)	0.134086954994
SNPs##PA14_46140_4103443_C_T_A_A	0.000208310333202	0.00312541922049	  (0, 0)	0.0523100834411	  (0, 0)	0.0829028065064
SNPs##PA14_70510_6282663_G_A_L_L	0.000206706262972	0.00395894943191	  (0, 0)	0.0970721142609	  (0, 0)	0.0979532322653
SNPs##PA14_63920_5696365_C_T_S_N	0.00020552725123	0.00396844206937	  (0, 0)	0.0117831142785	  (0, 0)	0.0685491641709
SNPs##PA14_61720_5508568_C_A_V_V	0.000204838060022	0.00310640552909	  (0, 0)	0.141464343331	  (0, 0)	0.0817561236568
SNPs##PA14_72590,znuB_6467447_G_A_S_S	0.000204683994778	0.00457913208263	  (0, 0)	0.144993245723	  (0, 0)	0.0926004801946
SNPs##PA14_60000_5343379_T_C_I_I	0.000203534187768	0.00321856978947	  (0, 0)	0.137529203636	  (0, 0)	0.0566915337478
SNPs##PA14_27780,yadH_2409165_G_A_V_V	0.0002021568047	0.00456219330838	  (0, 0)	0.128425031068	  (0, 0)	0.103106548067
SNPs##PA14_50220,fleQ_4460989_A_G_D_D	0.000200684796183	0.00422663403857	  (0, 0)	0.505338634682	  (0, 0)	0.135530374708
SNPs##PA14_36370_3239812_C_G_L_L	0.000198896193473	0.00368554380473	  (0, 0)	0.520339559166	  (0, 0)	0.144541776031
SNPs##PA14_47790,cobO_4250684_A_G_G_G	0.00019557968464	0.00438907199008	  (0, 0)	0.0675456948497	  (0, 0)	0.0914506482976
SNPs##intergenic_4048432_A_C_none_none	0.00019549665778	0.00380663180644	  (0, 0)	0.358982921747	  (0, 0)	0.168418738348
SNPs##PA14_59990_5342615_T_A_S_S	0.000192572433619	0.00361347370901	  (0, 0)	0.512124312563	  (0, 0)	0.152488778429
SNPs##intergenic_6366745_A_G_none_none	0.000192058069141	0.00440798827715	  (0, 0)	0.275749833486	  (0, 0)	0.170985170165
SNPs##PA14_03880,spuB_350041_C_T_D_D	0.000192044798006	0.00352197288629	  (0, 0)	0.199572737351	  (0, 0)	0.0813163975171
SNPs##intergenic_4124647_G_A_none_none	0.000191444036052	0.00431985717519	  (0, 0)	0.122040485187	  (0, 0)	0.102887013041
SNPs##PA14_15480,merR_1311467_A_C_M_L	0.000190939114029	0.00333789171966	  (0, 0)	0.0290359270129	  (0, 0)	0.0518289412241
SNPs##PA14_45470_4048567_C_T_L_L	0.000190447476949	0.00428294156309	  (0, 0)	0.454091340283	  (0, 0)	0.0913906413556
SNPs##PA14_47790,cobO_4250681_G_A_V_V	0.000190414624802	0.00364898204902	  (0, 0)	0.0674213281515	  (0, 0)	0.0885837909005
SNPs##PA14_34810,mxaA_3094361_T_C_A_A	0.000188858071869	0.00354586821887	  (0, 0)	0.505627076647	  (0, 0)	0.154808865974
SNPs##PA14_29980,nuoE_2595716_G_A_T_T	0.000187892545752	0.00394372565164	  (0, 0)	0.071786444183	  (0, 0)	0.0713021068188
SNPs##PA14_07770,ostA_666808_G_T_L_L	0.000186521217941	0.00374247691313	  (0, 0)	0.183066279623	  (0, 0)	0.0821437788364
SNPs##PA14_67180_5996094_T_G_E_A	0.000185792924955	0.00417698189	  (0, 0)	0.301387967729	  (0, 0)	0.149591087772
SNPs##intergenic_6418171_G_A_none_none	0.000184846677857	0.00346070023844	  (0, 0)	0.100397632413	  (0, 0)	0.0936779939975
SNPs##PA14_56260_5022943_G_A_H_H	0.000184416090977	0.00413489153979	  (0, 0)	0.509120222329	  (0, 0)	0.146003377771
SNPs##PA14_53260_4721880_C_T_R_R	0.000183651546785	0.00426846914075	  (0, 0)	0.235033656379	  (0, 0)	0.129501867446
SNPs##PA14_60780_5417227_C_A_L_L	0.000183583822617	0.00351846837443	  (0, 0)	0.0452214921298	  (0, 0)	0.0609500964089
SNPs##PA14_58990_5256354_C_T_G_G	0.00018354845005	0.00368003661478	  (0, 0)	0.134690019118	  (0, 0)	0.131621385998
SNPs##PA14_33730_2994933_T_C_N_D	0.000183332119757	0.00351856276175	  (0, 0)	0.316941728668	  (0, 0)	0.146275985621
SNPs##PA14_46880_4175338_A_G_D_D	0.000183263395998	0.00410104819126	  (0, 0)	0.334955978174	  (0, 0)	0.154506620627
SNPs##PA14_31070_2703438_C_T_T_T	0.000183043021322	0.00348534458969	  (0, 0)	0.0145722814518	  (0, 0)	0.038361429495
SNPs##intergenic_2515733_C_T_none_none	0.000181876882173	0.00413106744472	  (0, 0)	0.249659535858	  (0, 0)	0.160883169673
SNPs##PA14_58760,pilC_5236378_T_G_D_E	0.000181205865972	0.00413890192611	  (0, 0)	0.49253042463	  (0, 0)	0.121102217073
SNPs##PA14_31280_2720873_G_T_P_Q	0.00018106876906	0.0040718651288	  (0, 0)	0.462896879577	  (0, 0)	0.119388403598
SNPs##PA14_50290,fliC_4465560_T_C,G_none_none	0.000180759964275	0.0031440355048	  (0, 0)	0.0166133811101	  (0, 0)	0.0292721389298
SNPs##PA14_19190,sfcA_1657744_A_G_K_R	0.000180031199625	0.00376093231982	  (0, 0)	0.0309605710419	  (0, 0)	0.0652518422067
SNPs##PA14_52130_4622243_C_T_S_S	0.000179990754408	0.00409419139727	  (0, 0)	0.448434805656	  (0, 0)	0.0954245254787
SNPs##PA14_62630,acsB_5588111_A_G_V_V	0.000179857073627	0.00340061058397	  (0, 0)	0.499350994169	  (0, 0)	0.156254173546
SNPs##PA14_11760,eutC_1018875_C_G_S_S	0.000179598946754	0.00374109474049	  (0, 0)	0.167276779372	  (0, 0)	0.110580167301
SNPs##PA14_25350,nqrF_2217170_G_A_P_P	0.000179565982266	0.00331772599798	  (0, 0)	0.207727505403	  (0, 0)	0.123944878947
SNPs##PA14_70470,spoT_6280775_G_A_L_L	0.000178854412474	0.00420862882907	  (0, 0)	0.101514135692	  (0, 0)	0.087723944357
SNPs##PA14_28990_2506905_T_C_D_D	0.000178701999288	0.00330596030825	  (0, 0)	0.198711412555	  (0, 0)	0.134201789721
SNPs##PA14_20400,phnK_1755377_C_T_R_R	0.000178502686625	0.00325860714035	  (0, 0)	0.227366115128	  (0, 0)	0.146244955258
SNPs##PA14_36070_3213720_T_C_K_K	0.000177576072553	0.00346086733451	  (0, 0)	0.511725074986	  (0, 0)	0.149572164974
SNPs##PA14_31190_2711400_G_C_Q_E	0.00017752642682	0.00455539440307	  (0, 0)	0.459222391215	  (0, 0)	0.0989068778365
SNPs##PA14_51090_4540977_A_G_S_S	0.000177400586526	0.00402514361857	  (0, 0)	0.499318986307	  (0, 0)	0.158243906048
SNPs##PA14_64810,vanB_5776075_A_G_P_P	0.000177110995054	0.00376237918246	  (0, 0)	0.502191944818	  (0, 0)	0.151280908196
SNPs##PA14_33290_2926364_C_A_C_F	0.000175300497339	0.00399474802225	  (0, 0)	0.269039769096	  (0, 0)	0.125351616922
SNPs##intergenic_2409505_A_T_none_none	0.000175102043021	0.00397368456751	  (0, 0)	0.0750460616341	  (0, 0)	0.0887409814452
SNPs##PA14_61530,csuC_5489427_G_T_A_S	0.000173498626405	0.00397412954961	  (0, 0)	0.190009682814	  (0, 0)	0.117677443149
SNPs##PA14_04370_390839_T_A_I_F	0.000172554183866	0.00391365594977	  (0, 0)	0.510352122423	  (0, 0)	0.0976943916235
SNPs##PA14_60470,ispB_5390115_C_T_G_G	0.000171615201846	0.00384564829805	  (0, 0)	0.519707800014	  (0, 0)	0.120259671451
SNPs##PA14_72970,tonB_6499035_C_T_E_E	0.000171267362627	0.00386188785938	  (0, 0)	0.502607485244	  (0, 0)	0.15575938456
SNPs##PA14_55780_4981181_T_C_E_E	0.000171136720759	0.00386602663444	  (0, 0)	0.506842836291	  (0, 0)	0.151471237657
SNPs##PA14_15650_1330653_G_A_G_G	0.00017087882501	0.0028741406314	  (0, 0)	0.0959311909793	  (0, 0)	0.0810522336757
SNPs##PA14_33740,pvdP_2996930_T_C_D_D	0.000169993335849	0.00381226704059	  (0, 0)	0.360596749846	  (0, 0)	0.167564281092
SNPs##intergenic_6092964_G_A_none_none	0.000169839781907	0.00435495967346	  (0, 0)	0.301787902005	  (0, 0)	0.125055311547
SNPs##PA14_48460_4308502_T_C_I_V	0.000169276436328	0.00294656500767	  (0, 0)	0.0485964368083	  (0, 0)	0.0490068824308
SNPs##PA14_31580_2745105_G_A_V_V	0.000168955599952	0.00295675228008	  (0, 0)	0.119184615601	  (0, 0)	0.12236584749
SNPs##PA14_63100_5632326_T_C_R_R	0.000168795329437	0.00533510743814	  (0, 0)	0.503894291138	  (0, 0)	0.14925995114
SNPs##PA14_23860,accD_2074926_C_T_D_D	0.00016811539957	0.00391880566337	  (0, 0)	0.195928926897	  (0, 0)	0.098596854724
SNPs##PA14_46480_4136508_T_C_L_L	0.000167842259071	0.00401366431022	  (0, 0)	0.144394297243	  (0, 0)	0.111446108254
SNPs##PA14_31110_2707029_T_C_D_G	0.000167477579923	0.00301686233588	  (0, 0)	0.0457464723917	  (0, 0)	0.0459982987547
SNPs##intergenic_2682890_C_G_none_none	0.000167144980077	0.00309575017946	  (0, 0)	0.0680511948346	  (0, 0)	0.053032046128
SNPs##PA14_38970_3471763_G_A_R_R	0.000167091132833	0.0052812429621	  (0, 0)	0.500040333642	  (0, 0)	0.157450978647
SNPs##PA14_14000_1200141_G_C_A_A	0.000166925418324	0.00338889065727	  (0, 0)	0.275652012788	  (0, 0)	0.164048101323
SNPs##intergenic_5725748_G_A_none_none	0.000166522157314	0.00374026074072	  (0, 0)	0.26599444177	  (0, 0)	0.164846572374
SNPs##PA14_56830,icmP_5062309_T_C_L_L	0.000165865199333	0.00356902753137	  (0, 0)	0.499129892812	  (0, 0)	0.160488452308
SNPs##PA14_09380_804489_A_G_M_V	0.000165692598992	0.00370258108938	  (0, 0)	0.131051503983	  (0, 0)	0.0663727934658
