feature	score	std	#I-out-of-234	#O-out-of-148
SNPs##PA14_23260,gyrA_2015001_C_T_T_I	0.00118943590267	0.0144410305385	  (0, 0)	0.560119892215	  (0, 0)	0.044940138406
SNPs##intergenic_5358823_G_A_none_none	0.000800268440898	0.0123500676504	  (0, 0)	0.471944072329	  (0, 0)	0.158445339706
SNPs##PA14_44920_4005136_C_T_I_I	0.000616722898271	0.00978458800845	  (0, 0)	0.420391261845	  (0, 0)	0.179973692638
SNPs##PA14_52260,lemA_4638126_G_A_E_E	0.000610896063535	0.00996764140441	  (0, 0)	0.423731982267	  (0, 0)	0.134922936195
SNPs##PA14_20880_1800000_G_A_K_K	0.000594542115694	0.010890219781	  (0, 0)	0.429715830359	  (0, 0)	0.100523375711
SNPs##PA14_14530_1243475_C_T_T_T	0.00055285500847	0.00947663086763	  (0, 0)	0.457456124424	  (0, 0)	0.152680847381
SNPs##PA14_55410_4931209_C_T_S_N	0.000545406104975	0.00896111419711	  (0, 0)	0.44433657633	  (0, 0)	0.0529474087025
SNPs##PA14_07770,ostA_667801_A_G_D_D	0.000531424470394	0.00956739630059	  (0, 0)	0.46090087492	  (0, 0)	0.0847625295674
SNPs##PA14_59600_5304129_A_G_F_L	0.000525481095033	0.0103009602477	  (0, 0)	0.462781303206	  (0, 0)	0.120347911609
SNPs##intergenic_4482541_A_T_none_none	0.000489393853347	0.00927639094433	  (0, 0)	0.431517004999	  (0, 0)	0.0499834624505
SNPs##intergenic_2690604_A_T_none_none	0.000476458123463	0.00914413715174	  (0, 0)	0.381589524454	  (0, 0)	0.0261682723003
SNPs##PA14_30910,trbE_2684298_G_T_R_R	0.000458979299642	0.00757712625838	  (0, 0)	0.401133779355	  (0, 0)	0.0331872755409
SNPs##PA14_48530_4314244_A_G_Q_R	0.000447076557211	0.00798019464143	  (0, 0)	0.435311061721	  (0, 0)	0.210659260384
SNPs##PA14_55410_4931010_C_T_A_A	0.000440138682178	0.00803488369428	  (0, 0)	0.443177475771	  (0, 0)	0.0804474914549
SNPs##PA14_28650,thrS_2468352_C_T_F_F	0.000435475458445	0.00793842936027	  (0, 0)	0.443494254617	  (0, 0)	0.16377935841
SNPs##PA14_31070_2701258_T_G_Q_P	0.000435061655425	0.00811318924313	  (0, 0)	0.389304721113	  (0, 0)	0.0320143425415
SNPs##PA14_33380_2939371_C_T_A_A	0.000432607136172	0.00967494492083	  (0, 0)	0.430060909115	  (0, 0)	0.130803384923
SNPs##PA14_65605,parC_5845617_G_A_S_L	0.000430408152567	0.00761180547268	  (0, 0)	0.46415842109	  (0, 0)	0.0157480863214
SNPs##PA14_30910,trbE_2685855_C_G_P_P	0.000419274097831	0.00956651170677	  (0, 0)	0.43928682971	  (0, 0)	0.0591849260351
SNPs##PA14_22680,yrbE_1972403_C_T_V_M	0.000411026551411	0.00709196523863	  (0, 0)	0.390970404718	  (0, 0)	0.0304663011461
SNPs##PA14_30880,trbL_2682564_G_C_A_A	0.000410616172142	0.00783287135896	  (0, 0)	0.399954370918	  (0, 0)	0.033443364318
SNPs##PA14_44910_4004430_T_A_S_T	0.000409536140064	0.0091496703912	  (0, 0)	0.427276584641	  (0, 0)	0.177126661884
SNPs##PA14_31070_2701541_T_A_M_L	0.000407942773264	0.00653385157248	  (0, 0)	0.40216898928	  (0, 0)	0.0329885380522
SNPs##PA14_16770_1435571_T_C_Y_Y	0.000404956108184	0.00764709817969	  (0, 0)	0.454452822718	  (0, 0)	0.106769921807
SNPs##PA14_52130_4623139_G_A_L_L	0.000401133044333	0.00896081055864	  (0, 0)	0.453383771682	  (0, 0)	0.060955705487
SNPs##PA14_32790_2862812_A_G_S_G	0.000400439456153	0.00758970875999	  (0, 0)	0.438255079747	  (0, 0)	0.15796668149
SNPs##PA14_23470,wbpM_2041708_C_G_L_L	0.000399497477811	0.00700206584807	  (0, 0)	0.462158617754	  (0, 0)	0.142821686581
SNPs##PA14_41710_3723478_C_T_L_L	0.0003976714538	0.00888957063633	  (0, 0)	0.444344465916	  (0, 0)	0.110318400898
SNPs##PA14_08050_691870_T_A_A_A	0.000394792844706	0.00884206672174	  (0, 0)	0.43559074167	  (0, 0)	0.120980790225
SNPs##intergenic_138844_T_A_none_none	0.00039273814965	0.00863996226271	  (0, 0)	0.446826822925	  (0, 0)	0.174006196316
SNPs##PA14_08300,JF1_710890_T_C_V_A	0.000386524103021	0.00709463455914	  (0, 0)	0.119444372051	  (0, 0)	0.2339879834
SNPs##PA14_31920,opmB_2779857_G_A_R_R	0.000385869152945	0.00709392783425	  (0, 0)	0.397340628743	  (0, 0)	0.113009543024
SNPs##PA14_30910,trbE_2685795_G_C_V_V	0.000385803507322	0.00861864026245	  (0, 0)	0.459181300553	  (0, 0)	0.0642696851323
SNPs##PA14_40040_3567952_G_A_E_E	0.000385236074723	0.00860803476378	  (0, 0)	0.413562613474	  (0, 0)	0.0978086290973
SNPs##PA14_08150,gpD_700362_C_T_T_M	0.000383042571082	0.00722647859612	  (0, 0)	0.469241532761	  (0, 0)	0.154053468193
SNPs##PA14_30910,trbE_2685851_T_C_N_D	0.000382207816224	0.00854941402967	  (0, 0)	0.44811647968	  (0, 0)	0.0740468860276
SNPs##intergenic_2708055_C_T_none_none	0.000382008516064	0.0073578561702	  (0, 0)	0.394657963083	  (0, 0)	0.0718134692619
SNPs##PA14_31070_2702760_G_A_D_D	0.000379185291042	0.0062310355303	  (0, 0)	0.400304849332	  (0, 0)	0.0551682064781
SNPs##PA14_60260,pilR_5368636_C_A_I_I	0.000376327116206	0.00877567459148	  (0, 0)	0.451969634408	  (0, 0)	0.159618720991
SNPs##intergenic_2708072_G_C_none_none	0.000372708674726	0.00832908728754	  (0, 0)	0.401415303756	  (0, 0)	0.0626964851989
SNPs##PA14_52130_4623167_C_A_G_G	0.000369613770304	0.00829734074294	  (0, 0)	0.444587846411	  (0, 0)	0.0549773341354
SNPs##PA14_58750,pilB_5234509_G_T_L_L	0.000366561083128	0.00785219922028	  (0, 0)	0.44276044911	  (0, 0)	0.180887064524
SNPs##intergenic_3716477_T_C_none_none	0.00036600616279	0.00773311043218	  (0, 0)	0.440677211569	  (0, 0)	0.192880118462
SNPs##PA14_61390_5479145_G_A_R_R	0.000362385801623	0.00696833870741	  (0, 0)	0.44071744376	  (0, 0)	0.107874040417
SNPs##intergenic_5414092_G_A_none_none	0.00036219216399	0.00828347987362	  (0, 0)	0.451150667421	  (0, 0)	0.0645115444643
SNPs##PA14_07680,prkA_660928_T_C_E_E	0.000358601782418	0.00818537203171	  (0, 0)	0.449686533696	  (0, 0)	0.17956243955
SNPs##PA14_17340,ispD_1489952_T_C_V_A	0.000357760414969	0.00806413495475	  (0, 0)	0.417072851915	  (0, 0)	0.189067485749
SNPs##PA14_62530,cbrA_5576955_T_C_T_T	0.000354818421378	0.00687103246176	  (0, 0)	0.460866608252	  (0, 0)	0.108871700493
SNPs##PA14_30960,traG_2688995_C_A_A_A	0.000354098530422	0.00651429604026	  (0, 0)	0.395930209487	  (0, 0)	0.0406356329121
SNPs##PA14_30880,trbL_2681460_A_G_D_D	0.000353131419296	0.00658283878356	  (0, 0)	0.449771258512	  (0, 0)	0.104136544902
SNPs##PA14_30900,trbJ_2683435_G_C_L_L	0.000352543481521	0.00674028924531	  (0, 0)	0.41467760642	  (0, 0)	0.0468031802326
SNPs##PA14_30910,trbE_2685711_C_G_S_S	0.000352467726192	0.00673126665492	  (0, 0)	0.410101618527	  (0, 0)	0.0405727068742
SNPs##PA14_32570_2828394_C_T_R_R	0.000352339046247	0.00808945948355	  (0, 0)	0.427486135238	  (0, 0)	0.184726021225
SNPs##PA14_08050_693285_C_A_T_N	0.00035147741148	0.00785892392699	  (0, 0)	0.448848751436	  (0, 0)	0.0787788324493
SNPs##PA14_21720_1888792_G_A_R_R	0.000349135642492	0.00781835294598	  (0, 0)	0.43796932727	  (0, 0)	0.13353779444
SNPs##PA14_16310_1393067_T_C_V_A	0.000346721312535	0.00779178353562	  (0, 0)	0.410399553934	  (0, 0)	0.0863044339681
SNPs##PA14_08050_693175_C_G_A_A	0.000346029043999	0.00772972382817	  (0, 0)	0.444880848905	  (0, 0)	0.0800705553875
SNPs##PA14_44910_4004051_T_A_S_R	0.000345756824412	0.00778088726288	  (0, 0)	0.432263897851	  (0, 0)	0.164281943512
SNPs##PA14_07770,ostA_668275_C_T_P_P	0.000345428252367	0.00775090404089	  (0, 0)	0.438303712198	  (0, 0)	0.0591416683031
SNPs##PA14_01840_168460_G_A_Q_Q	0.000341981613975	0.00772400359437	  (0, 0)	0.467569881697	  (0, 0)	0.160474022646
SNPs##PA14_30850,trbI_2679299_C_T_K_K	0.000341761862166	0.00662952500543	  (0, 0)	0.38219910491	  (0, 0)	0.0411834907886
SNPs##PA14_36810,katE_3279470_G_A_A_A	0.000340434589039	0.00760849476753	  (0, 0)	0.397346855275	  (0, 0)	0.148213448723
SNPs##PA14_46010_4091740_C_T_Q_Q	0.000340418678999	0.00763775532979	  (0, 0)	0.424749245122	  (0, 0)	0.0309385203439
SNPs##PA14_08060_693937_T_C_S_P	0.000338999149396	0.00699550332214	  (0, 0)	0.44608587342	  (0, 0)	0.0769269354979
SNPs##PA14_55410_4930682_A_G_L_L	0.000337152272712	0.00757982111215	  (0, 0)	0.438331056678	  (0, 0)	0.0903080048192
SNPs##intergenic_1332403_A_G_none_none	0.000336934690835	0.00713942565599	  (0, 0)	0.433654818295	  (0, 0)	0.143191390061
SNPs##PA14_58260_5189190_G_A_R_R	0.000336530580051	0.00751811217517	  (0, 0)	0.411839047565	  (0, 0)	0.0673187927886
SNPs##PA14_59990_5341934_T_C_C_C	0.000333820220265	0.00750144855432	  (0, 0)	0.450911313254	  (0, 0)	0.206913271454
SNPs##PA14_31070_2701482_A_C_R_R	0.000333015939678	0.00744117656074	  (0, 0)	0.433328736181	  (0, 0)	0.062459381035
SNPs##PA14_08050_691729_T_G_V_V	0.000331421733477	0.00742020816918	  (0, 0)	0.437239882586	  (0, 0)	0.054108403583
SNPs##PA14_23470,wbpM_2041906_C_G_V_V	0.000331170823606	0.00749895088669	  (0, 0)	0.451099684312	  (0, 0)	0.07929038304
SNPs##PA14_30850,trbI_2679332_C_G_P_P	0.000329133385667	0.00626183964677	  (0, 0)	0.382627987436	  (0, 0)	0.0470772741594
SNPs##PA14_08050_692810_T_C_L_L	0.000328787751842	0.00741269152184	  (0, 0)	0.447125433405	  (0, 0)	0.0831349965186
SNPs##PA14_45240_4033539_T_C_A_A	0.000327836407736	0.00760691771687	  (0, 0)	0.38288724752	  (0, 0)	0.0575152248018
SNPs##PA14_30910,trbE_2686169_C_A_A_S	0.000326915000699	0.0062816289693	  (0, 0)	0.396759900563	  (0, 0)	0.0299732165847
SNPs##PA14_59690_5311038_C_T_R_R	0.000325165255786	0.00714356469664	  (0, 0)	0.399869461353	  (0, 0)	0.0321700299363
SNPs##intergenic_2846609_C_T_none_none	0.000323023125598	0.007223565862	  (0, 0)	0.459747570635	  (0, 0)	0.152023479015
SNPs##PA14_44910_4004099_G_T_A_A	0.000322070209082	0.00719470526645	  (0, 0)	0.431916214131	  (0, 0)	0.167869425154
SNPs##PA14_08050_691873_G_A_A_A	0.000321966022397	0.00722955823366	  (0, 0)	0.453613317123	  (0, 0)	0.174547831123
SNPs##PA14_31620_2748022_A_G_R_R	0.000321869545471	0.00722953158797	  (0, 0)	0.41176536978	  (0, 0)	0.110065802015
SNPs##PA14_31260_2718353_G_A_L_L	0.00032075383567	0.00527823247808	  (0, 0)	0.309361018112	  (0, 0)	0.0144281228716
SNPs##PA14_37830,iscS_3374128_A_G_L_L	0.000319718167067	0.00697606088263	  (0, 0)	0.448691899844	  (0, 0)	0.191794818291
SNPs##PA14_31070_2702934_C_T_A_A	0.000319144007631	0.0069911641294	  (0, 0)	0.384747929979	  (0, 0)	0.0345463855879
SNPs##PA14_30960,traG_2689448_G_A_D_D	0.000318146756023	0.00716323888025	  (0, 0)	0.457816101565	  (0, 0)	0.0561750654362
SNPs##PA14_44920_4005631_C_G_N_K	0.0003160682729	0.00706428307854	  (0, 0)	0.428452669	  (0, 0)	0.173919272981
SNPs##PA14_39500_3516184_C_T_E_E	0.00031561885166	0.00642200069884	  (0, 0)	0.417654503303	  (0, 0)	0.18157644461
SNPs##intergenic_4090171_T_C_none_none	0.000315376482943	0.00706503672324	  (0, 0)	0.429512287387	  (0, 0)	0.211009239773
SNPs##PA14_20550_1768315_G_A_I_I	0.000314715602392	0.00570669352855	  (0, 0)	0.426772173013	  (0, 0)	0.156436467681
SNPs##PA14_37790,pcoA_3369528_C_G_G_G	0.000311476485326	0.00700228423213	  (0, 0)	0.37281031167	  (0, 0)	0.1146280122
SNPs##PA14_38750_3456506_A_G_N_N	0.000311299973838	0.00695405992546	  (0, 0)	0.436414147006	  (0, 0)	0.127649284794
SNPs##PA14_61220,rsmC_5466419_A_G_D_G	0.000311115669455	0.0069557575845	  (0, 0)	0.449346934336	  (0, 0)	0.152146248607
SNPs##PA14_31070_2701317_G_A_Y_Y	0.000309760618153	0.00721721595941	  (0, 0)	0.397878095406	  (0, 0)	0.0550109291038
SNPs##PA14_54680_4848167_T_G_P_P	0.000308789666347	0.00704107364559	  (0, 0)	0.437443351944	  (0, 0)	0.16762094836
SNPs##PA14_44920_4005616_C_A_G_G	0.000308596127154	0.00690564789233	  (0, 0)	0.428452669	  (0, 0)	0.173919272981
SNPs##intergenic_1578615_A_G_none_none	0.000308523177981	0.00689836373674	  (0, 0)	0.455127625425	  (0, 0)	0.11240844777
SNPs##PA14_22680,yrbE_1972539_G_A_F_F	0.000307620113264	0.00673124719852	  (0, 0)	0.399618819921	  (0, 0)	0.0341969499438
SNPs##PA14_30950_2688233_G_A_L_L	0.000307007153168	0.00689674053036	  (0, 0)	0.391444394416	  (0, 0)	0.0264108025889
SNPs##PA14_30910,trbE_2686140_G_A_S_S	0.00030591537356	0.00602065333913	  (0, 0)	0.40790270293	  (0, 0)	0.0575098829518
SNPs##PA14_60750,pra_5413201_T_G_K_Q	0.000305393439462	0.00711512554892	  (0, 0)	0.452375123211	  (0, 0)	0.0794246221541
SNPs##PA14_31080_2704171_G_C_A_A	0.00030535729384	0.00577638540959	  (0, 0)	0.301991230142	  (0, 0)	0.0193526510277
