feature	score	std	#I-out-of-293	#O-out-of-102
geneexp##PA14_46070,gbuA	0.00169273768615	0.018398891159	  (0, 0)	1351.51184304	  (0, 0)	376.593799378
geneexp##PA14_46080	0.00108489681606	0.0124036034257	  (0, 0)	1125.04471298	  (0, 0)	337.596102789
geneexp##PA14_51880,oprD	0.000892890993938	0.00931338939153	  (0, 0)	2453.06119546	  (0, 0)	972.791919407
geneexp##PA14_46110	0.000635602377394	0.00773411040774	  (0, 0)	1151.21960781	  (0, 0)	355.916043744
geneexp##PA14_02370	0.000624967941177	0.00854164388916	  (0, 0)	944.465966518	  (0, 0)	408.713358622
geneexp##PA14_46100	0.000614750797894	0.00876340962374	  (0, 0)	1143.26137754	  (0, 0)	336.292903342
geneexp##PA14_53880	0.000589310336063	0.0076023552498	  (0, 0)	1415.92321351	  (0, 0)	452.743667862
genePA##,,group_12802	0.000586805653063	0.00818930319544	  (0, 0)	2.50325455612	  (0, 0)	0.0667184148639
genePA##,,oprD_10	0.000551417457011	0.0100155161004	  (0, 0)	2.45184734554	  (0, 0)	0.0688583457453
geneexp##PA14_62000,hitA	0.000511907257156	0.00679784376071	  (0, 0)	2134.1024414	  (0, 0)	709.297631671
geneexp##PA14_61850,iutA	0.000492409074677	0.00790958743666	  (0, 0)	1885.50946422	  (0, 0)	601.530265875
SNPs##PA14_23260,gyrA_2015001_C_T_T_I	0.000475832241602	0.00803379697448	  (0, 0)	0.533021237152	  (0, 0)	0.07927042177
geneexp##PA14_29375	0.000452527348965	0.00575359930697	  (0, 0)	1170.36445168	  (0, 0)	375.614554215
geneexp##PA14_52250,pirR	0.000443610734062	0.00597170023337	  (0, 0)	1054.88583186	  (0, 0)	322.639721105
geneexp##PA14_72970,tonB	0.000433764818584	0.00632031965982	  (0, 0)	1925.87349819	  (0, 0)	633.552893532
geneexp##PA14_54810	0.00041736272274	0.00566430425048	  (0, 0)	1517.16186878	  (0, 0)	528.705539687
geneexp##PA14_56680,feoB	0.000404291967665	0.00505880304484	  (0, 0)	1792.07245731	  (0, 0)	581.253594269
geneexp##PA14_34630,gnuT	0.000398084286656	0.00632054408806	  (0, 0)	1166.67674815	  (0, 0)	367.129980729
geneexp##PA14_46140	0.000376818086439	0.00623271790456	  (0, 0)	1067.8115001	  (0, 0)	349.13276487
SNPs##PA14_45030,ttuD_4016895_G_A_E_E	0.000355962996191	0.00659368494587	  (0, 0)	0.489580674341	  (0, 0)	0.0963241758199
SNPs##PA14_39980,qscR_3562568_G_A_G_G	0.000355636427927	0.00581884754582	  (0, 0)	0.0700277625604	  (0, 0)	0.0675126641097
geneexp##PA14_47110,yybH	0.000354669685898	0.00564068567693	  (0, 0)	1023.70331677	  (0, 0)	368.572399061
SNPs##PA14_58960_5254555_G_T_L_L	0.0003477782001	0.005440474632	  (0, 0)	0.107319351086	  (0, 0)	0.121780246145
geneexp##PA14_46200	0.000340973152855	0.00498175880766	  (0, 0)	1183.82191326	  (0, 0)	418.722034807
SNPs##PA14_71720,oadA_6389890_G_A_G_G	0.00034077868533	0.004473782216	  (0, 0)	0.0368803000865	  (0, 0)	0.0678929143279
SNPs##PA14_08120_697815_A_G_Q_Q	0.000330384051051	0.00575766289108	  (0, 0)	0.510122993062	  (0, 0)	0.115311972152
genePA##,,flgL	0.000326470683582	0.00524986028059	  (0, 0)	2.28038846243	  (0, 0)	0.769185694363
geneexp##PA14_67810,ctpA	0.000324132767298	0.00530414025247	  (0, 0)	2051.79458477	  (0, 0)	701.712715471
geneexp##PA14_32710	0.000323594273058	0.00514488509662	  (0, 0)	1129.52169557	  (0, 0)	364.987198304
geneexp##PA14_14340,ybiN	0.000321122714819	0.0046777939042	  (0, 0)	1220.74434929	  (0, 0)	440.574741538
geneexp##PA14_55780	0.000320180643776	0.00467476271296	  (0, 0)	1216.11229218	  (0, 0)	430.755508198
geneexp##PA14_37060,cupA1	0.000319574106073	0.00450064246521	  (0, 0)	903.412261119	  (0, 0)	345.596439382
geneexp##PA14_46120,ilvG	0.000314709954101	0.00563837798639	  (0, 0)	993.287890418	  (0, 0)	302.643495821
geneexp##PA14_68900,fbpA	0.000311525375577	0.00484663666783	  (0, 0)	2018.22881638	  (0, 0)	654.076581914
geneexp##PA14_70970,betI	0.000304494094955	0.00713240746697	  (0, 0)	1702.36924025	  (0, 0)	636.621571029
geneexp##PA14_21690,lhr1	0.000302649783896	0.00561152232819	  (0, 0)	1773.3040081	  (0, 0)	601.955549766
geneexp##PA14_46150	0.000293418660621	0.00412696154266	  (0, 0)	1049.86431128	  (0, 0)	360.998008497
SNPs##PA14_62440,yieG_5570241_T_C_G_G	0.000293029526601	0.00503458465781	  (0, 0)	0.515735138461	  (0, 0)	0.145745780586
geneexp##PA14_01800	0.000292550308803	0.00511804561317	  (0, 0)	1284.8004259	  (0, 0)	462.142487627
geneexp##PA14_58600	0.000282557021428	0.00599714915143	  (0, 0)	1053.41976076	  (0, 0)	333.370151608
geneexp##PA14_68890	0.000280482848765	0.00365027875082	  (0, 0)	1405.65023906	  (0, 0)	467.708498309
geneexp##PA14_12870,tesB	0.000276980497932	0.00425112213625	  (0, 0)	1780.87732576	  (0, 0)	619.872106073
SNPs##intergenic_4048432_A_C_none_none	0.000276059765025	0.00504926645085	  (0, 0)	0.358982921747	  (0, 0)	0.168418738348
genePA##PA14_67200,,hcpC_2	0.000270536805502	0.00607605168362	  (0, 0)	1.41725802781	  (0, 0)	0.82791932896
SNPs##PA14_31180_2709769_C_G_P_P	0.000265646601293	0.00491952524045	  (0, 0)	0.474381195318	  (0, 0)	0.084549211937
geneexp##PA14_34660,gntR	0.000264833518148	0.004744903248	  (0, 0)	1514.17895746	  (0, 0)	479.689337999
geneexp##PA14_06840,norD	0.00025972624386	0.00446102010179	  (0, 0)	1796.42300958	  (0, 0)	556.865950437
geneexp##PA14_06160,fiuA	0.000255836138932	0.00416358308142	  (0, 0)	1488.740158	  (0, 0)	513.707359402
geneexp##PA14_09480,phzA1	0.000255464355362	0.00432878051284	  (0, 0)	1056.70364699	  (0, 0)	467.31940274
SNPs##PA14_41760_3728694_C_G_L_L	0.00025095956742	0.00457739833159	  (0, 0)	0.182448135822	  (0, 0)	0.0713521144561
geneexp##PA14_48570	0.000250748964231	0.00401721249795	  (0, 0)	1119.71306381	  (0, 0)	437.889469745
geneexp##PA14_69470,algR	0.000250256200646	0.00458134205639	  (0, 0)	1835.7748655	  (0, 0)	636.735234066
geneexp##PA14_24480,pelA	0.000249808483725	0.00426614979219	  (0, 0)	1214.48565889	  (0, 0)	426.576940936
SNPs##PA14_63540,selA_5666346_G_A_A_V	0.00024916362029	0.00462057154925	  (0, 0)	0.050535837979	  (0, 0)	0.0793810221646
SNPs##PA14_60470,ispB_5390115_C_T_G_G	0.000249068972311	0.00577721285344	  (0, 0)	0.519707800014	  (0, 0)	0.120259671451
geneexp##PA14_32985,gcvH2	0.000248166096864	0.00482280740628	  (0, 0)	1383.23134732	  (0, 0)	425.949115632
SNPs##PA14_55090_4894439_C_G_P_R	0.000246988504345	0.00431205115882	  (0, 0)	0.0403791819562	  (0, 0)	0.0430198909205
geneexp##PA14_29560	0.000245829691159	0.00435827787373	  (0, 0)	1231.96601007	  (0, 0)	427.568498478
SNPs##PA14_61200_5461183_C_T_Q_Q	0.000244815467077	0.00427610656428	  (0, 0)	0.0360022064559	  (0, 0)	0.0804939812471
SNPs##PA14_71450_6366508_G_A_A_A	0.000243258395754	0.00546860841019	  (0, 0)	0.280110678856	  (0, 0)	0.146700335424
genePA##PA14_33450,treA,treA	0.00024064105214	0.00448258258001	  (0, 0)	2.33707882079	  (0, 0)	0.823560235602
SNPs##PA14_31190_2711226_G_T_Q_K	0.000237032988814	0.00435333100169	  (0, 0)	0.417790005289	  (0, 0)	0.0616875645528
geneexp##PA14_53250,cpbD	0.000235736551753	0.00415580111437	  (0, 0)	1603.9572568	  (0, 0)	606.260807296
SNPs##PA14_48115,aprD_4283759_A_G_S_S	0.000234654994263	0.0052599110098	  (0, 0)	0.498401277682	  (0, 0)	0.158000394526
geneexp##PA14_39810	0.000234410115111	0.0039721051183	  (0, 0)	802.112601257	  (0, 0)	258.752296634
geneexp##PA14_36740	0.000233544845047	0.00366753879588	  (0, 0)	1286.31922672	  (0, 0)	409.23852048
geneexp##PA14_18670,bfrB	0.000232133122354	0.00366668275234	  (0, 0)	2498.53080057	  (0, 0)	900.99595218
SNPs##PA14_31130_2707788_T_C_S_G	0.000230951745621	0.00523086635725	  (0, 0)	0.447906070266	  (0, 0)	0.0680416946127
geneexp##PA14_52370	0.000230770569961	0.00352484971417	  (0, 0)	1638.5450943	  (0, 0)	566.399550361
SNPs##PA14_16660,cadA_1424662_G_T_A_E	0.000230507879944	0.00429577192887		  (0, 0)	0.0431746854048
SNPs##PA14_27580_2394155_C_T_G_S	0.000230358034559	0.00486965629615	  (0, 0)	0.30559116444	  (0, 0)	0.156091104111
geneexp##PA14_53870	0.000229094427762	0.00458800655253	  (0, 0)	706.408684081	  (0, 0)	223.17136465
geneexp##PA14_09540,mexG	0.000229031516995	0.00513671226619	  (0, 0)	896.181531422	  (0, 0)	345.152994432
SNPs##PA14_37290_3320637_A_C_E_D	0.000228778258962	0.00517348746136	  (0, 0)	0.26227493077	  (0, 0)	0.139844524308
geneexp##PA14_11050,moaF	0.000228654353643	0.00354329821278	  (0, 0)	661.179561609	  (0, 0)	243.23071442
geneexp##PA14_46810	0.000227880019544	0.00333444788053	  (0, 0)	761.696414787	  (0, 0)	257.49600948
geneexp##PA14_55580,nemO	0.000226662949428	0.00386815492317	  (0, 0)	974.008710393	  (0, 0)	299.223452307
genePA##,,group_6100	0.000226648274183	0.00428458137975	  (0, 0)	1.89464365038	  (0, 0)	0.62163357441
SNPs##PA14_48890_4346881_C_T_G_G	0.000226251014869	0.00516465885969	  (0, 0)	0.0511167735832	  (0, 0)	0.0784527298571
SNPs##PA14_58570,piuA_5219124_C_T_V_M	0.00022559671361	0.00508200819993	  (0, 0)	0.486785741331	  (0, 0)	0.12318406323
geneexp##PA14_09500,opmD	0.000225326173714	0.00411569383758	  (0, 0)	1162.97953509	  (0, 0)	435.149471919
geneexp##PA14_17480,rpoS	0.000223828625907	0.00411459681856	  (0, 0)	2608.94206204	  (0, 0)	902.281850836
geneexp##PA14_66820,phaC1	0.000222509720956	0.0032168523032	  (0, 0)	1910.4194574	  (0, 0)	668.303473478
geneexp##PA14_29520,hplU	0.000221774252759	0.00412726078175	  (0, 0)	663.752821433	  (0, 0)	239.030358539
SNPs##PA14_55400_4919147_C_G_T_T	0.000221684518661	0.00495225853273	  (0, 0)	0.357875680074	  (0, 0)	0.1636963424
geneexp##PA14_09520,mexI	0.000221607516768	0.0051060576518	  (0, 0)	1518.69763693	  (0, 0)	558.963993796
genePA##,,phzF_3	0.000220187314624	0.00429227183508	  (0, 0)	2.42070232982	  (0, 0)	0.940698378166
geneexp##PA14_61540,csuD	0.000219418718087	0.00349418510311	  (0, 0)	1064.38895628	  (0, 0)	399.341647393
genePA##PA14_61960,,group_20138	0.000218141411871	0.00487544559401	  (0, 0)	2.32891791278	  (0, 0)	0.827380295383
geneexp##PA14_14060	0.000214927728522	0.00373769485493	  (0, 0)	1690.11047329	  (0, 0)	578.899098435
SNPs##PA14_12920_1107712_G_A_P_P	0.000214882698089	0.00415030364096	  (0, 0)	0.0380039350291	  (0, 0)	0.0743897702852
geneexp##PA0976.1,tRNA-Lys	0.00021468158585	0.00445035938586	  (0, 0)	357.171632008	  (0, 0)	146.448975282
geneexp##PA14_56850	0.000214020766987	0.00308877171424	  (0, 0)	1770.96187739	  (0, 0)	592.030275224
SNPs##PA14_58880_5244345_G_A_D_D	0.00021308839469	0.00481680289272	  (0, 0)	0.150319510129	  (0, 0)	0.125428465732
geneexp##PA14_06810,norC	0.000212467552517	0.00354408851572	  (0, 0)	2052.6559133	  (0, 0)	649.031924103
geneexp##PA14_48630	0.000211915372716	0.0046572153323	  (0, 0)	772.733419833	  (0, 0)	298.854107798
geneexp##PA14_05530,mexA	0.000211152777723	0.00426163042062	  (0, 0)	2220.26316245	  (0, 0)	722.890335429
SNPs##intergenic_1648274_C_T_none_none	0.000210600170965	0.00389891681876	  (0, 0)	0.064699940509	  (0, 0)	0.0830076694233
geneexp##PA14_64880,braE	0.000210357838213	0.00332681788004	  (0, 0)	1014.77181807	  (0, 0)	354.066692652
geneexp##PA14_38395	0.00020997472559	0.00391862277205	  (0, 0)	1553.62376708	  (0, 0)	492.284763519
