feature	score	p-value	#I-out-of-44	#O-out-of-382
PA14_33360_2937038_T_C_V_A|1	34.7272727273	3.79280748029e-09	4.0	0.0
PA14_30860,trbG_2680215_C_T_V_M|1	29.9520228463	4.42869628055e-08	8.0	7.0
PA14_30890_2683040_G_A_G_S|1	29.8573893384	4.65021180808e-08	7.0	5.0
PA14_30960,traG_2690145_T_C_N_S|1	29.8573893384	4.65021180808e-08	7.0	5.0
PA14_59370_5288778_C_A_R_L|4	29.8573893384	4.65021180808e-08	7.0	5.0
PA14_45700_4064862_T_A_T_S|1	29.3076457098	6.17515616553e-08	10.0	12.0
PA14_32570_2828151_T_G_E_D|1	28.2151696471	1.08550476757e-07	5.0	2.0
PA14_55400_4928191_C_T_V_M|1	28.2151696471	1.08550476757e-07	5.0	2.0
PA14_31110_2707138_T_G_K_Q|1	28.1445051229	1.12586861942e-07	9.0	10.0
PA14_31100_2705280_C_A_A_S|1	27.1880057116	1.84600358745e-07	8.0	8.0
PA14_30910,trbE_2685935_C_T_G_S|1	27.1880057116	1.84600358745e-07	8.0	8.0
PA14_31070_2701340_C_T_V_I|1	27.1880057116	1.84600358745e-07	8.0	8.0
PA14_30850,trbI_2679325_G_T_H_N|20	26.6388386483	2.4526353044e-07	6.0	4.0
PA14_30970,bphR_2691295_C_G_E_Q|1	26.6388386483	2.4526353044e-07	6.0	4.0
PA14_59370_5288475_A_T_I_N|1	26.5812067514	2.52689848837e-07	7.0	6.0
PA14_59360,pilM2_5288038_G_C_A_P|1	26.5812067514	2.52689848837e-07	7.0	6.0
PA14_25560,rne_2233821_T_C_D_G|1	26.2875059495	2.94185695692e-07	14.0	26.0
PA14_31280_2720021_T_A_E_V|1	26.204854831	3.07049620172e-07	4.0	1.0
PA14_63270,fabG_5646645_G_A_A_T|1	26.0454545455	3.33473020757e-07	3.0	0.0
PA14_48890_4347474_T_C_N_D|1	26.0454545455	3.33473020757e-07	3.0	0.0
PA14_58950_5254479_G_T_G_C|1	26.0454545455	3.33473020757e-07	3.0	0.0
PA14_31190_2711138_C_T_R_Q|2	26.0454545455	3.33473020757e-07	3.0	0.0
PA14_50290,fliC_4466318_C_A_A_S|1	26.0454545455	3.33473020757e-07	3.0	0.0
PA14_31160_2708957_C_G_A_G|1	26.0454545455	3.33473020757e-07	3.0	0.0
PA14_31090_2704720_G_C_T_S|1	26.0454545455	3.33473020757e-07	3.0	0.0
PA14_31070_2701681_C_T_G_D|1	24.7627180334	6.4839548932e-07	8.0	9.0
PA14_31090_2704781_G_A_R_W|1	23.9911266744	9.67807019023e-07	9.0	12.0
PA14_17140,yaeL_1470069_A_G_E_G|1	23.9911266744	9.67807019023e-07	9.0	12.0
PA14_59370_5288929_C_G_V_L|1	23.7895049976	1.07466831078e-06	7.0	7.0
PA14_31190_2711458_T_A_E_D|1	23.7895049976	1.07466831078e-06	7.0	7.0
PA14_06360,comF_562689_G_A_H_Y|1	23.7895049976	1.07466831078e-06	7.0	7.0
PA14_32570_2828147_C_T_A_T|7	23.51026297	1.24249216805e-06	5.0	3.0
PA14_31150_2708686_G_C_R_G|1	23.51026297	1.24249216805e-06	5.0	3.0
PA14_28870_2492229_T_A_M_K|1	23.51026297	1.24249216805e-06	5.0	3.0
PA14_03860_347884_G_A_H_Y|53	23.51026297	1.24249216805e-06	5.0	3.0
PA14_40260_3594844_G_A_T_I|1	23.51026297	1.24249216805e-06	5.0	3.0
PA14_32580_2829240_C_G_R_P|2	23.51026297	1.24249216805e-06	5.0	3.0
PA14_30960,traG_2690143_C_T_A_T|5	23.2204577907	1.44452451475e-06	6.0	5.0
PA14_31280_2720706_C_A_V_L|1	23.2204577907	1.44452451475e-06	6.0	5.0
PA14_30970,bphR_2691192_C_G_S_T|1	23.2204577907	1.44452451475e-06	6.0	5.0
PA14_30910,trbE_2684882_G_C_R_G|2	23.2204577907	1.44452451475e-06	6.0	5.0
PA14_30910,trbE_2684018_C_A_A_S|1	23.2204577907	1.44452451475e-06	6.0	5.0
PA14_31080_2703717_A_G_F_L|1	23.2204577907	1.44452451475e-06	6.0	5.0
PA14_30910,trbE_2684312_G_A_L_F|1	23.2204577907	1.44452451475e-06	6.0	5.0
PA14_46430_4130188_G_A_T_M|1	23.2204577907	1.44452451475e-06	6.0	5.0
PA14_55400_4923059_C_G_E_D|1	22.8301442477	1.76968153945e-06	29.0	95.0
PA14_33030,sdaA_2890994_T_C_V_A|1	22.8186237846	1.78032123285e-06	22.0	62.0
PA14_08310_712685_T_G_I_M|1	22.4693717277	2.135211807e-06	11.0	19.0
PA14_08310_712605_G_A_A_T|1	22.2133291506	2.43974160893e-06	9.0	13.0
PA14_55230_4905445_G_A_V_M|2	21.3853879105	3.75623034379e-06	7.0	8.0
PA14_31070_2702426_G_T_Q_K|1	21.3853879105	3.75623034379e-06	7.0	8.0
PA14_44900_4003282_G_A_G_S|1	21.3853879105	3.75623034379e-06	7.0	8.0
PA14_54500_4832557_T_C_T_A|1	21.0003212756	4.59206360748e-06	17.0	43.0
PA14_02410_217287_C_A_F_L|1	20.9043485786	4.82797328676e-06	16.0	39.0
PA14_30910,trbE_2685552_A_C_I_M|1	20.7951768999	5.11115193398e-06	10.0	17.0
PA14_30870,trbF_2681336_C_A_A_S|1	20.7143966532	5.33136545857e-06	8.0	11.0
PA14_70340_6272916_G_C_D_E|1	20.7143966532	5.33136545857e-06	8.0	11.0
PA14_40260_3594743_A_G_S_P|1	20.7143966532	5.33136545857e-06	8.0	11.0
PA14_07400_633741_C_T_G_S|1	20.5616373156	5.77416986891e-06	4.0	2.0
PA14_30970,bphR_2691482_A_C_D_E|1	20.5616373156	5.77416986891e-06	4.0	2.0
PA14_34350,mtlY_3055284_C_A_Q_H|1	20.5616373156	5.77416986891e-06	4.0	2.0
PA14_67180_5996121_G_A_A_V|1	20.5616373156	5.77416986891e-06	4.0	2.0
PA14_60500,fklB_5393506_G_A_A_V|1	20.5616373156	5.77416986891e-06	4.0	2.0
PA14_21460_1861094_C_T_R_C|1	20.5616373156	5.77416986891e-06	4.0	2.0
PA14_14520_1241540_C_T_V_M|1	20.5616373156	5.77416986891e-06	4.0	2.0
PA14_23610_2054290_C_G_T_S|2	20.5616373156	5.77416986891e-06	4.0	2.0
PA14_32580_2829569_G_T_N_K|2	20.5616373156	5.77416986891e-06	4.0	2.0
PA14_43810_3901147_C_T_L_F|1	20.5616373156	5.77416986891e-06	4.0	2.0
PA14_39250_3494964_G_A_A_T|1	20.5616373156	5.77416986891e-06	4.0	2.0
PA14_55400_4925338_C_T_D_N|1	20.5371890273	5.84838858282e-06	28.0	95.0
PA14_55400_4925337_T_C_D_G|1	20.5371890273	5.84838858282e-06	28.0	95.0
PA14_14490_1238569_A_T_Q_L|1	20.3910042837	6.31258363943e-06	6.0	6.0
PA14_30960,traG_2688652_A_C_S_A|1	20.3910042837	6.31258363943e-06	6.0	6.0
PA14_31070_2703397_C_A_G_V|1	20.3910042837	6.31258363943e-06	6.0	6.0
PA14_30970,bphR_2691193_T_A_S_C|1	20.3910042837	6.31258363943e-06	6.0	6.0
PA14_30910,trbE_2684404_T_G_E_A|2	20.3910042837	6.31258363943e-06	6.0	6.0
PA14_71490,soxD_6369730_G_A_A_T|1	20.3910042837	6.31258363943e-06	6.0	6.0
PA14_30880,trbL_2682530_C_A_A_S|2	20.3910042837	6.31258363943e-06	6.0	6.0
PA14_30850,trbI_2679061_T_C_N_D|7	20.3910042837	6.31258363943e-06	6.0	6.0
PA14_37730_3363193_G_A_R_H|1	20.3910042837	6.31258363943e-06	6.0	6.0
PA14_33070_2896197_C_T_A_V|1	20.2629544089	6.74948895683e-06	17.0	44.0
PA14_31180_2710488_G_T_Q_K|1	19.876487387	8.26101318e-06	5.0	4.0
PA14_30850,trbI_2678830_C_T_V_M|11	19.876487387	8.26101318e-06	5.0	4.0
PA14_31180_2710545_T_C_R_G|1	19.876487387	8.26101318e-06	5.0	4.0
PA14_60050_5346782_G_T_V_F|1	19.876487387	8.26101318e-06	5.0	4.0
PA14_30940,trbB_2687993_C_A_R_L|2	19.876487387	8.26101318e-06	5.0	4.0
PA14_31070_2702741_C_T_A_T|4	19.876487387	8.26101318e-06	5.0	4.0
PA14_31150_2708691_C_T_C_Y|1	19.876487387	8.26101318e-06	5.0	4.0
PA14_31090_2704952_A_C_S_A|1	19.876487387	8.26101318e-06	5.0	4.0
PA14_40260_3592951_G_A_T_I|1	19.876487387	8.26101318e-06	5.0	4.0
PA14_59200_5272099_C_A_D_E|2	19.876487387	8.26101318e-06	5.0	4.0
PA14_01160_113414_A_G_E_G|69	19.876487387	8.26101318e-06	5.0	4.0
PA14_31190_2711712_C_T_D_N|1	19.876487387	8.26101318e-06	5.0	4.0
PA14_30860,trbG_2680668_G_C_P_A|1	19.876487387	8.26101318e-06	5.0	4.0
PA14_31110_2707045_A_G_C_R|1	19.876487387	8.26101318e-06	5.0	4.0
PA14_55400_4925232_C_T_S_N|1	19.6298861287	9.39874996908e-06	27.0	92.0
PA14_55400_4925346_C_T_G_E|1	19.6298861287	9.39874996908e-06	27.0	92.0
PA14_55400_4923141_C_G_S_T|1	19.3995198974	1.06033712588e-05	30.0	108.0
PA14_37080_3303931_G_A_A_T|1	19.2961833651	1.1192986448e-05	7.0	9.0
PA14_49220,napF_4372645_G_A_A_T|1	19.2961833651	1.1192986448e-05	7.0	9.0
PA14_44910_4003371_A_G_S_G|1	19.2961833651	1.1192986448e-05	7.0	9.0
PA14_33000,gcvP2_2886739_G_A_A_T|1	19.2880091113	1.12410087901e-05	13.0	29.0
PA14_16750_1434383_C_T_P_S|1	19.1309792956	1.22047703982e-05	9.0	15.0
PA14_47920_4265916_A_G_K_R|1	19.0111375535	1.29957683914e-05	8.0	12.0
PA14_30860,trbG_2680647_C_A_A_S|1	19.0111375535	1.29957683914e-05	8.0	12.0
PA14_55230_4905679_C_T_R_C|1	19.0111375535	1.29957683914e-05	8.0	12.0
PA14_55400_4925428_C_T_V_I|1	18.8212996486	1.43554987107e-05	36.0	142.0
PA14_58090_5168710_A_C_V_G|1	18.5275182244	1.67468871535e-05	12.0	26.0
PA14_30960,traG_2689876_C_G_A_P|1	18.2676886212	1.91935296682e-05	10.0	19.0
PA14_35640,pslI_3168602_G_A_A_V|1	18.0628867206	2.13727099269e-05	3.0	1.0
PA14_31200_2713105_A_C_D_E|1	18.0628867206	2.13727099269e-05	3.0	1.0
PA14_64850_5779088_C_T_G_E|1	18.0628867206	2.13727099269e-05	3.0	1.0
PA14_31070_2703413_C_A_V_F|1	18.0628867206	2.13727099269e-05	3.0	1.0
PA14_02980_261000_G_A_R_C|3	18.0628867206	2.13727099269e-05	3.0	1.0
PA14_07380_633277_C_A_W_C|1	18.0628867206	2.13727099269e-05	3.0	1.0
PA14_01080_104947_C_G_S_W|2	18.0628867206	2.13727099269e-05	3.0	1.0
PA14_09710,aldH_835958_T_C_T_A|7	18.0628867206	2.13727099269e-05	3.0	1.0
PA14_59940_5337306_C_A_L_M|1	18.0628867206	2.13727099269e-05	3.0	1.0
PA14_06670,nirJ_584518_C_T_R_H|3	18.0628867206	2.13727099269e-05	3.0	1.0
PA14_41490,nasT_3701423_G_A_A_T|1	18.0628867206	2.13727099269e-05	3.0	1.0
PA14_33360_2937177_T_G_D_E|1	18.0628867206	2.13727099269e-05	3.0	1.0
PA14_55400_4923784_G_C_P_A|1	18.0628867206	2.13727099269e-05	3.0	1.0
PA14_24610_2151553_C_T_E_K|1	18.0628867206	2.13727099269e-05	3.0	1.0
PA14_51080_4539409_G_A_P_L|3	18.0628867206	2.13727099269e-05	3.0	1.0
PA14_37840_3376258_G_C_A_G|1	18.0628867206	2.13727099269e-05	3.0	1.0
PA14_30200,cspD_2616464_G_A_P_S|1	18.0628867206	2.13727099269e-05	3.0	1.0
PA14_33360_2936509_C_G_P_A|1	18.0628867206	2.13727099269e-05	3.0	1.0
PA14_18330,arnT_1572888_G_A_L_F|2	18.0628867206	2.13727099269e-05	3.0	1.0
PA14_43540_3877769_A_G_I_T|1	18.0628867206	2.13727099269e-05	3.0	1.0
PA14_36050_3211326_G_A_H_Y|2	18.0628867206	2.13727099269e-05	3.0	1.0
PA14_48890_4347279_C_T_V_M|1	18.0628867206	2.13727099269e-05	3.0	1.0
PA14_29390_2544947_G_A_V_I|1	18.0628867206	2.13727099269e-05	3.0	1.0
PA14_49040_4356317_G_A_A_T|1	18.0628867206	2.13727099269e-05	3.0	1.0
PA14_31180_2709975_C_T_V_M|1	18.0628867206	2.13727099269e-05	3.0	1.0
PA14_00380,betC_33121_C_T_S_N|1	18.0628867206	2.13727099269e-05	3.0	1.0
PA14_15460,merA_1310133_T_A_M_L|1	18.0628867206	2.13727099269e-05	3.0	1.0
PA14_32570_2828794_T_A_Q_L|1	18.0628867206	2.13727099269e-05	3.0	1.0
PA14_13660,tpbA_1174548_C_A_Q_H|1	18.0628867206	2.13727099269e-05	3.0	1.0
PA14_60490_5392497_G_A_V_I|1	18.0145718156	2.19220480799e-05	6.0	7.0
PA14_31070_2701432_G_A_A_V|1	18.0145718156	2.19220480799e-05	6.0	7.0
PA14_31070_2701772_C_A_G_C|2	18.0145718156	2.19220480799e-05	6.0	7.0
PA14_11100,cupB5_964710_G_C_V_L|1	18.0145718156	2.19220480799e-05	6.0	7.0
PA14_34130_3036350_C_T_A_V|1	18.0145718156	2.19220480799e-05	6.0	7.0
PA14_31190_2711727_C_T_G_S|1	18.0145718156	2.19220480799e-05	6.0	7.0
PA14_30850,trbI_2678743_G_A_L_F|1	18.0145718156	2.19220480799e-05	6.0	7.0
PA14_62330,phuS_5560587_T_C_T_A|1	18.0145718156	2.19220480799e-05	6.0	7.0
PA14_59540_5298595_C_G_D_E|1	18.0145718156	2.19220480799e-05	6.0	7.0
PA14_24610_2151847_C_A_A_S|3	18.0145718156	2.19220480799e-05	6.0	7.0
PA14_64790,vanK_5772848_G_A_L_F|1	18.0145718156	2.19220480799e-05	6.0	7.0
PA14_31110_2707021_G_A_R_C|1	18.0145718156	2.19220480799e-05	6.0	7.0
PA14_31070_2701937_C_T_A_T|2	18.0145718156	2.19220480799e-05	6.0	7.0
PA14_34440,mtlR_3063148_C_T_G_S|1	18.0145718156	2.19220480799e-05	6.0	7.0
PA14_31070_2701574_C_T_D_N|1	18.0145718156	2.19220480799e-05	6.0	7.0
PA14_60490_5391511_C_T_T_I|1	17.9579538396	2.25838725783e-05	16.0	43.0
PA14_55400_4923721_T_G_N_H|1	17.9396280517	2.28023599761e-05	27.0	96.0
PA14_55400_4923004_G_C_Q_E|1	17.8702217139	2.36492798742e-05	39.0	162.0
PA14_55400_4923183_G_T_A_E|1	17.8115428905	2.43899117514e-05	32.0	123.0
PA14_70340_6272867_T_C_N_D|1	17.7885673489	2.46862140161e-05	9.0	16.0
PA14_55400_4923009_G_T_A_D|1	17.7510446706	2.51779198394e-05	29.0	107.0
PA14_55400_4923970_G_T_R_S|1	17.7368573105	2.5366387793e-05	41.0	174.0
PA14_55400_4918516_T_C_I_V|1	17.637434555	2.67275260623e-05	33.0	129.0
PA14_55400_4929312_G_C_T_S|1	17.5151090048	2.85033544402e-05	40.0	169.0
PA14_55650,sbcC_4961024_T_C_V_A|1	17.4810634392	2.90183696951e-05	8.0	13.0
PA14_30870,trbF_2680859_C_T_V_I|1	17.4810634392	2.90183696951e-05	8.0	13.0
PA14_05390,chpA_473373_G_A_A_T|1	17.4810634392	2.90183696951e-05	8.0	13.0
PA14_31070_2703518_C_G_V_L|1	17.4810634392	2.90183696951e-05	8.0	13.0
PA14_05775_511171_C_A_S_I|1	17.4663185598	2.92443113371e-05	7.0	10.0
PA14_08150,gpD_700253_T_G_Y_D|2	17.4663185598	2.92443113371e-05	7.0	10.0
PA14_30940,trbB_2687747_T_C_Q_R|1	17.4663185598	2.92443113371e-05	7.0	10.0
PA14_05380,pilK_468411_A_C_E_D|1	17.4663185598	2.92443113371e-05	7.0	10.0
PA14_31070_2703236_C_A_G_W|1	17.4663185598	2.92443113371e-05	7.0	10.0
PA14_27890_2415047_C_T_E_K|1	17.4663185598	2.92443113371e-05	7.0	10.0
PA14_55400_4925419_G_T_R_S|1	17.452924911	2.9451079553e-05	37.0	152.0
PA14_48440_4306641_G_A_R_Q|1	17.3636363636	3.0867552682e-05	2.0	0.0
PA14_56010,pctB_5001871_A_G_E_G|1	17.3636363636	3.0867552682e-05	2.0	0.0
PA14_33360_2936198_A_G_Q_R|5	17.3636363636	3.0867552682e-05	2.0	0.0
PA14_15430,tnpR_1306508_G_T_R_S|52	17.3636363636	3.0867552682e-05	2.0	0.0
PA14_33360_2936756_C_A_T_N|1	17.3636363636	3.0867552682e-05	2.0	0.0
PA14_00510_51109_A_G_I_V|1	17.3636363636	3.0867552682e-05	2.0	0.0
PA14_35590,pslM_3163011_T_C_D_G|1	17.3636363636	3.0867552682e-05	2.0	0.0
PA14_33610_2970630_T_A_D_E|1	17.3636363636	3.0867552682e-05	2.0	0.0
PA14_32590,dipZ2_2829998_A_G_K_E|1	17.3636363636	3.0867552682e-05	2.0	0.0
PA14_11590_1003319_C_T_R_H|1	17.3636363636	3.0867552682e-05	2.0	0.0
PA14_24820_2170459_T_G_Y_S|2	17.3636363636	3.0867552682e-05	2.0	0.0
PA14_30900,trbJ_2683829_T_G_K_T|1	17.3636363636	3.0867552682e-05	2.0	0.0
PA14_07355_631871_A_G_T_A|1	17.3636363636	3.0867552682e-05	2.0	0.0
PA14_20520_1765802_A_G_N_S|1	17.3636363636	3.0867552682e-05	2.0	0.0
PA14_49380,dapE_4388942_G_A_D_N|1	17.3636363636	3.0867552682e-05	2.0	0.0
PA14_21460_1861080_A_C_D_A|5	17.3636363636	3.0867552682e-05	2.0	0.0
PA14_33360_2936396_T_G_L_R|1	17.3636363636	3.0867552682e-05	2.0	0.0
PA14_05880,nfeD_522224_A_G_D_G|1	17.3636363636	3.0867552682e-05	2.0	0.0
PA14_08300,JF1_711309_A_G_S_G|1	17.3636363636	3.0867552682e-05	2.0	0.0
PA14_03170_280421_C_A_R_L|1	17.3636363636	3.0867552682e-05	2.0	0.0
PA14_70680,glcE_6294360_G_A_R_C|1	17.3636363636	3.0867552682e-05	2.0	0.0
PA14_48890_4347090_G_C_R_G|1	17.3636363636	3.0867552682e-05	2.0	0.0
PA14_10440,opdL_901087_G_C_H_Q|1	17.3636363636	3.0867552682e-05	2.0	0.0
PA14_15230,xseA_1289980_T_A_Q_L|3	17.3636363636	3.0867552682e-05	2.0	0.0
PA14_60820,oprJ_5423501_G_A_A_V|1	17.3636363636	3.0867552682e-05	2.0	0.0
PA14_07380_632895_C_T_V_M|1	17.3636363636	3.0867552682e-05	2.0	0.0
PA14_35010_3117509_C_T_V_I|1	17.3636363636	3.0867552682e-05	2.0	0.0
PA14_15540,trbL_1314565_T_G_I_S|1	17.3636363636	3.0867552682e-05	2.0	0.0
PA14_64170_5717435_G_A_D_N|1	17.3636363636	3.0867552682e-05	2.0	0.0
PA0296-PA0297,P1_348823_C_G_G_A|33	17.3636363636	3.0867552682e-05	2.0	0.0
PA14_24330_2113926_G_C_M_I|1	17.3636363636	3.0867552682e-05	2.0	0.0
PA14_33610_2960343_C_G_D_E|2	17.3636363636	3.0867552682e-05	2.0	0.0
PA14_48890_4347428_T_C_K_R|1	17.3636363636	3.0867552682e-05	2.0	0.0
PA14_08310_712637_C_A_N_K|2	17.3636363636	3.0867552682e-05	2.0	0.0
PA14_42940_3817982_A_T_L_H|2	17.3636363636	3.0867552682e-05	2.0	0.0
PA14_51630_4588970_C_A_N_K|2	17.3636363636	3.0867552682e-05	2.0	0.0
PA14_71890,psecoA_6407448_G_A_G_S|1	17.3636363636	3.0867552682e-05	2.0	0.0
PA14_27110,ligT_2355562_C_T_G_D|2	17.3636363636	3.0867552682e-05	2.0	0.0
PA14_48520,mltA_4313087_A_G_K_R|20	17.3636363636	3.0867552682e-05	2.0	0.0
PA14_57600_5130624_G_A_A_T|2	17.3636363636	3.0867552682e-05	2.0	0.0
PA14_49010_4352984_G_A_A_V|2	17.3636363636	3.0867552682e-05	2.0	0.0
PA14_48890_4346499_C_T_A_T|3	17.3636363636	3.0867552682e-05	2.0	0.0
PA14_33260,pvdS_2910485_C_T_D_N|1	17.3636363636	3.0867552682e-05	2.0	0.0
PA14_31200_2713136_C_T_R_H|2	17.3636363636	3.0867552682e-05	2.0	0.0
PA14_10230,adh_880923_C_G_G_R|7	17.3636363636	3.0867552682e-05	2.0	0.0
PA14_17330_1489609_C_T_T_I|1	17.3636363636	3.0867552682e-05	2.0	0.0
PA14_18985_1639596_T_G_K_T|2	17.3636363636	3.0867552682e-05	2.0	0.0
PA14_03810,aguA_343990_T_G_M_L|1	17.3636363636	3.0867552682e-05	2.0	0.0
PA14_59360,pilM2_5287910_G_A_S_N|1	17.3636363636	3.0867552682e-05	2.0	0.0
PA14_31080_2703971_G_C_A_G|1	17.3636363636	3.0867552682e-05	2.0	0.0
PA14_65670_5849689_T_A_H_L|1	17.3636363636	3.0867552682e-05	2.0	0.0
PA14_28850_2491967_C_G_D_E|2	17.3636363636	3.0867552682e-05	2.0	0.0
PA14_55400_4923448_T_G_S_R|1	17.3636363636	3.0867552682e-05	2.0	0.0
PA14_06840,norD_594524_C_G_R_G|5	17.3636363636	3.0867552682e-05	2.0	0.0
PA14_21460_1860956_C_T_P_S|2	17.3636363636	3.0867552682e-05	2.0	0.0
PA14_48890_4346535_C_A_V_F|1	17.3636363636	3.0867552682e-05	2.0	0.0
PA14_61200_5459776_C_G_Q_H|1	17.3636363636	3.0867552682e-05	2.0	0.0
PA14_16160_1376307_C_T_A_V|1	17.3636363636	3.0867552682e-05	2.0	0.0
PA14_03550,cynX_322686_T_G_T_P|1	17.3636363636	3.0867552682e-05	2.0	0.0
PA14_53220,fumC2_4717736_G_T_R_L|1	17.3636363636	3.0867552682e-05	2.0	0.0
PA14_01340_130162_T_C_L_P|3	17.3636363636	3.0867552682e-05	2.0	0.0
PA14_67180_5996122_C_T_A_T|1	17.3636363636	3.0867552682e-05	2.0	0.0
PA14_10700_921738_C_T_E_K|1	17.3636363636	3.0867552682e-05	2.0	0.0
PA14_10770_928285_A_G_T_A|1	17.3636363636	3.0867552682e-05	2.0	0.0
PA14_40260_3594973_G_A_T_I|1	17.3636363636	3.0867552682e-05	2.0	0.0
PA14_09700,pqsL_834474_T_G_T_P|2	17.3636363636	3.0867552682e-05	2.0	0.0
PA14_59990_5342722_A_T_Q_L|2	17.3636363636	3.0867552682e-05	2.0	0.0
PA14_57760,algW_5143842_G_A_E_K|1	17.3636363636	3.0867552682e-05	2.0	0.0
PA14_09300,pchH_796619_C_G_P_A|2	17.3636363636	3.0867552682e-05	2.0	0.0
PA14_63130_5635371_C_T_H_Y|1	17.3636363636	3.0867552682e-05	2.0	0.0
PA14_34210,sfnR_3043098_C_A_L_M|1	17.3636363636	3.0867552682e-05	2.0	0.0
PA14_05640,bfrG_500306_G_A_A_T|2	17.3636363636	3.0867552682e-05	2.0	0.0
PA14_67180_5996125_C_G_E_Q|1	17.3636363636	3.0867552682e-05	2.0	0.0
PA14_08310_712687_T_A_L_Q|1	17.2923369824	3.2047664497e-05	16.0	44.0
PA14_45930_4082886_C_A_F_L|1	16.9925035697	3.75276948798e-05	5.0	5.0
PA14_59210_5273433_C_A_D_E|1	16.9925035697	3.75276948798e-05	5.0	5.0
PA14_21550_1869427_T_C_V_A|1	16.9925035697	3.75276948798e-05	5.0	5.0
PA14_15460,merA_1309399_G_T_H_Q|1	16.9925035697	3.75276948798e-05	5.0	5.0
PA14_39010,pqqF_3478032_G_A_R_W|1	16.9925035697	3.75276948798e-05	5.0	5.0
PA14_30850,trbI_2679640_C_T_A_T|1	16.9925035697	3.75276948798e-05	5.0	5.0
PA14_31110_2706013_G_A_L_F|1	16.9925035697	3.75276948798e-05	5.0	5.0
PA14_31190_2711758_T_G_E_D|1	16.9925035697	3.75276948798e-05	5.0	5.0
PA14_31060_2701149_C_G_E_Q|1	16.9925035697	3.75276948798e-05	5.0	5.0
PA14_59940_5339875_C_G_T_S|2	16.9925035697	3.75276948798e-05	5.0	5.0
PA14_31110_2706880_G_A_R_*|1	16.9925035697	3.75276948798e-05	5.0	5.0
PA14_30900,trbJ_2683521_C_A_A_S|1	16.9925035697	3.75276948798e-05	5.0	5.0
PA14_03300_299116_T_A_M_K|1	16.9925035697	3.75276948798e-05	5.0	5.0
PA14_31110_2706490_C_T_E_K|1	16.9925035697	3.75276948798e-05	5.0	5.0
PA14_09680_831431_G_C_G_A|1	16.9925035697	3.75276948798e-05	5.0	5.0
PA14_03130_275613_A_G_V_A|26	16.9925035697	3.75276948798e-05	5.0	5.0
PA14_55400_4923922_T_C_S_G|1	16.9744727542	3.78857880616e-05	25.0	88.0
PA14_16130_1373361_G_A_P_S|1	16.8822265087	3.97722605867e-05	22.0	73.0
PA14_64710_5764227_G_C_E_D|1	16.8582770109	4.02772938692e-05	14.0	36.0
PA14_67180_5996101_T_G_K_Q|1	16.8241585639	4.10079188968e-05	11.0	24.0
PA14_52300_4642226_G_A_R_H|1	16.8241585639	4.10079188968e-05	11.0	24.0
PA14_23240_2012634_A_G_M_T|1	16.7615591215	4.23832753652e-05	27.0	99.0
PA14_32830_2871050_T_C_H_R|1	16.5636771605	4.70434629294e-05	4.0	3.0
PA14_15460,merA_1309068_C_T_V_M|2	16.5636771605	4.70434629294e-05	4.0	3.0
PA14_32580_2829403_C_T_V_M|7	16.5636771605	4.70434629294e-05	4.0	3.0
PA14_29400,rhs_2548239_C_T_R_C|1	16.5636771605	4.70434629294e-05	4.0	3.0
PA14_32590,dipZ2_2830235_G_T_A_S|1	16.5636771605	4.70434629294e-05	4.0	3.0
PA14_33820,pvdQ_3006228_C_T_A_V|1	16.5636771605	4.70434629294e-05	4.0	3.0
PA14_15340,guaA_1300714_A_T_E_D|1	16.5636771605	4.70434629294e-05	4.0	3.0
PA14_32570_2828201_G_C_R_G|1	16.5636771605	4.70434629294e-05	4.0	3.0
PA14_30850,trbI_2679678_G_T_A_D|1	16.5636771605	4.70434629294e-05	4.0	3.0
PA14_31160_2708954_A_G_Q_R|1	16.5636771605	4.70434629294e-05	4.0	3.0
PA14_35110,arsB_3125298_C_T_V_I|1	16.5582781093	4.71775892699e-05	9.0	17.0
PA14_33030,sdaA_2891068_G_A_A_T|1	16.482355341	4.91049421627e-05	20.0	64.0
PA14_55400_4923010_C_G_A_P|1	16.2927905044	5.42700392448e-05	37.0	156.0
PA14_55400_4925327_G_C_I_M|1	16.2927905044	5.42700392448e-05	37.0	156.0
PA14_55400_4929394_T_G_T_P|1	16.1435730884	5.87174717048e-05	14.0	37.0
PA14_46310_4119453_G_A_A_T|1	16.1005581758	6.0066329618e-05	8.0	14.0
PA14_36000,prpR_3205431_A_G_I_V|1	16.1005581758	6.0066329618e-05	8.0	14.0
PA14_30950_2688432_A_T_D_E|1	16.1005581758	6.0066329618e-05	8.0	14.0
PA14_20550_1768143_G_C_R_G|1	16.1005581758	6.0066329618e-05	8.0	14.0
PA14_28300_2446294_C_T_A_T|1	16.096052571	6.02094068693e-05	10.0	21.0
PA14_55400_4929297_C_T_R_H|1	16.081891978	6.06613173814e-05	24.0	85.0
PA14_25560,rne_2233902_C_T_G_D|1	16.081891978	6.06613173814e-05	24.0	85.0
PA14_55400_4923359_C_G_Q_H|1	16.0744896115	6.08989070618e-05	36.0	151.0
PA14_31070_2701539_C_T_M_I|1	15.9940844496	6.35407148516e-05	6.0	8.0
PA14_31190_2712966_T_G_I_L|1	15.9940844496	6.35407148516e-05	6.0	8.0
PA14_11310_984342_T_C_I_V|1	15.9940844496	6.35407148516e-05	6.0	8.0
PA14_55930_4993500_G_A_T_I|1	15.9940844496	6.35407148516e-05	6.0	8.0
PA14_11600_1005061_C_T_V_I|2	15.9940844496	6.35407148516e-05	6.0	8.0
PA14_35050_3120492_G_C_A_G|1	15.9940844496	6.35407148516e-05	6.0	8.0
PA14_13940_1196885_G_A_G_D|1	15.9940844496	6.35407148516e-05	6.0	8.0
PA14_42450,popB_3780934_C_T_V_I|1	15.9940844496	6.35407148516e-05	6.0	8.0
PA14_21250,alkB_1841329_C_T_P_L|1	15.9940844496	6.35407148516e-05	6.0	8.0
PA14_32640_2835462_G_A_T_I|1	15.9940844496	6.35407148516e-05	6.0	8.0
PA14_15460,merA_1309353_T_C_T_A|1	15.9940844496	6.35407148516e-05	6.0	8.0
PA14_30910,trbE_2685185_T_C_T_A|2	15.9940844496	6.35407148516e-05	6.0	8.0
PA14_31070_2702369_C_T_A_T|1	15.9940844496	6.35407148516e-05	6.0	8.0
PA14_51110_4542562_C_T_G_S|1	15.9940844496	6.35407148516e-05	6.0	8.0
PA14_30880,trbL_2681468_C_T_G_S|1	15.9940844496	6.35407148516e-05	6.0	8.0
PA14_31100_2705643_C_G_V_L|1	15.9940844496	6.35407148516e-05	6.0	8.0
PA14_59530_5295948_C_G_R_G|1	15.9940844496	6.35407148516e-05	6.0	8.0
PA14_10350_894905_T_A_T_S|1	15.9940844496	6.35407148516e-05	6.0	8.0
PA14_33360_2936635_T_C_F_L|1	15.9940844496	6.35407148516e-05	6.0	8.0
PA14_31100_2705292_C_A_A_S|1	15.9940844496	6.35407148516e-05	6.0	8.0
PA14_41500_3702123_A_G_K_E|1	15.9940844496	6.35407148516e-05	6.0	8.0
PA14_11100,cupB5_963046_G_A_S_N|1	15.9940844496	6.35407148516e-05	6.0	8.0
PA14_08300,JF1_710596_A_G_D_G|1	15.9926645575	6.35883884809e-05	20.0	65.0
PA14_55400_4921889_G_T_S_R|1	15.9784098883	6.40689946418e-05	22.0	75.0
PA14_55400_4923930_T_G_D_A|1	15.9729519647	6.425397812e-05	31.0	123.0
PA14_34350,mtlY_3055891_G_T_P_H|1	15.9709092978	6.43233475714e-05	13.0	33.0
PA14_55410_4931711_G_C_Q_E|1	15.8813274245	6.74408289415e-05	41.0	181.0
PA14_55410_4931480_C_T_V_M|1	15.8813274245	6.74408289415e-05	41.0	181.0
PA14_49220,napF_4372672_A_G_T_A|1	15.8525702047	6.84734722925e-05	7.0	11.0
PA14_32380,oprN_2814148_C_T_A_T|1	15.8525702047	6.84734722925e-05	7.0	11.0
PA14_55400_4922042_A_C_D_E|1	15.8525702047	6.84734722925e-05	7.0	11.0
PA14_30940,trbB_2688018_C_T_V_I|1	15.8525702047	6.84734722925e-05	7.0	11.0
PA14_70330_6272336_G_A_A_V|1	15.8525702047	6.84734722925e-05	7.0	11.0
PA14_48660_4328736_G_A_A_T|1	15.8525702047	6.84734722925e-05	7.0	11.0
PA14_07730,ksgA_663424_C_T_R_Q|1	15.8525702047	6.84734722925e-05	7.0	11.0
PA14_26165_2285571_G_T_E_D|1	15.8525702047	6.84734722925e-05	7.0	11.0
PA14_08120_696895_C_A_L_M|1	15.8525702047	6.84734722925e-05	7.0	11.0
PA14_04010_362218_T_C_K_R|1	15.803486435	7.02728995424e-05	17.0	51.0
PA14_55400_4918674_G_C_T_S|1	15.6643122778	7.56379951884e-05	39.0	170.0
PA14_55400_4918474_T_G_K_Q|1	15.6534507377	7.60736462717e-05	31.0	124.0
PA14_55400_4929423_C_G_R_P|1	15.629893303	7.70272181049e-05	41.0	182.0
PA14_47790,cobO_4250356_T_C_I_V|1	15.5591652784	7.99630572807e-05	19.0	61.0
PA14_46320,pyc_4120606_G_A_P_L|1	15.4276534983	8.572460866e-05	9.0	18.0
PA14_35400,pvcC_3148592_C_G_E_D|1	15.4276534983	8.572460866e-05	9.0	18.0
PA14_34710_3084023_C_T_A_V|1	15.4276534983	8.572460866e-05	9.0	18.0
PA14_31330_2724495_T_G_E_A|1	15.4276534983	8.572460866e-05	9.0	18.0
PA14_55400_4929558_G_C_A_G|1	15.3817662585	8.78317607071e-05	42.0	189.0
PA14_55400_4925286_G_C_A_G|1	15.2890248733	9.22509417787e-05	29.0	114.0
PA14_55400_4923973_A_C_S_A|1	15.2385380395	9.47500340521e-05	36.0	154.0
PA14_55400_4925341_C_A_A_S|1	15.1542660177	9.90742073626e-05	26.0	98.0
PA14_55400_4925283_G_C_A_G|1	15.1485007139	9.93771951998e-05	30.0	120.0
PA14_31200_2713298_G_C_S_W|1	15.122828415	0.000100737730122	10.0	22.0
PA14_34600,gapB_3075171_G_A_H_Y|1	15.122828415	0.000100737730122	10.0	22.0
PA14_08160,lys_701285_C_T_A_V|1	15.122828415	0.000100737730122	10.0	22.0
PA14_55400_4930266_T_G_Q_P|1	15.0728489079	0.00010344046584	19.0	62.0
PA14_55400_4928384_T_G_Q_H|1	15.019968296	0.000106379593824	25.0	93.0
PA14_08050_693065_T_A_S_T|1	14.9738219895	0.000109013031095	0.0	130.0
PA14_55400_4922884_G_C_L_V|1	14.9681353432	0.00010934206045	36.0	155.0
PA14_55400_4923990_C_G_S_T|1	14.9116634355	0.000112664272184	38.0	167.0
PA14_55400_4928670_C_T_R_H|1	14.8979472937	0.000113486405963	39.0	173.0
PA14_55400_4922544_G_C_A_G|1	14.8950573473	0.000113660395594	41.0	185.0
PA14_55400_4929019_T_A_S_C|1	14.8540920364	0.000116155794061	33.0	138.0
PA14_73330,parB_6528404_C_T_G_S|1	14.8501127827	0.000116401109421	8.0	15.0
PA14_64060,ctpL_5708741_G_A_R_H|1	14.8501127827	0.000116401109421	8.0	15.0
PA14_46320,pyc_4121852_G_A_R_C|1	14.8501127827	0.000116401109421	8.0	15.0
PA14_59480_5293546_A_C_Q_P|1	14.8501127827	0.000116401109421	8.0	15.0
PA14_68230_6085922_G_A_A_T|1	14.8501127827	0.000116401109421	8.0	15.0
PA14_30910,trbE_2685822_T_G_Q_H|1	14.8501127827	0.000116401109421	8.0	15.0
PA14_08300,JF1_710544_G_A_A_T|1	14.8501127827	0.000116401109421	8.0	15.0
PA14_36060_3212294_T_C_T_A|1	14.8501127827	0.000116401109421	8.0	15.0
PA14_33380_2939313_C_T_A_T|1	14.8081147342	0.000119022245717	14.0	39.0
PA14_08120_696397_T_G_S_A|1	14.8081147342	0.000119022245717	14.0	39.0
PA14_55400_4926750_A_C_L_R|1	14.806248107	0.000119140112898	2.0	163.0
PA14_55400_4925233_T_C_S_G|1	14.784512551	0.000120521273531	28.0	110.0
PA14_55400_4923358_G_T_L_I|1	14.7017491671	0.000125929549873	36.0	156.0
PA14_55400_4924780_C_T_D_N|1	14.69266087	0.000126538130489	2.0	162.0
PA14_07770,ostA_667490_G_C_T_S|1	14.6603394991	0.000128726559683	1.0	145.0
PA14_55400_4929574_C_A_A_S|1	14.6564579066	0.000128991926119	41.0	186.0
PA14_02270_204473_C_T_A_T|1	14.6538228549	0.000129172386115	5.0	6.0
PA14_21790,rdgC_1895938_C_T_G_D|9	14.6538228549	0.000129172386115	5.0	6.0
PA14_31220_2714701_G_C_A_G|1	14.6538228549	0.000129172386115	5.0	6.0
PA14_58375_5199286_G_A_A_V|1	14.6538228549	0.000129172386115	5.0	6.0
PA14_68530_6113837_G_T_A_E|1	14.6538228549	0.000129172386115	5.0	6.0
PA14_31110_2706724_G_T_P_T|1	14.6538228549	0.000129172386115	5.0	6.0
PA14_32610,dsbG_2832842_T_A_D_E|1	14.6538228549	0.000129172386115	5.0	6.0
PA14_31190_2711910_C_G_E_Q|1	14.6538228549	0.000129172386115	5.0	6.0
PA14_27410,trpC_2378708_C_T_A_T|7	14.6538228549	0.000129172386115	5.0	6.0
PA14_51630_4588390_T_A_M_K|1	14.6538228549	0.000129172386115	5.0	6.0
PA14_30960,traG_2688916_G_A_P_S|2	14.6538228549	0.000129172386115	5.0	6.0
PA14_49690_4421305_A_G_N_S|1	14.6538228549	0.000129172386115	5.0	6.0
PA14_05560,rhlE_493142_G_A_P_L|1	14.6538228549	0.000129172386115	5.0	6.0
PA14_31200_2713197_G_A_R_C|2	14.6538228549	0.000129172386115	5.0	6.0
PA14_18985_1639797_C_T_S_N|1	14.6538228549	0.000129172386115	5.0	6.0
PA14_31230_2714980_T_C_I_V|1	14.6538228549	0.000129172386115	5.0	6.0
PA14_59940_5338822_T_A_L_*|1	14.6538228549	0.000129172386115	5.0	6.0
PA14_73200_6519232_C_T_A_T|1	14.6538228549	0.000129172386115	5.0	6.0
PA14_15460,merA_1308957_G_A_L_F|7	14.6538228549	0.000129172386115	5.0	6.0
PA14_55400_4925083_G_T_L_M|1	14.6494526416	0.000129472238151	39.0	174.0
PA14_55400_4922184_G_T_S_*|1	14.6493011986	0.000129482641616	40.0	180.0
PA14_55400_4928439_C_T_S_N|1	14.6435506901	0.000129878299358	29.0	116.0
PA14_08300,JF1_710656_A_G_K_R|1	14.643546133	0.000129878613387	21.0	73.0
PA14_14530_1243211_A_T_E_D|1	14.643546133	0.000129878613387	21.0	73.0
PA14_22460_1955475_C_T_R_H|1	14.6060750292	0.000132486756813	20.0	68.0
PA14_55400_4924818_T_C_K_R|1	14.5790932159	0.000134397399633	2.0	161.0
PA14_58375_5198758_T_C_Q_R|1	14.548473941	0.000136599247565	13.0	35.0
PA14_55400_4929588_T_C_Q_R|1	14.5229536715	0.000138462151183	24.0	89.0
PA14_55400_4929867_C_G_S_T|1	14.5134612674	0.000139161576832	34.0	145.0
PA14_55400_4923969_C_T_R_H|1	14.4705401422	0.000142368795908	35.0	151.0
PA14_55400_4922151_G_A_A_V|1	14.4390978966	0.000144765411487	42.0	193.0
PA14_31110_2706258_G_A_T_I|1	14.4208146497	0.000146177648001	7.0	12.0
PA14_37790,pcoA_3370427_A_G_N_S|1	14.4208146497	0.000146177648001	7.0	12.0
PA14_32830_2871084_G_A_P_S|1	14.4208146497	0.000146177648001	7.0	12.0
PA14_30910,trbE_2684900_T_A_M_L|1	14.4208146497	0.000146177648001	7.0	12.0
PA14_30910,trbE_2684626_A_T_V_E|1	14.4208146497	0.000146177648001	7.0	12.0
PA14_51040_4534980_A_G_Y_H|1	14.4208146497	0.000146177648001	7.0	12.0
PA14_50300_4467675_C_G_E_D|1	14.3860151628	0.000148904080067	9.0	19.0
PA14_47390_4223936_C_T_D_N|1	14.3860151628	0.000148904080067	9.0	19.0
PA14_58240_5183149_C_A_A_S|1	14.3860151628	0.000148904080067	9.0	19.0
PA14_08300,JF1_710685_A_C_T_P|1	14.3246219749	0.000153839517932	16.0	49.0
PA14_67180_5996093_T_G_E_D|1	14.3055310767	0.000155407575932	22.0	79.0
PA14_17880,paaJ_1534838_G_A_D_N|1	14.2583531652	0.000159351989492	6.0	9.0
PA14_15260_1293867_C_T_A_T|2	14.2583531652	0.000159351989492	6.0	9.0
PA14_33070_2896475_C_G_R_G|1	14.2583531652	0.000159351989492	6.0	9.0
PA14_70650,glcG_6292765_G_A_A_V|1	14.2583531652	0.000159351989492	6.0	9.0
PA14_28880_2493648_T_A_T_S|1	14.2583531652	0.000159351989492	6.0	9.0
PA14_22600,grtA_1966355_A_C_E_A|8	14.2583531652	0.000159351989492	6.0	9.0
PA14_24480,pelA_2135601_C_A_A_D|1	14.2583531652	0.000159351989492	6.0	9.0
PA14_30850,trbI_2678462_C_A_M_I|1	14.2583531652	0.000159351989492	6.0	9.0
PA14_09910,lysR_852650_C_T_A_T|17	14.2583531652	0.000159351989492	6.0	9.0
PA14_35020_3117747_G_T_L_M|1	14.2583531652	0.000159351989492	6.0	9.0
PA14_30860,trbG_2680050_C_A_A_S|1	14.2583531652	0.000159351989492	6.0	9.0
PA14_26730_2328840_C_T_G_E|1	14.2583531652	0.000159351989492	6.0	9.0
PA14_31070_2702099_T_G_I_L|1	14.2583531652	0.000159351989492	6.0	9.0
PA14_55400_4922838_T_C_K_R|1	14.2412660638	0.000160805334137	34.0	146.0
PA14_08300,JF1_710657_G_C_K_N|1	14.2255291966	0.000162155640528	21.0	74.0
PA14_62330,phuS_5560410_C_T_A_T|1	14.2228575365	0.000162386014357	11.0	27.0
PA14_58960_5254710_C_A_P_Q|1	14.2155683441	0.000163016229917	10.0	23.0
PA14_00510_43012_G_A_A_T|1	14.2155683441	0.000163016229917	10.0	23.0
PA14_15710_1336646_A_G_N_S|1	14.2155683441	0.000163016229917	10.0	23.0
PA14_18110,mmsR_1554137_C_G_E_D|1	14.2155683441	0.000163016229917	10.0	23.0
PA14_55400_4929483_G_A_T_I|1	14.210864076	0.000163424262999	42.0	194.0
PA14_55400_4929952_C_T_V_I|1	14.1885284404	0.000165375664336	41.0	188.0
PA14_55400_4929571_T_C_S_G|1	14.1885284404	0.000165375664336	41.0	188.0
PA14_55400_4922834_C_G_Q_H|1	14.180777931	0.000166058274836	36.0	158.0
PA14_55400_4924164_A_G_L_P|1	14.1722474497	0.000166812860684	40.0	182.0
PA14_55400_4929021_A_T_V_D|1	14.1602945484	0.000167875998861	38.0	170.0
PA14_08300,JF1_710878_C_G_T_S|1	14.1540515648	0.000168433984629	18.0	59.0
PA14_08300,JF1_711160_A_C_Q_P|1	14.1540515648	0.000168433984629	18.0	59.0
PA14_55400_4923913_A_T_S_T|1	14.0682423824	0.000176295469317	32.0	135.0
PA14_55400_4928917_G_C_Q_E|1	13.9855282897	0.000184223135199	42.0	195.0
PA14_55400_4918600_C_G_V_L|1	13.9591178114	0.000186829314428	41.0	189.0
PA14_55400_4925241_C_G_S_T|1	13.9591178114	0.000186829314428	41.0	189.0
PA14_55400_4928586_G_T_T_K|1	13.9591178114	0.000186829314428	41.0	189.0
PA14_55400_4930084_C_G_A_P|1	13.9535704391	0.000187381430113	27.0	107.0
PA14_55400_4929695_G_C_S_R|1	13.9241730129	0.000190334832069	39.0	177.0
PA14_55400_4925266_C_G_D_H|1	13.9241730129	0.000190334832069	39.0	177.0
PA14_55400_4928895_A_T_V_D|1	13.9168361386	0.000191079212199	38.0	171.0
PA14_55400_4918477_T_A_S_C|1	13.8249668344	0.000200652132502	28.0	113.0
PA14_55400_4922946_T_C_D_G|1	13.7893520092	0.000204491934224	32.0	136.0
PA14_46200_4108239_C_T_G_S|1	13.7846995936	0.000204998970204	2.0	154.0
PA14_55400_4922080_C_G_D_H|1	13.7755904926	0.000205995381513	26.0	102.0
PA14_55400_4927623_C_A_R_L|1	13.7630540079	0.000207374685681	42.0	196.0
PA14_55410_4931620_T_G_N_T|1	13.7630540079	0.000207374685681	42.0	196.0
PA14_55400_4924020_T_C_D_G|1	13.7630540079	0.000207374685681	42.0	196.0
PA14_55400_4928518_T_A_S_C|1	13.7630540079	0.000207374685681	42.0	196.0
PA14_55400_4922505_C_T_S_N|1	13.7630540079	0.000207374685681	42.0	196.0
PA14_40260_3591248_T_C_N_D|1	13.7458353165	0.000209284321385	20.0	70.0
PA14_08050_693094_G_A_M_I|1	13.7431606068	0.000209582545333	1.0	137.0
PA14_55400_4928325_G_C_T_S|1	13.7326906791	0.000210754042089	41.0	190.0
PA14_55400_4929655_T_C_N_D|1	13.7326906791	0.000210754042089	41.0	190.0
PA14_16090,thrC_1370948_T_A_C_S|1	13.7149274155	0.000212756714348	17.0	55.0
PA14_48970_4351599_C_G_M_I|1	13.7134697763	0.000212921900835	8.0	16.0
PA14_30900,trbJ_2683529_C_T_R_Q|1	13.7134697763	0.000212921900835	8.0	16.0
PA14_66050_5882693_T_C_K_R|1	13.7134697763	0.000212921900835	8.0	16.0
PA14_59970_5341078_C_T_S_N|1	13.7134697763	0.000212921900835	8.0	16.0
PA14_63750_5684015_C_T_A_T|1	13.7134697763	0.000212921900835	8.0	16.0
PA14_45710_4065758_C_G_V_L|1	13.7134697763	0.000212921900835	8.0	16.0
PA14_59520_5295118_G_C_D_H|1	13.7134697763	0.000212921900835	8.0	16.0
PA14_55400_4924157_C_A_E_D|1	13.7078262052	0.000213562676279	40.0	184.0
PA14_65605,parC_5845617_G_A_S_L|1	13.7068062827	0.000213678686196	0.0	119.0
PA14_08300,JF1_710707_A_C_N_T|1	13.699828313	0.000214474092447	19.0	65.0
PA14_08430_722056_G_T_E_D|1	13.6566706985	0.000219460271715	23.0	86.0
PA14_67990,mutY_6069180_A_G_T_A|1	13.6346747325	0.000222046328133	30.0	125.0
PA14_55400_4929579_T_G_N_T|1	13.6336506426	0.000222167475258	27.0	108.0
PA14_20650,dsdA_1779036_G_A_P_S|1	13.6336506426	0.000222167475258	27.0	108.0
PA14_55400_4930087_C_T_A_T|1	13.6336506426	0.000222167475258	27.0	108.0
PA14_17130,dxr_1468136_C_T_S_L|1	13.5940028558	0.00022690926463	4.0	4.0
PA14_28895_2497621_A_G_L_P|1	13.5940028558	0.00022690926463	4.0	4.0
PA14_15450,merD_1308511_C_A_A_S|1	13.5940028558	0.00022690926463	4.0	4.0
PA14_31110_2706007_C_A_A_S|8	13.5940028558	0.00022690926463	4.0	4.0
PA14_32570_2828200_C_G_R_P|4	13.5940028558	0.00022690926463	4.0	4.0
PA14_33360_2937034_A_G_T_A|1	13.5940028558	0.00022690926463	4.0	4.0
PA14_67180_5996112_G_C_S_*|1	13.5940028558	0.00022690926463	4.0	4.0
PA14_35100,arsC_3124348_G_T_A_D|3	13.5940028558	0.00022690926463	4.0	4.0
PA14_41740_3725732_G_A_P_L|1	13.5940028558	0.00022690926463	4.0	4.0
PA14_20110_1733671_G_T_V_L|1	13.5940028558	0.00022690926463	4.0	4.0
PA14_33610_2961931_G_C_G_R|1	13.5940028558	0.00022690926463	4.0	4.0
PA14_63640,fadH2_5675775_G_A_E_K|1	13.5940028558	0.00022690926463	4.0	4.0
PA14_70100_6251684_C_A_P_T|2	13.5940028558	0.00022690926463	4.0	4.0
PA14_32570_2828673_C_G_Q_H|3	13.5940028558	0.00022690926463	4.0	4.0
PA14_01440_136305_G_A_V_M|1	13.5940028558	0.00022690926463	4.0	4.0
PA14_31130_2707944_C_T_D_N|1	13.5940028558	0.00022690926463	4.0	4.0
PA14_52000_4614987_G_A_V_I|1	13.5940028558	0.00022690926463	4.0	4.0
PA14_67180_5996113_A_C_S_A|1	13.5940028558	0.00022690926463	4.0	4.0
PA14_03220_287363_G_T_L_M|1	13.5940028558	0.00022690926463	4.0	4.0
PA14_31130_2707669_A_T_H_Q|1	13.5940028558	0.00022690926463	4.0	4.0
PA14_30430_2635722_C_G_R_S|1	13.5940028558	0.00022690926463	4.0	4.0
PA14_44440,fixI_3956422_T_A_L_Q|1	13.5940028558	0.00022690926463	4.0	4.0
