feature	score	p-value	#I-out-of-31	#O-out-of-395
PA14_52900_4690097|1	51.4378113516	7.39013834004e-13	5.0	1.0
PA14_24790,opdQ_2168550|29	42.6946158782	6.39881717483e-11	5.0	2.0
PA14_24790,opdQ_2168590|1	39.1898897509	3.84526250867e-10	4.0	1.0
PA14_52900_4689908|1	38.2258064516	6.3013521271e-10	3.0	0.0
PA14_32790_2863116|1	38.2258064516	6.3013521271e-10	3.0	0.0
PA14_31220_2714701.1|1	36.4247002487	1.5867950759e-09	6.0	5.0
PA14_31080_2703974|1	32.4612494896	1.21593045945e-08	6.0	6.0
PA14_37260,opdO_3319434|1	31.3641486321	2.1389426969e-08	4.0	2.0
PA14_24790,opdQ_2168501|2	31.3641486321	2.1389426969e-08	4.0	2.0
PA14_35080,arsH_3123557|1	31.3641486321	2.1389426969e-08	4.0	2.0
PA14_52910_4691019|1	31.3641486321	2.1389426969e-08	4.0	2.0
PA14_32580_2829569|2	31.3641486321	2.1389426969e-08	4.0	2.0
PA14_52900_4689439|2	31.3641486321	2.1389426969e-08	4.0	2.0
PA14_59200_5272099|2	31.0893425888	2.464206577e-08	5.0	4.0
PA14_31400,ctpH_2732404|1	31.0893425888	2.464206577e-08	5.0	4.0
PA14_52900_4690154|3	31.0893425888	2.464206577e-08	5.0	4.0
PA14_52910_4690304|1	27.1889750919	1.84507823743e-07	3.0	1.0
PA14_38660,scoA_3448274|2	27.1889750919	1.84507823743e-07	3.0	1.0
PA14_31180_2709975|1	27.1889750919	1.84507823743e-07	3.0	1.0
PA14_10550,cysI_910131|1	27.1889750919	1.84507823743e-07	3.0	1.0
PA14_16390_1403184|1	27.1889750919	1.84507823743e-07	3.0	1.0
PA14_33690,pvdE_2989317|1	27.1889750919	1.84507823743e-07	3.0	1.0
PA14_59940_5337306|1	27.1889750919	1.84507823743e-07	3.0	1.0
PA14_09200,ssb_780069|1	27.1889750919	1.84507823743e-07	3.0	1.0
PA14_00650_66907|1	27.1889750919	1.84507823743e-07	3.0	1.0
PA14_52910_4690375|1	27.1889750919	1.84507823743e-07	3.0	1.0
PA14_59210_5273433|1	27.0510412413	1.98153461406e-07	5.0	5.0
PA14_52900_4690148.1|1	27.0510412413	1.98153461406e-07	5.0	5.0
PA14_31190_2712436|1	26.6583911801	2.42794056717e-07	7.0	11.0
PA14_58350_5196125|1	26.6583911801	2.42794056717e-07	7.0	11.0
PA14_32570_2828201|1	25.7967566937	3.79325347047e-07	4.0	3.0
PA14_32580_2829403.1|7	25.7967566937	3.79325347047e-07	4.0	3.0
PA14_32570_2828151|1	25.7967566937	3.79325347047e-07	4.0	3.0
PA14_30850,trbI_2679678.1|1	25.7967566937	3.79325347047e-07	4.0	3.0
PA14_02980_260777|2	25.7967566937	3.79325347047e-07	4.0	3.0
PA14_29000_2508134|1	25.6581578487	4.07568874008e-07	9.0	19.0
PA14_67065,mdoH_5987645|1	25.4838709677	4.46096685834e-07	2.0	0.0
PA14_00120_15071|20	25.4838709677	4.46096685834e-07	2.0	0.0
PA14_33280,pvdL_2922694|1	25.4838709677	4.46096685834e-07	2.0	0.0
PA14_00510_51148|14	25.4838709677	4.46096685834e-07	2.0	0.0
PA14_31190_2711871|1	25.4838709677	4.46096685834e-07	2.0	0.0
PA14_14210_1214361|4	25.4838709677	4.46096685834e-07	2.0	0.0
PA14_33650,pvdD_2979672|1	25.4838709677	4.46096685834e-07	2.0	0.0
PA14_21490_1863555|4	25.4838709677	4.46096685834e-07	2.0	0.0
PA14_13940_1196884|1	25.4838709677	4.46096685834e-07	2.0	0.0
PA14_30910,trbE_2686022|1	25.4838709677	4.46096685834e-07	2.0	0.0
PA14_55400_4921878.1|1	25.4838709677	4.46096685834e-07	2.0	0.0
PA14_30960,traG_2688616.2|1	25.4838709677	4.46096685834e-07	2.0	0.0
PA14_31070_2701428|1	25.4838709677	4.46096685834e-07	2.0	0.0
PA14_19320_1665911|1	25.4838709677	4.46096685834e-07	2.0	0.0
PA14_08090,gpFII_695485|1	25.4838709677	4.46096685834e-07	2.0	0.0
PA14_31280_2720312|1	25.4838709677	4.46096685834e-07	2.0	0.0
PA14_41320_3687031|1	25.4838709677	4.46096685834e-07	2.0	0.0
PA14_09200,ssb_779930|1	25.4838709677	4.46096685834e-07	2.0	0.0
PA14_31070_2702354|1	25.4838709677	4.46096685834e-07	2.0	0.0
PA14_42380,exsD_3775794|1	25.4838709677	4.46096685834e-07	2.0	0.0
PA14_63440_5657324|1	25.4838709677	4.46096685834e-07	2.0	0.0
PA14_33610_2960343|2	25.4838709677	4.46096685834e-07	2.0	0.0
PA14_32590,dipZ2_2829998.1|1	25.4838709677	4.46096685834e-07	2.0	0.0
PA14_34270,metN-1_3047390|1	25.4838709677	4.46096685834e-07	2.0	0.0
PA14_30910,trbE_2685943|1	24.6134791859	7.0059964109e-07	7.0	12.0
PA14_30960,traG_2690389|1	24.1489587587	8.91643641131e-07	8.0	16.0
PA14_31190_2711910|1	23.7612457775	1.09056304662e-06	5.0	6.0
PA14_30960,traG_2690143.1|3	23.7612457775	1.09056304662e-06	5.0	6.0
PA14_52900_4689306|1	23.7612457775	1.09056304662e-06	5.0	6.0
PA14_31180_2710518.1|2	23.7612457775	1.09056304662e-06	5.0	6.0
PA14_31230_2714980|1	23.7612457775	1.09056304662e-06	5.0	6.0
PA14_30960,traG_2688916|2	23.7612457775	1.09056304662e-06	5.0	6.0
PA14_52910_4690313|1	23.7612457775	1.09056304662e-06	5.0	6.0
PA14_30850,trbI_2678878|1	22.7809064924	1.81560592463e-06	7.0	13.0
PA14_31100_2705469|1	22.7809064924	1.81560592463e-06	7.0	13.0
PA14_39650,cirA_3533188|1	22.7809064924	1.81560592463e-06	7.0	13.0
PA14_19110,rhlB_1650336|1	21.6598611678	3.25532164272e-06	6.0	10.0
PA14_56000,pctA_5000397|1	21.6598611678	3.25532164272e-06	6.0	10.0
PA14_14200_1212926|7	21.6598611678	3.25532164272e-06	6.0	10.0
PA14_46310_4119405|1	21.6598611678	3.25532164272e-06	6.0	10.0
PA14_31090_2704838|1	21.6598611678	3.25532164272e-06	6.0	10.0
PA14_11150_971422|1	21.6598611678	3.25532164272e-06	6.0	10.0
PA14_32580_2829240|2	21.6408329931	3.287775284e-06	4.0	4.0
PA14_28870_2492229|1	21.6408329931	3.287775284e-06	4.0	4.0
PA14_32570_2828200|4	21.6408329931	3.287775284e-06	4.0	4.0
PA14_32570_2828147|7	21.6408329931	3.287775284e-06	4.0	4.0
PA14_31110_2706922|1	21.6408329931	3.287775284e-06	4.0	4.0
PA14_31130_2707339|1	21.6408329931	3.287775284e-06	4.0	4.0
PA14_28895_2497621|1	21.6408329931	3.287775284e-06	4.0	4.0
PA14_31180_2709896|1	21.6408329931	3.287775284e-06	4.0	4.0
PA14_40900_3648221|1	21.6408329931	3.287775284e-06	4.0	4.0
PA14_31110_2706751|1	21.6408329931	3.287775284e-06	4.0	4.0
PA14_09970,fpvB_856833|1	21.6408329931	3.287775284e-06	4.0	4.0
PA14_03860_347884|49	21.6408329931	3.287775284e-06	4.0	4.0
PA14_22860_1984460|1	21.2658353488	3.99793867774e-06	8.0	18.0
PA14_30970,bphR_2691724.1|1	21.2658353488	3.99793867774e-06	8.0	18.0
PA14_16100_1372313|1	21.1303389138	4.29080869074e-06	7.0	14.0
PA14_38640,scoB_3447845|2	21.1303389138	4.29080869074e-06	7.0	14.0
PA14_31090_2704208.1|1	21.0328297264	4.51480635704e-06	5.0	7.0
PA14_30940,trbB_2687784|3	21.0328297264	4.51480635704e-06	5.0	7.0
PA14_52900_4689634|15	21.0328297264	4.51480635704e-06	5.0	7.0
PA14_30890_2683040|1	21.0328297264	4.51480635704e-06	5.0	7.0
PA14_30880,trbL_2682530|1	21.0328297264	4.51480635704e-06	5.0	7.0
PA14_52900_4689272|1	20.5982686811	5.6647319878e-06	3.0	2.0
PA14_38470,gnyH_3431375|1	20.5982686811	5.6647319878e-06	3.0	2.0
PA14_33610_2968201|1	20.5982686811	5.6647319878e-06	3.0	2.0
PA14_52910_4691081|1	20.5982686811	5.6647319878e-06	3.0	2.0
PA14_32590,dipZ2_2830322|1	20.5982686811	5.6647319878e-06	3.0	2.0
PA14_33630,pvdJ_2978186|1	20.5982686811	5.6647319878e-06	3.0	2.0
PA14_32140,antC_2795478|1	20.5982686811	5.6647319878e-06	3.0	2.0
PA14_45050,pykF_4017618|1	20.5982686811	5.6647319878e-06	3.0	2.0
PA14_31280_2720021|1	20.5982686811	5.6647319878e-06	3.0	2.0
PA14_33650,pvdD_2982512.1|1	20.5982686811	5.6647319878e-06	3.0	2.0
PA14_08070,gpFI_694517|1	20.5982686811	5.6647319878e-06	3.0	2.0
PA14_30970,bphR_2691918|1	20.5982686811	5.6647319878e-06	3.0	2.0
PA14_38395_3422022|1	20.5982686811	5.6647319878e-06	3.0	2.0
PA14_32570_2828087|1	20.5982686811	5.6647319878e-06	3.0	2.0
PA14_31150_2708353.1|1	20.5982686811	5.6647319878e-06	3.0	2.0
PA14_33360_2936335.2|1	20.5982686811	5.6647319878e-06	3.0	2.0
PA14_32590,dipZ2_2831253|1	19.7768164677	8.70319500946e-06	6.0	11.0
PA5204-PA5205,phrY_6131806|1	19.7768164677	8.70319500946e-06	6.0	11.0
PA14_34130_3032606|1	19.7768164677	8.70319500946e-06	6.0	11.0
PA14_31280_2720928|1	19.7768164677	8.70319500946e-06	6.0	11.0
PA14_05775_511171|1	19.7768164677	8.70319500946e-06	6.0	11.0
PA14_08130,gpU_699077|1	19.7768164677	8.70319500946e-06	6.0	11.0
PA14_58420_5205431|1	19.7768164677	8.70319500946e-06	6.0	11.0
PA14_02610,mdcG_232195|1	19.7768164677	8.70319500946e-06	6.0	11.0
PA14_60230,comL_5365359|1	19.7768164677	8.70319500946e-06	6.0	11.0
PA14_52760,aotO_4676715|1	19.7768164677	8.70319500946e-06	6.0	11.0
PA14_54460_4828708|1	19.7768164677	8.70319500946e-06	6.0	11.0
PA14_04520_402198|1	19.7768164677	8.70319500946e-06	6.0	11.0
PA14_49290_4378726|1	19.6369575708	9.36403019219e-06	7.0	15.0
PA14_30950_2688454|1	18.8170098583	1.43878222302e-05	8.0	20.0
PA14_31070_2701432|1	18.7362439928	1.50102218242e-05	5.0	8.0
PA14_47850_4257341|1	18.7362439928	1.50102218242e-05	5.0	8.0
PA14_30900,trbJ_2683527|1	18.7362439928	1.50102218242e-05	5.0	8.0
PA14_30950_2688308|1	18.7362439928	1.50102218242e-05	5.0	8.0
PA14_31110_2707021|1	18.7362439928	1.50102218242e-05	5.0	8.0
PA14_63550,fdhE_5667298|1	18.7362439928	1.50102218242e-05	5.0	8.0
PA14_31190_2711727|1	18.7362439928	1.50102218242e-05	5.0	8.0
PA14_31070_2701574|1	18.7362439928	1.50102218242e-05	5.0	8.0
PA14_33730_2994134|1	18.7362439928	1.50102218242e-05	5.0	8.0
PA14_30940,trbB_2687091|1	18.7362439928	1.50102218242e-05	5.0	8.0
PA14_08120_696397|1	18.5427413577	1.66136684586e-05	12.0	41.0
PA14_31110_2707045|1	18.4258881176	1.76641784747e-05	4.0	5.0
PA14_38640,scoB_3447826|1	18.4258881176	1.76641784747e-05	4.0	5.0
PA14_31180_2710488|1	18.4258881176	1.76641784747e-05	4.0	5.0
PA14_52910_4690936|1	18.4258881176	1.76641784747e-05	4.0	5.0
PA14_30910,trbE_2685047|1	18.4258881176	1.76641784747e-05	4.0	5.0
PA14_31070_2702741.1|4	18.4258881176	1.76641784747e-05	4.0	5.0
PA14_33630,pvdJ_2976746|1	18.4258881176	1.76641784747e-05	4.0	5.0
PA14_60050_5346782.1|1	18.4258881176	1.76641784747e-05	4.0	5.0
PA14_01160_113414|69	18.4258881176	1.76641784747e-05	4.0	5.0
PA14_59050_5259841|1	18.4258881176	1.76641784747e-05	4.0	5.0
PA14_30850,trbI_2678830|10	18.4258881176	1.76641784747e-05	4.0	5.0
PA14_31190_2711712|1	18.4258881176	1.76641784747e-05	4.0	5.0
PA14_62350,phuR_5563234|1	18.4258881176	1.76641784747e-05	4.0	5.0
PA14_16100_1372271|1	18.4258881176	1.76641784747e-05	4.0	5.0
PA14_31180_2710545|1	18.4258881176	1.76641784747e-05	4.0	5.0
PA14_31090_2704952|1	18.4258881176	1.76641784747e-05	4.0	5.0
PA14_00490_42112|1	18.4258881176	1.76641784747e-05	4.0	5.0
PA14_32110,xylZ_2794112|1	18.4258881176	1.76641784747e-05	4.0	5.0
PA14_51960,rbn_4612885|1	18.4258881176	1.76641784747e-05	4.0	5.0
PA14_58060_5165837|1	18.4258881176	1.76641784747e-05	4.0	5.0
PA14_03980_358849|1	18.2802599109	1.90672797509e-05	7.0	16.0
PA14_73330,parB_6528404|1	18.2802599109	1.90672797509e-05	7.0	16.0
PA14_30910,trbE_2684491|1	18.111719069	2.08315384107e-05	6.0	12.0
PA14_30960,traG_2689423|1	18.111719069	2.08315384107e-05	6.0	12.0
PA14_39640,cobN_3532701|1	18.111719069	2.08315384107e-05	6.0	12.0
PA14_69050_6157966|1	18.111719069	2.08315384107e-05	6.0	12.0
PA2750-PA2751,sRNA1559_2461780|1	18.111719069	2.08315384107e-05	6.0	12.0
PA14_31190_2711543.1|1	17.7273792259	2.54930859319e-05	8.0	21.0
PA14_30910,trbE_2685916|1	17.0431604737	3.65397461315e-05	7.0	17.0
PA14_31070_2703307|1	17.0431604737	3.65397461315e-05	7.0	17.0
PA14_48930_4350058|1	17.0431604737	3.65397461315e-05	7.0	17.0
PA14_43810_3900464|1	17.0431604737	3.65397461315e-05	7.0	17.0
PA14_63750_5684015|1	17.0431604737	3.65397461315e-05	7.0	17.0
PA14_18480,algX_1585946|1	17.0431604737	3.65397461315e-05	7.0	17.0
PA14_29220,opdB_2527282|1	17.0431604737	3.65397461315e-05	7.0	17.0
PA14_30900,trbJ_2683294|1	17.0431604737	3.65397461315e-05	7.0	17.0
PA14_15460,merA_1309353|1	16.7789535087	4.19965203029e-05	5.0	9.0
PA14_30880,trbL_2681468|1	16.7789535087	4.19965203029e-05	5.0	9.0
PA14_30910,trbE_2685185|1	16.7789535087	4.19965203029e-05	5.0	9.0
PA14_30860,trbG_2680677.1|1	16.7789535087	4.19965203029e-05	5.0	9.0
PA14_33360_2937257|1	16.7789535087	4.19965203029e-05	5.0	9.0
PA14_48990_4352569.1|1	16.7789535087	4.19965203029e-05	5.0	9.0
PA14_59370_5288929|1	16.7789535087	4.19965203029e-05	5.0	9.0
PA14_59050_5259342|1	16.7789535087	4.19965203029e-05	5.0	9.0
PA14_55180,migA_4901540|1	16.7789535087	4.19965203029e-05	5.0	9.0
PA14_48530_4315336|1	16.7789535087	4.19965203029e-05	5.0	9.0
PA14_31190_2711458|1	16.7789535087	4.19965203029e-05	5.0	9.0
PA14_31190_2712966.1|1	16.7789535087	4.19965203029e-05	5.0	9.0
PA14_30850,trbI_2678899|10	16.7789535087	4.19965203029e-05	5.0	9.0
PA14_30880,trbL_2682016|2	16.7789535087	4.19965203029e-05	5.0	9.0
PA14_30850,trbI_2679171|8	16.7789535087	4.19965203029e-05	5.0	9.0
PA14_06360,comF_562689|1	16.7789535087	4.19965203029e-05	5.0	9.0
PA14_42450,popB_3780934|1	16.7789535087	4.19965203029e-05	5.0	9.0
PA14_30970,bphR_2691789|1	16.7789535087	4.19965203029e-05	5.0	9.0
PA14_30910,trbE_2685611|1	16.7789535087	4.19965203029e-05	5.0	9.0
PA14_15460,merA_1310165|1	16.7156227031	4.34219504246e-05	8.0	22.0
PA14_45560,motC_4053366|1	16.7156227031	4.34219504246e-05	8.0	22.0
PA14_30940,trbB_2687040|1	16.7156227031	4.34219504246e-05	8.0	22.0
PA14_58360_5197842|1	16.6301562399	4.54230365461e-05	6.0	13.0
PA14_32790_2863918|1	16.6301562399	4.54230365461e-05	6.0	13.0
PA14_49750_4426219|1	16.6301562399	4.54230365461e-05	6.0	13.0
PA14_31110_2706258|1	16.6301562399	4.54230365461e-05	6.0	13.0
PA14_30900,trbJ_2683371|1	16.6301562399	4.54230365461e-05	6.0	13.0
PA14_30940,trbB_2687045|1	16.6301562399	4.54230365461e-05	6.0	13.0
PA14_34820_3095175|2	16.6301562399	4.54230365461e-05	6.0	13.0
PA14_67440_6022088|1	16.6301562399	4.54230365461e-05	6.0	13.0
PA14_30790_2669945|1	16.6301562399	4.54230365461e-05	6.0	13.0
PA14_49580_4411512|1	16.6301562399	4.54230365461e-05	6.0	13.0
PA14_63780_5685318|1	16.2306247448	5.60801832393e-05	3.0	3.0
PA14_21300_1845502|1	16.2306247448	5.60801832393e-05	3.0	3.0
PA14_59540_5297187|1	16.2306247448	5.60801832393e-05	3.0	3.0
PA14_52910_4690400|1	16.2306247448	5.60801832393e-05	3.0	3.0
PA14_52910_4690376|2	16.2306247448	5.60801832393e-05	3.0	3.0
PA14_59530_5296323|1	16.2306247448	5.60801832393e-05	3.0	3.0
PA14_16100_1372290|1	16.2306247448	5.60801832393e-05	3.0	3.0
PA14_08300,JF1_708319|1	16.2306247448	5.60801832393e-05	3.0	3.0
PA14_31230_2715450|1	16.2306247448	5.60801832393e-05	3.0	3.0
PA14_12970,tauD_1110385|1	16.2306247448	5.60801832393e-05	3.0	3.0
PA14_53180_4715090|1	16.2306247448	5.60801832393e-05	3.0	3.0
PA14_38460,gnyB_3429277|1	16.2306247448	5.60801832393e-05	3.0	3.0
PA14_30970,bphR_2691482|1	16.2306247448	5.60801832393e-05	3.0	3.0
PA14_08090,gpFII_695269|1	16.2306247448	5.60801832393e-05	3.0	3.0
PA14_02030_185217|1	16.2306247448	5.60801832393e-05	3.0	3.0
PA14_01860_169639|1	16.2306247448	5.60801832393e-05	3.0	3.0
PA14_52900_4689273|1	16.2306247448	5.60801832393e-05	3.0	3.0
PA14_38490,gnyL_3433866|1	16.2306247448	5.60801832393e-05	3.0	3.0
PA14_50240_4462728|1	16.2306247448	5.60801832393e-05	3.0	3.0
PA14_32790_2860508|2	16.2306247448	5.60801832393e-05	3.0	3.0
PA14_60020_5345911|1	16.2306247448	5.60801832393e-05	3.0	3.0
PA14_09270,pchE_788996|1	16.2306247448	5.60801832393e-05	3.0	3.0
PA14_10540,fixG_908352|1	16.2306247448	5.60801832393e-05	3.0	3.0
PA14_32790_2859984|1	16.2306247448	5.60801832393e-05	3.0	3.0
PA14_38480,gnyA_3432798|2	16.2306247448	5.60801832393e-05	3.0	3.0
PA14_08070,gpFI_694576|1	16.2306247448	5.60801832393e-05	3.0	3.0
PA14_17640,potA_1516293|1	16.2306247448	5.60801832393e-05	3.0	3.0
PA14_33360_2936667|1	16.2306247448	5.60801832393e-05	3.0	3.0
PA14_30100_2607618|1	15.9113074724	6.63809475294e-05	7.0	18.0
PA14_31280_2720986.1|1	15.9113074724	6.63809475294e-05	7.0	18.0
PA14_11670_1011950|1	15.8696284198	6.78590251145e-05	4.0	6.0
PA14_52910_4690686|2	15.8696284198	6.78590251145e-05	4.0	6.0
PA14_30900,trbJ_2683521|1	15.8696284198	6.78590251145e-05	4.0	6.0
PA14_30850,trbI_2679325.1|14	15.8696284198	6.78590251145e-05	4.0	6.0
PA14_03130_275613|26	15.8696284198	6.78590251145e-05	4.0	6.0
PA14_01990_182862|1	15.8696284198	6.78590251145e-05	4.0	6.0
PA14_31110_2706013|1	15.8696284198	6.78590251145e-05	4.0	6.0
PA14_06080,creD_538787|1	15.8696284198	6.78590251145e-05	4.0	6.0
PA14_31110_2706490|1	15.8696284198	6.78590251145e-05	4.0	6.0
PA14_06000,clpA_531564|1	15.8696284198	6.78590251145e-05	4.0	6.0
PA14_30870,trbF_2681271|1	15.8696284198	6.78590251145e-05	4.0	6.0
PA14_26600_2318115|1	15.8696284198	6.78590251145e-05	4.0	6.0
PA14_59940_5339875|2	15.8696284198	6.78590251145e-05	4.0	6.0
PA14_30850,trbI_2679640|1	15.8696284198	6.78590251145e-05	4.0	6.0
PA14_30910,trbE_2685760|1	15.8696284198	6.78590251145e-05	4.0	6.0
PA14_03290_298586|1	15.8696284198	6.78590251145e-05	4.0	6.0
PA14_30970,bphR_2691295|1	15.8696284198	6.78590251145e-05	4.0	6.0
PA14_59050_5259537|2	15.8696284198	6.78590251145e-05	4.0	6.0
PA14_30940,trbB_2687604|1	15.8696284198	6.78590251145e-05	4.0	6.0
PA14_31200_2713324|1	15.8696284198	6.78590251145e-05	4.0	6.0
PA14_30910,trbE_2685815|1	15.8696284198	6.78590251145e-05	4.0	6.0
PA14_31190_2711758|1	15.8696284198	6.78590251145e-05	4.0	6.0
PA14_31150_2708430|1	15.8696284198	6.78590251145e-05	4.0	6.0
PA14_03300_299116|1	15.8696284198	6.78590251145e-05	4.0	6.0
PA14_15460,merA_1309399.1|1	15.8696284198	6.78590251145e-05	4.0	6.0
PA14_38640,scoB_3447781|2	15.8696284198	6.78590251145e-05	4.0	6.0
PA14_45930_4082886|1	15.8696284198	6.78590251145e-05	4.0	6.0
PA14_35100,arsC_3124474|2	15.8696284198	6.78590251145e-05	4.0	6.0
PA14_07960,prtR_685944|1	15.7742040859	7.1368976446e-05	8.0	23.0
PA14_31330_2723935|2	15.682074316	7.49309697058e-05	2.0	1.0
PA14_08070,gpFI_694196|1	15.682074316	7.49309697058e-05	2.0	1.0
PA14_30850,trbI_2679423|1	15.682074316	7.49309697058e-05	2.0	1.0
PA14_59380_5289544|1	15.682074316	7.49309697058e-05	2.0	1.0
PA14_31260_2718264|1	15.682074316	7.49309697058e-05	2.0	1.0
PA14_48930_4350044|2	15.682074316	7.49309697058e-05	2.0	1.0
PA14_59530_5296372|1	15.682074316	7.49309697058e-05	2.0	1.0
PA14_34270,metN-1_3047557|1	15.682074316	7.49309697058e-05	2.0	1.0
PA14_38660,scoA_3448129|1	15.682074316	7.49309697058e-05	2.0	1.0
PA14_33610_2966120|1	15.682074316	7.49309697058e-05	2.0	1.0
PA14_02290_205182|1	15.682074316	7.49309697058e-05	2.0	1.0
PA14_55400_4925119|1	15.682074316	7.49309697058e-05	2.0	1.0
PA14_33450,treA_2945182|6	15.682074316	7.49309697058e-05	2.0	1.0
PA14_38410,amrB_3423414|1	15.682074316	7.49309697058e-05	2.0	1.0
PA14_59380_5289306|1	15.682074316	7.49309697058e-05	2.0	1.0
PA14_33430_2942449|1	15.682074316	7.49309697058e-05	2.0	1.0
PA14_32790_2863113|1	15.682074316	7.49309697058e-05	2.0	1.0
PA14_31470_2736817|1	15.682074316	7.49309697058e-05	2.0	1.0
PA14_19320_1666942|1	15.682074316	7.49309697058e-05	2.0	1.0
PA14_33610_2971757|1	15.682074316	7.49309697058e-05	2.0	1.0
PA14_60030_5346148|1	15.682074316	7.49309697058e-05	2.0	1.0
PA14_33360_2936013.1|1	15.682074316	7.49309697058e-05	2.0	1.0
PA14_33360_2936858|1	15.682074316	7.49309697058e-05	2.0	1.0
PA14_12760_1093482|2	15.682074316	7.49309697058e-05	2.0	1.0
PA14_64850_5778923|1	15.682074316	7.49309697058e-05	2.0	1.0
PA14_00510_53257.1|184	15.682074316	7.49309697058e-05	2.0	1.0
PA14_49620_4415706|1	15.682074316	7.49309697058e-05	2.0	1.0
PA14_33690,pvdE_2989354|1	15.682074316	7.49309697058e-05	2.0	1.0
PA14_32580_2829013|3	15.682074316	7.49309697058e-05	2.0	1.0
PA14_21790,rdgC_1895927|1	15.682074316	7.49309697058e-05	2.0	1.0
PA14_03160_277251|67	15.682074316	7.49309697058e-05	2.0	1.0
PA14_08090,gpFII_695486|1	15.682074316	7.49309697058e-05	2.0	1.0
PA14_21870_1900651|1	15.682074316	7.49309697058e-05	2.0	1.0
PA14_00510_51133|2	15.682074316	7.49309697058e-05	2.0	1.0
PA14_55430,hxcS_4933049|1	15.682074316	7.49309697058e-05	2.0	1.0
PA14_33280,pvdL_2922578|3	15.682074316	7.49309697058e-05	2.0	1.0
PA14_30960,traG_2688805|1	15.682074316	7.49309697058e-05	2.0	1.0
PA14_09200,ssb_779814|1	15.682074316	7.49309697058e-05	2.0	1.0
PA14_14020_1202820|1	15.682074316	7.49309697058e-05	2.0	1.0
PA14_33280,pvdL_2924207|1	15.682074316	7.49309697058e-05	2.0	1.0
PA14_33280,pvdL_2923017|1	15.682074316	7.49309697058e-05	2.0	1.0
PA14_00940_94825|39	15.682074316	7.49309697058e-05	2.0	1.0
PA14_18780,mexF_1618370|1	15.682074316	7.49309697058e-05	2.0	1.0
PA14_18780,mexF_1618545|1	15.682074316	7.49309697058e-05	2.0	1.0
PA14_31330_2724307|1	15.682074316	7.49309697058e-05	2.0	1.0
PA14_33600_2955550|1	15.682074316	7.49309697058e-05	2.0	1.0
PA14_55060_4891878|1	15.682074316	7.49309697058e-05	2.0	1.0
PA14_33360_2936009.1|1	15.682074316	7.49309697058e-05	2.0	1.0
PA14_18780,mexF_1618267|1	15.682074316	7.49309697058e-05	2.0	1.0
PA14_30970,bphR_2691283|1	15.682074316	7.49309697058e-05	2.0	1.0
PA14_49520,pyoS3A_4403811|1	15.682074316	7.49309697058e-05	2.0	1.0
PA14_05740,pydA_506989|5	15.682074316	7.49309697058e-05	2.0	1.0
PA14_21480_1862849|1	15.682074316	7.49309697058e-05	2.0	1.0
PA14_13170_1132942.1|2	15.682074316	7.49309697058e-05	2.0	1.0
PA14_59270,pilO2_5281220|2	15.682074316	7.49309697058e-05	2.0	1.0
PA14_31110_2706752|1	15.682074316	7.49309697058e-05	2.0	1.0
PA14_46020_4094309|2	15.682074316	7.49309697058e-05	2.0	1.0
PA14_59680_5310024|1	15.682074316	7.49309697058e-05	2.0	1.0
PA14_66170_5895000|1	15.682074316	7.49309697058e-05	2.0	1.0
PA14_52910_4690721|1	15.682074316	7.49309697058e-05	2.0	1.0
PA14_08020,gpW_689908.1|1	15.682074316	7.49309697058e-05	2.0	1.0
PA14_61200_5461508|1	15.682074316	7.49309697058e-05	2.0	1.0
PA14_31170_2709235|1	15.682074316	7.49309697058e-05	2.0	1.0
PA14_13170_1133032|1	15.682074316	7.49309697058e-05	2.0	1.0
PA14_31470_2736133|6	15.682074316	7.49309697058e-05	2.0	1.0
PA14_30960,traG_2688577|1	15.682074316	7.49309697058e-05	2.0	1.0
PA14_15460,merA_1308910|1	15.682074316	7.49309697058e-05	2.0	1.0
PA14_38630,atoB_3446203|1	15.682074316	7.49309697058e-05	2.0	1.0
PA14_08070,gpFI_694655|1	15.682074316	7.49309697058e-05	2.0	1.0
PA14_26310_2295105|1	15.682074316	7.49309697058e-05	2.0	1.0
PA14_46000_4091267|1	15.682074316	7.49309697058e-05	2.0	1.0
PA14_59650_5308258|1	15.682074316	7.49309697058e-05	2.0	1.0
PA14_59200_5271582|1	15.682074316	7.49309697058e-05	2.0	1.0
PA14_31160_2708957|1	15.682074316	7.49309697058e-05	2.0	1.0
PA14_16730_1433084|1	15.682074316	7.49309697058e-05	2.0	1.0
PA14_03980_359220|2	15.682074316	7.49309697058e-05	2.0	1.0
PA14_30970,bphR_2691411.1|1	15.682074316	7.49309697058e-05	2.0	1.0
PA14_60030_5346031|1	15.682074316	7.49309697058e-05	2.0	1.0
PA14_14130_1209600|1	15.682074316	7.49309697058e-05	2.0	1.0
PA14_33360_2935947|1	15.682074316	7.49309697058e-05	2.0	1.0
PA14_40650_3629958|1	15.5663090686	7.96614855764e-05	10.0	34.0
PA14_26330_2296101|2	15.304597795	9.14935499941e-05	6.0	14.0
PA14_62390_5565550|1	15.304597795	9.14935499941e-05	6.0	14.0
PA14_46320,pyc_4119904|1	15.304597795	9.14935499941e-05	6.0	14.0
PA14_55230_4905679|1	15.304597795	9.14935499941e-05	6.0	14.0
PA14_36080,yfaV_3214243|1	15.304597795	9.14935499941e-05	6.0	14.0
PA14_06280_554792|1	15.304597795	9.14935499941e-05	6.0	14.0
PA14_54090_4798139|1	15.304597795	9.14935499941e-05	6.0	14.0
PA14_20620_1775607|1	15.304597795	9.14935499941e-05	6.0	14.0
PA14_47860_4258697|1	15.304597795	9.14935499941e-05	6.0	14.0
PA14_49750_4426215|1	15.304597795	9.14935499941e-05	6.0	14.0
PA14_08050_691613|1	15.304597795	9.14935499941e-05	6.0	14.0
PA14_09240,pchD_783719|1	15.304597795	9.14935499941e-05	6.0	14.0
PA14_64920_5787404|1	15.304597795	9.14935499941e-05	6.0	14.0
PA14_19770_1705451|1	15.1605080484	9.87472137855e-05	9.0	29.0
PA14_31620_2747667|1	15.0930992242	0.000102336706719	5.0	10.0
PA14_06260_552733|2	15.0930992242	0.000102336706719	5.0	10.0
PA14_21790,rdgC_1896026|1	15.0930992242	0.000102336706719	5.0	10.0
PA14_30850,trbI_2679037|1	15.0930992242	0.000102336706719	5.0	10.0
PA14_23830,fimV_2070911|1	15.0930992242	0.000102336706719	5.0	10.0
PA14_30860,trbG_2680050|1	15.0930992242	0.000102336706719	5.0	10.0
PA14_03300_299683|4	15.0930992242	0.000102336706719	5.0	10.0
PA14_30910,trbE_2684738|1	15.0930992242	0.000102336706719	5.0	10.0
PA14_25970,cobN_2265323|1	15.0930992242	0.000102336706719	5.0	10.0
PA14_30860,trbG_2680058|1	15.0930992242	0.000102336706719	5.0	10.0
PA14_30850,trbI_2678462|1	15.0930992242	0.000102336706719	5.0	10.0
PA14_09320,pchI_798601|1	15.0930992242	0.000102336706719	5.0	10.0
PA14_35740,tpnA_3179383|1	15.0930992242	0.000102336706719	5.0	10.0
PA14_32790_2863914|1	15.0930992242	0.000102336706719	5.0	10.0
PA14_49500_4402281|1	15.0930992242	0.000102336706719	5.0	10.0
PA14_30860,trbG_2680232.1|1	14.8965291956	0.000113571749237	8.0	24.0
PA14_31110_2705922|1	14.8725570877	0.000115024242223	7.0	19.0
PA14_30910,trbE_2685006|1	14.8725570877	0.000115024242223	7.0	19.0
PA14_11100,cupB5_962676|1	14.7467896304	0.000122956705916	15.0	67.0
PA14_30960,traG_2688798.2|1	14.2588030607	0.000159313902844	10.0	36.0
PA14_45330,ccmE_4040167|1	14.2436772222	0.000160599446749	19.0	97.0
PA14_00770_75722|1	14.1127573937	0.000172172115989	6.0	15.0
PA14_61610_5498387|1	14.1127573937	0.000172172115989	6.0	15.0
PA14_30850,trbI_2679246|1	14.1127573937	0.000172172115989	6.0	15.0
PA14_03200_282771|1	14.1127573937	0.000172172115989	6.0	15.0
PA14_37410_3330497|1	14.1127573937	0.000172172115989	6.0	15.0
PA14_49700_4421939|1	14.0768031479	0.000175494847217	8.0	25.0
PA14_28980_2506202|1	13.9165645842	0.000191106819615	7.0	20.0
PA14_31330_2724495|1	13.9165645842	0.000191106819615	7.0	20.0
PA14_23690_2059898|1	13.7924124875	0.000204159082084	4.0	7.0
PA14_30970,bphR_2691192|1	13.7924124875	0.000204159082084	4.0	7.0
PA14_31110_2706724.2|1	13.7924124875	0.000204159082084	4.0	7.0
PA14_59940_5338822|1	13.7924124875	0.000204159082084	4.0	7.0
PA14_27410,trpC_2378708|7	13.7924124875	0.000204159082084	4.0	7.0
PA14_30910,trbE_2684312|1	13.7924124875	0.000204159082084	4.0	7.0
PA14_32610,dsbG_2832842|1	13.7924124875	0.000204159082084	4.0	7.0
PA14_30910,trbE_2684018|1	13.7924124875	0.000204159082084	4.0	7.0
PA14_51630_4588390|1	13.7924124875	0.000204159082084	4.0	7.0
PA14_51630_4588957|1	13.7924124875	0.000204159082084	4.0	7.0
PA14_30910,trbE_2683859.1|1	13.7924124875	0.000204159082084	4.0	7.0
PA14_72360_6445248|1	13.7924124875	0.000204159082084	4.0	7.0
PA14_30970,bphR_2691804.1|1	13.7924124875	0.000204159082084	4.0	7.0
PA14_31200_2713197|2	13.7924124875	0.000204159082084	4.0	7.0
PA14_31280_2720706|1	13.7924124875	0.000204159082084	4.0	7.0
PA14_58750,pilB_5234800.1|1	13.7924124875	0.000204159082084	4.0	7.0
PA14_23460,orfN_2041023|1	13.7924124875	0.000204159082084	4.0	7.0
PA14_31080_2703717|1	13.7924124875	0.000204159082084	4.0	7.0
PA14_15460,merA_1308957|7	13.7924124875	0.000204159082084	4.0	7.0
PA14_34600,gapB_3074295|1	13.7924124875	0.000204159082084	4.0	7.0
PA14_30910,trbE_2684882.1|2	13.7924124875	0.000204159082084	4.0	7.0
PA14_59050_5259439|1	13.7924124875	0.000204159082084	4.0	7.0
PA14_52900_4689182|2	13.7924124875	0.000204159082084	4.0	7.0
PA14_49690_4421305|1	13.7924124875	0.000204159082084	4.0	7.0
PA14_36370_3239853|1	13.7924124875	0.000204159082084	4.0	7.0
PA14_08090,gpFII_695515|1	13.7924124875	0.000204159082084	4.0	7.0
PA14_18985_1639797|1	13.7924124875	0.000204159082084	4.0	7.0
PA14_47560_4236268|3	13.7924124875	0.000204159082084	4.0	7.0
PA14_11590_1003047|1	13.7924124875	0.000204159082084	4.0	7.0
PA14_21790,rdgC_1895938|9	13.7924124875	0.000204159082084	4.0	7.0
PA14_35080,arsH_3123629|1	13.7924124875	0.000204159082084	4.0	7.0
PA14_25560,rne_2233821|1	13.737925684	0.000210167466729	9.0	31.0
PA14_09200,ssb_779855|1	13.7201034436	0.000212171185263	11.0	43.0
PA14_10160,fepD_872469|1	13.6277868518	0.00022286242975	5.0	11.0
PA14_31100_2705280|1	13.6277868518	0.00022286242975	5.0	11.0
PA14_18900,rnfG_1629552|1	13.6277868518	0.00022286242975	5.0	11.0
PA14_48990_4352655|1	13.6277868518	0.00022286242975	5.0	11.0
PA14_31070_2701340.1|1	13.6277868518	0.00022286242975	5.0	11.0
PA14_31450_2734161|1	13.6277868518	0.00022286242975	5.0	11.0
PA14_31180_2710400|1	13.6277868518	0.00022286242975	5.0	11.0
PA14_40010_3565071|1	13.6277868518	0.00022286242975	5.0	11.0
PA14_52480_4656469|1	13.6277868518	0.00022286242975	5.0	11.0
PA14_21790,rdgC_1896032|2	13.6277868518	0.00022286242975	5.0	11.0
PA14_30900,trbJ_2683479.1|2	13.6277868518	0.00022286242975	5.0	11.0
PA14_30890_2682983|1	13.6277868518	0.00022286242975	5.0	11.0
PA14_30900,trbJ_2683432.1|1	13.6277868518	0.00022286242975	5.0	11.0
PA14_30960,traG_2688576|1	13.6277868518	0.00022286242975	5.0	11.0
PA14_35740,tpnA_3178223|1	13.6277868518	0.00022286242975	5.0	11.0
PA14_20610,lecB_1773892|1	13.6277868518	0.00022286242975	5.0	11.0
PA14_38660,scoA_3448276|1	13.6277868518	0.00022286242975	5.0	11.0
PA14_30910,trbE_2685935.1|1	13.6277868518	0.00022286242975	5.0	11.0
PA14_30910,trbE_2685619.1|1	13.6277868518	0.00022286242975	5.0	11.0
PA14_31070_2703209.2|1	13.6277868518	0.00022286242975	5.0	11.0
PA14_30870,trbF_2680909|1	13.6277868518	0.00022286242975	5.0	11.0
PA14_50570_4493504|1	13.6277868518	0.00022286242975	5.0	11.0
PA14_14220_1215283|1	13.6277868518	0.00022286242975	5.0	11.0
PA14_30890_2683022.1|1	13.6277868518	0.00022286242975	5.0	11.0
PA14_69070,yhiH_6161956|1	13.3099128096	0.000264006639331	8.0	26.0
PA14_58040_5163549|1	13.3099128096	0.000264006639331	8.0	26.0
PA14_09200,ssb_779967|1	13.1947897101	0.000280728499416	11.0	44.0
PA14_14010_1200922|2	13.1333022225	0.000290093026617	3.0	4.0
PA14_08050_692901|1	13.1333022225	0.000290093026617	3.0	4.0
PA14_60020_5344864.1|1	13.1333022225	0.000290093026617	3.0	4.0
PA14_03300_299437|1	13.1333022225	0.000290093026617	3.0	4.0
PA14_28060,cpg2_2430636|1	13.1333022225	0.000290093026617	3.0	4.0
PA14_10010_861937|4	13.1333022225	0.000290093026617	3.0	4.0
PA14_31160_2708954.1|1	13.1333022225	0.000290093026617	3.0	4.0
PA14_08070,gpFI_694652|1	13.1333022225	0.000290093026617	3.0	4.0
PA14_32590,dipZ2_2831312|1	13.1333022225	0.000290093026617	3.0	4.0
PA14_59940_5337479|1	13.1333022225	0.000290093026617	3.0	4.0
PA14_37260,opdO_3319443|1	13.1333022225	0.000290093026617	3.0	4.0
PA14_09180,uvrA_775305|1	13.1333022225	0.000290093026617	3.0	4.0
PA14_33610_2959209|1	13.1333022225	0.000290093026617	3.0	4.0
PA14_52910_4690403|2	13.1333022225	0.000290093026617	3.0	4.0
PA14_35080,arsH_3123564.1|1	13.1333022225	0.000290093026617	3.0	4.0
PA14_47520_4232743|1	13.1333022225	0.000290093026617	3.0	4.0
PA14_15460,merA_1310099.1|1	13.1333022225	0.000290093026617	3.0	4.0
PA14_29470_2555268|1	13.1333022225	0.000290093026617	3.0	4.0
PA14_38370_3420714|1	13.1333022225	0.000290093026617	3.0	4.0
PA14_47690,cobQ_4245043|1	13.1333022225	0.000290093026617	3.0	4.0
PA14_21790,rdgC_1895976|1	13.1333022225	0.000290093026617	3.0	4.0
PA14_17170,ompH_1473038|1	13.1333022225	0.000290093026617	3.0	4.0
PA14_32790_2863337|2	13.1333022225	0.000290093026617	3.0	4.0
PA14_33610_2967062|1	13.1333022225	0.000290093026617	3.0	4.0
PA14_52490_4656984|1	13.1333022225	0.000290093026617	3.0	4.0
PA14_47520_4232618|1	13.1333022225	0.000290093026617	3.0	4.0
PA14_32690,gtdA_2839283|1	13.1333022225	0.000290093026617	3.0	4.0
PA14_38470,gnyH_3431299|2	13.1333022225	0.000290093026617	3.0	4.0
PA14_32580_2829607|1	13.1333022225	0.000290093026617	3.0	4.0
PA14_65840_5864607|1	13.1333022225	0.000290093026617	3.0	4.0
PA14_15460,merA_1309068|2	13.1333022225	0.000290093026617	3.0	4.0
PA14_61920_5521931|1	13.1333022225	0.000290093026617	3.0	4.0
PA14_08070,gpFI_694692|1	13.1333022225	0.000290093026617	3.0	4.0
PA14_44760_3989896|1	13.1333022225	0.000290093026617	3.0	4.0
PA14_30970,bphR_2691120|1	13.1333022225	0.000290093026617	3.0	4.0
PA14_08160,lys_700833|1	13.1333022225	0.000290093026617	3.0	4.0
PA14_38460,gnyB_3430606|1	13.1333022225	0.000290093026617	3.0	4.0
PA14_34270,metN-1_3047756|1	13.1333022225	0.000290093026617	3.0	4.0
PA14_32590,dipZ2_2830235|1	13.1333022225	0.000290093026617	3.0	4.0
PA14_18310_1570913|1	13.1333022225	0.000290093026617	3.0	4.0
PA14_38630,atoB_3446000|1	13.1333022225	0.000290093026617	3.0	4.0
PA14_55400_4922466.1|1	13.1333022225	0.000290093026617	3.0	4.0
PA14_43160,benE_3844466|1	13.1333022225	0.000290093026617	3.0	4.0
PA14_52910_4690861|1	13.1333022225	0.000290093026617	3.0	4.0
PA14_35080,arsH_3123568|1	13.1333022225	0.000290093026617	3.0	4.0
PA14_39540_3520203|1	13.1333022225	0.000290093026617	3.0	4.0
PA14_46310_4119453|1	13.0364007573	0.000305494643873	6.0	16.0
PA14_66230,waaG_5900072|1	13.0364007573	0.000305494643873	6.0	16.0
PA14_29520,hplU_2560629|1	13.0364007573	0.000305494643873	6.0	16.0
