feature	score	p-value	#I-out-of-14	#O-out-of-277
PA14_33610_2970537|1	79.1428571429	5.77772765383e-19	4.0	0.0
PA14_33610_2959654|1	61.7243940175	3.95055636239e-15	4.0	1.0
PA14_33630,pvdJ_2977258|1	61.7243940175	3.95055636239e-15	4.0	1.0
PA14_33610_2959655|1	59.3571428571	1.31502001254e-14	3.0	0.0
PA14_33610_2970554|1	59.3571428571	1.31502001254e-14	3.0	0.0
PA14_06750,nirS_588474|1	59.3571428571	1.31502001254e-14	3.0	0.0
PA14_45510_4050916.1|1	59.3571428571	1.31502001254e-14	3.0	0.0
PA14_33610_2962249|1	59.3571428571	1.31502001254e-14	3.0	0.0
PA14_62060,23S-rRNA_5536588|1	50.1289324394	1.43968541777e-12	4.0	2.0
PA14_33610_2971297|1	43.0304925219	5.38933109714e-11	3.0	1.0
PA14_62630,acsB_5587776|1	43.0304925219	5.38933109714e-11	3.0	1.0
PA14_33610_2970551.1|1	43.0304925219	5.38933109714e-11	3.0	1.0
PA14_33610_2959647|1	43.0304925219	5.38933109714e-11	3.0	1.0
PA14_33610_2962057|1	43.0304925219	5.38933109714e-11	3.0	1.0
PA14_47960_4269551|1	43.0304925219	5.38933109714e-11	3.0	1.0
PA14_10790,ampC_933109|1	43.0304925219	5.38933109714e-11	3.0	1.0
PA14_23360,wzz_2027075|1	43.0304925219	5.38933109714e-11	3.0	1.0
PA14_33610_2971307|1	43.0304925219	5.38933109714e-11	3.0	1.0
PA14_35150_3127620|15	39.5714285714	3.16276844687e-10	2.0	0.0
PA14_60140_5358573|2	39.5714285714	3.16276844687e-10	2.0	0.0
PA14_06600_576214|1	39.5714285714	3.16276844687e-10	2.0	0.0
PA14_33650,pvdD_2978950|1	39.5714285714	3.16276844687e-10	2.0	0.0
PA14_33650,pvdD_2978973|1	39.5714285714	3.16276844687e-10	2.0	0.0
PA14_01160_113995|1	39.5714285714	3.16276844687e-10	2.0	0.0
PA14_23460,orfN_2040310|1	39.5714285714	3.16276844687e-10	2.0	0.0
PA14_00050,gyrB_6175|407	39.5714285714	3.16276844687e-10	2.0	0.0
PA14_47610_4240402|1	39.5714285714	3.16276844687e-10	2.0	0.0
PA14_33650,pvdD_2978937|1	39.5714285714	3.16276844687e-10	2.0	0.0
PA14_15070,oprC_1277609|1	39.5714285714	3.16276844687e-10	2.0	0.0
PA14_08820,fusA1_757427|1	39.5714285714	3.16276844687e-10	2.0	0.0
PA14_00440,trpA_37550|38	39.5714285714	3.16276844687e-10	2.0	0.0
PA14_33610_2959661|1	39.5714285714	3.16276844687e-10	2.0	0.0
PA14_57940,rpoN_5157910|1	39.5714285714	3.16276844687e-10	2.0	0.0
PA14_57425,ftsI_5116391|1	39.5714285714	3.16276844687e-10	2.0	0.0
PA14_64270_5727184|1	39.5714285714	3.16276844687e-10	2.0	0.0
PA14_33610_2959646.1|1	39.5714285714	3.16276844687e-10	2.0	0.0
PA14_17150_1472161|1	39.5714285714	3.16276844687e-10	2.0	0.0
PA14_33610_2968606|1	39.5714285714	3.16276844687e-10	2.0	0.0
PA14_55400_4922046.1|1	39.5714285714	3.16276844687e-10	2.0	0.0
PA14_58570,piuA_5218835|1	39.5714285714	3.16276844687e-10	2.0	0.0
PA14_56890_5068356|1	39.5714285714	3.16276844687e-10	2.0	0.0
PA14_04700_417481|2	39.5714285714	3.16276844687e-10	2.0	0.0
PA14_08780,rpoC_751267|1	39.5714285714	3.16276844687e-10	2.0	0.0
PA14_07480_642013|1	39.5714285714	3.16276844687e-10	2.0	0.0
PA14_31230_2715040|1	39.5714285714	3.16276844687e-10	2.0	0.0
PA14_33610_2971313|1	39.5714285714	3.16276844687e-10	2.0	0.0
PA14_37260,opdO_3318393|1	39.5714285714	3.16276844687e-10	2.0	0.0
PA14_30910,trbE_2685254|1	39.5714285714	3.16276844687e-10	2.0	0.0
PA14_06800_591763|1	39.5714285714	3.16276844687e-10	2.0	0.0
PA14_31190_2712456|2	39.5714285714	3.16276844687e-10	2.0	0.0
PA14_33610_2970545|1	39.5714285714	3.16276844687e-10	2.0	0.0
PA14_48950_4351195|1	39.5714285714	3.16276844687e-10	2.0	0.0
PA14_00510_43247|1	39.5714285714	3.16276844687e-10	2.0	0.0
PA14_33610_2962168|1	35.6725116039	2.33434711857e-09	4.0	4.0
PA14_33610_2970562.1|1	35.6725116039	2.33434711857e-09	4.0	4.0
PA14_63640,fadH2_5674116|1	33.2547189273	8.08433351843e-09	3.0	2.0
PA14_09350,fptB_802420|1	33.2547189273	8.08433351843e-09	3.0	2.0
PA14_62350,phuR_5562364|1	33.2547189273	8.08433351843e-09	3.0	2.0
PA14_00460,trpI_39520|1	33.2547189273	8.08433351843e-09	3.0	2.0
PA14_50330_4474271|1	33.2547189273	8.08433351843e-09	3.0	2.0
PA14_23360,wzz_2026955|1	33.2547189273	8.08433351843e-09	3.0	2.0
PA14_20960_1804551|1	33.2547189273	8.08433351843e-09	3.0	2.0
PA14_43870_3906316|1	33.2547189273	8.08433351843e-09	3.0	2.0
PA14_33610_2970879|1	32.9755925286	9.33231324077e-09	7.0	16.0
PA14_60310,pilY1_5376352|1	30.8705518308	2.7582556604e-08	4.0	5.0
PA14_50180,fleR_4458360|2	30.8705518308	2.7582556604e-08	4.0	5.0
PA14_43430_3869707|1	30.8705518308	2.7582556604e-08	4.0	5.0
PA14_33610_2962166|1	30.8705518308	2.7582556604e-08	4.0	5.0
PA14_52880_4688087|1	30.8705518308	2.7582556604e-08	4.0	5.0
PA14_16770_1435182|1	27.7594418217	1.37376098379e-07	7.0	19.0
PA14_16460,wspD_1409055|1	27.0390923156	1.99382127747e-07	4.0	6.0
PA14_60310,pilY1_5376362|1	27.0390923156	1.99382127747e-07	4.0	6.0
PA14_48860_4343787|2	27.0390923156	1.99382127747e-07	4.0	6.0
PA14_23360,wzz_2027247|1	26.7543837029	2.31027035612e-07	3.0	3.0
PA14_33650,pvdD_2981649|1	26.7543837029	2.31027035612e-07	3.0	3.0
PA14_23360,wzz_2026852|2	26.7543837029	2.31027035612e-07	3.0	3.0
PA14_23360,wzz_2027617.1|1	26.7543837029	2.31027035612e-07	3.0	3.0
PA14_23360,wzz_2026897|4	26.7543837029	2.31027035612e-07	3.0	3.0
PA14_30410,yccA_2634078|1	26.7543837029	2.31027035612e-07	3.0	3.0
PA14_33610_2970854|1	26.7543837029	2.31027035612e-07	3.0	3.0
PA14_33630,pvdJ_2977421|1	26.7543837029	2.31027035612e-07	3.0	3.0
PA14_21870_1900548|1	26.7543837029	2.31027035612e-07	3.0	3.0
PA14_23360,wzz_2027066|1	26.7543837029	2.31027035612e-07	3.0	3.0
PA14_33360_2936747.1|1	25.0644662197	5.54452225482e-07	2.0	1.0
PA14_06150_542335|1	25.0644662197	5.54452225482e-07	2.0	1.0
PA14_03010_265583|1	25.0644662197	5.54452225482e-07	2.0	1.0
PA14_53340_4727974|1	25.0644662197	5.54452225482e-07	2.0	1.0
PA14_33610_2962301|1	25.0644662197	5.54452225482e-07	2.0	1.0
PA14_47430,czcD_4225916|1	25.0644662197	5.54452225482e-07	2.0	1.0
PA14_45710_4066372|1	25.0644662197	5.54452225482e-07	2.0	1.0
PA14_24940_2179565|1	25.0644662197	5.54452225482e-07	2.0	1.0
PA14_45960,lasR_4085367|1	25.0644662197	5.54452225482e-07	2.0	1.0
PA14_33610_2970644|1	25.0644662197	5.54452225482e-07	2.0	1.0
PA14_15460,merA_1309714|1	25.0644662197	5.54452225482e-07	2.0	1.0
PA14_46150_4105129|1	25.0644662197	5.54452225482e-07	2.0	1.0
PA14_45300,ccmG_4037282|1	25.0644662197	5.54452225482e-07	2.0	1.0
PA14_60310,pilY1_5375613|1	25.0644662197	5.54452225482e-07	2.0	1.0
PA14_55460,hxcZ_4937395|1	25.0644662197	5.54452225482e-07	2.0	1.0
PA14_30590_2649654|1	25.0644662197	5.54452225482e-07	2.0	1.0
PA14_51750,tolQ_4597029|1	25.0644662197	5.54452225482e-07	2.0	1.0
PA14_33610_2970469|1	25.0644662197	5.54452225482e-07	2.0	1.0
PA14_10290,acoR_886733|14	25.0644662197	5.54452225482e-07	2.0	1.0
PA14_65350,mutL_5822102|1	25.0644662197	5.54452225482e-07	2.0	1.0
PA14_43050_3830855|1	25.0644662197	5.54452225482e-07	2.0	1.0
PA14_33360_2937100.1|1	25.0644662197	5.54452225482e-07	2.0	1.0
PA14_33630,pvdJ_2977856|1	25.0644662197	5.54452225482e-07	2.0	1.0
PA14_33610_2958968.1|1	25.0644662197	5.54452225482e-07	2.0	1.0
PA14_51430,pqsA_4570304|2	25.0644662197	5.54452225482e-07	2.0	1.0
PA14_37030,cupA3_3299331|2	25.0644662197	5.54452225482e-07	2.0	1.0
PA14_46890_4176774|1	25.0644662197	5.54452225482e-07	2.0	1.0
PA14_04870_430451|1	25.0644662197	5.54452225482e-07	2.0	1.0
PA14_35040_3120326|1	25.0644662197	5.54452225482e-07	2.0	1.0
PA14_33360_2936196|1	25.0644662197	5.54452225482e-07	2.0	1.0
PA14_40520_3619576|1	25.0644662197	5.54452225482e-07	2.0	1.0
PA14_09750_839475|1	25.0644662197	5.54452225482e-07	2.0	1.0
PA14_31230_2715039|1	25.0644662197	5.54452225482e-07	2.0	1.0
PA14_28490_2458473|2	25.0644662197	5.54452225482e-07	2.0	1.0
PA14_33650,pvdD_2978977.1|1	25.0644662197	5.54452225482e-07	2.0	1.0
PA14_33630,pvdJ_2976918.1|1	25.0644662197	5.54452225482e-07	2.0	1.0
PA14_06980_605760|4	25.0644662197	5.54452225482e-07	2.0	1.0
PA14_32790_2862491|1	25.0644662197	5.54452225482e-07	2.0	1.0
PA14_33610_2959663.1|2	25.0644662197	5.54452225482e-07	2.0	1.0
PA14_33650,pvdD_2984110|1	25.0644662197	5.54452225482e-07	2.0	1.0
PA14_09660_830128|6	25.0644662197	5.54452225482e-07	2.0	1.0
PA14_31080_2704157.1|1	25.0644662197	5.54452225482e-07	2.0	1.0
PA14_31730_2760884|1	25.0644662197	5.54452225482e-07	2.0	1.0
PA14_59150_5266351|1	25.0644662197	5.54452225482e-07	2.0	1.0
PA14_60130_5357078|1	25.0644662197	5.54452225482e-07	2.0	1.0
PA14_24690,dacB_2158849|1	25.0644662197	5.54452225482e-07	2.0	1.0
PA14_00180,sun_19297|402	25.0644662197	5.54452225482e-07	2.0	1.0
PA14_53390_4734805|2	25.0644662197	5.54452225482e-07	2.0	1.0
PA14_34840_3100127|1	25.0644662197	5.54452225482e-07	2.0	1.0
PA14_33650,pvdD_2978917|1	25.0644662197	5.54452225482e-07	2.0	1.0
PA14_12530_1077818|6	25.0644662197	5.54452225482e-07	2.0	1.0
PA14_49560,toxA_4409080|1	25.0644662197	5.54452225482e-07	2.0	1.0
PA14_11450,nusB_992605|1	25.0644662197	5.54452225482e-07	2.0	1.0
PA14_57425,ftsI_5116323|1	25.0644662197	5.54452225482e-07	2.0	1.0
PA14_33360_2936509.1|1	25.0644662197	5.54452225482e-07	2.0	1.0
PA14_72540_6464304|1	25.0644662197	5.54452225482e-07	2.0	1.0
PA14_30030_2600263|1	25.0644662197	5.54452225482e-07	2.0	1.0
PA14_25430,lolC_2222727|1	25.0644662197	5.54452225482e-07	2.0	1.0
PA14_19400,mnmC_1677735.1|2	25.0644662197	5.54452225482e-07	2.0	1.0
PA14_23460,orfN_2040494|1	25.0644662197	5.54452225482e-07	2.0	1.0
PA14_43690,fabB_3891812|1	25.0644662197	5.54452225482e-07	2.0	1.0
PA14_67300,proX_6009635|1	25.0644662197	5.54452225482e-07	2.0	1.0
PA14_60950,cstA_5437659|1	25.0644662197	5.54452225482e-07	2.0	1.0
PA14_38470,gnyH_3430885|1	25.0644662197	5.54452225482e-07	2.0	1.0
PA14_17660_1518438|1	25.0644662197	5.54452225482e-07	2.0	1.0
PA14_12300_1061659|1	25.0644662197	5.54452225482e-07	2.0	1.0
PA14_33630,pvdJ_2977429|1	24.2374701111	8.5159285517e-07	6.0	16.0
PA14_04730_419158|2	23.9134511698	1.00765230064e-06	4.0	7.0
PA14_23360,wzz_2027311|1	22.1257275473	2.55364326519e-06	3.0	4.0
PA14_33610_2970859|1	22.1257275473	2.55364326519e-06	3.0	4.0
PA14_20600_1773701|1	22.1257275473	2.55364326519e-06	3.0	4.0
PA14_32380,oprN_2813928.1|1	22.1257275473	2.55364326519e-06	3.0	4.0
PA14_33690,pvdE_2990204|1	22.1257275473	2.55364326519e-06	3.0	4.0
PA14_61200_5460537|1	22.1257275473	2.55364326519e-06	3.0	4.0
PA14_33610_2969411|1	22.1257275473	2.55364326519e-06	3.0	4.0
PA14_20950,fabH2_1804051|2	22.1257275473	2.55364326519e-06	3.0	4.0
PA14_33610_2959645|1	22.1257275473	2.55364326519e-06	3.0	4.0
PA14_12170_1053239|1	22.1257275473	2.55364326519e-06	3.0	4.0
PA14_23360,wzz_2027324|1	22.1257275473	2.55364326519e-06	3.0	4.0
PA14_61200_5461455|1	22.1257275473	2.55364326519e-06	3.0	4.0
PA14_60290,pilW_5371969|1	22.1257275473	2.55364326519e-06	3.0	4.0
PA14_40220_3583841|1	22.1257275473	2.55364326519e-06	3.0	4.0
PA14_60310,pilY1_5376365|1	22.1257275473	2.55364326519e-06	3.0	4.0
PA14_44800_3992846|1	22.1257275473	2.55364326519e-06	3.0	4.0
PA14_23360,wzz_2026942|1	22.1257275473	2.55364326519e-06	3.0	4.0
PA14_33610_2971084|1	22.1257275473	2.55364326519e-06	3.0	4.0
PA14_33690,pvdE_2989319|1	21.3745778502	3.77746918375e-06	7.0	24.0
PA14_08010,gpV_689448|1	21.3171738009	3.89228823821e-06	4.0	8.0
PA14_33610_2970352|1	21.3171738009	3.89228823821e-06	4.0	8.0
PA14_31110_2707012.2|1	21.3171738009	3.89228823821e-06	4.0	8.0
PA14_26485_2309529|1	21.3171738009	3.89228823821e-06	4.0	8.0
PA14_31130_2707406|1	21.3171738009	3.89228823821e-06	4.0	8.0
PA14_08640_740329|1	21.3171738009	3.89228823821e-06	4.0	8.0
PA14_33690,pvdE_2989326|1	20.3465139892	6.46106881968e-06	7.0	25.0
PA14_59200_5271599.1|1	19.7857142857	8.66277282795e-06	1.0	0.0
PA14_10850_939060|5	19.7857142857	8.66277282795e-06	1.0	0.0
PA14_40620_3625287|1	19.7857142857	8.66277282795e-06	1.0	0.0
PA14_04410,ptsP_393140|74	19.7857142857	8.66277282795e-06	1.0	0.0
PA14_32700_2839975|3	19.7857142857	8.66277282795e-06	1.0	0.0
PA14_08820,fusA1_757106|1	19.7857142857	8.66277282795e-06	1.0	0.0
PA14_07480_640981.1|3	19.7857142857	8.66277282795e-06	1.0	0.0
PA14_58740_5234210|1	19.7857142857	8.66277282795e-06	1.0	0.0
PA14_33610_2959975|1	19.7857142857	8.66277282795e-06	1.0	0.0
PA14_01190_117479|54	19.7857142857	8.66277282795e-06	1.0	0.0
PA14_59070_5260781|5	19.7857142857	8.66277282795e-06	1.0	0.0
PA14_59070_5260744|1	19.7857142857	8.66277282795e-06	1.0	0.0
PA14_33650,pvdD_2981193|1	19.7857142857	8.66277282795e-06	1.0	0.0
PA14_54930_4872686|1	19.7857142857	8.66277282795e-06	1.0	0.0
PA14_34010_3025562|3	19.7857142857	8.66277282795e-06	1.0	0.0
PA14_15520,trbJ_1313894|2	19.7857142857	8.66277282795e-06	1.0	0.0
PA14_33650,pvdD_2984109|1	19.7857142857	8.66277282795e-06	1.0	0.0
PA14_47000_4188314|32	19.7857142857	8.66277282795e-06	1.0	0.0
PA14_72020_6420931|5	19.7857142857	8.66277282795e-06	1.0	0.0
PA14_33610_2969024|4	19.7857142857	8.66277282795e-06	1.0	0.0
PA14_33610_2960043|1	19.7857142857	8.66277282795e-06	1.0	0.0
PA14_15460,merA_1310213|2	19.7857142857	8.66277282795e-06	1.0	0.0
PA14_55250_4907312|1	19.7857142857	8.66277282795e-06	1.0	0.0
PA14_43920,braB_3910450|1	19.7857142857	8.66277282795e-06	1.0	0.0
PA14_33650,pvdD_2983139|1	19.7857142857	8.66277282795e-06	1.0	0.0
PA14_60290,pilW_5372000|1	19.7857142857	8.66277282795e-06	1.0	0.0
PA14_15435_1307294|1	19.7857142857	8.66277282795e-06	1.0	0.0
PA14_33630,pvdJ_2978331|1	19.7857142857	8.66277282795e-06	1.0	0.0
PA14_43080_3834421|1	19.7857142857	8.66277282795e-06	1.0	0.0
PA14_15435_1307652|1	19.7857142857	8.66277282795e-06	1.0	0.0
PA14_66580_5944216|1	19.7857142857	8.66277282795e-06	1.0	0.0
PA14_00180,sun_19626|1017	19.7857142857	8.66277282795e-06	1.0	0.0
PA14_30850,trbI_2679366|1	19.7857142857	8.66277282795e-06	1.0	0.0
PA14_31150_2708676|1	19.7857142857	8.66277282795e-06	1.0	0.0
PA14_31820,hisC_2768425|450	19.7857142857	8.66277282795e-06	1.0	0.0
PA14_33610_2958297|1	19.7857142857	8.66277282795e-06	1.0	0.0
PA14_59180_5269486|1	19.7857142857	8.66277282795e-06	1.0	0.0
PA14_26670_2324860|1	19.7857142857	8.66277282795e-06	1.0	0.0
PA14_33650,pvdD_2978938.1|1	19.7857142857	8.66277282795e-06	1.0	0.0
PA14_15360_1303284|1	19.7857142857	8.66277282795e-06	1.0	0.0
PA14_15450,merD_1308338|1	19.7857142857	8.66277282795e-06	1.0	0.0
PA14_59690_5310856|1	19.7857142857	8.66277282795e-06	1.0	0.0
PA14_31190_2711561|1	19.7857142857	8.66277282795e-06	1.0	0.0
PA14_55631,23S-rRNA_4952581|1	19.7857142857	8.66277282795e-06	1.0	0.0
PA14_59690_5310553|2	19.7857142857	8.66277282795e-06	1.0	0.0
PA14_59110_5264305|3	19.7857142857	8.66277282795e-06	1.0	0.0
PA14_00600_60982|208	19.7857142857	8.66277282795e-06	1.0	0.0
PA14_68500,attL_6110238|1	19.7857142857	8.66277282795e-06	1.0	0.0
PA14_15435_1307410|1	19.7857142857	8.66277282795e-06	1.0	0.0
PA14_00080_9176|572	19.7857142857	8.66277282795e-06	1.0	0.0
PA14_31110_2706483|1	19.7857142857	8.66277282795e-06	1.0	0.0
PA14_33630,pvdJ_2976304|1	19.7857142857	8.66277282795e-06	1.0	0.0
PA14_04490_399760|1	19.7857142857	8.66277282795e-06	1.0	0.0
PA14_31080_2703627|1	19.7857142857	8.66277282795e-06	1.0	0.0
PA14_55117_4897176|1	19.7857142857	8.66277282795e-06	1.0	0.0
PA14_32790_2848646|1	19.7857142857	8.66277282795e-06	1.0	0.0
PA14_28240_2443308|1	19.7857142857	8.66277282795e-06	1.0	0.0
PA14_00060_7157|337	19.7857142857	8.66277282795e-06	1.0	0.0
PA14_33600_2955988|1	19.7857142857	8.66277282795e-06	1.0	0.0
PA14_21380_1851932|1	19.7857142857	8.66277282795e-06	1.0	0.0
PA14_46470,pdxB_4136188|1	19.7857142857	8.66277282795e-06	1.0	0.0
PA14_59540_5297294|1	19.7857142857	8.66277282795e-06	1.0	0.0
PA14_30970,bphR_2691312|1	19.7857142857	8.66277282795e-06	1.0	0.0
PA14_33650,pvdD_2978949|1	19.7857142857	8.66277282795e-06	1.0	0.0
PA14_68570_6116471|1	19.7857142857	8.66277282795e-06	1.0	0.0
PA14_08270_706403|1	19.7857142857	8.66277282795e-06	1.0	0.0
PA14_25450,lolE_2224531|1	19.7857142857	8.66277282795e-06	1.0	0.0
PA14_33650,pvdD_2983136|2	19.7857142857	8.66277282795e-06	1.0	0.0
PA14_33280,pvdL_2921846.1|1	19.7857142857	8.66277282795e-06	1.0	0.0
PA14_31080_2703759|1	19.7857142857	8.66277282795e-06	1.0	0.0
PA14_33650,pvdD_2981190|1	19.7857142857	8.66277282795e-06	1.0	0.0
PA14_59540_5298304|1	19.7857142857	8.66277282795e-06	1.0	0.0
PA14_36710,glgB_3270102|1	19.7857142857	8.66277282795e-06	1.0	0.0
PA14_03220_286144|112	19.7857142857	8.66277282795e-06	1.0	0.0
PA14_33630,pvdJ_2977190|2	19.7857142857	8.66277282795e-06	1.0	0.0
PA14_15435_1307655|1	19.7857142857	8.66277282795e-06	1.0	0.0
PA14_32830_2870592|2	19.7857142857	8.66277282795e-06	1.0	0.0
PA14_66170_5895272.1|1	19.7857142857	8.66277282795e-06	1.0	0.0
PA14_67190_5997154|1	19.7857142857	8.66277282795e-06	1.0	0.0
PA14_31160_2709107.1|1	19.7857142857	8.66277282795e-06	1.0	0.0
PA14_69370,algP_6187611|1	19.7857142857	8.66277282795e-06	1.0	0.0
PA14_33610_2968592|1	19.7857142857	8.66277282795e-06	1.0	0.0
PA14_31040_2698670|3	19.7857142857	8.66277282795e-06	1.0	0.0
PA14_26280_2293760|1	19.7857142857	8.66277282795e-06	1.0	0.0
PA14_47690,cobQ_4245705|1	19.7857142857	8.66277282795e-06	1.0	0.0
PA14_01580,gabP_145296|4	19.7857142857	8.66277282795e-06	1.0	0.0
PA14_59690_5311606|1	19.7857142857	8.66277282795e-06	1.0	0.0
PA14_19350_1671331|1	19.7857142857	8.66277282795e-06	1.0	0.0
PA14_59150_5266375|1	19.7857142857	8.66277282795e-06	1.0	0.0
PA14_46630_4155180|1	19.7857142857	8.66277282795e-06	1.0	0.0
PA14_08300,JF1_710509|1	19.7857142857	8.66277282795e-06	1.0	0.0
PA14_40260_3594473|1	19.7857142857	8.66277282795e-06	1.0	0.0
PA14_33610_2967301|1	19.7857142857	8.66277282795e-06	1.0	0.0
PA14_33630,pvdJ_2977108|3	19.7857142857	8.66277282795e-06	1.0	0.0
PA14_03190_282025|1	19.7857142857	8.66277282795e-06	1.0	0.0
PA14_33650,pvdD_2978963.1|2	19.7857142857	8.66277282795e-06	1.0	0.0
PA14_61430_5482869|1	19.7857142857	8.66277282795e-06	1.0	0.0
PA14_11100,cupB5_962664|1	19.7857142857	8.66277282795e-06	1.0	0.0
PA14_33630,pvdJ_2978608|1	19.7857142857	8.66277282795e-06	1.0	0.0
PA14_33650,pvdD_2979376|1	19.7857142857	8.66277282795e-06	1.0	0.0
PA14_28820_2487779.1|1	19.7857142857	8.66277282795e-06	1.0	0.0
PA14_33610_2970471|1	19.7857142857	8.66277282795e-06	1.0	0.0
PA14_01160_113861|2	19.7857142857	8.66277282795e-06	1.0	0.0
PA14_14360_1225397|1	19.7857142857	8.66277282795e-06	1.0	0.0
PA14_62200,mrcB_5549965|1	19.7857142857	8.66277282795e-06	1.0	0.0
PA14_36230,glnP_3227542|1	19.7857142857	8.66277282795e-06	1.0	0.0
PA14_08500_727931|1	19.7857142857	8.66277282795e-06	1.0	0.0
PA14_19380_1675483|1	19.7857142857	8.66277282795e-06	1.0	0.0
PA14_64990_5792866|1	19.7857142857	8.66277282795e-06	1.0	0.0
PA14_31070_2701297|1	19.7857142857	8.66277282795e-06	1.0	0.0
PA14_33650,pvdD_2979418|1	19.7857142857	8.66277282795e-06	1.0	0.0
PA14_07500_643702|12	19.7857142857	8.66277282795e-06	1.0	0.0
PA14_29575_2565032|1	19.7857142857	8.66277282795e-06	1.0	0.0
PA14_60000_5343390|1	19.7857142857	8.66277282795e-06	1.0	0.0
PA14_33610_2962111|1	19.7857142857	8.66277282795e-06	1.0	0.0
PA14_11730_1015840|2	19.7857142857	8.66277282795e-06	1.0	0.0
PA14_33610_2962294|1	19.7857142857	8.66277282795e-06	1.0	0.0
PA14_11110,cupB6_965796|5	19.7857142857	8.66277282795e-06	1.0	0.0
PA14_17400,adhC_1493689|1	19.7857142857	8.66277282795e-06	1.0	0.0
PA14_49460,nrdA_4396228|1	19.7857142857	8.66277282795e-06	1.0	0.0
PA14_31280_2720024|1	19.7857142857	8.66277282795e-06	1.0	0.0
PA14_23830,fimV_2072130|1	19.7857142857	8.66277282795e-06	1.0	0.0
PA14_33610_2968400|1	19.7857142857	8.66277282795e-06	1.0	0.0
PA14_58570,piuA_5218772|1	19.7857142857	8.66277282795e-06	1.0	0.0
PA14_61650,pagL_5501469|2	19.7857142857	8.66277282795e-06	1.0	0.0
PA14_33630,pvdJ_2976218|2	19.7857142857	8.66277282795e-06	1.0	0.0
PA14_48890_4347314|1	19.7857142857	8.66277282795e-06	1.0	0.0
PA14_51220_4551899|1	19.7857142857	8.66277282795e-06	1.0	0.0
PA14_33630,pvdJ_2973659|1	19.7857142857	8.66277282795e-06	1.0	0.0
PA14_31080_2703639|1	19.7857142857	8.66277282795e-06	1.0	0.0
PA14_29330_2537072|1	19.7857142857	8.66277282795e-06	1.0	0.0
PA14_59540_5299236|1	19.7857142857	8.66277282795e-06	1.0	0.0
PA14_48890_4346976|1	19.7857142857	8.66277282795e-06	1.0	0.0
PA14_15400,repC_1305011|2	19.7857142857	8.66277282795e-06	1.0	0.0
PA14_15510,traJ_1312766|5	19.7857142857	8.66277282795e-06	1.0	0.0
PA14_31260_2718368|1	19.7857142857	8.66277282795e-06	1.0	0.0
PA14_57440,ftsL_5118016|1	19.7857142857	8.66277282795e-06	1.0	0.0
PA14_47870_4260186|4	19.7857142857	8.66277282795e-06	1.0	0.0
PA14_19850_1710225|2	19.7857142857	8.66277282795e-06	1.0	0.0
PA14_47000_4187970|1	19.7857142857	8.66277282795e-06	1.0	0.0
PA14_54850_4860630|1	19.7857142857	8.66277282795e-06	1.0	0.0
PA14_55280_4908712|1	19.7857142857	8.66277282795e-06	1.0	0.0
PA14_00010,dnaA_1096|217	19.7857142857	8.66277282795e-06	1.0	0.0
PA14_33610_2969513|1	19.7857142857	8.66277282795e-06	1.0	0.0
PA14_03050,pobA_269999|1	19.7857142857	8.66277282795e-06	1.0	0.0
PA14_15350_1301887|1	19.7857142857	8.66277282795e-06	1.0	0.0
PA14_33650,pvdD_2981168|1	19.7857142857	8.66277282795e-06	1.0	0.0
PA14_33610_2958896|2	19.7857142857	8.66277282795e-06	1.0	0.0
PA14_23360,wzz_2027253|1	19.7857142857	8.66277282795e-06	1.0	0.0
PA14_01770_162513|56	19.7857142857	8.66277282795e-06	1.0	0.0
PA14_33650,pvdD_2980323|1	19.7857142857	8.66277282795e-06	1.0	0.0
PA14_33650,pvdD_2983547|1	19.7857142857	8.66277282795e-06	1.0	0.0
PA14_55060_4892031|1	19.7857142857	8.66277282795e-06	1.0	0.0
PA14_68640_6121217|1	19.7857142857	8.66277282795e-06	1.0	0.0
PA14_21550_1869370|1	19.7857142857	8.66277282795e-06	1.0	0.0
PA14_68120,opmG_6077865|18	19.7857142857	8.66277282795e-06	1.0	0.0
PA14_59920_5336462|1	19.7857142857	8.66277282795e-06	1.0	0.0
PA14_08820,fusA1_757712|2	19.7857142857	8.66277282795e-06	1.0	0.0
PA14_23470,wbpM_2041679|1	19.7857142857	8.66277282795e-06	1.0	0.0
PA14_15435_1307753|1	19.7857142857	8.66277282795e-06	1.0	0.0
PA14_08500_728082|1	19.7857142857	8.66277282795e-06	1.0	0.0
PA14_47000_4187979|2	19.7857142857	8.66277282795e-06	1.0	0.0
PA14_46320,pyc_4120601|1	19.7857142857	8.66277282795e-06	1.0	0.0
PA14_59130_5265543.1|1	19.7857142857	8.66277282795e-06	1.0	0.0
PA14_07480_641638.1|1	19.7857142857	8.66277282795e-06	1.0	0.0
PA14_23260,gyrA_2015012.1|1	19.7857142857	8.66277282795e-06	1.0	0.0
PA14_00050,gyrB_5674|748	19.7857142857	8.66277282795e-06	1.0	0.0
PA14_03190_281843|52	19.7857142857	8.66277282795e-06	1.0	0.0
PA14_31070_2702324|1	19.7857142857	8.66277282795e-06	1.0	0.0
PA14_58390_5202256|1	19.7857142857	8.66277282795e-06	1.0	0.0
PA14_31150_2708315|1	19.7857142857	8.66277282795e-06	1.0	0.0
PA14_31070_2703463|1	19.7857142857	8.66277282795e-06	1.0	0.0
PA14_66160_5894251|1	19.7857142857	8.66277282795e-06	1.0	0.0
PA14_68120,opmG_6078361|1	19.7857142857	8.66277282795e-06	1.0	0.0
PA14_08160,lys_701179|2	19.7857142857	8.66277282795e-06	1.0	0.0
PA14_33610_2965907|1	19.7857142857	8.66277282795e-06	1.0	0.0
PA14_18080_1551481|1	19.7857142857	8.66277282795e-06	1.0	0.0
PA14_30850,trbI_2679100|4	19.7857142857	8.66277282795e-06	1.0	0.0
PA14_60020_5345445|1	19.7857142857	8.66277282795e-06	1.0	0.0
PA14_01160_113850|118	19.7857142857	8.66277282795e-06	1.0	0.0
PA14_33630,pvdJ_2972630|3	19.7857142857	8.66277282795e-06	1.0	0.0
PA14_33650,pvdD_2980333|1	19.7857142857	8.66277282795e-06	1.0	0.0
PA14_11790_1021873|1	19.7857142857	8.66277282795e-06	1.0	0.0
PA14_51340,mvfR_4563218|1	19.7857142857	8.66277282795e-06	1.0	0.0
PA14_62350,phuR_5561332|1	19.7857142857	8.66277282795e-06	1.0	0.0
PA14_59150_5266420|1	19.7857142857	8.66277282795e-06	1.0	0.0
PA14_54930_4872663|4	19.7857142857	8.66277282795e-06	1.0	0.0
PA14_40260_3595676|1	19.7857142857	8.66277282795e-06	1.0	0.0
PA14_13040,cioB_1119397|6	19.7857142857	8.66277282795e-06	1.0	0.0
PA14_33630,pvdJ_2976450|2	19.7857142857	8.66277282795e-06	1.0	0.0
PA14_46650_4158985|1	19.7857142857	8.66277282795e-06	1.0	0.0
PA14_33610_2965240|1	19.7857142857	8.66277282795e-06	1.0	0.0
PA14_00510_43166|81	19.7857142857	8.66277282795e-06	1.0	0.0
PA14_44920_4005543|1	19.7857142857	8.66277282795e-06	1.0	0.0
PA14_62830,tpiA_5605036|1	19.7857142857	8.66277282795e-06	1.0	0.0
PA14_01160_113897|4	19.7857142857	8.66277282795e-06	1.0	0.0
PA14_61200_5460567|1	19.7857142857	8.66277282795e-06	1.0	0.0
PA14_33630,pvdJ_2976186|1	19.7857142857	8.66277282795e-06	1.0	0.0
PA14_07480_641419.1|1	19.7857142857	8.66277282795e-06	1.0	0.0
PA14_33280,pvdL_2921837|1	19.7857142857	8.66277282795e-06	1.0	0.0
PA14_31130_2707594|2	19.7857142857	8.66277282795e-06	1.0	0.0
PA14_48890_4347460|1	19.7857142857	8.66277282795e-06	1.0	0.0
PA14_59200_5271221|1	19.7857142857	8.66277282795e-06	1.0	0.0
PA14_28810_2480817|1	19.7857142857	8.66277282795e-06	1.0	0.0
PA14_35530,bkdA1_3159526|1	19.7857142857	8.66277282795e-06	1.0	0.0
PA14_59540_5298759|1	19.7857142857	8.66277282795e-06	1.0	0.0
PA14_60310,pilY1_5375149|1	19.7857142857	8.66277282795e-06	1.0	0.0
PA14_59160_5267448|1	19.7857142857	8.66277282795e-06	1.0	0.0
PA14_33610_2959672|1	19.7857142857	8.66277282795e-06	1.0	0.0
PA14_33610_2960461|1	19.7857142857	8.66277282795e-06	1.0	0.0
PA14_15360_1303326|1	19.7857142857	8.66277282795e-06	1.0	0.0
PA14_59070_5260743|1	19.7857142857	8.66277282795e-06	1.0	0.0
PA14_00490_41620|396	19.7857142857	8.66277282795e-06	1.0	0.0
PA14_02100_191319|3	19.7857142857	8.66277282795e-06	1.0	0.0
PA14_32830_2870822|2	19.7857142857	8.66277282795e-06	1.0	0.0
PA14_53670_4760239|1	19.7857142857	8.66277282795e-06	1.0	0.0
PA14_33610_2960900|1	19.7857142857	8.66277282795e-06	1.0	0.0
PA14_60010_5344451|1	19.7857142857	8.66277282795e-06	1.0	0.0
PA14_32840_2873623|1	19.7857142857	8.66277282795e-06	1.0	0.0
PA14_47910_4265047|1	19.7857142857	8.66277282795e-06	1.0	0.0
PA14_19710_1700598|2	19.7857142857	8.66277282795e-06	1.0	0.0
PA14_49020_4353437|1	19.7857142857	8.66277282795e-06	1.0	0.0
PA14_68780_6134310|1	19.7857142857	8.66277282795e-06	1.0	0.0
PA14_32790_2862449|1	19.7857142857	8.66277282795e-06	1.0	0.0
PA14_33650,pvdD_2980226|1	19.7857142857	8.66277282795e-06	1.0	0.0
PA14_15435_1307661|1	19.7857142857	8.66277282795e-06	1.0	0.0
PA14_59910_5335104|3	19.7857142857	8.66277282795e-06	1.0	0.0
PA14_65795_5860628|1	19.7857142857	8.66277282795e-06	1.0	0.0
PA14_55400_4923754|1	19.7857142857	8.66277282795e-06	1.0	0.0
PA14_65605,parC_5845533|1	19.7857142857	8.66277282795e-06	1.0	0.0
PA14_45960,lasR_4085979|1	19.7857142857	8.66277282795e-06	1.0	0.0
PA14_33360_2936986|1	19.7857142857	8.66277282795e-06	1.0	0.0
PA14_47960_4269768|1	19.7857142857	8.66277282795e-06	1.0	0.0
PA14_13940_1197578|1	19.7857142857	8.66277282795e-06	1.0	0.0
PA14_58600_5220510|1	19.383820151	1.06908995989e-05	7.0	26.0
PA14_47870_4260027|1	19.1280993375	1.22232000587e-05	4.0	9.0
PA14_33610_2970878|1	19.1280993375	1.22232000587e-05	4.0	9.0
PA14_33530_2950963|1	19.1280993375	1.22232000587e-05	4.0	9.0
PA14_33690,pvdE_2989648|1	18.9423969532	1.34725104056e-05	6.0	20.0
PA14_33610_2959706|1	18.6668708097	1.55663763765e-05	3.0	5.0
PA14_61170_5455201|1	18.6668708097	1.55663763765e-05	3.0	5.0
PA14_23360,wzz_2027153|1	18.6668708097	1.55663763765e-05	3.0	5.0
PA14_23360,wzz_2027159|1	18.6668708097	1.55663763765e-05	3.0	5.0
PA14_53540_4747364|1	18.6668708097	1.55663763765e-05	3.0	5.0
PA14_36900_3287706|1	18.6668708097	1.55663763765e-05	3.0	5.0
PA14_48540_4316454|1	18.6668708097	1.55663763765e-05	3.0	5.0
PA14_67065,mdoH_5986006|2	18.6668708097	1.55663763765e-05	3.0	5.0
PA14_23460,orfN_2040390|1	18.6668708097	1.55663763765e-05	3.0	5.0
PA14_31240_2715674|1	18.6668708097	1.55663763765e-05	3.0	5.0
PA14_23360,wzz_2026954|1	18.6668708097	1.55663763765e-05	3.0	5.0
PA14_23360,wzz_2027173|2	18.6668708097	1.55663763765e-05	3.0	5.0
PA14_33650,pvdD_2981668|1	18.6668708097	1.55663763765e-05	3.0	5.0
PA14_33610_2969777|1	18.6668708097	1.55663763765e-05	3.0	5.0
PA14_18790,opmE_1619704|1	18.6668708097	1.55663763765e-05	3.0	5.0
PA14_33450,treA_2944720|1	18.6668708097	1.55663763765e-05	3.0	5.0
PA14_18630,eprS_1602015|1	18.6668708097	1.55663763765e-05	3.0	5.0
PA14_23460,orfN_2040452|1	18.6668708097	1.55663763765e-05	3.0	5.0
PA14_17980,glpF_1545047|1	18.6668708097	1.55663763765e-05	3.0	5.0
PA14_30590_2650108|1	18.6668708097	1.55663763765e-05	3.0	5.0
PA14_23350,orfA_2026560|5	18.6668708097	1.55663763765e-05	3.0	5.0
PA14_26540_2312767|1	17.8731304796	2.36131595986e-05	6.0	21.0
PA14_48610_4322442|1	17.8731304796	2.36131595986e-05	6.0	21.0
PA14_33630,pvdJ_2977430|1	17.8731304796	2.36131595986e-05	6.0	21.0
PA14_50620_4498278|1	17.836255802	2.40751911649e-05	2.0	2.0
PA14_11020,fabG_953498|1	17.836255802	2.40751911649e-05	2.0	2.0
PA14_14060_1206146|1	17.836255802	2.40751911649e-05	2.0	2.0
PA14_65390,yjeF_5826028|1	17.836255802	2.40751911649e-05	2.0	2.0
PA14_30490_2640159|1	17.836255802	2.40751911649e-05	2.0	2.0
PA14_07860_678450|1	17.836255802	2.40751911649e-05	2.0	2.0
PA14_06450,accC_565803|2	17.836255802	2.40751911649e-05	2.0	2.0
PA14_31900_2778042|1	17.836255802	2.40751911649e-05	2.0	2.0
PA14_31180_2710629|1	17.836255802	2.40751911649e-05	2.0	2.0
PA14_61910_5521491|1	17.836255802	2.40751911649e-05	2.0	2.0
PA14_18830_1624575|2	17.836255802	2.40751911649e-05	2.0	2.0
PA14_17650_1517229|2	17.836255802	2.40751911649e-05	2.0	2.0
PA14_39770_3542457|1	17.836255802	2.40751911649e-05	2.0	2.0
PA14_40330_3604670|1	17.836255802	2.40751911649e-05	2.0	2.0
PA14_32790_2861282|1	17.836255802	2.40751911649e-05	2.0	2.0
PA14_50610_4497584|1	17.836255802	2.40751911649e-05	2.0	2.0
PA14_73190,glmR_6518759|1	17.836255802	2.40751911649e-05	2.0	2.0
PA14_41280_3685722|1	17.836255802	2.40751911649e-05	2.0	2.0
PA14_28820_2487929|1	17.836255802	2.40751911649e-05	2.0	2.0
PA14_31160_2709131|1	17.836255802	2.40751911649e-05	2.0	2.0
PA14_60130_5356314.1|1	17.836255802	2.40751911649e-05	2.0	2.0
PA14_36050_3211326|2	17.836255802	2.40751911649e-05	2.0	2.0
PA14_48930_4349901.1|1	17.836255802	2.40751911649e-05	2.0	2.0
PA14_36375_3240522|1	17.836255802	2.40751911649e-05	2.0	2.0
PA14_03290_298612|1	17.836255802	2.40751911649e-05	2.0	2.0
PA14_02410_217276|1	17.836255802	2.40751911649e-05	2.0	2.0
PA14_02830,pcaB_251196|5	17.836255802	2.40751911649e-05	2.0	2.0
PA14_29830_2583498|1	17.836255802	2.40751911649e-05	2.0	2.0
PA14_31240_2716778.1|1	17.836255802	2.40751911649e-05	2.0	2.0
PA14_14060_1206036|2	17.836255802	2.40751911649e-05	2.0	2.0
PA14_71430_6362102|1	17.836255802	2.40751911649e-05	2.0	2.0
PA14_08000_688813|1	17.836255802	2.40751911649e-05	2.0	2.0
PA14_33610_2961766.1|1	17.836255802	2.40751911649e-05	2.0	2.0
PA14_12050_1040777|1	17.836255802	2.40751911649e-05	2.0	2.0
PA14_33360_2937110.2|1	17.836255802	2.40751911649e-05	2.0	2.0
PA14_48890_4346957|1	17.836255802	2.40751911649e-05	2.0	2.0
PA14_09710,aldH_835958|7	17.836255802	2.40751911649e-05	2.0	2.0
PA14_32790_2863236|1	17.836255802	2.40751911649e-05	2.0	2.0
PA14_18640_1603786|10	17.836255802	2.40751911649e-05	2.0	2.0
PA14_52190,rumA_4629380|1	17.836255802	2.40751911649e-05	2.0	2.0
PA14_33360_2937147.1|1	17.836255802	2.40751911649e-05	2.0	2.0
PA14_23830,fimV_2071256|7	17.836255802	2.40751911649e-05	2.0	2.0
PA14_24610_2151553|1	17.836255802	2.40751911649e-05	2.0	2.0
PA14_67210_5998776|1	17.836255802	2.40751911649e-05	2.0	2.0
PA14_02060_188151|2	17.836255802	2.40751911649e-05	2.0	2.0
PA14_28840_2489712|1	17.836255802	2.40751911649e-05	2.0	2.0
PA14_33610_2971688|1	17.836255802	2.40751911649e-05	2.0	2.0
PA14_28820_2487586|1	17.836255802	2.40751911649e-05	2.0	2.0
PA14_60850,mexC_5427119|1	17.836255802	2.40751911649e-05	2.0	2.0
PA14_33650,pvdD_2978918|1	17.836255802	2.40751911649e-05	2.0	2.0
PA14_44920_4005495|1	17.836255802	2.40751911649e-05	2.0	2.0
PA14_02980_261000|3	17.836255802	2.40751911649e-05	2.0	2.0
PA14_33630,pvdJ_2977420|1	17.836255802	2.40751911649e-05	2.0	2.0
PA14_04340_388704|3	17.836255802	2.40751911649e-05	2.0	2.0
PA14_27370,deaD_2375116|3	17.836255802	2.40751911649e-05	2.0	2.0
PA14_07380_633277|1	17.836255802	2.40751911649e-05	2.0	2.0
PA14_33360_2936366|1	17.836255802	2.40751911649e-05	2.0	2.0
PA14_33610_2969809|1	17.836255802	2.40751911649e-05	2.0	2.0
PA14_33610_2968487|1	17.836255802	2.40751911649e-05	2.0	2.0
PA14_67180_5996515|1	17.836255802	2.40751911649e-05	2.0	2.0
