feature	score	p-value	#I-out-of-44	#O-out-of-148
,,group_4925	16.8181818182	4.11372718153e-05	5.0	0.0
,,group_7723	13.4099569018	0.000250292164959	26.0	35.0
,,group_73	12.398034398	0.000429786016725	5.0	1.0
,,group_1343	11.8044515103	0.00059089267208	22.0	29.0
,,group_14835	10.3249944159	0.00131240657264	7.0	4.0
,,group_14843	10.3249944159	0.00131240657264	7.0	4.0
,,group_108	10.3249944159	0.00131240657264	7.0	4.0
,,group_4394	10.3078132678	0.00132468156078	21.0	29.0
,,group_10160	10.0909090909	0.00149002578928	3.0	0.0
,,group_24329	10.0909090909	0.00149002578928	3.0	0.0
,,group_10163	10.0909090909	0.00149002578928	3.0	0.0
,,group_24330	10.0909090909	0.00149002578928	3.0	0.0
,,group_2181	10.0909090909	0.00149002578928	3.0	0.0
,,group_5995	10.0909090909	0.00149002578928	3.0	0.0
,,group_24328	10.0909090909	0.00149002578928	3.0	0.0
,,mdtE_3	9.75184275184	0.00179143048135	6.0	3.0
,,group_6864	9.75184275184	0.00179143048135	6.0	3.0
,,group_14150	9.75184275184	0.00179143048135	6.0	3.0
PA14_55470,hxcY,group_5268	9.55282555283	0.00199641866669	2.0	46.0
,,group_11622	9.49709039183	0.00205797984393	10.0	9.0
,,group_9893	9.28395928396	0.00231169221614	8.0	6.0
,,group_483	9.28395928396	0.00231169221614	8.0	6.0
,,group_16566	9.28395928396	0.00231169221614	8.0	6.0
,,ugpA_2	9.2230958231	0.00238981110157	4.0	1.0
,,exoA_1	9.2230958231	0.00238981110157	4.0	1.0
,,group_4080	9.2230958231	0.00238981110157	4.0	1.0
,,group_21587	9.2230958231	0.00238981110157	4.0	1.0
,,group_38402	9.2230958231	0.00238981110157	4.0	1.0
,,group_21586	9.2230958231	0.00238981110157	4.0	1.0
,,group_16259	8.67538661656	0.00322536423643	9.0	8.0
,,ptlH_1	8.52088452088	0.0035109380388	7.0	5.0
,,group_576	8.52088452088	0.0035109380388	7.0	5.0
,,group_23311	8.52088452088	0.0035109380388	7.0	5.0
,,group_21588	8.30466830467	0.00395433036671	10.0	10.0
,,group_3834	8.30466830467	0.00395433036671	10.0	10.0
,,group_21593	8.30466830467	0.00395433036671	10.0	10.0
,,group_11627	8.30466830467	0.00395433036671	10.0	10.0
,,group_9947	8.30466830467	0.00395433036671	10.0	10.0
,,group_13705	8.30466830467	0.00395433036671	10.0	10.0
,,group_21589	8.30466830467	0.00395433036671	10.0	10.0
,,group_16564	8.30466830467	0.00395433036671	10.0	10.0
PA14_55410,,phoA2	8.12119307468	0.00437507571323	2.0	41.0
,,group_20992	7.92060002586	0.00488750603464	16.0	22.0
,,group_16297	7.92060002586	0.00488750603464	16.0	22.0
,,group_13493	7.92060002586	0.00488750603464	16.0	22.0
,,group_20991	7.92060002586	0.00488750603464	16.0	22.0
,,group_16296	7.92060002586	0.00488750603464	16.0	22.0
,,group_20993	7.92060002586	0.00488750603464	16.0	22.0
,,group_13615	7.92060002586	0.00488750603464	16.0	22.0
,,group_16565	7.85601965602	0.00506517781579	8.0	7.0
,,group_16991	7.85601965602	0.00506517781579	8.0	7.0
,,group_37130	7.78476658477	0.00526885976419	6.0	4.0
,,group_19210	7.78476658477	0.00526885976419	6.0	4.0
,,group_37127	7.78476658477	0.00526885976419	6.0	4.0
,,group_19003	7.78476658477	0.00526885976419	6.0	4.0
,,group_37126	7.78476658477	0.00526885976419	6.0	4.0
,,spo0C_2	7.78476658477	0.00526885976419	6.0	4.0
,,group_12227	7.78476658477	0.00526885976419	6.0	4.0
,,group_19212	7.78476658477	0.00526885976419	6.0	4.0
,,group_34188	7.78476658477	0.00526885976419	6.0	4.0
,,group_37131	7.78476658477	0.00526885976419	6.0	4.0
,,group_34199	7.78476658477	0.00526885976419	6.0	4.0
,,swrC_3	7.78476658477	0.00526885976419	6.0	4.0
,,group_37132	7.78476658477	0.00526885976419	6.0	4.0
,,group_37128	7.78476658477	0.00526885976419	6.0	4.0
,,bepR_3	7.78476658477	0.00526885976419	6.0	4.0
,,group_14911	7.78476658477	0.00526885976419	6.0	4.0
,,group_8767	7.78476658477	0.00526885976419	6.0	4.0
,,group_12124	7.78476658477	0.00526885976419	6.0	4.0
,,group_34198	7.78476658477	0.00526885976419	6.0	4.0
,,group_37129	7.78476658477	0.00526885976419	6.0	4.0
,,group_12123	7.78476658477	0.00526885976419	6.0	4.0
,,group_16561	7.4742014742	0.00625893187336	9.0	9.0
PA14_03200,,group_2381	7.2687960688	0.00701628179807	2.0	38.0
,,group_20204	7.2552602189	0.00706936270822	21.0	34.0
,,doc	7.11321111321	0.0076517921591	20.0	32.0
,,group_15950	7.09582309582	0.00772638006188	5.0	3.0
,,dsbD_3	7.09582309582	0.00772638006188	5.0	3.0
,,group_23373	7.09582309582	0.00772638006188	5.0	3.0
,,group_38400	7.09582309582	0.00772638006188	5.0	3.0
,,group_38401	7.09582309582	0.00772638006188	5.0	3.0
,,group_2084	7.09582309582	0.00772638006188	5.0	3.0
,,group_38399	7.09582309582	0.00772638006188	5.0	3.0
,,group_23334	7.09582309582	0.00772638006188	5.0	3.0
,,group_38396	7.09582309582	0.00772638006188	5.0	3.0
,,group_17156	7.09582309582	0.00772638006188	5.0	3.0
,,group_23032	7.09582309582	0.00772638006188	5.0	3.0
,,resA_3	7.09582309582	0.00772638006188	5.0	3.0
,,group_23030	7.09582309582	0.00772638006188	5.0	3.0
,,group_30803	7.09582309582	0.00772638006188	5.0	3.0
,,group_38397	7.09582309582	0.00772638006188	5.0	3.0
,,group_38405	7.09582309582	0.00772638006188	5.0	3.0
,,qseB_4	7.09582309582	0.00772638006188	5.0	3.0
,,gloC_3	7.09582309582	0.00772638006188	5.0	3.0
,,group_38095	7.09582309582	0.00772638006188	5.0	3.0
,,group_23033	7.09582309582	0.00772638006188	5.0	3.0
,,group_23016	7.09582309582	0.00772638006188	5.0	3.0
,,group_38398	7.09582309582	0.00772638006188	5.0	3.0
,,group_30804	7.09582309582	0.00772638006188	5.0	3.0
,,group_23029	7.09582309582	0.00772638006188	5.0	3.0
,,group_8215	7.09582309582	0.00772638006188	5.0	3.0
,,group_5960	7.09582309582	0.00772638006188	5.0	3.0
,,group_10115	7.09582309582	0.00772638006188	5.0	3.0
,,group_23046	7.09582309582	0.00772638006188	5.0	3.0
,,qseC_4	7.09582309582	0.00772638006188	5.0	3.0
,,group_38404	7.09582309582	0.00772638006188	5.0	3.0
,,group_38403	7.09582309582	0.00772638006188	5.0	3.0
,,tsdA_2	7.09582309582	0.00772638006188	5.0	3.0
,,group_23335	7.09582309582	0.00772638006188	5.0	3.0
,,group_11565	7.04006804007	0.00797060034469	7.0	6.0
,,group_2408	7.04006804007	0.00797060034469	7.0	6.0
,,group_11626	7.04006804007	0.00797060034469	7.0	6.0
,,traG_3	7.04006804007	0.00797060034469	7.0	6.0
,,group_640	7.04006804007	0.00797060034469	7.0	6.0
PA14_55400,,hxuA_4	6.99946586903	0.00815340404617	3.0	43.0
,,group_7525	6.75586330132	0.00934401274374	24.0	42.0
,,group_37190	6.72727272727	0.0094949667439	2.0	0.0
,,group_14970	6.72727272727	0.0094949667439	2.0	0.0
,,group_19216	6.72727272727	0.0094949667439	2.0	0.0
,,group_18048	6.72727272727	0.0094949667439	2.0	0.0
,,group_8919	6.72727272727	0.0094949667439	2.0	0.0
,,group_10560	6.72727272727	0.0094949667439	2.0	0.0
,,group_34090	6.72727272727	0.0094949667439	2.0	0.0
,,group_18050	6.72727272727	0.0094949667439	2.0	0.0
,,group_35918	6.72727272727	0.0094949667439	2.0	0.0
,,group_14539	6.72727272727	0.0094949667439	2.0	0.0
,,group_18046	6.72727272727	0.0094949667439	2.0	0.0
,,group_19053	6.72727272727	0.0094949667439	2.0	0.0
,,group_14792	6.72727272727	0.0094949667439	2.0	0.0
,,group_37182	6.72727272727	0.0094949667439	2.0	0.0
,,group_14844	6.72727272727	0.0094949667439	2.0	0.0
,,pld1	6.72727272727	0.0094949667439	2.0	0.0
,,group_14536	6.72727272727	0.0094949667439	2.0	0.0
,,group_37173	6.72727272727	0.0094949667439	2.0	0.0
,,group_35870	6.72727272727	0.0094949667439	2.0	0.0
,,group_37168	6.72727272727	0.0094949667439	2.0	0.0
,,group_17062	6.72727272727	0.0094949667439	2.0	0.0
,,group_906	6.72727272727	0.0094949667439	2.0	0.0
,,group_37192	6.72727272727	0.0094949667439	2.0	0.0
,,group_14968	6.72727272727	0.0094949667439	2.0	0.0
,,group_1819	6.72727272727	0.0094949667439	2.0	0.0
,,yejK_3	6.72727272727	0.0094949667439	2.0	0.0
,,group_37181	6.72727272727	0.0094949667439	2.0	0.0
,,group_14538	6.72727272727	0.0094949667439	2.0	0.0
,,group_3457	6.72727272727	0.0094949667439	2.0	0.0
,,group_22148	6.72727272727	0.0094949667439	2.0	0.0
,,group_37184	6.72727272727	0.0094949667439	2.0	0.0
,,group_19217	6.72727272727	0.0094949667439	2.0	0.0
,,group_37193	6.72727272727	0.0094949667439	2.0	0.0
,,group_36711	6.72727272727	0.0094949667439	2.0	0.0
,,group_37171	6.72727272727	0.0094949667439	2.0	0.0
,,group_6159	6.72727272727	0.0094949667439	2.0	0.0
,,group_35917	6.72727272727	0.0094949667439	2.0	0.0
,,group_37172	6.72727272727	0.0094949667439	2.0	0.0
,,group_37194	6.72727272727	0.0094949667439	2.0	0.0
,,alaA_2	6.72727272727	0.0094949667439	2.0	0.0
,,group_12552	6.72727272727	0.0094949667439	2.0	0.0
,,group_35038	6.72727272727	0.0094949667439	2.0	0.0
,,group_37178	6.72727272727	0.0094949667439	2.0	0.0
,,group_37174	6.72727272727	0.0094949667439	2.0	0.0
,,group_37191	6.72727272727	0.0094949667439	2.0	0.0
,,group_3793	6.72727272727	0.0094949667439	2.0	0.0
,,group_14544	6.72727272727	0.0094949667439	2.0	0.0
,,group_37179	6.72727272727	0.0094949667439	2.0	0.0
,,group_37195	6.72727272727	0.0094949667439	2.0	0.0
,,group_37186	6.72727272727	0.0094949667439	2.0	0.0
,,group_3890	6.72727272727	0.0094949667439	2.0	0.0
,,iolG	6.72727272727	0.0094949667439	2.0	0.0
,,group_14803	6.72727272727	0.0094949667439	2.0	0.0
,,group_18575	6.72727272727	0.0094949667439	2.0	0.0
,,group_8808	6.72727272727	0.0094949667439	2.0	0.0
,,virB9	6.72727272727	0.0094949667439	2.0	0.0
,,group_30696	6.72727272727	0.0094949667439	2.0	0.0
,,group_9384	6.72727272727	0.0094949667439	2.0	0.0
,,group_24327	6.72727272727	0.0094949667439	2.0	0.0
,,group_18051	6.72727272727	0.0094949667439	2.0	0.0
,,hemA_1	6.72727272727	0.0094949667439	2.0	0.0
,,prkC_3	6.72727272727	0.0094949667439	2.0	0.0
,,group_37187	6.72727272727	0.0094949667439	2.0	0.0
,,group_14533	6.72727272727	0.0094949667439	2.0	0.0
,,yddM	6.72727272727	0.0094949667439	2.0	0.0
,,group_37176	6.72727272727	0.0094949667439	2.0	0.0
,,group_37189	6.72727272727	0.0094949667439	2.0	0.0
,,group_25816	6.72727272727	0.0094949667439	2.0	0.0
,,group_37169	6.72727272727	0.0094949667439	2.0	0.0
,,group_37251	6.72727272727	0.0094949667439	2.0	0.0
,,group_7448	6.72727272727	0.0094949667439	2.0	0.0
,,group_10353	6.72727272727	0.0094949667439	2.0	0.0
,,group_26436	6.72727272727	0.0094949667439	2.0	0.0
,,group_7533	6.72727272727	0.0094949667439	2.0	0.0
,,group_37180	6.72727272727	0.0094949667439	2.0	0.0
,,group_27456	6.72727272727	0.0094949667439	2.0	0.0
,,group_1329	6.72727272727	0.0094949667439	2.0	0.0
,,group_18676	6.72727272727	0.0094949667439	2.0	0.0
,,group_14543	6.72727272727	0.0094949667439	2.0	0.0
,,group_33156	6.72727272727	0.0094949667439	2.0	0.0
,,group_7486	6.72727272727	0.0094949667439	2.0	0.0
,,group_30903	6.72727272727	0.0094949667439	2.0	0.0
,,group_37175	6.72727272727	0.0094949667439	2.0	0.0
,,group_3612	6.72727272727	0.0094949667439	2.0	0.0
,,group_37185	6.72727272727	0.0094949667439	2.0	0.0
,,group_2290	6.72727272727	0.0094949667439	2.0	0.0
,,group_31515	6.72727272727	0.0094949667439	2.0	0.0
,,group_563	6.72727272727	0.0094949667439	2.0	0.0
,,group_14542	6.72727272727	0.0094949667439	2.0	0.0
,,group_37165	6.72727272727	0.0094949667439	2.0	0.0
,,group_35871	6.72727272727	0.0094949667439	2.0	0.0
,,group_6738	6.72727272727	0.0094949667439	2.0	0.0
,,group_577	6.72727272727	0.0094949667439	2.0	0.0
,,group_24332	6.72727272727	0.0094949667439	2.0	0.0
,,group_7535	6.72727272727	0.0094949667439	2.0	0.0
,,group_9881	6.72727272727	0.0094949667439	2.0	0.0
,,group_31514	6.72727272727	0.0094949667439	2.0	0.0
,,group_32016	6.72727272727	0.0094949667439	2.0	0.0
,,group_206	6.72727272727	0.0094949667439	2.0	0.0
,,group_8943	6.72727272727	0.0094949667439	2.0	0.0
,,group_33157	6.72727272727	0.0094949667439	2.0	0.0
,,group_14537	6.72727272727	0.0094949667439	2.0	0.0
,,hcaR_7	6.72727272727	0.0094949667439	2.0	0.0
,,group_37166	6.72727272727	0.0094949667439	2.0	0.0
,,group_37183	6.72727272727	0.0094949667439	2.0	0.0
,,group_37177	6.72727272727	0.0094949667439	2.0	0.0
,,group_4029	6.72727272727	0.0094949667439	2.0	0.0
,,group_14534	6.72727272727	0.0094949667439	2.0	0.0
,,group_18049	6.72727272727	0.0094949667439	2.0	0.0
,,group_18054	6.72727272727	0.0094949667439	2.0	0.0
,,group_37188	6.72727272727	0.0094949667439	2.0	0.0
,,group_632	6.72727272727	0.0094949667439	2.0	0.0
,,group_8567	6.64373464373	0.00995051245391	8.0	8.0
,,group_8977	6.64373464373	0.00995051245391	8.0	8.0
,,group_1327	6.64373464373	0.00995051245391	8.0	8.0
,,group_8972	6.60835380835	0.0101501450804	16.0	24.0
,,group_3081	6.54054054054	0.010544330567	0.0	22.0
,,group_1827	6.50567766784	0.0107530574281	15.0	22.0
,,group_7964	6.50122850123	0.0107799981953	4.0	2.0
,,group_4203	6.50122850123	0.0107799981953	4.0	2.0
,,group_5902	6.50122850123	0.0107799981953	4.0	2.0
,,group_16590	6.50122850123	0.0107799981953	4.0	2.0
,,group_6763	6.50122850123	0.0107799981953	4.0	2.0
,,group_2287	6.50122850123	0.0107799981953	4.0	2.0
,,group_23254	6.43075132549	0.0112161123771	9.0	10.0
,,group_41	6.43075132549	0.0112161123771	9.0	10.0
,,group_1613	6.43075132549	0.0112161123771	9.0	10.0
,,group_13704	6.3261112352	0.0118972912894	10.0	12.0
,,group_9945	6.3261112352	0.0118972912894	10.0	12.0
,,group_8565	6.3261112352	0.0118972912894	10.0	12.0
,,group_4311	6.3261112352	0.0118972912894	10.0	12.0
,,group_21580	6.3261112352	0.0118972912894	10.0	12.0
,,group_13703	6.3261112352	0.0118972912894	10.0	12.0
,,group_8564	6.3261112352	0.0118972912894	10.0	12.0
,,group_9944	6.3261112352	0.0118972912894	10.0	12.0
,,group_11625	6.3261112352	0.0118972912894	10.0	12.0
,,group_14580	6.22939468394	0.0125646679912	6.0	5.0
,,group_38170	6.22939468394	0.0125646679912	6.0	5.0
,,group_17155	6.22939468394	0.0125646679912	6.0	5.0
,,group_23050	6.22939468394	0.0125646679912	6.0	5.0
,,group_23047	6.22939468394	0.0125646679912	6.0	5.0
,,group_23036	6.22939468394	0.0125646679912	6.0	5.0
,,group_23053	6.22939468394	0.0125646679912	6.0	5.0
,,group_23051	6.22939468394	0.0125646679912	6.0	5.0
,,group_16261	6.22939468394	0.0125646679912	6.0	5.0
,,group_11258	6.22939468394	0.0125646679912	6.0	5.0
,,group_338	6.22939468394	0.0125646679912	6.0	5.0
,,group_3686	6.22939468394	0.0125646679912	6.0	5.0
,,group_23042	6.22939468394	0.0125646679912	6.0	5.0
,,group_23034	6.22939468394	0.0125646679912	6.0	5.0
,,group_4865	6.22939468394	0.0125646679912	6.0	5.0
,,group_4833	6.22939468394	0.0125646679912	6.0	5.0
,,group_11392	6.22939468394	0.0125646679912	6.0	5.0
,,group_17154	6.22939468394	0.0125646679912	6.0	5.0
,,group_23048	6.22939468394	0.0125646679912	6.0	5.0
,,group_11309	6.22939468394	0.0125646679912	6.0	5.0
,,group_23052	6.22939468394	0.0125646679912	6.0	5.0
,,group_23057	6.22939468394	0.0125646679912	6.0	5.0
,,group_23049	6.22939468394	0.0125646679912	6.0	5.0
,,group_30646	6.22939468394	0.0125646679912	6.0	5.0
,,group_6164	6.22939468394	0.0125646679912	6.0	5.0
,,group_23054	6.22939468394	0.0125646679912	6.0	5.0
,,group_23040	6.22939468394	0.0125646679912	6.0	5.0
,,group_23041	6.22939468394	0.0125646679912	6.0	5.0
,,group_2205	6.22939468394	0.0125646679912	6.0	5.0
,,group_8227	6.22939468394	0.0125646679912	6.0	5.0
,,group_23035	6.22939468394	0.0125646679912	6.0	5.0
,,group_23045	6.22939468394	0.0125646679912	6.0	5.0
,,group_8738	6.22939468394	0.0125646679912	6.0	5.0
,,group_17157	6.22939468394	0.0125646679912	6.0	5.0
,,group_23043	6.22939468394	0.0125646679912	6.0	5.0
,,group_23031	6.22939468394	0.0125646679912	6.0	5.0
,,group_3011	6.22939468394	0.0125646679912	6.0	5.0
,,group_2988	6.22939468394	0.0125646679912	6.0	5.0
,,group_3422	6.22939468394	0.0125646679912	6.0	5.0
,,group_23056	6.22939468394	0.0125646679912	6.0	5.0
,,group_16287	6.22939468394	0.0125646679912	6.0	5.0
,,group_23038	6.22939468394	0.0125646679912	6.0	5.0
,,group_38171	6.22939468394	0.0125646679912	6.0	5.0
,,virB4_3	6.22939468394	0.0125646679912	6.0	5.0
,,group_16110	6.22939468394	0.0125646679912	6.0	5.0
,,group_23044	6.22939468394	0.0125646679912	6.0	5.0
,,group_23037	6.22939468394	0.0125646679912	6.0	5.0
,,group_18572	6.22939468394	0.0125646679912	6.0	5.0
,,dncV	6.22939468394	0.0125646679912	6.0	5.0
,,group_23055	6.22939468394	0.0125646679912	6.0	5.0
PA14_31110,,group_3374	6.22223163602	0.0126156001465	1.0	28.0
,,group_14371	6.14250614251	0.0131970145561	3.0	1.0
,,group_16889	6.14250614251	0.0131970145561	3.0	1.0
,,exoA_2	6.14250614251	0.0131970145561	3.0	1.0
,,mcrB	6.14250614251	0.0131970145561	3.0	1.0
,,group_29757	6.14250614251	0.0131970145561	3.0	1.0
,,group_4134	6.14250614251	0.0131970145561	3.0	1.0
,,group_14562	6.14250614251	0.0131970145561	3.0	1.0
,,group_24286	6.14250614251	0.0131970145561	3.0	1.0
,,group_24289	6.14250614251	0.0131970145561	3.0	1.0
,,group_7106	6.14250614251	0.0131970145561	3.0	1.0
,,group_7555	6.14250614251	0.0131970145561	3.0	1.0
,,group_29758	6.14250614251	0.0131970145561	3.0	1.0
,,group_24287	6.14250614251	0.0131970145561	3.0	1.0
,,group_356	6.14250614251	0.0131970145561	3.0	1.0
,,group_25074	6.14250614251	0.0131970145561	3.0	1.0
,,group_24288	6.14250614251	0.0131970145561	3.0	1.0
,,group_8209	6.02199316833	0.014128681422	16.0	25.0
PA14_55430,hxcS,group_9510	5.95153004244	0.014704517762	5.0	50.0
,,group_16557	5.81326781327	0.0159057115124	7.0	7.0
,,group_176	5.81326781327	0.0159057115124	7.0	7.0
,,group_23018	5.81326781327	0.0159057115124	7.0	7.0
,,group_2984	5.81326781327	0.0159057115124	7.0	7.0
,,group_10324	5.81326781327	0.0159057115124	7.0	7.0
,,group_21579	5.81326781327	0.0159057115124	7.0	7.0
,,group_16558	5.81326781327	0.0159057115124	7.0	7.0
,,group_3533	5.81326781327	0.0159057115124	7.0	7.0
,,group_21581	5.81326781327	0.0159057115124	7.0	7.0
PA14_55360,exbB2,group_8127	5.70188370188	0.0169467157287	5.0	49.0
,,group_23458	5.60904755022	0.0178679724907	8.0	9.0
,,group_922	5.60904755022	0.0178679724907	8.0	9.0
,,group_17313	5.60904755022	0.0178679724907	8.0	9.0
,,group_23460	5.60904755022	0.0178679724907	8.0	9.0
,,group_2615	5.59595018216	0.0180020442059	12.0	17.0
,,group_282	5.5343035343	0.0186471858709	11.0	15.0
PA14_07480,,ltrA_1	5.52172094725	0.0187817731307	4.0	43.0
,,group_7793	5.52137592138	0.0187854777389	9.0	11.0
,,rdgC_1	5.52137592138	0.0187854777389	9.0	11.0
,,group_9941	5.50464693943	0.0189660087277	10.0	13.0
,,group_12179	5.50464693943	0.0189660087277	10.0	13.0
,,group_20199	5.42751842752	0.0198218271023	5.0	4.0
,,group_21295	5.42751842752	0.0198218271023	5.0	4.0
,,group_13273	5.42751842752	0.0198218271023	5.0	4.0
,,group_1008	5.42751842752	0.0198218271023	5.0	4.0
,,mdtF	5.42751842752	0.0198218271023	5.0	4.0
,,group_23312	5.42751842752	0.0198218271023	5.0	4.0
,,group_5732	5.42751842752	0.0198218271023	5.0	4.0
,,group_34196	5.42751842752	0.0198218271023	5.0	4.0
,,arsC_7	5.42751842752	0.0198218271023	5.0	4.0
,,group_381	5.42751842752	0.0198218271023	5.0	4.0
,,group_20451	5.42751842752	0.0198218271023	5.0	4.0
,,group_7659	5.42751842752	0.0198218271023	5.0	4.0
,,group_205	5.42751842752	0.0198218271023	5.0	4.0
,,group_930	5.42751842752	0.0198218271023	5.0	4.0
,,group_1027	5.42751842752	0.0198218271023	5.0	4.0
,,group_23459	5.42751842752	0.0198218271023	5.0	4.0
,,group_20449	5.42751842752	0.0198218271023	5.0	4.0
,,group_3833	5.42751842752	0.0198218271023	5.0	4.0
,,group_20200	5.42751842752	0.0198218271023	5.0	4.0
,,group_666	5.42751842752	0.0198218271023	5.0	4.0
,,group_30645	5.42751842752	0.0198218271023	5.0	4.0
,,group_13471	5.42751842752	0.0198218271023	5.0	4.0
,,group_4557	5.42751842752	0.0198218271023	5.0	4.0
,,group_20201	5.42751842752	0.0198218271023	5.0	4.0
,,group_6434	5.35286335286	0.020688268948	1.0	25.0
PA14_39470,,group_21414	5.35135135135	0.0207062164725	0.0	18.0
,,group_9639	5.3077953987	0.0212302051655	2.0	31.0
PA14_35890,,group_9665	5.05405405405	0.0245683899446	0.0	17.0
PA14_39480,,group_11493	5.05405405405	0.0245683899446	0.0	17.0
PA14_51530,exoU,group_3676	5.03194103194	0.024883995134	2.0	30.0
,,group_13276	5.01277641278	0.0251609235847	4.0	41.0
,,group_11239	5.01277641278	0.0251609235847	4.0	41.0
,,group_20428	5.01277641278	0.0251609235847	4.0	41.0
,,group_23377	4.9828009828	0.0256005023401	6.0	6.0
,,group_23381	4.9828009828	0.0256005023401	6.0	6.0
,,group_23379	4.9828009828	0.0256005023401	6.0	6.0
,,group_23386	4.9828009828	0.0256005023401	6.0	6.0
,,group_21495	4.9828009828	0.0256005023401	6.0	6.0
,,group_17294	4.9828009828	0.0256005023401	6.0	6.0
,,group_16469	4.9828009828	0.0256005023401	6.0	6.0
,,group_30712	4.9828009828	0.0256005023401	6.0	6.0
,,group_23383	4.9828009828	0.0256005023401	6.0	6.0
,,group_2871	4.9828009828	0.0256005023401	6.0	6.0
,,group_13281	4.9828009828	0.0256005023401	6.0	6.0
,,group_8753	4.9828009828	0.0256005023401	6.0	6.0
,,group_14148	4.9828009828	0.0256005023401	6.0	6.0
,,group_20432	4.9828009828	0.0256005023401	6.0	6.0
,,ptlF_1	4.9828009828	0.0256005023401	6.0	6.0
,,group_5351	4.9828009828	0.0256005023401	6.0	6.0
,,cya_1	4.9828009828	0.0256005023401	6.0	6.0
,,group_880	4.9828009828	0.0256005023401	6.0	6.0
,,group_23308	4.9828009828	0.0256005023401	6.0	6.0
,,group_23380	4.9828009828	0.0256005023401	6.0	6.0
,,group_23378	4.9828009828	0.0256005023401	6.0	6.0
,,rimK_3	4.9828009828	0.0256005023401	6.0	6.0
,,ltxD	4.9828009828	0.0256005023401	6.0	6.0
,,group_16470	4.9828009828	0.0256005023401	6.0	6.0
,,group_14223	4.9828009828	0.0256005023401	6.0	6.0
,,group_7032	4.9828009828	0.0256005023401	6.0	6.0
,,group_23309	4.9828009828	0.0256005023401	6.0	6.0
,,group_23307	4.9828009828	0.0256005023401	6.0	6.0
,,group_11230	4.9828009828	0.0256005023401	6.0	6.0
,,group_1944	4.9828009828	0.0256005023401	6.0	6.0
,,group_4303	4.9828009828	0.0256005023401	6.0	6.0
PA14_34370,mtlk,group_8090	4.85426095952	0.0275779259335	3.0	35.0
PA14_20690,,group_21413	4.85426095952	0.0275779259335	3.0	35.0
PA14_34420,mtlE,group_1691	4.85426095952	0.0275779259335	3.0	35.0
,,group_16559	4.78968058968	0.0286307354076	7.0	8.0
,,group_8979	4.78968058968	0.0286307354076	7.0	8.0
,,intS	4.78968058968	0.0286307354076	7.0	8.0
,,group_11952	4.78968058968	0.0286307354076	7.0	8.0
PA14_59010,,group_2624	4.78968058968	0.0286307354076	7.0	8.0
,,torI	4.78968058968	0.0286307354076	7.0	8.0
,,group_1741	4.78968058968	0.0286307354076	7.0	8.0
,,group_16172	4.77641277641	0.0288521636178	1.0	23.0
PA14_33610,,grsB	4.77641277641	0.0288521636178	1.0	23.0
PA14_04710,,group_21319	4.76122403395	0.0291078410238	4.0	40.0
,,group_2269	4.75675675676	0.029183488433	0.0	16.0
,,group_13562	4.75675675676	0.029183488433	0.0	16.0
,,group_3560	4.75675675676	0.029183488433	0.0	16.0
,,group_4936	4.75675675676	0.029183488433	0.0	16.0
,,group_20203	4.72692172692	0.0296939841271	9.0	12.0
PA14_40240,,apxIB_1	4.67401304243	0.0306222935427	20.0	113.0
,,group_320	4.66332425792	0.0308134786921	14.0	23.0
,,group_11623	4.64197964198	0.0311989932889	4.0	3.0
,,group_7582	4.64197964198	0.0311989932889	4.0	3.0
,,group_799	4.64197964198	0.0311989932889	4.0	3.0
,,group_6163	4.64197964198	0.0311989932889	4.0	3.0
,,group_2846	4.64197964198	0.0311989932889	4.0	3.0
,,group_20676	4.64197964198	0.0311989932889	4.0	3.0
,,group_66	4.64197964198	0.0311989932889	4.0	3.0
,,group_748	4.64197964198	0.0311989932889	4.0	3.0
,,group_7580	4.64197964198	0.0311989932889	4.0	3.0
,,group_8182	4.64197964198	0.0311989932889	4.0	3.0
,,group_25221	4.64197964198	0.0311989932889	4.0	3.0
,,ramA_4	4.60114660115	0.031950580757	19.0	35.0
,,group_11241	4.51179932575	0.0336618117272	4.0	39.0
,,group_24694	4.45945945946	0.0347084791334	0.0	15.0
,,group_364	4.45945945946	0.0347084791334	0.0	15.0
,,group_20863	4.45945945946	0.0347084791334	0.0	15.0
,,group_7519	4.39227315089	0.0361021487107	20.0	38.0
,,group_7545	4.2471042471	0.0393173173523	11.0	17.0
,,group_15964	4.2471042471	0.0393173173523	11.0	17.0
,,group_11395	4.2471042471	0.0393173173523	11.0	17.0
PA14_28230,,group_21264	4.2457002457	0.0393498389988	5.0	43.0
PA14_28240,,group_13529	4.2457002457	0.0393498389988	5.0	43.0
PA14_28170,yfdC,group_2955	4.2457002457	0.0393498389988	5.0	43.0
PA14_28250,,hel	4.2457002457	0.0393498389988	5.0	43.0
PA14_10140,fepG,group_4142	4.21325086842	0.0401093989186	2.0	27.0
,,group_4430	4.20326111235	0.0403463198544	1.0	21.0
PA14_51650,,xerC_2	4.19116677653	0.0406351211902	11.0	71.0
PA14_01200,,group_21317	4.16216216216	0.0413366047294	0.0	14.0
,,group_9822	4.16216216216	0.0413366047294	0.0	14.0
,,group_13565	4.16216216216	0.0413366047294	0.0	14.0
PA14_59390,,group_11336	4.16216216216	0.0413366047294	0.0	14.0
,,group_16400	4.16216216216	0.0413366047294	0.0	14.0
,,group_9842	4.16216216216	0.0413366047294	0.0	14.0
,,group_5297	4.16216216216	0.0413366047294	0.0	14.0
,,group_16064	4.16216216216	0.0413366047294	0.0	14.0
PA14_01220,,group_21316	4.16216216216	0.0413366047294	0.0	14.0
,,group_13235	4.15233415233	0.0415771730458	5.0	5.0
,,group_5379	4.15233415233	0.0415771730458	5.0	5.0
,,group_6978	4.15233415233	0.0415771730458	5.0	5.0
,,group_20192	4.15233415233	0.0415771730458	5.0	5.0
,,group_13357	4.15233415233	0.0415771730458	5.0	5.0
,,group_3734	4.15233415233	0.0415771730458	5.0	5.0
,,group_1906	4.15233415233	0.0415771730458	5.0	5.0
,,group_23021	4.15233415233	0.0415771730458	5.0	5.0
,,group_8202	4.15233415233	0.0415771730458	5.0	5.0
,,group_20181	4.15233415233	0.0415771730458	5.0	5.0
,,group_20202	4.15233415233	0.0415771730458	5.0	5.0
,,group_2678	4.15233415233	0.0415771730458	5.0	5.0
,,group_35731	4.15233415233	0.0415771730458	5.0	5.0
,,group_401	4.15233415233	0.0415771730458	5.0	5.0
,,group_13358	4.15233415233	0.0415771730458	5.0	5.0
,,group_20208	4.15233415233	0.0415771730458	5.0	5.0
,,group_449	4.15233415233	0.0415771730458	5.0	5.0
,,group_16109	4.15233415233	0.0415771730458	5.0	5.0
,,group_20452	4.15233415233	0.0415771730458	5.0	5.0
,,group_7765	4.15233415233	0.0415771730458	5.0	5.0
,,group_23025	4.15233415233	0.0415771730458	5.0	5.0
,,group_6299	4.15233415233	0.0415771730458	5.0	5.0
,,group_20798	4.15233415233	0.0415771730458	5.0	5.0
,,luxQ_1	4.15233415233	0.0415771730458	5.0	5.0
,,group_17153	4.15233415233	0.0415771730458	5.0	5.0
,,group_20210	4.15233415233	0.0415771730458	5.0	5.0
,,group_2317	4.15233415233	0.0415771730458	5.0	5.0
,,group_20197	4.15233415233	0.0415771730458	5.0	5.0
,,group_20455	4.15233415233	0.0415771730458	5.0	5.0
,,group_20598	4.15233415233	0.0415771730458	5.0	5.0
,,group_20182	4.15233415233	0.0415771730458	5.0	5.0
,,ptlF_2	4.15233415233	0.0415771730458	5.0	5.0
,,recF_5	4.15233415233	0.0415771730458	5.0	5.0
,,group_23022	4.15233415233	0.0415771730458	5.0	5.0
,,group_20458	4.15233415233	0.0415771730458	5.0	5.0
,,group_20632	4.15233415233	0.0415771730458	5.0	5.0
,,group_5581	4.15233415233	0.0415771730458	5.0	5.0
,,group_20196	4.15233415233	0.0415771730458	5.0	5.0
