feature	score	p-value	#I-out-of-14	#O-out-of-277
PA14_33610_2970537_T_A_H_Q|1	79.1428571429	5.77772765383e-19	4.0	0.0
PA14_33630,pvdJ_2977258_C_A_P_T|1	61.7243940175	3.95055636239e-15	4.0	1.0
PA14_33610_2959654_C_G_R_G|1	61.7243940175	3.95055636239e-15	4.0	1.0
PA14_06750,nirS_588474_A_G_V_A|1	59.3571428571	1.31502001254e-14	3.0	0.0
PA14_33610_2959655_G_C_R_P|1	59.3571428571	1.31502001254e-14	3.0	0.0
PA14_33610_2970554_G_A_R_H|1	59.3571428571	1.31502001254e-14	3.0	0.0
PA14_33610_2962249_C_A_L_M|1	59.3571428571	1.31502001254e-14	3.0	0.0
PA14_45510_4050916_C_T_A_T|1	59.3571428571	1.31502001254e-14	3.0	0.0
PA14_62060,23S-rRNA_5536588_G_A_P_S|1	50.1289324394	1.43968541777e-12	4.0	2.0
PA14_10790,ampC_933109_A_G_V_A|1	43.0304925219	5.38933109714e-11	3.0	1.0
PA14_33610_2971297_G_C_E_Q|2	43.0304925219	5.38933109714e-11	3.0	1.0
PA14_33610_2962057_A_G_I_V|1	43.0304925219	5.38933109714e-11	3.0	1.0
PA14_47960_4269551_G_A_V_I|1	43.0304925219	5.38933109714e-11	3.0	1.0
PA14_33610_2970551_A_T_E_V|1	43.0304925219	5.38933109714e-11	3.0	1.0
PA14_62630,acsB_5587776_G_A_A_T|1	43.0304925219	5.38933109714e-11	3.0	1.0
PA14_23360,wzz_2027075_G_A_R_Q|1	43.0304925219	5.38933109714e-11	3.0	1.0
PA14_33610_2959647_C_G_S_R|1	43.0304925219	5.38933109714e-11	3.0	1.0
PA14_01160_113995_G_A_A_T|1	39.5714285714	3.16276844687e-10	2.0	0.0
PA14_00510_43247_A_G_Q_R|1	39.5714285714	3.16276844687e-10	2.0	0.0
PA14_23460,orfN_2040310_G_T_M_I|1	39.5714285714	3.16276844687e-10	2.0	0.0
PA14_58570,piuA_5218835_G_A_T_I|1	39.5714285714	3.16276844687e-10	2.0	0.0
PA14_55400_4922046_T_C_Q_R|1	39.5714285714	3.16276844687e-10	2.0	0.0
PA14_33650,pvdD_2978950_G_C_R_P|1	39.5714285714	3.16276844687e-10	2.0	0.0
PA14_33650,pvdD_2978937_A_G_T_A|1	39.5714285714	3.16276844687e-10	2.0	0.0
PA14_08820,fusA1_757427_A_G_D_G|1	39.5714285714	3.16276844687e-10	2.0	0.0
PA14_60140_5358573_A_C_E_D|2	39.5714285714	3.16276844687e-10	2.0	0.0
PA14_48950_4351195_T_A_I_F|1	39.5714285714	3.16276844687e-10	2.0	0.0
PA14_33610_2968606_C_A_P_T|1	39.5714285714	3.16276844687e-10	2.0	0.0
PA14_37260,opdO_3318393_G_A_V_I|1	39.5714285714	3.16276844687e-10	2.0	0.0
PA14_08780,rpoC_751267_A_G_N_S|1	39.5714285714	3.16276844687e-10	2.0	0.0
PA14_56890_5068356_G_A_G_E|1	39.5714285714	3.16276844687e-10	2.0	0.0
PA14_33610_2959661_C_A_A_E|1	39.5714285714	3.16276844687e-10	2.0	0.0
PA14_31230_2715040_A_G_S_P|1	39.5714285714	3.16276844687e-10	2.0	0.0
PA14_33610_2970545_T_C_L_P|1	39.5714285714	3.16276844687e-10	2.0	0.0
PA14_31190_2712456_C_T_A_T|2	39.5714285714	3.16276844687e-10	2.0	0.0
PA14_00440,trpA_37550_C_T_G_E|38	39.5714285714	3.16276844687e-10	2.0	0.0
PA14_33610_2959646_G_T_S_I|1	39.5714285714	3.16276844687e-10	2.0	0.0
PA14_17150_1472161_A_G_Q_R|1	39.5714285714	3.16276844687e-10	2.0	0.0
PA14_33610_2971313_C_G_T_S|1	39.5714285714	3.16276844687e-10	2.0	0.0
PA14_47610_4240402_G_A_R_C|1	39.5714285714	3.16276844687e-10	2.0	0.0
PA14_06800_591763_C_T_A_V|1	39.5714285714	3.16276844687e-10	2.0	0.0
PA14_06600_576214_A_G_T_A|1	39.5714285714	3.16276844687e-10	2.0	0.0
PA14_35150_3127620_C_G_L_V|15	39.5714285714	3.16276844687e-10	2.0	0.0
PA14_00050,gyrB_6175_A_G_K_R|410	39.5714285714	3.16276844687e-10	2.0	0.0
PA14_57940,rpoN_5157910_T_C_S_P|1	39.5714285714	3.16276844687e-10	2.0	0.0
PA14_33650,pvdD_2978973_G_A_A_T|1	39.5714285714	3.16276844687e-10	2.0	0.0
PA14_57425,ftsI_5116391_C_A_R_L|1	39.5714285714	3.16276844687e-10	2.0	0.0
PA14_04700_417481_C_T_S_F|2	39.5714285714	3.16276844687e-10	2.0	0.0
PA14_30910,trbE_2685254_C_A_A_S|1	39.5714285714	3.16276844687e-10	2.0	0.0
PA14_33610_2962168_C_A_L_M|1	35.6725116039	2.33434711857e-09	4.0	4.0
PA14_33610_2970562_A_G_I_V|1	35.6725116039	2.33434711857e-09	4.0	4.0
PA14_20960_1804551_C_A_Q_H|1	33.2547189273	8.08433351843e-09	3.0	2.0
PA14_43870_3906316_G_A_P_L|1	33.2547189273	8.08433351843e-09	3.0	2.0
PA14_23360,wzz_2026955_T_C_F_S|1	33.2547189273	8.08433351843e-09	3.0	2.0
PA14_00460,trpI_39520_G_A_V_I|1	33.2547189273	8.08433351843e-09	3.0	2.0
PA14_09350,fptB_802420_G_C_A_P|1	33.2547189273	8.08433351843e-09	3.0	2.0
PA14_63640,fadH2_5674116_G_T_A_S|1	33.2547189273	8.08433351843e-09	3.0	2.0
PA14_50330_4474271_T_A_D_V|1	33.2547189273	8.08433351843e-09	3.0	2.0
PA14_62350,phuR_5562364_A_G_D_G|1	33.2547189273	8.08433351843e-09	3.0	2.0
PA14_33610_2970879_C_G_S_R|1	32.9755925286	9.33231324077e-09	7.0	16.0
PA14_52880_4688087_G_A_L_F|1	30.8705518308	2.7582556604e-08	4.0	5.0
PA14_60310,pilY1_5376352_A_G_S_G|1	30.8705518308	2.7582556604e-08	4.0	5.0
PA14_33610_2962166_C_A_A_E|1	30.8705518308	2.7582556604e-08	4.0	5.0
PA14_50180,fleR_4458360_G_A_T_I|2	30.8705518308	2.7582556604e-08	4.0	5.0
PA14_43430_3869707_T_A_E_D|1	30.8705518308	2.7582556604e-08	4.0	5.0
PA14_16770_1435182_G_A_V_I|1	27.7594418217	1.37376098379e-07	7.0	19.0
PA14_48860_4343787_G_C_L_V|2	27.0390923156	1.99382127747e-07	4.0	6.0
PA14_16460,wspD_1409055_T_C_V_A|1	27.0390923156	1.99382127747e-07	4.0	6.0
PA14_60310,pilY1_5376362_C_G_T_S|1	27.0390923156	1.99382127747e-07	4.0	6.0
PA14_23360,wzz_2027066_C_T_A_V|1	26.7543837029	2.31027035612e-07	3.0	3.0
PA14_23360,wzz_2026852_G_A_D_N|2	26.7543837029	2.31027035612e-07	3.0	3.0
PA14_23360,wzz_2027617_G_C_E_Q|1	26.7543837029	2.31027035612e-07	3.0	3.0
PA14_33610_2970854_C_G_A_G|1	26.7543837029	2.31027035612e-07	3.0	3.0
PA14_23360,wzz_2026897_T_G_F_V|4	26.7543837029	2.31027035612e-07	3.0	3.0
PA14_21870_1900548_C_A_R_L|1	26.7543837029	2.31027035612e-07	3.0	3.0
PA14_33650,pvdD_2981649_G_A_D_N|1	26.7543837029	2.31027035612e-07	3.0	3.0
PA14_30410,yccA_2634078_C_T_A_T|1	26.7543837029	2.31027035612e-07	3.0	3.0
PA14_23360,wzz_2027247_T_G_S_R|1	26.7543837029	2.31027035612e-07	3.0	3.0
PA14_33630,pvdJ_2977421_G_C_S_T|1	26.7543837029	2.31027035612e-07	3.0	3.0
PA14_33610_2959663_G_C_V_L|2	25.0644662197	5.54452225482e-07	2.0	1.0
PA14_51750,tolQ_4597029_G_A_A_V|1	25.0644662197	5.54452225482e-07	2.0	1.0
PA14_34840_3100127_T_C_V_A|1	25.0644662197	5.54452225482e-07	2.0	1.0
PA14_57425,ftsI_5116323_G_A_P_S|1	25.0644662197	5.54452225482e-07	2.0	1.0
PA14_33650,pvdD_2978917_G_C_S_T|1	25.0644662197	5.54452225482e-07	2.0	1.0
PA14_31080_2704157_G_C_A_G|1	25.0644662197	5.54452225482e-07	2.0	1.0
PA14_30590_2649654_C_A_D_E|1	25.0644662197	5.54452225482e-07	2.0	1.0
PA14_43690,fabB_3891812_T_C_V_A|1	25.0644662197	5.54452225482e-07	2.0	1.0
PA14_60130_5357078_A_G_S_G|1	25.0644662197	5.54452225482e-07	2.0	1.0
PA14_25430,lolC_2222727_A_G_I_V|1	25.0644662197	5.54452225482e-07	2.0	1.0
PA14_00180,sun_19297_G_T_P_Q|424	25.0644662197	5.54452225482e-07	2.0	1.0
PA14_19400,mnmC_1677735_T_G_H_P|2	25.0644662197	5.54452225482e-07	2.0	1.0
PA14_33630,pvdJ_2977856_C_G_T_S|1	25.0644662197	5.54452225482e-07	2.0	1.0
PA14_45710_4066372_G_A_A_V|1	25.0644662197	5.54452225482e-07	2.0	1.0
PA14_43050_3830855_G_A_H_Y|1	25.0644662197	5.54452225482e-07	2.0	1.0
PA14_33610_2962301_A_G_D_G|1	25.0644662197	5.54452225482e-07	2.0	1.0
PA14_24690,dacB_2158849_C_T_A_T|1	25.0644662197	5.54452225482e-07	2.0	1.0
PA14_33610_2958968_A_T_Q_L|1	25.0644662197	5.54452225482e-07	2.0	1.0
PA14_33610_2970644_T_C_L_P|1	25.0644662197	5.54452225482e-07	2.0	1.0
PA14_10290,acoR_886733_T_G_V_G|15	25.0644662197	5.54452225482e-07	2.0	1.0
PA14_33360_2936509_C_G_P_A|1	25.0644662197	5.54452225482e-07	2.0	1.0
PA14_33630,pvdJ_2976918_G_T_E_D|1	25.0644662197	5.54452225482e-07	2.0	1.0
PA14_33610_2970469_A_C_I_L|1	25.0644662197	5.54452225482e-07	2.0	1.0
PA14_67300,proX_6009635_T_C_D_G|1	25.0644662197	5.54452225482e-07	2.0	1.0
PA14_30030_2600263_A_G_S_P|1	25.0644662197	5.54452225482e-07	2.0	1.0
PA14_12530_1077818_C_T_A_T|7	25.0644662197	5.54452225482e-07	2.0	1.0
PA14_32790_2862491_A_G_M_V|1	25.0644662197	5.54452225482e-07	2.0	1.0
PA14_49560,toxA_4409080_G_A_G_D|1	25.0644662197	5.54452225482e-07	2.0	1.0
PA14_17660_1518438_G_A_T_I|1	25.0644662197	5.54452225482e-07	2.0	1.0
PA14_06150_542335_C_T_P_S|1	25.0644662197	5.54452225482e-07	2.0	1.0
PA14_09750_839475_G_A_A_V|1	25.0644662197	5.54452225482e-07	2.0	1.0
PA14_31230_2715039_G_T_S_Y|1	25.0644662197	5.54452225482e-07	2.0	1.0
PA14_33650,pvdD_2984110_C_T_T_M|1	25.0644662197	5.54452225482e-07	2.0	1.0
PA14_53390_4734805_G_A_A_V|2	25.0644662197	5.54452225482e-07	2.0	1.0
PA14_12300_1061659_A_G_V_A|1	25.0644662197	5.54452225482e-07	2.0	1.0
PA14_45300,ccmG_4037282_C_T_V_I|1	25.0644662197	5.54452225482e-07	2.0	1.0
PA14_59150_5266351_C_T_H_Y|1	25.0644662197	5.54452225482e-07	2.0	1.0
PA14_33650,pvdD_2978977_G_T_R_L|1	25.0644662197	5.54452225482e-07	2.0	1.0
PA14_23460,orfN_2040494_A_C_I_L|1	25.0644662197	5.54452225482e-07	2.0	1.0
PA14_45960,lasR_4085367_G_A_A_V|1	25.0644662197	5.54452225482e-07	2.0	1.0
PA14_33360_2936196_A_T_Q_H|1	25.0644662197	5.54452225482e-07	2.0	1.0
PA14_11450,nusB_992605_C_T_P_L|1	25.0644662197	5.54452225482e-07	2.0	1.0
PA14_46150_4105129_G_A_A_T|1	25.0644662197	5.54452225482e-07	2.0	1.0
PA14_24940_2179565_A_G_Q_R|1	25.0644662197	5.54452225482e-07	2.0	1.0
PA14_15460,merA_1309714_C_A_E_D|1	25.0644662197	5.54452225482e-07	2.0	1.0
PA14_65350,mutL_5822102_A_G_F_L|1	25.0644662197	5.54452225482e-07	2.0	1.0
PA14_03010_265583_C_T_P_S|1	25.0644662197	5.54452225482e-07	2.0	1.0
PA14_33360_2937100_C_T_Q_*|1	25.0644662197	5.54452225482e-07	2.0	1.0
PA14_35040_3120326_C_T_A_T|1	25.0644662197	5.54452225482e-07	2.0	1.0
PA14_04870_430451_C_T_G_D|1	25.0644662197	5.54452225482e-07	2.0	1.0
PA14_33360_2936747_T_G_F_C|1	25.0644662197	5.54452225482e-07	2.0	1.0
PA14_60310,pilY1_5375613_G_C_K_N|1	25.0644662197	5.54452225482e-07	2.0	1.0
PA14_60950,cstA_5437659_G_A_P_L|1	25.0644662197	5.54452225482e-07	2.0	1.0
PA14_33630,pvdJ_2977429_C_A_L_M|1	24.2374701111	8.5159285517e-07	6.0	16.0
PA14_04730_419158_C_T_A_T|2	23.9134511698	1.00765230064e-06	4.0	7.0
PA14_33610_2959645_A_G_S_G|1	22.1257275473	2.55364326519e-06	3.0	4.0
PA14_60310,pilY1_5376365_G_A_S_N|1	22.1257275473	2.55364326519e-06	3.0	4.0
PA14_61200_5461455_C_G_V_L|1	22.1257275473	2.55364326519e-06	3.0	4.0
PA14_33690,pvdE_2990204_T_C_N_S|1	22.1257275473	2.55364326519e-06	3.0	4.0
PA14_12170_1053239_G_A_G_D|1	22.1257275473	2.55364326519e-06	3.0	4.0
PA14_20600_1773701_C_G_A_G|1	22.1257275473	2.55364326519e-06	3.0	4.0
PA14_33610_2971084_C_A_L_M|1	22.1257275473	2.55364326519e-06	3.0	4.0
PA14_23360,wzz_2026942_T_A_F_I|1	22.1257275473	2.55364326519e-06	3.0	4.0
PA14_44800_3992846_C_T_L_F|1	22.1257275473	2.55364326519e-06	3.0	4.0
PA14_33610_2970859_G_C_V_L|1	22.1257275473	2.55364326519e-06	3.0	4.0
PA14_20950,fabH2_1804051_A_G_V_A|2	22.1257275473	2.55364326519e-06	3.0	4.0
PA14_23360,wzz_2027324_A_G_K_R|1	22.1257275473	2.55364326519e-06	3.0	4.0
PA14_32380,oprN_2813928_C_T_S_N|1	22.1257275473	2.55364326519e-06	3.0	4.0
PA14_23360,wzz_2027311_G_C_E_Q|1	22.1257275473	2.55364326519e-06	3.0	4.0
PA14_33610_2969411_C_G_A_G|1	22.1257275473	2.55364326519e-06	3.0	4.0
PA14_61200_5460537_C_T_A_T|1	22.1257275473	2.55364326519e-06	3.0	4.0
PA14_60290,pilW_5371969_T_A_S_T|1	22.1257275473	2.55364326519e-06	3.0	4.0
PA14_40220_3583841_G_A_A_T|1	22.1257275473	2.55364326519e-06	3.0	4.0
PA14_33690,pvdE_2989319_G_C_A_G|1	21.3745778502	3.77746918375e-06	7.0	24.0
PA14_31130_2707406_G_C_A_G|1	21.3171738009	3.89228823821e-06	4.0	8.0
PA14_08640_740329_G_A_A_T|1	21.3171738009	3.89228823821e-06	4.0	8.0
PA14_31110_2707012_C_T_A_T|1	21.3171738009	3.89228823821e-06	4.0	8.0
PA14_26485_2309529_A_G_H_R|1	21.3171738009	3.89228823821e-06	4.0	8.0
PA14_33610_2970352_A_G_I_V|1	21.3171738009	3.89228823821e-06	4.0	8.0
PA14_08010,gpV_689448_G_A_R_K|1	21.3171738009	3.89228823821e-06	4.0	8.0
PA14_33690,pvdE_2989326_G_A_P_S|1	20.3465139892	6.46106881968e-06	7.0	25.0
PA14_47690,cobQ_4245705_G_A_A_V|1	19.7857142857	8.66277282795e-06	1.0	0.0
PA14_33630,pvdJ_2977108_C_A_P_T|3	19.7857142857	8.66277282795e-06	1.0	0.0
PA14_59160_5267448_T_A_F_Y|1	19.7857142857	8.66277282795e-06	1.0	0.0
PA14_48890_4347460_C_A_L_F|1	19.7857142857	8.66277282795e-06	1.0	0.0
PA14_33610_2968400_C_G_A_G|1	19.7857142857	8.66277282795e-06	1.0	0.0
PA14_00490_41620_C_A_A_E|406	19.7857142857	8.66277282795e-06	1.0	0.0
PA14_33650,pvdD_2978963_C_G_D_E|2	19.7857142857	8.66277282795e-06	1.0	0.0
PA14_33650,pvdD_2981190_G_T_A_S|1	19.7857142857	8.66277282795e-06	1.0	0.0
PA14_33280,pvdL_2921846_G_C_V_L|1	19.7857142857	8.66277282795e-06	1.0	0.0
PA14_33650,pvdD_2979418_A_C_Q_P|1	19.7857142857	8.66277282795e-06	1.0	0.0
PA14_02100_191319_A_G_D_G|3	19.7857142857	8.66277282795e-06	1.0	0.0
PA14_59070_5260743_A_C_D_A|1	19.7857142857	8.66277282795e-06	1.0	0.0
PA14_62830,tpiA_5605036_G_A_A_V|1	19.7857142857	8.66277282795e-06	1.0	0.0
PA14_57440,ftsL_5118016_C_T_G_D|1	19.7857142857	8.66277282795e-06	1.0	0.0
PA14_01160_113861_A_G_N_S|2	19.7857142857	8.66277282795e-06	1.0	0.0
PA14_15435_1307294_C_G_S_T|1	19.7857142857	8.66277282795e-06	1.0	0.0
PA14_66160_5894251_C_T_R_K|1	19.7857142857	8.66277282795e-06	1.0	0.0
PA14_31040_2698670_C_G_V_L|3	19.7857142857	8.66277282795e-06	1.0	0.0
PA14_08820,fusA1_757712_A_G_Y_C|2	19.7857142857	8.66277282795e-06	1.0	0.0
PA14_19850_1710225_A_G_S_G|2	19.7857142857	8.66277282795e-06	1.0	0.0
PA14_21550_1869370_G_T_R_L|1	19.7857142857	8.66277282795e-06	1.0	0.0
PA14_59130_5265543_C_G_S_R|1	19.7857142857	8.66277282795e-06	1.0	0.0
PA14_32840_2873623_T_A_Y_F|1	19.7857142857	8.66277282795e-06	1.0	0.0
PA14_11790_1021873_C_T_A_T|1	19.7857142857	8.66277282795e-06	1.0	0.0
PA14_33360_2936986_T_C_W_R|1	19.7857142857	8.66277282795e-06	1.0	0.0
PA14_11110,cupB6_965796_G_A_V_I|457	19.7857142857	8.66277282795e-06	1.0	0.0
PA14_15435_1307655_G_C_P_A|1	19.7857142857	8.66277282795e-06	1.0	0.0
PA14_33610_2960043_G_T_Q_H|1	19.7857142857	8.66277282795e-06	1.0	0.0
PA14_33650,pvdD_2981193_G_A_V_M|1	19.7857142857	8.66277282795e-06	1.0	0.0
PA14_60020_5345445_G_A_V_M|1	19.7857142857	8.66277282795e-06	1.0	0.0
PA14_33630,pvdJ_2978331_T_A_D_E|1	19.7857142857	8.66277282795e-06	1.0	0.0
PA14_59540_5297294_A_C_K_Q|1	19.7857142857	8.66277282795e-06	1.0	0.0
PA14_08300,JF1_710509_C_T_A_V|1	19.7857142857	8.66277282795e-06	1.0	0.0
PA14_32790_2862449_G_C_A_P|1	19.7857142857	8.66277282795e-06	1.0	0.0
PA14_60290,pilW_5372000_T_A_V_E|1	19.7857142857	8.66277282795e-06	1.0	0.0
PA14_59150_5266375_A_G_N_D|1	19.7857142857	8.66277282795e-06	1.0	0.0
PA14_01160_113850_G_C_Q_H|124	19.7857142857	8.66277282795e-06	1.0	0.0
PA14_36710,glgB_3270102_G_A_A_V|1	19.7857142857	8.66277282795e-06	1.0	0.0
PA14_59150_5266420_T_C_S_P|1	19.7857142857	8.66277282795e-06	1.0	0.0
PA14_33610_2958297_C_A_D_E|1	19.7857142857	8.66277282795e-06	1.0	0.0
PA14_51340,mvfR_4563218_T_C_S_P|1	19.7857142857	8.66277282795e-06	1.0	0.0
PA14_18080_1551481_C_T_V_I|1	19.7857142857	8.66277282795e-06	1.0	0.0
PA14_33650,pvdD_2978938_C_T_T_I|1	19.7857142857	8.66277282795e-06	1.0	0.0
PA14_33630,pvdJ_2977190_A_C_H_P|2	19.7857142857	8.66277282795e-06	1.0	0.0
PA14_30850,trbI_2679100_T_G_K_Q|4	19.7857142857	8.66277282795e-06	1.0	0.0
PA14_33630,pvdJ_2972630_A_C_Q_P|3	19.7857142857	8.66277282795e-06	1.0	0.0
PA14_28810_2480817_T_G_F_V|1	19.7857142857	8.66277282795e-06	1.0	0.0
PA14_60010_5344451_C_G_T_R|1	19.7857142857	8.66277282795e-06	1.0	0.0
PA14_59920_5336462_C_G_I_M|1	19.7857142857	8.66277282795e-06	1.0	0.0
PA14_32700_2839975_C_T_R_C|3	19.7857142857	8.66277282795e-06	1.0	0.0
PA14_28820_2487779_C_G_H_Q|1	19.7857142857	8.66277282795e-06	1.0	0.0
PA14_00600_60982_A_G_V_A|211	19.7857142857	8.66277282795e-06	1.0	0.0
PA14_33630,pvdJ_2976304_C_G_R_G|1	19.7857142857	8.66277282795e-06	1.0	0.0
PA14_68120,opmG_6077865_C_T_L_F|19	19.7857142857	8.66277282795e-06	1.0	0.0
PA14_33650,pvdD_2983136_C_G_I_M|2	19.7857142857	8.66277282795e-06	1.0	0.0
PA14_33610_2962111_C_A_Q_K|1	19.7857142857	8.66277282795e-06	1.0	0.0
PA14_33650,pvdD_2983139_G_T_W_C|1	19.7857142857	8.66277282795e-06	1.0	0.0
PA14_31150_2708676_G_A_T_I|1	19.7857142857	8.66277282795e-06	1.0	0.0
PA14_13940_1197578_T_G_I_S|1	19.7857142857	8.66277282795e-06	1.0	0.0
PA14_31160_2709107_G_C_G_A|1	19.7857142857	8.66277282795e-06	1.0	0.0
PA14_00050,gyrB_5674_A_G_Q_R|758	19.7857142857	8.66277282795e-06	1.0	0.0
PA14_60310,pilY1_5375149_C_T_R_C|1	19.7857142857	8.66277282795e-06	1.0	0.0
PA14_15435_1307410_A_C_D_E|1	19.7857142857	8.66277282795e-06	1.0	0.0
PA14_49460,nrdA_4396228_T_C_V_A|1	19.7857142857	8.66277282795e-06	1.0	0.0
PA14_58570,piuA_5218772_A_G_M_T|1	19.7857142857	8.66277282795e-06	1.0	0.0
PA14_14360_1225397_T_C_M_V|1	19.7857142857	8.66277282795e-06	1.0	0.0
PA14_47000_4187979_G_T_R_L|2	19.7857142857	8.66277282795e-06	1.0	0.0
PA14_32830_2870822_T_C_N_S|2	19.7857142857	8.66277282795e-06	1.0	0.0
PA14_33650,pvdD_2978949_C_A_R_S|1	19.7857142857	8.66277282795e-06	1.0	0.0
PA14_59110_5264305_C_T_P_L|3	19.7857142857	8.66277282795e-06	1.0	0.0
PA14_65795_5860628_G_A_R_C|1	19.7857142857	8.66277282795e-06	1.0	0.0
PA14_33610_2965240_T_G_C_G|1	19.7857142857	8.66277282795e-06	1.0	0.0
PA14_04410,ptsP_393140_T_G_V_G|74	19.7857142857	8.66277282795e-06	1.0	0.0
PA14_47000_4188314_C_G_Q_E|33	19.7857142857	8.66277282795e-06	1.0	0.0
PA14_46650_4158985_C_T_A_T|1	19.7857142857	8.66277282795e-06	1.0	0.0
PA14_40260_3594473_A_C_S_A|1	19.7857142857	8.66277282795e-06	1.0	0.0
PA14_15435_1307661_T_G_I_L|1	19.7857142857	8.66277282795e-06	1.0	0.0
PA14_19380_1675483_T_C_S_P|1	19.7857142857	8.66277282795e-06	1.0	0.0
PA14_32830_2870592_C_T_G_S|2	19.7857142857	8.66277282795e-06	1.0	0.0
PA14_33610_2968592_G_C_G_A|1	19.7857142857	8.66277282795e-06	1.0	0.0
PA14_00060_7157_G_T_A_E|344	19.7857142857	8.66277282795e-06	1.0	0.0
PA14_40260_3595676_C_T_V_M|1	19.7857142857	8.66277282795e-06	1.0	0.0
PA14_34010_3025562_C_T_R_H|3	19.7857142857	8.66277282795e-06	1.0	0.0
PA14_65605,parC_5845533_G_A_A_V|1	19.7857142857	8.66277282795e-06	1.0	0.0
PA14_48890_4347314_G_A_P_L|1	19.7857142857	8.66277282795e-06	1.0	0.0
PA14_54930_4872686_G_A_H_Y|1	19.7857142857	8.66277282795e-06	1.0	0.0
PA14_19710_1700598_G_A_R_Q|2	19.7857142857	8.66277282795e-06	1.0	0.0
PA14_00510_43166_T_C_L_P|82	19.7857142857	8.66277282795e-06	1.0	0.0
PA14_07500_643702_C_T_R_H|12	19.7857142857	8.66277282795e-06	1.0	0.0
PA14_31280_2720024_T_G_Q_P|1	19.7857142857	8.66277282795e-06	1.0	0.0
PA14_19350_1671331_C_T_R_Q|1	19.7857142857	8.66277282795e-06	1.0	0.0
PA14_15435_1307652_C_T_A_T|1	19.7857142857	8.66277282795e-06	1.0	0.0
PA14_51220_4551899_T_C_Y_C|1	19.7857142857	8.66277282795e-06	1.0	0.0
PA14_55117_4897176_G_A_V_I|1	19.7857142857	8.66277282795e-06	1.0	0.0
PA14_33610_2965907_C_G_S_C|1	19.7857142857	8.66277282795e-06	1.0	0.0
PA14_47960_4269768_T_C_V_A|1	19.7857142857	8.66277282795e-06	1.0	0.0
PA14_59180_5269486_C_A_A_E|1	19.7857142857	8.66277282795e-06	1.0	0.0
PA14_55400_4923754_A_C_Y_D|1	19.7857142857	8.66277282795e-06	1.0	0.0
PA14_48890_4346976_C_T_D_N|1	19.7857142857	8.66277282795e-06	1.0	0.0
PA14_59070_5260781_A_G_I_V|5	19.7857142857	8.66277282795e-06	1.0	0.0
PA14_53670_4760239_T_G_H_P|1	19.7857142857	8.66277282795e-06	1.0	0.0
PA14_23260,gyrA_2015012_G_C_D_H|1	19.7857142857	8.66277282795e-06	1.0	0.0
PA14_00010,dnaA_1096_C_T_A_V|217	19.7857142857	8.66277282795e-06	1.0	0.0
PA14_58390_5202256_T_C_*_R|1	19.7857142857	8.66277282795e-06	1.0	0.0
PA14_59690_5310856_T_C_Y_H|1	19.7857142857	8.66277282795e-06	1.0	0.0
PA14_10850_939060_G_A_P_S|5	19.7857142857	8.66277282795e-06	1.0	0.0
PA14_33610_2959975_T_C_S_P|1	19.7857142857	8.66277282795e-06	1.0	0.0
PA14_59540_5299236_A_C_Q_P|1	19.7857142857	8.66277282795e-06	1.0	0.0
PA14_08500_728082_C_T_P_L|1	19.7857142857	8.66277282795e-06	1.0	0.0
PA14_33650,pvdD_2979376_C_G_P_R|1	19.7857142857	8.66277282795e-06	1.0	0.0
PA14_55631,23S-rRNA_4952581_G_A_P_S|1	19.7857142857	8.66277282795e-06	1.0	0.0
PA14_28240_2443308_T_A_V_D|1	19.7857142857	8.66277282795e-06	1.0	0.0
PA14_23830,fimV_2072130_G_A_G_D|1	19.7857142857	8.66277282795e-06	1.0	0.0
PA14_59200_5271599_T_C_Y_H|1	19.7857142857	8.66277282795e-06	1.0	0.0
PA14_01190_117479_C_G_S_C|56	19.7857142857	8.66277282795e-06	1.0	0.0
PA14_00180,sun_19626_C_A_E_D|1040	19.7857142857	8.66277282795e-06	1.0	0.0
PA14_13040,cioB_1119397_C_T_A_V|6	19.7857142857	8.66277282795e-06	1.0	0.0
PA14_01160_113897_A_G_E_G|4	19.7857142857	8.66277282795e-06	1.0	0.0
PA14_59910_5335104_A_C_Q_P|3	19.7857142857	8.66277282795e-06	1.0	0.0
PA14_55280_4908712_C_T_A_T|1	19.7857142857	8.66277282795e-06	1.0	0.0
PA14_33610_2962294_C_T_P_S|1	19.7857142857	8.66277282795e-06	1.0	0.0
PA14_46470,pdxB_4136188_G_A_R_C|1	19.7857142857	8.66277282795e-06	1.0	0.0
PA14_67190_5997154_C_G_L_F|1	19.7857142857	8.66277282795e-06	1.0	0.0
PA14_33280,pvdL_2921837_A_G_I_V|1	19.7857142857	8.66277282795e-06	1.0	0.0
PA14_54930_4872663_G_C_I_M|4	19.7857142857	8.66277282795e-06	1.0	0.0
PA14_33650,pvdD_2981168_C_G_D_E|1	19.7857142857	8.66277282795e-06	1.0	0.0
PA14_33610_2960461_G_T_A_S|1	19.7857142857	8.66277282795e-06	1.0	0.0
PA14_15510,traJ_1312766_G_A_V_I|5	19.7857142857	8.66277282795e-06	1.0	0.0
PA14_15350_1301887_G_C_E_D|1	19.7857142857	8.66277282795e-06	1.0	0.0
PA14_33610_2970471_C_G_I_M|1	19.7857142857	8.66277282795e-06	1.0	0.0
PA14_01770_162513_T_C_Y_C|58	19.7857142857	8.66277282795e-06	1.0	0.0
PA14_36230,glnP_3227542_A_G_D_G|1	19.7857142857	8.66277282795e-06	1.0	0.0
PA14_08820,fusA1_757106_C_T_A_V|1	19.7857142857	8.66277282795e-06	1.0	0.0
PA14_59540_5298304_C_G_I_M|1	19.7857142857	8.66277282795e-06	1.0	0.0
PA14_62350,phuR_5561332_G_A_R_Q|1	19.7857142857	8.66277282795e-06	1.0	0.0
PA14_03190_281843_A_T_D_E|52	19.7857142857	8.66277282795e-06	1.0	0.0
PA14_44920_4005543_G_A_S_N|1	19.7857142857	8.66277282795e-06	1.0	0.0
PA14_33610_2969513_G_C_G_A|1	19.7857142857	8.66277282795e-06	1.0	0.0
PA14_33650,pvdD_2983547_C_G_I_M|1	19.7857142857	8.66277282795e-06	1.0	0.0
PA14_03050,pobA_269999_G_C_L_V|1	19.7857142857	8.66277282795e-06	1.0	0.0
PA14_72020_6420931_A_G_I_V|5	19.7857142857	8.66277282795e-06	1.0	0.0
PA14_61200_5460567_A_C_S_A|1	19.7857142857	8.66277282795e-06	1.0	0.0
PA14_47000_4187970_C_A_A_D|1	19.7857142857	8.66277282795e-06	1.0	0.0
PA14_59690_5311606_G_C_V_L|1	19.7857142857	8.66277282795e-06	1.0	0.0
PA14_33630,pvdJ_2976450_G_T_E_D|2	19.7857142857	8.66277282795e-06	1.0	0.0
PA14_59070_5260744_C_G_D_E|1	19.7857142857	8.66277282795e-06	1.0	0.0
PA14_33630,pvdJ_2976218_A_C_N_T|2	19.7857142857	8.66277282795e-06	1.0	0.0
PA14_66170_5895272_C_T_R_H|1	19.7857142857	8.66277282795e-06	1.0	0.0
PA14_33650,pvdD_2980323_C_G_L_V|1	19.7857142857	8.66277282795e-06	1.0	0.0
PA14_33650,pvdD_2980333_C_G_S_W|1	19.7857142857	8.66277282795e-06	1.0	0.0
PA14_30970,bphR_2691312_A_G_L_P|1	19.7857142857	8.66277282795e-06	1.0	0.0
PA14_07480_640981_G_T_T_N|4	19.7857142857	8.66277282795e-06	1.0	0.0
PA14_35530,bkdA1_3159526_C_T_V_I|1	19.7857142857	8.66277282795e-06	1.0	0.0
PA14_61430_5482869_T_G_T_P|1	19.7857142857	8.66277282795e-06	1.0	0.0
PA14_08500_727931_G_C_A_P|1	19.7857142857	8.66277282795e-06	1.0	0.0
PA14_03220_286144_C_T_S_N|115	19.7857142857	8.66277282795e-06	1.0	0.0
PA14_25450,lolE_2224531_G_A_A_T|1	19.7857142857	8.66277282795e-06	1.0	0.0
PA14_08270_706403_C_G_R_G|1	19.7857142857	8.66277282795e-06	1.0	0.0
PA14_66580_5944216_T_G_Q_P|1	19.7857142857	8.66277282795e-06	1.0	0.0
PA14_33610_2958896_A_C_D_A|2	19.7857142857	8.66277282795e-06	1.0	0.0
PA14_68640_6121217_T_C_V_A|1	19.7857142857	8.66277282795e-06	1.0	0.0
PA14_32790_2848646_G_A_A_T|1	19.7857142857	8.66277282795e-06	1.0	0.0
PA14_26280_2293760_G_A_G_S|1	19.7857142857	8.66277282795e-06	1.0	0.0
PA14_59200_5271221_C_T_Q_*|1	19.7857142857	8.66277282795e-06	1.0	0.0
PA14_29330_2537072_C_G_M_I|1	19.7857142857	8.66277282795e-06	1.0	0.0
PA14_00080_9176_C_T_A_V|576	19.7857142857	8.66277282795e-06	1.0	0.0
PA14_15460,merA_1310213_C_G_G_A|2	19.7857142857	8.66277282795e-06	1.0	0.0
PA14_61650,pagL_5501469_T_C_N_S|2	19.7857142857	8.66277282795e-06	1.0	0.0
PA14_23360,wzz_2027253_T_G_N_K|1	19.7857142857	8.66277282795e-06	1.0	0.0
PA14_59690_5310553_G_C_A_P|2	19.7857142857	8.66277282795e-06	1.0	0.0
PA14_33610_2967301_A_G_T_A|1	19.7857142857	8.66277282795e-06	1.0	0.0
PA14_58600_5220510_C_A_D_E|1	19.383820151	1.06908995989e-05	7.0	26.0
PA14_47870_4260027_G_C_L_V|1	19.1280993375	1.22232000587e-05	4.0	9.0
PA14_33530_2950963_C_T_A_T|1	19.1280993375	1.22232000587e-05	4.0	9.0
PA14_33610_2970878_G_C_S_T|1	19.1280993375	1.22232000587e-05	4.0	9.0
PA14_33690,pvdE_2989648_G_C_I_M|1	18.9423969532	1.34725104056e-05	6.0	20.0
PA14_48540_4316454_C_T_A_V|1	18.6668708097	1.55663763765e-05	3.0	5.0
PA14_23360,wzz_2027173_G_A_V_I|2	18.6668708097	1.55663763765e-05	3.0	5.0
PA14_23460,orfN_2040390_G_C_G_A|1	18.6668708097	1.55663763765e-05	3.0	5.0
PA14_67065,mdoH_5986006_G_T_A_E|2	18.6668708097	1.55663763765e-05	3.0	5.0
PA14_30590_2650108_C_T_P_S|1	18.6668708097	1.55663763765e-05	3.0	5.0
PA14_17980,glpF_1545047_A_C_V_G|1	18.6668708097	1.55663763765e-05	3.0	5.0
PA14_18790,opmE_1619704_C_T_A_V|1	18.6668708097	1.55663763765e-05	3.0	5.0
PA14_23350,orfA_2026560_C_A_D_E|5	18.6668708097	1.55663763765e-05	3.0	5.0
PA14_33450,treA_2944720_T_G_Q_P|1	18.6668708097	1.55663763765e-05	3.0	5.0
PA14_61170_5455201_T_C_V_A|1	18.6668708097	1.55663763765e-05	3.0	5.0
PA14_31240_2715674_G_C_L_V|1	18.6668708097	1.55663763765e-05	3.0	5.0
PA14_36900_3287706_A_C_D_E|1	18.6668708097	1.55663763765e-05	3.0	5.0
PA14_53540_4747364_G_A_A_V|1	18.6668708097	1.55663763765e-05	3.0	5.0
PA14_18630,eprS_1602015_T_G_D_A|1	18.6668708097	1.55663763765e-05	3.0	5.0
PA14_33650,pvdD_2981668_A_T_Q_L|1	18.6668708097	1.55663763765e-05	3.0	5.0
PA14_23360,wzz_2027159_A_G_Q_R|1	18.6668708097	1.55663763765e-05	3.0	5.0
PA14_33610_2959706_T_G_V_G|1	18.6668708097	1.55663763765e-05	3.0	5.0
PA14_23460,orfN_2040452_C_T_L_F|1	18.6668708097	1.55663763765e-05	3.0	5.0
PA14_23360,wzz_2026954_T_G_F_V|1	18.6668708097	1.55663763765e-05	3.0	5.0
PA14_23360,wzz_2027153_G_A_R_Q|1	18.6668708097	1.55663763765e-05	3.0	5.0
PA14_33610_2969777_T_G_L_R|1	18.6668708097	1.55663763765e-05	3.0	5.0
PA14_48610_4322442_G_A_V_I|1	17.8731304796	2.36131595986e-05	6.0	21.0
PA14_26540_2312767_T_C_C_R|1	17.8731304796	2.36131595986e-05	6.0	21.0
PA14_33630,pvdJ_2977430_T_C_L_P|1	17.8731304796	2.36131595986e-05	6.0	21.0
PA14_03170_280130_C_T_G_D|8	17.836255802	2.40751911649e-05	2.0	2.0
PA14_28820_2487586_T_C_V_A|1	17.836255802	2.40751911649e-05	2.0	2.0
PA14_31240_2716778_G_T_L_I|1	17.836255802	2.40751911649e-05	2.0	2.0
PA14_39770_3542457_A_T_D_V|1	17.836255802	2.40751911649e-05	2.0	2.0
PA14_57250_5101456_T_C_Y_H|1	17.836255802	2.40751911649e-05	2.0	2.0
PA14_58670,ampD_5228964_T_C_D_G|1	17.836255802	2.40751911649e-05	2.0	2.0
PA14_28840_2489712_G_C_D_H|1	17.836255802	2.40751911649e-05	2.0	2.0
PA14_64120_5715177_G_A_G_S|1	17.836255802	2.40751911649e-05	2.0	2.0
PA14_34070_3029520_C_T_D_N|2	17.836255802	2.40751911649e-05	2.0	2.0
PA14_58810_5239465_C_T_V_M|3	17.836255802	2.40751911649e-05	2.0	2.0
PA14_12050_1040777_C_T_A_V|1	17.836255802	2.40751911649e-05	2.0	2.0
PA14_23650,ygfF_2057520_C_T_G_S|1	17.836255802	2.40751911649e-05	2.0	2.0
PA14_60130_5356314_A_G_N_S|1	17.836255802	2.40751911649e-05	2.0	2.0
PA14_31160_2709131_T_A_V_E|1	17.836255802	2.40751911649e-05	2.0	2.0
PA14_31900_2778042_A_G_H_R|1	17.836255802	2.40751911649e-05	2.0	2.0
PA14_73190,glmR_6518759_T_G_Y_S|1	17.836255802	2.40751911649e-05	2.0	2.0
PA14_33630,pvdJ_2977420_A_G_S_G|1	17.836255802	2.40751911649e-05	2.0	2.0
PA14_55670,recB_4965776_C_A_A_S|2	17.836255802	2.40751911649e-05	2.0	2.0
PA14_01160_113950_T_C_S_P|1	17.836255802	2.40751911649e-05	2.0	2.0
PA14_52190,rumA_4629380_T_C_T_A|1	17.836255802	2.40751911649e-05	2.0	2.0
PA14_02980_261000_G_A_R_C|3	17.836255802	2.40751911649e-05	2.0	2.0
PA14_36375_3240522_C_T_Q_*|1	17.836255802	2.40751911649e-05	2.0	2.0
PA14_32790_2861282_A_G_T_A|1	17.836255802	2.40751911649e-05	2.0	2.0
PA14_07380_633277_C_A_W_C|1	17.836255802	2.40751911649e-05	2.0	2.0
PA14_44920_4005495_G_T_R_M|1	17.836255802	2.40751911649e-05	2.0	2.0
PA14_71430_6362102_C_A_E_D|1	17.836255802	2.40751911649e-05	2.0	2.0
PA14_29030_2510158_C_A_D_E|1	17.836255802	2.40751911649e-05	2.0	2.0
PA14_33360_2936366_C_G_A_G|1	17.836255802	2.40751911649e-05	2.0	2.0
PA14_50610_4497584_C_A_L_M|1	17.836255802	2.40751911649e-05	2.0	2.0
PA14_09710,aldH_835958_T_C_T_A|7	17.836255802	2.40751911649e-05	2.0	2.0
PA14_33070_2896193_C_T_P_S|1	17.836255802	2.40751911649e-05	2.0	2.0
PA14_50620_4498278_G_T_N_K|1	17.836255802	2.40751911649e-05	2.0	2.0
PA14_26920_2341092_C_T_P_S|1	17.836255802	2.40751911649e-05	2.0	2.0
PA14_33610_2971688_C_A_A_E|1	17.836255802	2.40751911649e-05	2.0	2.0
PA14_03290_298612_G_T_A_S|1	17.836255802	2.40751911649e-05	2.0	2.0
PA14_42340,pscD_3772598_T_A_D_V|2	17.836255802	2.40751911649e-05	2.0	2.0
PA14_33360_2937110_C_T_P_L|1	17.836255802	2.40751911649e-05	2.0	2.0
PA14_02830,pcaB_251196_C_A_S_Y|6	17.836255802	2.40751911649e-05	2.0	2.0
PA14_41490,nasT_3701423_G_A_A_T|1	17.836255802	2.40751911649e-05	2.0	2.0
PA14_48410_4305046_A_G_M_T|1	17.836255802	2.40751911649e-05	2.0	2.0
PA14_27370,deaD_2375116_C_T_A_V|3	17.836255802	2.40751911649e-05	2.0	2.0
PA14_48890_4346957_T_C_H_R|1	17.836255802	2.40751911649e-05	2.0	2.0
PA14_30850,trbI_2679694_C_T_D_N|1	17.836255802	2.40751911649e-05	2.0	2.0
PA14_01960_178364_A_T_K_N|2	17.836255802	2.40751911649e-05	2.0	2.0
PA14_24610_2151553_C_T_E_K|1	17.836255802	2.40751911649e-05	2.0	2.0
PA14_07860_678450_C_T_P_S|1	17.836255802	2.40751911649e-05	2.0	2.0
PA14_33360_2937147_C_G_H_Q|1	17.836255802	2.40751911649e-05	2.0	2.0
PA14_20250_1745398_C_T_P_S|4	17.836255802	2.40751911649e-05	2.0	2.0
PA14_33610_2961766_G_C_G_R|1	17.836255802	2.40751911649e-05	2.0	2.0
PA14_32790_2863236_G_A_S_N|1	17.836255802	2.40751911649e-05	2.0	2.0
PA14_44300,aer_3943745_G_A_R_H|1	17.836255802	2.40751911649e-05	2.0	2.0
PA14_02060_188151_C_T_P_S|2	17.836255802	2.40751911649e-05	2.0	2.0
PA14_28820_2487929_T_G_D_E|1	17.836255802	2.40751911649e-05	2.0	2.0
PA14_08000_688813_T_C_V_A|1	17.836255802	2.40751911649e-05	2.0	2.0
PA14_23360,wzz_2027619_G_C_E_D|1	17.836255802	2.40751911649e-05	2.0	2.0
PA14_18640_1603786_C_T_A_V|10	17.836255802	2.40751911649e-05	2.0	2.0
PA14_18330,arnT_1572888_G_A_L_F|2	17.836255802	2.40751911649e-05	2.0	2.0
PA14_02410_217276_C_T_R_C|1	17.836255802	2.40751911649e-05	2.0	2.0
PA14_64690_5761189_C_G_G_A|1	17.836255802	2.40751911649e-05	2.0	2.0
PA14_69610,cyaA_6211379_G_A_D_N|1	17.836255802	2.40751911649e-05	2.0	2.0
PA14_51440,ogt_4572230_C_T_S_F|1	17.836255802	2.40751911649e-05	2.0	2.0
PA14_06840,norD_594201_G_A_R_Q|2	17.836255802	2.40751911649e-05	2.0	2.0
PA14_61910_5521491_G_A_P_L|1	17.836255802	2.40751911649e-05	2.0	2.0
PA14_36050_3211326_G_A_H_Y|2	17.836255802	2.40751911649e-05	2.0	2.0
PA14_14060_1206146_T_A_W_R|1	17.836255802	2.40751911649e-05	2.0	2.0
PA14_17650_1517229_C_T_A_V|2	17.836255802	2.40751911649e-05	2.0	2.0
PA14_18830_1624575_G_A_V_I|2	17.836255802	2.40751911649e-05	2.0	2.0
PA14_28840_2490531_G_T_A_S|1	17.836255802	2.40751911649e-05	2.0	2.0
PA14_33650,pvdD_2978696_G_C_R_S|1	17.836255802	2.40751911649e-05	2.0	2.0
PA14_40330_3604670_G_A_H_Y|1	17.836255802	2.40751911649e-05	2.0	2.0
PA14_06450,accC_565803_G_A_R_Q|2	17.836255802	2.40751911649e-05	2.0	2.0
PA14_48930_4349901_T_G_N_T|1	17.836255802	2.40751911649e-05	2.0	2.0
PA14_11080,cupB3_960953_C_T_P_L|10	17.836255802	2.40751911649e-05	2.0	2.0
PA14_33610_2969809_T_A_L_M|1	17.836255802	2.40751911649e-05	2.0	2.0
PA14_30150,mnmA_2611511_T_C_D_G|3	17.836255802	2.40751911649e-05	2.0	2.0
PA14_67210_5998776_G_T_P_H|1	17.836255802	2.40751911649e-05	2.0	2.0
PA14_19850_1710664_A_G_D_G|3	17.836255802	2.40751911649e-05	2.0	2.0
PA14_29830_2583498_G_A_R_C|2	17.836255802	2.40751911649e-05	2.0	2.0
PA14_31820,hisC_2768753_C_T_G_S|2	17.836255802	2.40751911649e-05	2.0	2.0
PA14_14060_1206040_G_C_E_D|1	17.836255802	2.40751911649e-05	2.0	2.0
PA14_48970_4351558_G_A_A_V|1	17.836255802	2.40751911649e-05	2.0	2.0
PA14_01390_133792_C_T_L_F|5	17.836255802	2.40751911649e-05	2.0	2.0
PA14_33650,pvdD_2978918_C_A_S_R|1	17.836255802	2.40751911649e-05	2.0	2.0
PA14_11020,fabG_953498_C_G_G_A|1	17.836255802	2.40751911649e-05	2.0	2.0
PA14_59050_5259886_G_A_D_N|1	17.836255802	2.40751911649e-05	2.0	2.0
PA14_00380,betC_33121_C_T_S_N|1	17.836255802	2.40751911649e-05	2.0	2.0
PA14_13940_1197564_C_A_D_E|1	17.836255802	2.40751911649e-05	2.0	2.0
PA14_38630,atoB_3447055_C_T_G_D|1	17.836255802	2.40751911649e-05	2.0	2.0
PA14_51090_4540635_G_C_D_E|1	17.836255802	2.40751911649e-05	2.0	2.0
PA14_33610_2959255_G_A_A_T|1	17.836255802	2.40751911649e-05	2.0	2.0
PA14_43430_3869786_G_A_A_V|1	17.836255802	2.40751911649e-05	2.0	2.0
PA14_33610_2968487_T_C_V_A|1	17.836255802	2.40751911649e-05	2.0	2.0
PA14_33650,pvdD_2980255_G_A_R_Q|1	17.836255802	2.40751911649e-05	2.0	2.0
PA14_30490_2640159_A_G_I_V|1	17.836255802	2.40751911649e-05	2.0	2.0
PA14_23830,fimV_2071256_G_T_A_S|7	17.836255802	2.40751911649e-05	2.0	2.0
PA14_31180_2710629_C_T_G_R|1	17.836255802	2.40751911649e-05	2.0	2.0
PA14_23460,orfN_2040496_C_G_I_M|1	17.836255802	2.40751911649e-05	2.0	2.0
PA14_60850,mexC_5427119_C_G_E_Q|1	17.836255802	2.40751911649e-05	2.0	2.0
PA14_14060_1206036_G_A_G_D|2	17.836255802	2.40751911649e-05	2.0	2.0
PA14_42230,bglX_3768382_C_T_R_C|3	17.836255802	2.40751911649e-05	2.0	2.0
PA14_59110_5264335_T_G_L_R|1	17.836255802	2.40751911649e-05	2.0	2.0
PA14_04340_388704_C_T_A_V|3	17.836255802	2.40751911649e-05	2.0	2.0
PA14_52600,alaS_4663602_T_C_N_S|1	17.836255802	2.40751911649e-05	2.0	2.0
PA14_41280_3685722_A_T_R_S|1	17.836255802	2.40751911649e-05	2.0	2.0
PA14_03110_273917_C_T_G_S|1	17.8007349149	2.45288482021e-05	5.0	15.0
PA14_33570_2953947_C_T_G_S|1	17.8007349149	2.45288482021e-05	5.0	15.0
PA14_33630,pvdJ_2977375_A_C_M_L|1	17.6321299639	2.68021765683e-05	7.0	28.0
PA14_36760_3277688_T_G_D_A|1	17.258970014	3.26154113701e-05	4.0	10.0
PA14_72760_6480497_C_G_F_L|1	17.258970014	3.26154113701e-05	4.0	10.0
PA14_36080,yfaV_3214285_A_G_V_A|1	17.258970014	3.26154113701e-05	4.0	10.0
PA14_33650,pvdD_2980647_C_G_R_G|1	17.258970014	3.26154113701e-05	4.0	10.0
PA14_55400_4922393_T_G_E_D|1	17.258970014	3.26154113701e-05	4.0	10.0
PA14_33610_2971232_T_C_L_P|1	17.258970014	3.26154113701e-05	4.0	10.0
PA14_33690,pvdE_2989447_G_C_F_L|1	16.883850291	3.9738250528e-05	6.0	22.0
PA14_31180_2710584_T_C_K_E|1	16.5514993001	4.73465369276e-05	5.0	16.0
PA14_47910_4264555_G_A_V_I|1	16.5514993001	4.73465369276e-05	5.0	16.0
PA14_33610_2970845_T_G_I_S|1	15.9878803507	6.37492857415e-05	3.0	6.0
PA14_23360,wzz_2026978_A_G_S_G|1	15.9878803507	6.37492857415e-05	3.0	6.0
PA14_42610,pscQ_3791178_G_A_A_T|1	15.9878803507	6.37492857415e-05	3.0	6.0
PA14_70590_6289630_G_T_Q_K|1	15.9878803507	6.37492857415e-05	3.0	6.0
PA14_29760_2577430_G_A_A_V|1	15.9878803507	6.37492857415e-05	3.0	6.0
PA14_28240_2443227_A_C_E_A|1	15.9878803507	6.37492857415e-05	3.0	6.0
PA14_64080,dipZ_5712038_A_T_Q_L|1	15.9878803507	6.37492857415e-05	3.0	6.0
PA14_17850,fadB_1533009_C_T_P_L|1	15.9878803507	6.37492857415e-05	3.0	6.0
PA14_17930,glpD_1540419_C_T_A_T|1	15.9878803507	6.37492857415e-05	3.0	6.0
PA14_39630_3528989_A_T_L_Q|1	15.9878803507	6.37492857415e-05	3.0	6.0
PA14_63380_5654565_T_C_V_A|1	15.9878803507	6.37492857415e-05	3.0	6.0
PA14_27020,mttC_2350282_C_T_R_H|1	15.9878803507	6.37492857415e-05	3.0	6.0
PA14_40080_3572653_C_T_A_T|1	15.9878803507	6.37492857415e-05	3.0	6.0
PA14_23360,wzz_2026862_A_G_D_G|1	15.9878803507	6.37492857415e-05	3.0	6.0
PA14_23360,wzz_2026909_A_G_I_V|1	15.9878803507	6.37492857415e-05	3.0	6.0
PA14_23360,wzz_2027711_G_A_S_N|3	15.9878803507	6.37492857415e-05	3.0	6.0
PA14_33800_3003396_G_A_D_N|1	15.9878803507	6.37492857415e-05	3.0	6.0
PA14_33690,pvdE_2989460_G_T_A_D|1	15.9878803507	6.37492857415e-05	3.0	6.0
PA14_60310,pilY1_5375068_C_A_P_T|1	15.9878803507	6.37492857415e-05	3.0	6.0
PA14_23460,orfN_2040468_T_C_L_S|3	15.9878803507	6.37492857415e-05	3.0	6.0
PA14_26810_2334424_C_T_A_V|1	15.9878803507	6.37492857415e-05	3.0	6.0
PA14_19380_1675472_A_G_D_G|1	15.9878803507	6.37492857415e-05	3.0	6.0
PA14_23360,wzz_2027191_G_C_E_Q|1	15.9878803507	6.37492857415e-05	3.0	6.0
PA14_28930_2503388_T_G_N_T|1	15.9878803507	6.37492857415e-05	3.0	6.0
