feature	score	p-value	#I-out-of-234	#O-out-of-44
PA14_59370_5288475_A_T_I_N|1	37.2272727273	1.05133128549e-09	0.0	7.0
PA14_30890_2683040_G_A_G_S|1	37.2272727273	1.05133128549e-09	0.0	7.0
PA14_30960,traG_2690145_T_C_N_S|1	37.2272727273	1.05133128549e-09	0.0	7.0
PA14_59370_5288778_C_A_R_L|4	37.2272727273	1.05133128549e-09	0.0	7.0
PA14_45700_4064862_T_A_T_S|1	36.4238838085	1.58745989636e-09	3.0	10.0
PA14_31110_2707138_T_G_K_Q|1	35.9568058204	2.01740482349e-09	2.0	9.0
PA14_08310_712605_G_A_A_T|1	35.9568058204	2.01740482349e-09	2.0	9.0
PA14_02410_217287_C_A_F_L|1	35.8761238761	2.10269706726e-09	12.0	16.0
PA14_08300,JF1_710596_A_G_D_G|1	35.0621600622	3.19346492595e-09	20.0	20.0
PA14_25560,rne_2233821_T_C_D_G|1	35.0258437215	3.25358275628e-09	9.0	14.0
PA14_67180_5996093_T_G_E_D|1	33.8621567558	5.91582778017e-09	25.0	22.0
PA14_08300,JF1_710657_G_C_K_N|1	33.6088242566	6.73863300277e-09	23.0	21.0
PA14_08300,JF1_710656_A_G_K_R|1	33.6088242566	6.73863300277e-09	23.0	21.0
PA14_45710_4065595_T_A_Q_L|2	32.4876234876	1.19954025813e-08	4.0	10.0
PA14_33030,sdaA_2890994_T_C_V_A|1	32.4398148148	1.22941619816e-08	26.0	22.0
PA14_58090_5168710_A_C_V_G|1	31.9490451069	1.58270155668e-08	7.0	12.0
PA14_08300,JF1_710664_G_A_D_N|1	31.9267923995	1.60093677913e-08	31.0	24.0
PA14_08300,JF1_710670_A_G_I_V|1	31.9267923995	1.60093677913e-08	31.0	24.0
PA14_31280_2720706_C_A_V_L|1	31.9090909091	1.61559262894e-08	0.0	6.0
PA14_30910,trbE_2684882_G_C_R_G|2	31.9090909091	1.61559262894e-08	0.0	6.0
PA14_30850,trbI_2679325_G_T_H_N|20	31.9090909091	1.61559262894e-08	0.0	6.0
PA14_31080_2703717_A_G_F_L|1	31.9090909091	1.61559262894e-08	0.0	6.0
PA14_08310_712687_T_A_L_Q|1	31.676974877	1.82068032839e-08	14.0	16.0
PA14_35400,pvcC_3148592_C_G_E_D|1	31.5387529138	1.95499432361e-08	3.0	9.0
PA14_08430_722056_G_T_E_D|1	31.4895179607	2.00519794316e-08	29.0	23.0
PA14_31100_2705280_C_A_A_S|1	30.9115773116	2.7005596217e-08	2.0	8.0
PA14_59370_5288929_C_G_V_L|1	30.8473679099	2.79140469722e-08	1.0	7.0
PA14_53780_4768423_C_T_P_L|1	30.8473679099	2.79140469722e-08	1.0	7.0
PA14_59360,pilM2_5288038_G_C_A_P|1	30.8473679099	2.79140469722e-08	1.0	7.0
PA14_05380,pilK_468411_A_C_E_D|1	30.8473679099	2.79140469722e-08	1.0	7.0
PA14_31190_2711458_T_A_E_D|1	30.8473679099	2.79140469722e-08	1.0	7.0
PA14_08300,JF1_710890_T_C_V_A|1	30.7110667111	2.99452278841e-08	32.0	24.0
PA14_08300,JF1_711105_A_T_T_S|1	30.7110667111	2.99452278841e-08	32.0	24.0
PA14_33380_2939313_C_T_A_T|1	30.2846309246	3.73070325704e-08	11.0	14.0
PA14_08300,JF1_710707_A_C_N_T|1	30.1196678322	4.06190771885e-08	21.0	19.0
PA14_67990,mutY_6069180_A_G_T_A|1	29.9948000717	4.33206452964e-08	48.0	30.0
PA14_55400_4923059_C_G_E_D|1	29.3662833463	5.99109816549e-08	46.0	29.0
PA14_08300,JF1_710666_C_G_D_E|1	29.0373895652	7.09947361053e-08	31.0	23.0
PA14_55400_4925428_C_T_V_I|1	29.0141231318	7.18525396284e-08	66.0	36.0
PA14_08300,JF1_710613_G_A_A_T|1	28.6554191066	8.64716670259e-08	22.0	19.0
PA14_08300,JF1_710878_C_G_T_S|1	28.3764364291	9.98735722871e-08	20.0	18.0
PA14_46320,pyc_4120495_C_T_G_D|1	28.2092522862	1.08882842276e-07	12.0	14.0
PA14_54500_4832557_T_C_T_A|1	28.1679320679	1.11232308807e-07	18.0	17.0
PA14_08300,JF1_710685_A_C_T_P|1	28.0497280497	1.18237725478e-07	16.0	16.0
PA14_08300,JF1_711144_A_G_N_D|1	27.8884580066	1.285140949e-07	32.0	23.0
PA14_08300,JF1_711135_C_A_L_I|1	27.8884580066	1.285140949e-07	32.0	23.0
PA14_55400_4929171_A_G_V_A|1	27.8293287909	1.32502189301e-07	4.0	9.0
PA14_55400_4925337_T_C_D_G|1	27.8112846058	1.33743741902e-07	45.0	28.0
PA14_08310_712685_T_G_I_M|1	27.7063152896	1.41200995297e-07	7.0	11.0
PA14_23240_2012634_A_G_M_T|1	27.1804251304	1.85325590929e-07	43.0	27.0
PA14_55400_4925346_C_T_G_E|1	27.1804251304	1.85325590929e-07	43.0	27.0
PA14_55400_4923183_G_T_A_E|1	27.0645085252	1.96777761325e-07	57.0	32.0
PA14_64280_5728691_A_G_D_G|1	26.9234355388	2.11676553074e-07	21.0	18.0
PA14_08300,JF1_710589_A_C_N_H|1	26.9234355388	2.11676553074e-07	21.0	18.0
PA14_08300,JF1_711160_A_C_Q_P|1	26.9234355388	2.11676553074e-07	21.0	18.0
PA14_55400_4925338_C_T_D_N|1	26.9099309099	2.13160776699e-07	46.0	28.0
PA14_47030_4189734_A_G_M_V|1	26.7323585505	2.33675377358e-07	3.0	8.0
PA14_30860,trbG_2680215_C_T_V_M|1	26.7323585505	2.33675377358e-07	3.0	8.0
PA14_31070_2701340_C_T_V_I|1	26.7323585505	2.33675377358e-07	3.0	8.0
PA14_69500,argH_6196932_G_A_M_I|1	26.7323585505	2.33675377358e-07	3.0	8.0
PA14_55400_4923009_G_T_A_D|1	26.6930896739	2.38472851503e-07	49.0	29.0
PA14_31180_2710488_G_T_Q_K|1	26.5909090909	2.51424031918e-07	0.0	5.0
PA14_31180_2710545_T_C_R_G|1	26.5909090909	2.51424031918e-07	0.0	5.0
PA14_30940,trbB_2687993_C_A_R_L|2	26.5909090909	2.51424031918e-07	0.0	5.0
PA14_35420,pvcB_3149194_C_G_V_L|1	26.5909090909	2.51424031918e-07	0.0	5.0
PA14_71360_6356773_G_A_E_K|1	26.5909090909	2.51424031918e-07	0.0	5.0
PA14_31150_2708686_G_C_R_G|1	26.5909090909	2.51424031918e-07	0.0	5.0
PA14_28870_2492229_T_A_M_K|1	26.5909090909	2.51424031918e-07	0.0	5.0
PA14_14490_1238706_C_T_R_W|1	26.5909090909	2.51424031918e-07	0.0	5.0
PA14_16870_1446598_G_A_V_I|2	26.5909090909	2.51424031918e-07	0.0	5.0
PA14_41280_3684844_G_A_E_K|1	26.5909090909	2.51424031918e-07	0.0	5.0
PA14_03860_347884_G_A_H_Y|53	26.5909090909	2.51424031918e-07	0.0	5.0
PA14_59200_5272099_C_A_D_E|2	26.5909090909	2.51424031918e-07	0.0	5.0
PA14_39640,cobN_3529723_G_A_A_V|1	26.5909090909	2.51424031918e-07	0.0	5.0
PA14_31110_2706490_C_T_E_K|1	26.5909090909	2.51424031918e-07	0.0	5.0
PA14_09980,dkgB_859523_C_G_A_G|1	26.5909090909	2.51424031918e-07	0.0	5.0
PA14_30860,trbG_2680668_G_C_P_A|1	26.5909090909	2.51424031918e-07	0.0	5.0
PA14_31110_2707045_A_G_C_R|1	26.5909090909	2.51424031918e-07	0.0	5.0
PA14_08160,lys_701285_C_T_A_V|1	26.1617132867	3.13986671402e-07	6.0	10.0
PA14_55400_4922042_A_C_D_E|1	25.9270050937	3.54573970919e-07	2.0	7.0
PA14_48660_4328736_G_A_A_T|1	25.9270050937	3.54573970919e-07	2.0	7.0
PA14_44900_4003282_G_A_G_S|1	25.9270050937	3.54573970919e-07	2.0	7.0
PA14_30910,trbE_2684753_G_T_R_S|1	25.9270050937	3.54573970919e-07	2.0	7.0
PA14_49220,napF_4372645_G_A_A_T|1	25.9270050937	3.54573970919e-07	2.0	7.0
PA14_06360,comF_562689_G_A_H_Y|1	25.9270050937	3.54573970919e-07	2.0	7.0
PA14_55410_4931480_C_T_V_M|1	25.8154684336	3.75665705792e-07	86.0	41.0
PA14_55400_4929423_C_G_R_P|1	25.8154684336	3.75665705792e-07	86.0	41.0
PA14_55400_4923141_C_G_S_T|1	25.7174900066	3.95228915541e-07	53.0	30.0
PA14_30960,traG_2690143_C_T_A_T|5	25.6632256632	4.06499946363e-07	1.0	6.0
PA14_18160_1559054_C_T_A_T|1	25.6632256632	4.06499946363e-07	1.0	6.0
PA14_30970,bphR_2691192_C_G_S_T|1	25.6632256632	4.06499946363e-07	1.0	6.0
PA14_31070_2701432_G_A_A_V|1	25.6632256632	4.06499946363e-07	1.0	6.0
PA14_31070_2703397_C_A_G_V|1	25.6632256632	4.06499946363e-07	1.0	6.0
PA14_30970,bphR_2691193_T_A_S_C|1	25.6632256632	4.06499946363e-07	1.0	6.0
PA14_30910,trbE_2684018_C_A_A_S|1	25.6632256632	4.06499946363e-07	1.0	6.0
PA14_30910,trbE_2684404_T_G_E_A|2	25.6632256632	4.06499946363e-07	1.0	6.0
PA14_20150,nosL_1737142_C_A_A_S|1	25.6632256632	4.06499946363e-07	1.0	6.0
PA14_38480,gnyA_3433288_A_T_H_L|1	25.6632256632	4.06499946363e-07	1.0	6.0
PA14_15460,merA_1309353_T_C_T_A|1	25.6632256632	4.06499946363e-07	1.0	6.0
PA14_66460_5929131_G_A_V_I|1	25.6632256632	4.06499946363e-07	1.0	6.0
PA14_34050_3028677_C_A_Q_H|1	25.6632256632	4.06499946363e-07	1.0	6.0
PA14_31100_2705643_C_G_V_L|1	25.6632256632	4.06499946363e-07	1.0	6.0
PA14_69450,hemC_6193804_T_G_E_D|1	25.6632256632	4.06499946363e-07	1.0	6.0
PA14_30970,bphR_2691295_C_G_E_Q|1	25.6632256632	4.06499946363e-07	1.0	6.0
PA14_30910,trbE_2684312_G_A_L_F|1	25.6632256632	4.06499946363e-07	1.0	6.0
PA14_37730_3363193_G_A_R_H|1	25.6632256632	4.06499946363e-07	1.0	6.0
PA14_43610_3881925_T_A_I_F|1	25.6632256632	4.06499946363e-07	1.0	6.0
PA14_38770_3459112_T_C_D_G|1	25.6632256632	4.06499946363e-07	1.0	6.0
PA14_08300,JF1_710753_G_C_W_C|1	25.5524864025	4.30510924607e-07	22.0	18.0
PA14_55400_4925419_G_T_R_S|1	25.5339290339	4.34671499533e-07	74.0	37.0
PA14_33070_2896197_C_T_A_V|1	25.1937356937	5.18503408619e-07	20.0	17.0
PA14_55400_4929312_G_C_T_S|1	25.1279043537	5.36508651081e-07	84.0	40.0
PA14_08310_712657_G_A_S_N|1	24.8934594817	6.05876329756e-07	18.0	16.0
PA14_55400_4929867_C_G_S_T|1	24.788951049	6.39630661221e-07	66.0	34.0
PA14_08220_702800_C_G_T_S|1	24.7132955428	6.65236743004e-07	25.0	19.0
PA14_55400_4930266_T_G_Q_P|1	24.7132955428	6.65236743004e-07	25.0	19.0
PA14_54630_4843577_T_A_V_E|1	24.6766844267	6.77994556591e-07	5.0	9.0
PA14_31090_2704781_G_A_R_W|1	24.6766844267	6.77994556591e-07	5.0	9.0
PA14_59500_5294370_C_T_S_L|1	24.6766844267	6.77994556591e-07	5.0	9.0
PA14_16750_1434383_C_T_P_S|1	24.6766844267	6.77994556591e-07	5.0	9.0
PA14_55410_4931711_G_C_Q_E|1	24.6511658023	6.87031803293e-07	88.0	41.0
PA14_33000,gcvP2_2886739_G_A_A_T|1	24.553986014	7.22567157837e-07	12.0	13.0
PA14_34350,mtlY_3055891_G_T_P_H|1	24.553986014	7.22567157837e-07	12.0	13.0
PA14_15080_1280157_G_A_G_S|1	24.553986014	7.22567157837e-07	12.0	13.0
PA14_57320,ddl_5106381_C_T_E_K|1	24.553986014	7.22567157837e-07	12.0	13.0
PA14_58375_5198758_T_C_Q_R|1	24.553986014	7.22567157837e-07	12.0	13.0
PA14_26530,cobJ_2312317_C_G_L_V|1	24.2575852332	8.42745422557e-07	23.0	18.0
PA14_08300,JF1_710655_A_C_K_Q|1	24.2575852332	8.42745422557e-07	23.0	18.0
PA14_55400_4923922_T_C_S_G|1	24.0901379765	9.19299039897e-07	41.0	25.0
PA14_55400_4925232_C_T_S_N|1	23.7070549571	1.12170588227e-06	47.0	27.0
PA14_55400_4925327_G_C_I_M|1	23.661803596	1.14839362697e-06	77.0	37.0
PA14_58960_5254710_C_A_P_Q|1	23.5901092372	1.1919863951e-06	7.0	10.0
PA14_00510_43012_G_A_A_T|1	23.5901092372	1.1919863951e-06	7.0	10.0
PA14_18110,mmsR_1554137_C_G_E_D|1	23.5901092372	1.1919863951e-06	7.0	10.0
PA14_08430_722075_T_G_S_A|1	23.5388276254	1.22418199899e-06	31.0	21.0
PA14_55400_4925286_G_C_A_G|1	23.4973041863	1.25088917455e-06	53.0	29.0
PA14_30870,trbF_2681336_C_A_A_S|1	23.281015281	1.3997486072e-06	4.0	8.0
PA14_46310_4119453_G_A_A_T|1	23.281015281	1.3997486072e-06	4.0	8.0
PA14_47920_4265916_A_G_K_R|1	23.281015281	1.3997486072e-06	4.0	8.0
PA14_48640_4326636_A_G_I_V|1	23.281015281	1.3997486072e-06	4.0	8.0
PA14_55650,sbcC_4961024_T_C_V_A|1	23.281015281	1.3997486072e-06	4.0	8.0
PA14_46320,pyc_4121852_G_A_R_C|1	23.281015281	1.3997486072e-06	4.0	8.0
PA14_30910,trbE_2685935_C_T_G_S|1	23.281015281	1.3997486072e-06	4.0	8.0
PA14_45190_4030600_G_A_A_T|1	23.281015281	1.3997486072e-06	4.0	8.0
PA14_20650,dsdA_1777752_T_C_T_A|1	23.281015281	1.3997486072e-06	4.0	8.0
PA14_66050_5882693_T_C_K_R|1	23.281015281	1.3997486072e-06	4.0	8.0
PA14_27200_2364115_C_T_A_V|1	23.281015281	1.3997486072e-06	4.0	8.0
PA14_55230_4905679_C_T_R_C|1	23.281015281	1.3997486072e-06	4.0	8.0
PA14_36060_3212294_T_C_T_A|1	23.281015281	1.3997486072e-06	4.0	8.0
PA14_45710_4065758_C_G_V_L|1	23.281015281	1.3997486072e-06	4.0	8.0
PA14_23470,wbpM_2041643_A_C_M_L|1	23.1541496698	1.49520191737e-06	17.0	15.0
PA14_55400_4929558_G_C_A_G|1	23.1378147996	1.50795758172e-06	94.0	42.0
PA14_55400_4923010_C_G_A_P|1	23.0660079051	1.56533769739e-06	78.0	37.0
PA14_67180_5996101_T_G_K_Q|1	23.0365384615	1.58951559103e-06	9.0	11.0
PA14_55400_4923970_G_T_R_S|1	22.9922329354	1.62657236565e-06	91.0	41.0
PA14_08300,JF1_711206_C_G_N_K|1	22.9675403961	1.64759978159e-06	29.0	20.0
PA14_64710_5764227_G_C_E_D|1	22.9197009887	1.68911738389e-06	15.0	14.0
PA14_08300,JF1_710728_A_C_K_T|1	22.9197009887	1.68911738389e-06	15.0	14.0
PA14_55400_4923721_T_G_N_H|1	22.9091375291	1.69842544965e-06	48.0	27.0
PA14_36740_3276437_C_A_E_D|1	22.8074051552	1.79074383117e-06	11.0	12.0
PA14_49300_4379367_C_T_V_I|1	22.8074051552	1.79074383117e-06	11.0	12.0
PA14_09700,pqsL_833907_T_C_T_A|1	22.7904040404	1.80665538805e-06	13.0	13.0
PA14_08300,JF1_710686_C_A_T_N|1	22.7904040404	1.80665538805e-06	13.0	13.0
PA14_68370,cysQ_6101035_G_A_A_V|1	22.7904040404	1.80665538805e-06	13.0	13.0
PA14_55400_4918516_T_C_I_V|1	22.7735042735	1.82261264424e-06	66.0	33.0
PA14_04010_362218_T_C_K_R|1	22.563156217	2.03347177297e-06	22.0	17.0
PA14_14530_1243211_A_T_E_D|1	22.5257583088	2.07344578303e-06	32.0	21.0
PA14_47790,cobO_4250356_T_C_I_V|1	22.4117512922	2.20023677893e-06	27.0	19.0
PA14_55400_4922834_C_G_Q_H|1	22.379009879	2.23806696437e-06	76.0	36.0
PA14_55400_4922184_G_T_S_*|1	22.3140287791	2.31509132276e-06	89.0	40.0
PA14_55400_4923004_G_C_Q_E|1	22.1732432012	2.49121568273e-06	86.0	39.0
PA14_55400_4918674_G_C_T_S|1	22.1732432012	2.49121568273e-06	86.0	39.0
PA14_60490_5391511_C_T_T_I|1	22.1296727963	2.54840065724e-06	20.0	16.0
PA14_55400_4929483_G_A_T_I|1	22.1028681463	2.58423345443e-06	96.0	42.0
PA14_55400_4922505_C_T_S_N|1	22.1028681463	2.58423345443e-06	96.0	42.0
PA14_55400_4923930_T_G_D_A|1	22.0483471842	2.65868516753e-06	61.0	31.0
PA14_55230_4905445_G_A_V_M|2	22.0283216783	2.68656836989e-06	3.0	7.0
PA14_49220,napF_4372672_A_G_T_A|1	22.0283216783	2.68656836989e-06	3.0	7.0
PA14_05775_511171_C_A_S_I|1	22.0283216783	2.68656836989e-06	3.0	7.0
PA14_08150,gpD_700253_T_G_Y_D|2	22.0283216783	2.68656836989e-06	3.0	7.0
PA14_07820_674001_C_T_A_V|1	22.0283216783	2.68656836989e-06	3.0	7.0
PA14_00440,trpA_37494_G_C_H_D|1	22.0283216783	2.68656836989e-06	3.0	7.0
PA14_65795_5859844_A_T_L_Q|1	22.0283216783	2.68656836989e-06	3.0	7.0
PA14_65795_5860594_G_A_T_M|1	22.0283216783	2.68656836989e-06	3.0	7.0
PA14_37080_3303931_G_A_A_T|1	22.0283216783	2.68656836989e-06	3.0	7.0
PA14_65795_5859528_C_A_E_D|1	22.0283216783	2.68656836989e-06	3.0	7.0
PA14_31280_2720578_C_G_K_N|1	22.0283216783	2.68656836989e-06	3.0	7.0
PA14_44910_4003371_A_G_S_G|1	22.0283216783	2.68656836989e-06	3.0	7.0
PA14_16890_1447957_C_G_R_G|1	22.0283216783	2.68656836989e-06	3.0	7.0
PA14_31610_2746018_C_T_A_T|1	22.0283216783	2.68656836989e-06	3.0	7.0
PA14_51040_4534980_A_G_Y_H|1	22.0283216783	2.68656836989e-06	3.0	7.0
PA14_46320,pyc_4120606_G_A_P_L|1	21.9694638695	2.77023110693e-06	6.0	9.0
PA14_32590,dipZ2_2830230_C_T_A_V|1	21.9694638695	2.77023110693e-06	6.0	9.0
PA14_10020_862232_G_C_T_S|1	21.9694638695	2.77023110693e-06	6.0	9.0
PA14_09910,lysR_852755_T_C_M_V|1	21.9694638695	2.77023110693e-06	6.0	9.0
PA14_31330_2724495_T_G_E_A|1	21.9694638695	2.77023110693e-06	6.0	9.0
PA14_58240_5183149_C_A_A_S|1	21.9694638695	2.77023110693e-06	6.0	9.0
PA14_29390_2545596_G_A_R_K|1	21.9694638695	2.77023110693e-06	6.0	9.0
PA14_21000_1808138_C_T_S_N|1	21.9694638695	2.77023110693e-06	6.0	9.0
PA14_17140,yaeL_1470069_A_G_E_G|1	21.9694638695	2.77023110693e-06	6.0	9.0
PA14_42950_3818834_C_T_G_S|1	21.8747041073	2.91045358442e-06	25.0	18.0
PA14_55400_4923973_A_C_S_A|1	21.7983923648	3.02853788546e-06	77.0	36.0
PA14_55400_4925329_T_C_I_V|1	21.7983923648	3.02853788546e-06	77.0	36.0
PA14_55410_4931708_G_C_Q_E|1	21.7859064013	3.04831112164e-06	90.0	40.0
PA14_23470,wbpM_2041654_G_T_R_S|1	21.742848061	3.11749883433e-06	18.0	15.0
PA14_67230_6003365_G_A_P_L|1	21.7132030363	3.16604727878e-06	41.0	24.0
PA14_55400_4923969_C_T_R_H|1	21.6921829445	3.20092998357e-06	74.0	35.0
PA14_55400_4928670_C_T_R_H|1	21.6363913864	3.29539731347e-06	87.0	39.0
PA14_65605,parC_5845617_G_A_S_L|1	21.6239316239	3.31687368098e-06	115.0	0.0
PA14_55400_4922151_G_A_A_V|1	21.6006216006	3.3574300419e-06	97.0	42.0
PA14_55400_4924006_A_T_S_T|1	21.6006216006	3.3574300419e-06	97.0	42.0
PA14_55400_4918579_C_A_A_S|1	21.6006216006	3.3574300419e-06	97.0	42.0
PA14_55400_4924020_T_C_D_G|1	21.6006216006	3.3574300419e-06	97.0	42.0
PA14_55400_4928518_T_A_S_C|1	21.6006216006	3.3574300419e-06	97.0	42.0
PA14_55400_4922838_T_C_K_R|1	21.5971287971	3.36354977602e-06	71.0	34.0
PA14_55400_4929926_G_C_I_M|2	21.4321016432	3.66581960191e-06	94.0	41.0
PA14_55400_4929571_T_C_S_G|1	21.4321016432	3.66581960191e-06	94.0	41.0
PA14_55400_4928586_G_T_T_K|1	21.4321016432	3.66581960191e-06	94.0	41.0
PA14_55400_4929574_C_A_A_S|1	21.4321016432	3.66581960191e-06	94.0	41.0
PA14_49300_4381082_G_A_A_V|1	21.4166796167	3.69542365278e-06	16.0	14.0
PA14_55400_4923831_T_C_Q_R|1	21.4166796167	3.69542365278e-06	16.0	14.0
PA14_08120_696397_T_G_S_A|1	21.4166796167	3.69542365278e-06	16.0	14.0
PA14_55400_4918474_T_G_K_Q|1	21.3932918933	3.74077703348e-06	62.0	31.0
PA14_55400_4928442_T_G_D_A|1	21.3606157731	3.80507931906e-06	23.0	17.0
PA14_33980_3020830_T_C_H_R|1	21.3606157731	3.80507931906e-06	23.0	17.0
PA14_55400_4923912_G_C_S_W|1	21.358546572	3.80918837732e-06	59.0	30.0
PA14_31200_2713298_G_C_S_W|1	21.3251316585	3.87616427824e-06	8.0	10.0
PA14_34600,gapB_3075171_G_A_H_Y|1	21.3251316585	3.87616427824e-06	8.0	10.0
PA14_15460,merA_1309068_C_T_V_M|2	21.2727272727	3.98359010791e-06	0.0	4.0
PA14_27980,yjbN_2421559_C_T_E_K|1	21.2727272727	3.98359010791e-06	0.0	4.0
PA14_59690_5311283_A_G_N_S|1	21.2727272727	3.98359010791e-06	0.0	4.0
PA14_15450,merD_1308511_C_A_A_S|1	21.2727272727	3.98359010791e-06	0.0	4.0
PA14_57070_5084895_T_A_T_S|2	21.2727272727	3.98359010791e-06	0.0	4.0
PA14_45190_4031535_G_C_Q_H|1	21.2727272727	3.98359010791e-06	0.0	4.0
PA14_66520_5933795_T_C_I_V|2	21.2727272727	3.98359010791e-06	0.0	4.0
PA14_20530_1766553_T_A_L_Q|1	21.2727272727	3.98359010791e-06	0.0	4.0
PA14_70980,betT1_6324657_C_A_A_E|1	21.2727272727	3.98359010791e-06	0.0	4.0
PA14_24100,xcpZ_2091948_C_T_L_F|1	21.2727272727	3.98359010791e-06	0.0	4.0
PA14_35490,lpdV_3155909_T_C_I_V|1	21.2727272727	3.98359010791e-06	0.0	4.0
PA14_25690,fabF1_2245175_C_T_T_I|6	21.2727272727	3.98359010791e-06	0.0	4.0
PA14_44190_3932325_G_A_R_H|1	21.2727272727	3.98359010791e-06	0.0	4.0
PA14_33360_2936633_G_A_G_D|1	21.2727272727	3.98359010791e-06	0.0	4.0
PA14_34350,mtlY_3055284_C_A_Q_H|1	21.2727272727	3.98359010791e-06	0.0	4.0
PA14_31280_2720021_T_A_E_V|1	21.2727272727	3.98359010791e-06	0.0	4.0
PA14_43810_3900595_C_T_H_Y|1	21.2727272727	3.98359010791e-06	0.0	4.0
PA14_37980_3389030_C_T_D_N|2	21.2727272727	3.98359010791e-06	0.0	4.0
PA14_33920_3015922_A_G_S_P|1	21.2727272727	3.98359010791e-06	0.0	4.0
PA14_43440_3870208_T_A_D_E|1	21.2727272727	3.98359010791e-06	0.0	4.0
PA14_46700,ybiF_4162116_C_A_G_V|1	21.2727272727	3.98359010791e-06	0.0	4.0
PA14_36710,glgB_3271497_C_T_G_D|1	21.2727272727	3.98359010791e-06	0.0	4.0
PA14_20520_1765333_G_A_V_I|1	21.2727272727	3.98359010791e-06	0.0	4.0
PA14_10210_877559_C_T_P_L|1	21.2727272727	3.98359010791e-06	0.0	4.0
PA14_19400,mnmC_1678384_C_T_E_K|1	21.2727272727	3.98359010791e-06	0.0	4.0
PA14_06170,fiuR_545957_C_T_A_T|1	21.2727272727	3.98359010791e-06	0.0	4.0
PA14_10200_876772_C_T_T_I|1	21.2727272727	3.98359010791e-06	0.0	4.0
PA14_27140_2358814_C_T_D_N|1	21.2727272727	3.98359010791e-06	0.0	4.0
PA14_09370_802953_G_A_G_E|1	21.2727272727	3.98359010791e-06	0.0	4.0
PA14_67230_6003836_C_T_R_H|1	21.2727272727	3.98359010791e-06	0.0	4.0
PA14_35330,kguT_3141148_T_C_I_V|1	21.2727272727	3.98359010791e-06	0.0	4.0
PA14_34840_3096961_G_A_E_K|2	21.2727272727	3.98359010791e-06	0.0	4.0
PA14_30440_2636520_C_T_R_H|1	21.2727272727	3.98359010791e-06	0.0	4.0
PA14_31340_2725381_C_A_D_E|1	21.2727272727	3.98359010791e-06	0.0	4.0
PA14_31160_2708954_A_G_Q_R|1	21.2727272727	3.98359010791e-06	0.0	4.0
PA14_33360_2937038_T_C_V_A|1	21.2727272727	3.98359010791e-06	0.0	4.0
PA14_55400_4921889_G_T_S_R|1	21.2705570292	3.98810284103e-06	36.0	22.0
PA14_55400_4924164_A_G_L_P|1	21.2687177115	3.99193147388e-06	91.0	40.0
PA14_55400_4923359_C_G_Q_H|1	21.2312599681	4.0707090951e-06	78.0	36.0
PA14_55400_4925083_G_T_L_M|1	21.1109550991	4.33443086957e-06	88.0	39.0
PA14_55400_4928200_C_G_E_Q|1	21.1082362082	4.3405850677e-06	98.0	42.0
PA14_55400_4918615_C_T_V_M|1	21.1082362082	4.3405850677e-06	98.0	42.0
PA14_55400_4928917_G_C_Q_E|1	21.1082362082	4.3405850677e-06	98.0	42.0
PA14_55400_4929484_T_C_T_A|1	21.1082362082	4.3405850677e-06	98.0	42.0
PA14_55400_4928608_G_C_L_V|1	21.1082362082	4.3405850677e-06	98.0	42.0
PA14_49520,pyoS3A_4404408_A_T_L_Q|1	21.0620675621	4.44643654029e-06	10.0	11.0
PA14_30430_2634981_G_C_D_E|1	21.0620675621	4.44643654029e-06	10.0	11.0
PA14_27675_2398929_G_C_R_G|1	21.0372960373	4.50429445418e-06	12.0	12.0
PA14_68780_6133982_C_A_V_L|1	21.0372960373	4.50429445418e-06	12.0	12.0
PA14_17880,paaJ_1534838_G_A_D_N|1	21.0258352758	4.53131797533e-06	2.0	6.0
PA14_60490_5392497_G_A_V_I|1	21.0258352758	4.53131797533e-06	2.0	6.0
PA14_15260_1293867_C_T_A_T|2	21.0258352758	4.53131797533e-06	2.0	6.0
PA14_11310_984342_T_C_I_V|1	21.0258352758	4.53131797533e-06	2.0	6.0
PA14_31070_2701772_C_A_G_C|2	21.0258352758	4.53131797533e-06	2.0	6.0
PA14_55930_4993500_G_A_T_I|1	21.0258352758	4.53131797533e-06	2.0	6.0
PA14_67230_6002264_C_A_G_V|1	21.0258352758	4.53131797533e-06	2.0	6.0
PA14_35050_3120492_G_C_A_G|1	21.0258352758	4.53131797533e-06	2.0	6.0
PA14_31840_2769643_T_A_L_F|1	21.0258352758	4.53131797533e-06	2.0	6.0
PA14_34130_3036350_C_T_A_V|1	21.0258352758	4.53131797533e-06	2.0	6.0
PA14_16190_1383057_C_T_R_W|1	21.0258352758	4.53131797533e-06	2.0	6.0
PA14_62330,phuS_5560587_T_C_T_A|1	21.0258352758	4.53131797533e-06	2.0	6.0
PA14_32640_2835462_G_A_T_I|1	21.0258352758	4.53131797533e-06	2.0	6.0
PA14_56890_5071247_G_T_A_S|1	21.0258352758	4.53131797533e-06	2.0	6.0
PA14_24610_2151847_C_A_A_S|3	21.0258352758	4.53131797533e-06	2.0	6.0
PA14_14330_1222602_T_C_I_V|1	21.0258352758	4.53131797533e-06	2.0	6.0
PA14_30880,trbL_2682530_C_A_A_S|2	21.0258352758	4.53131797533e-06	2.0	6.0
PA14_64790,vanK_5772848_G_A_L_F|1	21.0258352758	4.53131797533e-06	2.0	6.0
PA14_30910,trbE_2685185_T_C_T_A|2	21.0258352758	4.53131797533e-06	2.0	6.0
PA14_55260_4907986_C_T_G_D|1	21.0258352758	4.53131797533e-06	2.0	6.0
PA14_31110_2707021_G_A_R_C|1	21.0258352758	4.53131797533e-06	2.0	6.0
PA14_38200,ilvG_3408097_G_A_V_I|1	21.0258352758	4.53131797533e-06	2.0	6.0
PA14_30880,trbL_2681468_C_T_G_S|1	21.0258352758	4.53131797533e-06	2.0	6.0
PA14_66550,hemE_5937317_C_T_S_N|1	21.0258352758	4.53131797533e-06	2.0	6.0
PA14_30850,trbI_2679061_T_C_N_D|7	21.0258352758	4.53131797533e-06	2.0	6.0
PA14_55400_4923175_C_T_V_M|1	21.0258352758	4.53131797533e-06	2.0	6.0
PA14_33360_2936635_T_C_F_L|1	21.0258352758	4.53131797533e-06	2.0	6.0
PA14_30850,trbI_2678743_G_A_L_F|1	21.0258352758	4.53131797533e-06	2.0	6.0
PA14_46430_4130188_G_A_T_M|1	21.0258352758	4.53131797533e-06	2.0	6.0
PA14_34440,mtlR_3063148_C_T_G_S|1	21.0258352758	4.53131797533e-06	2.0	6.0
PA14_30930,trbC_2686930_A_T_F_I|1	21.0258352758	4.53131797533e-06	2.0	6.0
PA14_11100,cupB5_963046_G_A_S_N|1	21.0258352758	4.53131797533e-06	2.0	6.0
PA14_31130_2707377_C_T_A_T|1	21.0258352758	4.53131797533e-06	2.0	6.0
PA14_30860,trbG_2680050_C_A_A_S|1	21.0258352758	4.53131797533e-06	2.0	6.0
PA14_31070_2701574_C_T_D_N|1	21.0258352758	4.53131797533e-06	2.0	6.0
PA14_55400_4928895_A_T_V_D|1	20.9593622277	4.69129576356e-06	85.0	38.0
PA14_55400_4925241_C_G_S_T|1	20.9328837013	4.75658817956e-06	95.0	41.0
PA14_55400_4923880_C_A_A_S|1	20.9328837013	4.75658817956e-06	95.0	41.0
PA14_55400_4928613_C_T_G_D|1	20.9328837013	4.75658817956e-06	95.0	41.0
PA14_55400_4929952_C_T_V_I|1	20.9328837013	4.75658817956e-06	95.0	41.0
PA14_55400_4925097_C_T_S_N|1	20.9328837013	4.75658817956e-06	95.0	41.0
PA14_55400_4922517_G_C_A_G|1	20.9328837013	4.75658817956e-06	95.0	41.0
PA14_16310_1392695_G_T_G_V|1	20.8934096207	4.85562303505e-06	42.0	24.0
PA14_55400_4929297_C_T_R_H|1	20.8934096207	4.85562303505e-06	42.0	24.0
PA14_26930_2343962_G_A_A_T|1	20.8750708751	4.90233378931e-06	21.0	16.0
PA14_55400_4928584_C_T_V_I|1	20.7622142168	5.19988643123e-06	92.0	40.0
PA14_55400_4924120_G_T_Q_K|1	20.7622142168	5.19988643123e-06	92.0	40.0
PA14_55400_4925341_C_A_A_S|1	20.707049707	5.35186023404e-06	48.0	26.0
PA14_55400_4925283_G_C_A_G|1	20.7031857032	5.36267083053e-06	60.0	30.0
PA14_55400_4923319_T_C_I_V|1	20.6670701094	5.46477977324e-06	51.0	27.0
PA14_55400_4918477_T_A_S_C|1	20.6556370459	5.49750917185e-06	54.0	28.0
PA14_07770,ostA_667490_G_C_T_S|1	20.6256289248	5.58435227952e-06	121.0	1.0
PA14_55400_4928517_C_G_S_T|1	20.6255021574	5.58472204813e-06	99.0	42.0
PA14_55400_4922787_C_A_R_L|1	20.6255021574	5.58472204813e-06	99.0	42.0
PA14_55400_4927623_C_A_R_L|1	20.6255021574	5.58472204813e-06	99.0	42.0
PA14_55410_4931620_T_G_N_T|1	20.6255021574	5.58472204813e-06	99.0	42.0
PA14_55400_4928629_G_C_L_V|1	20.6255021574	5.58472204813e-06	99.0	42.0
PA14_55400_4921938_G_C_A_G|1	20.6255021574	5.58472204813e-06	99.0	42.0
PA14_55400_4928544_A_T_L_Q|1	20.6255021574	5.58472204813e-06	99.0	42.0
PA14_55400_4930347_A_G_I_T|1	20.6255021574	5.58472204813e-06	99.0	42.0
PA14_55400_4922986_T_G_S_R|1	20.6255021574	5.58472204813e-06	99.0	42.0
PA14_55400_4922512_T_C_T_A|1	20.6255021574	5.58472204813e-06	99.0	42.0
PA14_55400_4924109_G_C_D_E|1	20.6255021574	5.58472204813e-06	99.0	42.0
PA14_55410_4931720_T_A_T_S|1	20.6255021574	5.58472204813e-06	99.0	42.0
PA14_55400_4922977_T_G_I_L|1	20.6255021574	5.58472204813e-06	99.0	42.0
PA14_55400_4922436_T_A_E_V|1	20.6255021574	5.58472204813e-06	99.0	42.0
PA14_55400_4929247_T_G_I_L|1	20.6255021574	5.58472204813e-06	99.0	42.0
PA14_55400_4923885_T_C_N_S|1	20.6255021574	5.58472204813e-06	99.0	42.0
PA14_55400_4925266_C_G_D_H|1	20.5966667881	5.66947389864e-06	89.0	39.0
PA14_66670,ponA_5954182_G_T_S_I|1	20.5237632738	5.88955223257e-06	1.0	5.0
PA14_45930_4082886_C_A_F_L|1	20.5237632738	5.88955223257e-06	1.0	5.0
PA14_02270_204473_C_T_A_T|1	20.5237632738	5.88955223257e-06	1.0	5.0
PA14_38770_3458429_A_T_C_S|1	20.5237632738	5.88955223257e-06	1.0	5.0
PA14_30850,trbI_2678830_C_T_V_M|11	20.5237632738	5.88955223257e-06	1.0	5.0
PA14_59210_5273433_C_A_D_E|1	20.5237632738	5.88955223257e-06	1.0	5.0
PA14_35740,tpnA_3178236_A_G_T_A|1	20.5237632738	5.88955223257e-06	1.0	5.0
PA14_32570_2828151_T_G_E_D|1	20.5237632738	5.88955223257e-06	1.0	5.0
PA14_15460,merA_1309399_G_T_H_Q|1	20.5237632738	5.88955223257e-06	1.0	5.0
PA14_60050_5346782_G_T_V_F|1	20.5237632738	5.88955223257e-06	1.0	5.0
PA14_39010,pqqF_3478032_G_A_R_W|1	20.5237632738	5.88955223257e-06	1.0	5.0
PA14_30850,trbI_2679640_C_T_A_T|1	20.5237632738	5.88955223257e-06	1.0	5.0
PA14_67975_6067169_C_A_A_D|1	20.5237632738	5.88955223257e-06	1.0	5.0
PA14_31070_2702741_C_T_A_T|4	20.5237632738	5.88955223257e-06	1.0	5.0
PA14_12760_1093791_G_A_R_H|1	20.5237632738	5.88955223257e-06	1.0	5.0
PA14_37840_3375007_T_C_K_R|1	20.5237632738	5.88955223257e-06	1.0	5.0
PA14_31150_2708691_C_T_C_Y|1	20.5237632738	5.88955223257e-06	1.0	5.0
PA14_35740,tpnA_3178933_A_T_Q_L|2	20.5237632738	5.88955223257e-06	1.0	5.0
PA14_32570_2828147_C_T_A_T|7	20.5237632738	5.88955223257e-06	1.0	5.0
PA14_13660,tpbA_1174772_C_T_G_S|1	20.5237632738	5.88955223257e-06	1.0	5.0
PA14_42600,pscP_3790047_C_A_H_Q|1	20.5237632738	5.88955223257e-06	1.0	5.0
PA14_35740,tpnA_3178218_T_C_F_L|9	20.5237632738	5.88955223257e-06	1.0	5.0
PA14_58375_5199286_G_A_A_V|1	20.5237632738	5.88955223257e-06	1.0	5.0
PA14_31110_2706013_G_A_L_F|1	20.5237632738	5.88955223257e-06	1.0	5.0
PA14_31090_2704952_A_C_S_A|1	20.5237632738	5.88955223257e-06	1.0	5.0
PA14_59940_5339875_C_G_T_S|2	20.5237632738	5.88955223257e-06	1.0	5.0
PA14_00790,prlC_77930_A_T_E_V|1	20.5237632738	5.88955223257e-06	1.0	5.0
PA14_37915_3385328_G_A_V_I|1	20.5237632738	5.88955223257e-06	1.0	5.0
PA14_31190_2711910_C_G_E_Q|1	20.5237632738	5.88955223257e-06	1.0	5.0
PA14_30900,trbJ_2683521_C_A_A_S|1	20.5237632738	5.88955223257e-06	1.0	5.0
PA14_30910,trbE_2685554_T_G_I_L|1	20.5237632738	5.88955223257e-06	1.0	5.0
PA14_27410,trpC_2378708_C_T_A_T|7	20.5237632738	5.88955223257e-06	1.0	5.0
PA14_18700,rnt_1609950_C_T_G_S|1	20.5237632738	5.88955223257e-06	1.0	5.0
PA14_37900_3381071_C_T_A_T|2	20.5237632738	5.88955223257e-06	1.0	5.0
PA14_55400_4928191_C_T_V_M|1	20.5237632738	5.88955223257e-06	1.0	5.0
PA14_03300_299116_T_A_M_K|1	20.5237632738	5.88955223257e-06	1.0	5.0
PA14_51630_4588390_T_A_M_K|1	20.5237632738	5.88955223257e-06	1.0	5.0
PA14_02290_205305_C_T_A_T|1	20.5237632738	5.88955223257e-06	1.0	5.0
PA14_09970,fpvB_858058_G_C_D_E|1	20.5237632738	5.88955223257e-06	1.0	5.0
PA14_31070_2702101_G_C_T_S|1	20.5237632738	5.88955223257e-06	1.0	5.0
PA14_07770,ostA_667572_C_T_D_N|1	20.5237632738	5.88955223257e-06	1.0	5.0
PA14_01160_113414_A_G_E_G|69	20.5237632738	5.88955223257e-06	1.0	5.0
PA14_31190_2711712_C_T_D_N|1	20.5237632738	5.88955223257e-06	1.0	5.0
PA14_60350_5378845_C_T_V_I|1	20.5237632738	5.88955223257e-06	1.0	5.0
PA14_36730_3272642_C_T_S_N|1	20.5237632738	5.88955223257e-06	1.0	5.0
PA14_32580_2829240_C_G_R_P|2	20.5237632738	5.88955223257e-06	1.0	5.0
PA14_02930_258255_C_A_R_S|1	20.5237632738	5.88955223257e-06	1.0	5.0
PA14_37640_3350906_C_A_D_E|1	20.5237632738	5.88955223257e-06	1.0	5.0
PA14_67970_6065734_A_C_T_P|2	20.5237632738	5.88955223257e-06	1.0	5.0
PA14_31230_2714980_T_C_I_V|1	20.5237632738	5.88955223257e-06	1.0	5.0
PA14_59940_5338822_T_A_L_*|1	20.5237632738	5.88955223257e-06	1.0	5.0
PA14_35740,tpnA_3179383_G_A_S_N|1	20.5237632738	5.88955223257e-06	1.0	5.0
PA14_15460,merA_1308957_G_A_L_F|7	20.5237632738	5.88955223257e-06	1.0	5.0
PA14_03130_275613_A_G_V_A|26	20.5237632738	5.88955223257e-06	1.0	5.0
PA14_08050_693065_T_A_S_T|1	20.4957264957	5.9764537688e-06	109.0	0.0
PA14_55400_4923204_G_C_T_R|1	20.4436986371	6.14114181141e-06	96.0	41.0
PA14_55400_4922544_G_C_A_G|1	20.4436986371	6.14114181141e-06	96.0	41.0
PA14_55400_4928434_G_C_P_A|1	20.4436986371	6.14114181141e-06	96.0	41.0
PA14_55400_4923990_C_G_S_T|1	20.436737098	6.1635205653e-06	86.0	38.0
PA14_08300,JF1_710860_A_C_N_T|1	20.4256250286	6.19941146102e-06	19.0	15.0
PA14_23470,wbpM_2041666_G_C_M_I|1	20.4256250286	6.19941146102e-06	19.0	15.0
PA14_73330,parB_6528404_C_T_G_S|1	20.3895762357	6.31729608002e-06	5.0	8.0
PA14_65110,alr_5804491_C_G_G_R|1	20.3895762357	6.31729608002e-06	5.0	8.0
PA14_70340_6272916_G_C_D_E|1	20.3895762357	6.31729608002e-06	5.0	8.0
PA14_30870,trbF_2680859_C_T_V_I|1	20.3895762357	6.31729608002e-06	5.0	8.0
PA14_56010,pctB_5001838_T_A_I_N|1	20.3895762357	6.31729608002e-06	5.0	8.0
PA14_68230_6085922_G_A_A_T|1	20.3895762357	6.31729608002e-06	5.0	8.0
PA14_05390,chpA_473373_G_A_A_T|1	20.3895762357	6.31729608002e-06	5.0	8.0
PA14_31070_2701681_C_T_G_D|1	20.3895762357	6.31729608002e-06	5.0	8.0
PA14_49910_4437372_A_G_K_R|1	20.3895762357	6.31729608002e-06	5.0	8.0
PA14_48970_4351599_C_G_M_I|1	20.3895762357	6.31729608002e-06	5.0	8.0
PA14_20550_1768143_G_C_R_G|1	20.3895762357	6.31729608002e-06	5.0	8.0
PA14_44630,dnaX_3972378_A_C_V_G|1	20.3895762357	6.31729608002e-06	5.0	8.0
PA14_59520_5295118_G_C_D_H|1	20.3895762357	6.31729608002e-06	5.0	8.0
PA14_08300,JF1_711213_A_C_M_L|1	20.3333414271	6.50570091769e-06	29.0	19.0
PA14_55400_4929019_T_A_S_C|1	20.3191021492	6.55429548679e-06	70.0	33.0
PA14_55400_4924119_T_G_Q_P|1	20.2661548977	6.73820748487e-06	93.0	40.0
PA14_55400_4925065_G_T_L_I|1	20.2661548977	6.73820748487e-06	93.0	40.0
PA14_55400_4923913_A_T_S_T|1	20.2212490091	6.89824229467e-06	67.0	32.0
PA14_55400_4922656_C_G_A_P|2	20.1522155466	7.15173609767e-06	100.0	42.0
PA14_55400_4921935_A_G_M_T|1	20.1522155466	7.15173609767e-06	100.0	42.0
PA14_55400_4929460_A_C_Y_D|1	20.1522155466	7.15173609767e-06	100.0	42.0
PA14_55400_4923255_C_G_G_A|1	20.1522155466	7.15173609767e-06	100.0	42.0
PA14_55400_4927654_T_C_S_G|1	20.1522155466	7.15173609767e-06	100.0	42.0
PA14_55400_4928424_C_T_G_E|1	20.1522155466	7.15173609767e-06	100.0	42.0
PA14_55400_4928360_C_G_M_I|2	20.1522155466	7.15173609767e-06	100.0	42.0
PA14_55400_4923028_G_A_L_F|1	20.1522155466	7.15173609767e-06	100.0	42.0
PA14_55400_4922734_T_C_I_V|1	20.1522155466	7.15173609767e-06	100.0	42.0
PA14_55400_4922724_T_C_N_S|1	20.1522155466	7.15173609767e-06	100.0	42.0
PA14_55400_4921952_T_G_E_D|3	20.1522155466	7.15173609767e-06	100.0	42.0
PA14_55400_4924050_T_C_N_S|1	20.136429068	7.21100627647e-06	64.0	31.0
PA14_55400_4924284_C_G_S_T|1	20.1360555154	7.21241473222e-06	80.0	36.0
PA14_55400_4922884_G_C_L_V|1	20.1360555154	7.21241473222e-06	80.0	36.0
PA14_55400_4929972_T_C_D_G|1	20.0227586034	7.65259354794e-06	17.0	14.0
PA14_40850,gpmA_3645103_A_G_K_R|1	20.0227586034	7.65259354794e-06	17.0	14.0
PA14_55400_4930072_T_C_I_V|1	19.9966734654	7.75770051909e-06	77.0	35.0
PA14_33030,sdaA_2891068_G_A_A_T|1	19.9965333811	7.75826886675e-06	32.0	20.0
PA14_08300,JF1_710399_A_C_E_D|1	19.9808132608	7.82231455885e-06	49.0	26.0
PA14_55400_4929654_T_G_N_T|1	19.9643283448	7.8900463465e-06	97.0	41.0
PA14_55400_4928325_G_C_T_S|1	19.9643283448	7.8900463465e-06	97.0	41.0
PA14_55400_4918600_C_G_V_L|1	19.9643283448	7.8900463465e-06	97.0	41.0
PA14_55400_4918587_C_T_R_H|1	19.9643283448	7.8900463465e-06	97.0	41.0
PA14_55400_4928609_T_G_E_D|1	19.9643283448	7.8900463465e-06	97.0	41.0
PA14_55400_4928433_G_T_P_Q|1	19.9643283448	7.8900463465e-06	97.0	41.0
PA14_55400_4918575_A_C_L_R|1	19.9643283448	7.8900463465e-06	97.0	41.0
PA14_55400_4930160_T_G_Q_H|1	19.9643283448	7.8900463465e-06	97.0	41.0
PA14_55400_4929021_A_T_V_D|1	19.9254825175	8.05199033344e-06	87.0	38.0
PA14_55400_4923726_G_T_T_K|1	19.9254825175	8.05199033344e-06	87.0	38.0
PA14_55400_4928587_T_G_T_P|1	19.7803059296	8.68732010062e-06	94.0	40.0
PA14_55400_4922071_G_T_Q_K|1	19.7803059296	8.68732010062e-06	94.0	40.0
PA14_55410_4931633_C_T_A_T|1	19.7803059296	8.68732010062e-06	94.0	40.0
PA14_55400_4924158_T_G_E_A|1	19.7803059296	8.68732010062e-06	94.0	40.0
PA14_55400_4929658_C_T_A_T|1	19.7803059296	8.68732010062e-06	94.0	40.0
PA14_65090_5802426_C_G_F_L|1	19.763306941	8.76493019401e-06	84.0	37.0
PA14_55400_4923185_G_C_S_R|1	19.7440417488	8.85372865627e-06	71.0	33.0
PA14_55400_4926750_A_C_L_R|1	19.7370243882	8.88629750312e-06	127.0	2.0
PA14_30700_2663653_A_G_E_G|1	19.6963971701	9.07723395776e-06	22.0	16.0
PA14_55400_4922109_G_T_T_N|3	19.6881781777	9.11635901277e-06	101.0	42.0
PA14_55400_4922737_G_T_L_M|1	19.6881781777	9.11635901277e-06	101.0	42.0
PA14_55400_4928846_C_G_Q_H|4	19.6881781777	9.11635901277e-06	101.0	42.0
PA14_55400_4922113_C_T_V_I|14	19.6881781777	9.11635901277e-06	101.0	42.0
PA14_55400_4928692_G_C_L_V|1	19.6881781777	9.11635901277e-06	101.0	42.0
PA14_55400_4923661_T_G_S_R|1	19.6881781777	9.11635901277e-06	101.0	42.0
PA14_55400_4929993_G_C_A_G|1	19.6881781777	9.11635901277e-06	101.0	42.0
PA14_55400_4928332_C_T_V_I|26	19.6881781777	9.11635901277e-06	101.0	42.0
PA14_55400_4929015_C_G_G_A|1	19.6881781777	9.11635901277e-06	101.0	42.0
PA14_55400_4922946_T_C_D_G|1	19.6328826729	9.38402160942e-06	68.0	32.0
PA14_50300_4467675_C_G_E_D|1	19.6241501554	9.42700770415e-06	7.0	9.0
PA14_55400_4928946_G_C_A_G|1	19.6241501554	9.42700770415e-06	7.0	9.0
PA14_56850_5065051_G_A_A_T|1	19.6241501554	9.42700770415e-06	7.0	9.0
PA14_34340,mtlZ_3054538_G_C_D_E|1	19.6241501554	9.42700770415e-06	7.0	9.0
PA14_34130_3033462_A_T_E_D|1	19.6241501554	9.42700770415e-06	7.0	9.0
PA14_48890_4346237_C_G_C_S|1	19.6241501554	9.42700770415e-06	7.0	9.0
PA14_35110,arsB_3125298_C_T_V_I|1	19.6241501554	9.42700770415e-06	7.0	9.0
PA14_55400_4924165_G_C_L_V|1	19.6005050505	9.54439651969e-06	91.0	39.0
PA14_55400_4925245_T_C_I_V|1	19.6005050505	9.54439651969e-06	91.0	39.0
PA14_55400_4922855_A_C_S_R|1	19.6005050505	9.54439651969e-06	91.0	39.0
PA14_55400_4922361_G_T_A_D|1	19.6005050505	9.54439651969e-06	91.0	39.0
PA14_55400_4925215_A_C_S_A|1	19.6005050505	9.54439651969e-06	91.0	39.0
PA14_08050_691742_G_A_A_T|2	19.5555555556	9.77161584504e-06	104.0	0.0
PA14_55400_4924780_C_T_D_N|1	19.5508085664	9.79592669579e-06	126.0	2.0
PA14_55400_4924818_T_C_K_R|1	19.5508085664	9.79592669579e-06	126.0	2.0
PA14_08050_693094_G_A_M_I|1	19.5006061946	1.00567762432e-05	115.0	1.0
PA14_55400_4927621_T_G_I_L|1	19.4945609946	1.00886537279e-05	98.0	41.0
PA14_55400_4918599_A_T_V_D|1	19.4945609946	1.00886537279e-05	98.0	41.0
PA14_55400_4929954_G_C_T_R|1	19.4945609946	1.00886537279e-05	98.0	41.0
PA14_55400_4929655_T_C_N_D|1	19.4945609946	1.00886537279e-05	98.0	41.0
PA14_55400_4929341_G_C_I_M|1	19.4945609946	1.00886537279e-05	98.0	41.0
PA14_55400_4929358_C_G_V_L|1	19.4945609946	1.00886537279e-05	98.0	41.0
PA14_55400_4929657_G_T_A_D|1	19.4945609946	1.00886537279e-05	98.0	41.0
PA14_55400_4924111_C_G_D_H|1	19.4945609946	1.00886537279e-05	98.0	41.0
PA14_55400_4929018_C_G_S_T|1	19.4945609946	1.00886537279e-05	98.0	41.0
PA14_55400_4922025_C_A_R_L|1	19.4945609946	1.00886537279e-05	98.0	41.0
PA14_55400_4928227_C_A_A_S|1	19.4945609946	1.00886537279e-05	98.0	41.0
