feature	score	p-value	#I-out-of-206	#O-out-of-73
PA14_67700_6047797|1	21.0929711398	4.37530066747e-06	1.0	9.0
PA14_60000_5342918|1	16.9315068493	3.87530001857e-05	0.0	6.0
PA14_49230,napD_4373121|1	15.3070222104	9.13762023012e-05	11.0	16.0
PA14_58950_5254336|1	15.3070222104	9.13762023012e-05	11.0	16.0
PA14_25610,maf-1_2240238|1	15.019454881	0.000106408537847	5.0	11.0
PA14_40320,xqhA_3603931|1	15.0020215454	0.000107396068804	2.0	8.0
PA14_31280_2720259|1	14.9418045713	0.000110878636351	20.0	22.0
PA14_58950_5254377|1	14.3391206046	0.000152659305012	9.0	14.0
PA14_04570_407021|1	14.1095890411	0.000172462357638	0.0	5.0
PA14_38990_3474529|1	14.1095890411	0.000172462357638	0.0	5.0
PA14_35060_3122224|1	14.1095890411	0.000172462357638	0.0	5.0
PA14_55650,sbcC_4960099|1	14.1095890411	0.000172462357638	0.0	5.0
PA14_41270_3683363|1	14.1095890411	0.000172462357638	0.0	5.0
PA14_42320,pscE_3772124|1	14.1095890411	0.000172462357638	0.0	5.0
PA14_38570_3441215|1	14.1095890411	0.000172462357638	0.0	5.0
PA14_58900_5249310|1	14.1095890411	0.000172462357638	0.0	5.0
PA14_35830,tnpT_3188619|1	14.1095890411	0.000172462357638	0.0	5.0
PA14_59540_5297331|1	13.9085744685	0.000191920930774	12.0	16.0
PA14_59540_5298506|1	13.7586175628	0.000207865023456	15.0	18.0
PA14_59540_5298428|1	13.7586175628	0.000207865023456	15.0	18.0
PA14_08160,lys_701023|1	13.1979152813	0.000280260698546	17.0	19.0
PA14_58950_5254384|1	13.0711374322	0.000299880974949	6.0	11.0
PA14_31110_2707137.2|1	12.8555326506	0.000336482915561	10.0	14.0
PA14_35640,pslI_3168275|1	12.8490585754	0.000337649072881	1.0	6.0
PA14_37990_3389274|1	12.8490585754	0.000337649072881	1.0	6.0
PA14_36580,glgB_3255809|1	12.8490585754	0.000337649072881	1.0	6.0
PA14_33610_2966536|1	12.6310106351	0.000379400006282	13.0	16.0
PA14_31260_2718272.1|1	12.5503498281	0.000396132136007	53.0	3.0
PA14_40510,ccoN-2_3619522|1	12.4804034906	0.000411243360751	4.0	9.0
PA14_51120_4544031|1	12.4804034906	0.000411243360751	4.0	9.0
PA14_31200_2713416|1	12.4564446539	0.00041655207303	63.0	5.0
PA14_59540_5297417|1	12.4101609257	0.000427004067883	2.0	7.0
PA14_12230,leuS_1057316|1	12.4101609257	0.000427004067883	2.0	7.0
PA14_19360_1671616|1	12.4101609257	0.000427004067883	2.0	7.0
PA14_17410_1494372|1	12.4101609257	0.000427004067883	2.0	7.0
PA14_31110_2707125|1	12.3510107727	0.000440747777662	21.0	21.0
PA14_48930_4350153.1|1	12.3447327377	0.000442232453612	3.0	8.0
PA14_58420_5205406|1	12.3447327377	0.000442232453612	3.0	8.0
PA14_38010_3391195|1	12.3447327377	0.000442232453612	3.0	8.0
PA14_31260_2718438|1	12.2111064092	0.000475058523545	52.0	3.0
PA14_31260_2718440|1	12.2111064092	0.000475058523545	52.0	3.0
PA14_31090_2704790|1	12.1494016959	0.000491036142915	18.0	19.0
PA14_59540_5298515|1	12.1494016959	0.000491036142915	18.0	19.0
PA14_33650,pvdD_2983743|1	12.0396017589	0.000520820975383	15.0	17.0
PA14_17410_1494624|1	11.8517888017	0.000576059842152	8.0	12.0
PA14_31180_2710308|1	11.6941747573	0.000626960703598	33.0	0.0
PA14_31260_2718118.1|1	11.5343318938	0.000683226264862	50.0	3.0
PA14_34830_3096178|1	11.5189812475	0.000688891326728	11.0	14.0
PA14_33570_2953887|1	11.5189812475	0.000688891326728	11.0	14.0
PA14_31260_2718080.1|1	11.4811707776	0.000703048278319	60.0	5.0
PA14_31200_2713391.1|1	11.476554311	0.000704796784301	55.0	4.0
PA14_49500_4402199.1|1	11.4622423195	0.000710245482195	14.0	16.0
PA14_33610_2958955|1	11.4622423195	0.000710245482195	14.0	16.0
PA14_08160,lys_700934.1|1	11.3786740258	0.000742921318092	7.0	11.0
PA14_08540_730468.1|1	11.3786740258	0.000742921318092	7.0	11.0
PA14_59540_5298303|1	11.3282018885	0.000763387845462	29.0	25.0
PA14_37310_3321028|1	11.2876712329	0.000780234889414	0.0	4.0
PA14_38730,yhhS_3453507|1	11.2876712329	0.000780234889414	0.0	4.0
PA14_54130_4800169|1	11.2876712329	0.000780234889414	0.0	4.0
PA14_45720,flhB_4067865|7	11.2876712329	0.000780234889414	0.0	4.0
PA14_03180_280745|1	11.2876712329	0.000780234889414	0.0	4.0
PA14_05580_495602|1	11.2876712329	0.000780234889414	0.0	4.0
PA14_46320,pyc_4122517|1	11.2876712329	0.000780234889414	0.0	4.0
PA14_43840_3903704|2	11.2876712329	0.000780234889414	0.0	4.0
PA14_33650,pvdD_2982214|1	11.2876712329	0.000780234889414	0.0	4.0
PA14_32950_2884113|1	11.2876712329	0.000780234889414	0.0	4.0
PA14_29420,ysgA_2552077|2	11.2876712329	0.000780234889414	0.0	4.0
PA14_50830_4517478|1	11.2876712329	0.000780234889414	0.0	4.0
PA14_45540,motD_4052073|1	11.2876712329	0.000780234889414	0.0	4.0
PA14_35050_3120468|1	11.2876712329	0.000780234889414	0.0	4.0
PA14_55780_4982739|1	11.2876712329	0.000780234889414	0.0	4.0
PA14_28180,ordL_2439981|1	11.2876712329	0.000780234889414	0.0	4.0
PA14_01580,gabP_144531|2	11.2876712329	0.000780234889414	0.0	4.0
PA14_07170,epd_620439|1	11.2876712329	0.000780234889414	0.0	4.0
PA14_31080_2704041|1	11.2876712329	0.000780234889414	0.0	4.0
PA14_28090_2432108|2	11.2876712329	0.000780234889414	0.0	4.0
PA14_24920_2177989|1	11.2876712329	0.000780234889414	0.0	4.0
PA14_03430,gabD_314613|2	11.2876712329	0.000780234889414	0.0	4.0
PA14_38820,pqqB_3461678|1	11.2876712329	0.000780234889414	0.0	4.0
PA14_06650,nirN_582263|1	11.2876712329	0.000780234889414	0.0	4.0
PA14_23120_2005236|1	11.2876712329	0.000780234889414	0.0	4.0
PA14_37730_3364437|1	11.2876712329	0.000780234889414	0.0	4.0
PA14_59650_5308397|1	11.2876712329	0.000780234889414	0.0	4.0
PA14_31260_2718491.1|1	11.2876712329	0.000780234889414	0.0	4.0
PA14_70270,algC_6264648|1	11.2876712329	0.000780234889414	0.0	4.0
PA14_01580,gabP_144074|95	11.2876712329	0.000780234889414	0.0	4.0
PA14_03250_292457|1	11.2876712329	0.000780234889414	0.0	4.0
PA14_55670,recB_4967651|1	11.2876712329	0.000780234889414	0.0	4.0
PA14_12700_1089216|1	11.2876712329	0.000780234889414	0.0	4.0
PA14_03170_279936|2	11.2876712329	0.000780234889414	0.0	4.0
PA14_16100_1372377|1	11.2876712329	0.000780234889414	0.0	4.0
PA14_33650,pvdD_2984271|1	11.2876712329	0.000780234889414	0.0	4.0
PA14_25920,cobM_2261102|1	11.2876712329	0.000780234889414	0.0	4.0
PA14_20570,amiB_1770005|1	11.2876712329	0.000780234889414	0.0	4.0
PA14_67530_6031876|1	11.2876712329	0.000780234889414	0.0	4.0
PA14_33610_2959712|1	10.9713479475	0.000925314293659	10.0	13.0
PA14_22860_1984156|1	10.9713479475	0.000925314293659	10.0	13.0
PA14_35050_3120637|1	10.9343163985	0.000943993091997	6.0	10.0
PA14_31260_2718119.1|1	10.8600643077	0.000982602826412	48.0	3.0
PA14_31280_2721118|1	10.8170704391	0.00100568495029	53.0	4.0
PA14_31260_2718182|1	10.8170704391	0.00100568495029	53.0	4.0
PA14_49820,cobB_4431478|1	10.7548057741	0.00104008882059	28.0	24.0
PA14_24210_2101171|1	10.5932848904	0.00113499138989	30.0	25.0
PA14_35940_3199406|1	10.5892481471	0.00113747225434	23.0	21.0
PA14_31200_2713434.1|1	10.5186902042	0.00118173212843	71.0	8.0
PA14_31180_2710373|1	10.5143968613	0.00118448085046	57.0	5.0
PA14_31180_2710292.1|1	10.5143968613	0.00118448085046	57.0	5.0
PA14_31180_2710268|1	10.4886478065	0.00120110242948	52.0	4.0
PA14_55400_4921716|1	10.4314308514	0.00123888726336	9.0	12.0
PA14_71910,wbpZ_6409064|1	10.391740923	0.0012658022074	15.0	16.0
PA14_59540_5298992|1	10.391740923	0.0012658022074	15.0	16.0
PA14_31150_2708452|1	10.391740923	0.0012658022074	15.0	16.0
PA14_49840,dgt_4432205|1	10.391740923	0.0012658022074	15.0	16.0
PA14_33610_2970635|1	10.391740923	0.0012658022074	15.0	16.0
PA14_52480_4656716|1	10.3125006394	0.00132132120859	12.0	14.0
PA14_31130_2707183|1	10.2715796599	0.00135095085648	61.0	6.0
PA14_31180_2709761|1	10.1942445259	0.00140879664929	56.0	5.0
PA14_31180_2710530|1	10.1942445259	0.00140879664929	56.0	5.0
PA14_59540_5298603|1	10.1893868866	0.001412512729	4.0	8.0
PA14_48930_4350154.1|1	10.1893868866	0.001412512729	4.0	8.0
PA14_17410_1494450|1	10.1893868866	0.001412512729	4.0	8.0
PA14_31010_2693909|1	10.1825894401	0.00141772942235	27.0	23.0
PA14_31200_2713731|1	10.1825894401	0.00141772942235	27.0	23.0
PA14_31130_2707794|1	10.1825894401	0.00141772942235	27.0	23.0
PA14_31260_2718302.1|1	10.1611686757	0.0014342967136	51.0	4.0
PA14_31870_2772545|1	10.1503856896	0.00144271055227	1.0	5.0
PA14_53310_4725288|1	10.1503856896	0.00144271055227	1.0	5.0
PA14_30960,traG_2688683|1	10.1503856896	0.00144271055227	1.0	5.0
PA14_38000_3390074.1|1	10.1503856896	0.00144271055227	1.0	5.0
PA14_32660_2837451|1	10.1503856896	0.00144271055227	1.0	5.0
PA14_48540_4316778|1	10.1503856896	0.00144271055227	1.0	5.0
PA14_43370,kdpC_3863154|1	10.1503856896	0.00144271055227	1.0	5.0
PA14_23360,wzz_2027314|1	10.1503856896	0.00144271055227	1.0	5.0
PA14_40350_3605488|1	10.1503856896	0.00144271055227	1.0	5.0
PA14_31090_2704592|1	10.1503856896	0.00144271055227	1.0	5.0
PA14_38990_3474561|1	10.1503856896	0.00144271055227	1.0	5.0
PA14_28060,cpg2_2430724|1	10.1503856896	0.00144271055227	1.0	5.0
PA14_47960_4269738|1	10.1503856896	0.00144271055227	1.0	5.0
PA14_39270_3497621|1	10.1503856896	0.00144271055227	1.0	5.0
PA14_20370,phnH_1752750|1	10.0067068189	0.00155971171778	22.0	20.0
PA14_31070_2701686.1|1	9.99843729219	0.00156673118795	17.0	17.0
PA14_33650,pvdD_2983746|1	9.99843729219	0.00156673118795	17.0	17.0
PA14_31260_2718079|1	9.95935146115	0.00160034419187	60.0	6.0
PA14_47730,cobD_4248131|1	9.95899910702	0.00160065050831	40.0	2.0
PA14_31130_2707197|1	9.95899910702	0.00160065050831	40.0	2.0
PA14_20370,phnH_1752270|1	9.94632929911	0.0016117044646	3.0	7.0
PA14_56000,pctA_4999536|1	9.94632929911	0.0016117044646	3.0	7.0
PA14_29050_2513716|1	9.94632929911	0.0016117044646	3.0	7.0
PA14_39820,ufrA_3550144|1	9.94632929911	0.0016117044646	3.0	7.0
PA14_46440_4131081|1	9.94632929911	0.0016117044646	3.0	7.0
PA14_24170,fadH1_2096847|1	9.91496053136	0.00163940652917	50.0	35.0
PA14_20590,amiR_1772168|1	9.901666655	0.00165129154749	8.0	11.0
PA14_59540_5298302|1	9.89727096118	0.00165524056739	31.0	25.0
PA14_47000_4188645|1	9.87581460301	0.00167465438439	2.0	6.0
PA14_06160,fiuA_543472|1	9.87581460301	0.00167465438439	2.0	6.0
PA14_49160,yegE_4367573|1	9.87581460301	0.00167465438439	2.0	6.0
PA14_17410_1494371|1	9.87581460301	0.00167465438439	2.0	6.0
PA14_23690_2060399|1	9.87581460301	0.00167465438439	2.0	6.0
PA14_31190_2712894|1	9.87523274372	0.00167518405424	55.0	5.0
PA14_37870_3377505|1	9.85404890943	0.00169458384133	45.0	3.0
PA14_31180_2710481|1	9.83468546349	0.00171251563491	50.0	4.0
PA14_31200_2713880|1	9.83468546349	0.00171251563491	50.0	4.0
PA14_68080_6074328|1	9.80647646651	0.00173898365793	14.0	15.0
PA14_31070_2701572.1|1	9.80647646651	0.00173898365793	14.0	15.0
PA14_31190_2712636|1	9.79277294269	0.00175199065929	73.0	9.0
PA14_31130_2707793|1	9.79071685065	0.00175395073212	24.0	21.0
PA14_49750_4426704|1	9.79071685065	0.00175395073212	24.0	21.0
PA14_59540_5298508.1|1	9.78854585333	0.00175602275607	33.0	26.0
PA14_31190_2711411|1	9.74094793191	0.00180207941	11.0	13.0
PA14_12150_1050519|1	9.74094793191	0.00180207941	11.0	13.0
PA14_33650,pvdD_2980560|1	9.74094793191	0.00180207941	11.0	13.0
PA14_31190_2711410|1	9.74094793191	0.00180207941	11.0	13.0
PA14_59540_5298578|1	9.69806490225	0.00184462158739	35.0	27.0
PA14_31150_2708568.1|1	9.6818528197	0.00186096871852	19.0	18.0
PA14_42600,pscP_3790055|1	9.6818528197	0.00186096871852	19.0	18.0
PA14_31260_2718406.1|1	9.64841990036	0.00189514532557	59.0	6.0
PA14_51040_4534490|1	9.62330199392	0.00192123995669	37.0	28.0
PA14_45410_4044697|1	9.56796116505	0.00198002559174	27.0	0.0
PA14_31090_2705009|1	9.557419509	0.00199142855338	54.0	5.0
PA14_31090_2704868.2|1	9.557419509	0.00199142855338	54.0	5.0
PA14_31090_2704748|1	9.50925454258	0.00204438197956	49.0	4.0
PA14_31190_2712852|1	9.5015294587	0.00205300697635	72.0	9.0
PA14_31090_2704636.1|1	9.46806091236	0.00209080265402	63.0	7.0
PA14_31190_2712899|1	9.46806091236	0.00209080265402	63.0	7.0
PA14_31200_2713434|1	9.46313261307	0.00209642742774	28.0	23.0
PA14_31000_2693553|1	9.46313261307	0.00209642742774	28.0	23.0
PA14_42990_3824970|1	9.42546161968	0.00213993223527	59.0	39.0
PA14_30860,trbG_2680017|1	9.42472569491	0.00214079118465	21.0	19.0
PA14_45110,cysP_4024387|1	9.42472569491	0.00214079118465	21.0	19.0
PA14_58760,pilC_5236664|1	9.42336830031	0.0021423764124	47.0	33.0
PA14_33610_2960878|1	9.41256816066	0.0021550318063	57.0	38.0
PA14_31070_2703181|1	9.41029392206	0.0021577063642	16.0	16.0
PA14_36660_3265837|1	9.41029392206	0.0021577063642	16.0	16.0
PA14_07460_640125|1	9.41029392206	0.0021577063642	16.0	16.0
PA14_31070_2701727|1	9.41029392206	0.0021577063642	16.0	16.0
PA14_30940,trbB_2687091.2|1	9.38563873481	0.00218691843864	7.0	10.0
PA14_31130_2707817|1	9.33993882165	0.00224213010647	30.0	24.0
PA14_31280_2720669|1	9.33884575741	0.00224346785099	58.0	6.0
PA14_31090_2704796.2|1	9.24086681556	0.00236672892247	53.0	5.0
PA14_31190_2711117|1	9.24086681556	0.00236672892247	53.0	5.0
PA14_31180_2709739.1|1	9.24086681556	0.00236672892247	53.0	5.0
PA14_31110_2705917|2	9.24086681556	0.00236672892247	53.0	5.0
PA14_31180_2709596|1	9.24086681556	0.00236672892247	53.0	5.0
PA14_31180_2710520.1|1	9.24086681556	0.00236672892247	53.0	5.0
PA14_31080_2704170.2|1	9.24086681556	0.00236672892247	53.0	5.0
PA14_31180_2710514|1	9.24086681556	0.00236672892247	53.0	5.0
PA14_31110_2706022|1	9.24086681556	0.00236672892247	53.0	5.0
PA14_31180_2710517.1|1	9.24086681556	0.00236672892247	53.0	5.0
PA14_55140_4897883|1	9.24086681556	0.00236672892247	53.0	5.0
PA14_31180_2710353|1	9.24086681556	0.00236672892247	53.0	5.0
PA14_31130_2707628|1	9.24086681556	0.00236672892247	53.0	5.0
PA14_31040_2698288.1|1	9.23811257096	0.00237029145573	32.0	25.0
PA14_33000,gcvP2_2888848|1	9.22163851576	0.00239171405622	13.0	14.0
PA14_33610_2966140.1|1	9.22163851576	0.00239171405622	13.0	14.0
PA14_31090_2704766|1	9.22163851576	0.00239171405622	13.0	14.0
PA14_62890_5611131|1	9.22163851576	0.00239171405622	13.0	14.0
PA14_31110_2706724|1	9.21461135666	0.00240091173928	23.0	20.0
PA14_59540_5298854|1	9.21461135666	0.00240091173928	23.0	20.0
PA14_30850,trbI_2679188.1|1	9.21461135666	0.00240091173928	23.0	20.0
PA14_31000_2693868|1	9.21461135666	0.00240091173928	23.0	20.0
PA14_17730_1523390|1	9.21461135666	0.00240091173928	23.0	20.0
PA14_15870_1352779|1	9.21359223301	0.0024022486231	26.0	0.0
PA14_31190_2712644|1	9.21186411092	0.00240451729594	71.0	9.0
PA14_31180_2710453.1|1	9.18750903508	0.00243672278075	43.0	3.0
PA14_17630,potB_1515624|7	9.17241170852	0.00245690588379	10.0	12.0
PA14_28060,cpg2_2430837|1	9.17241170852	0.00245690588379	10.0	12.0
PA14_34820_3095548|1	9.17241170852	0.00245690588379	10.0	12.0
PA14_49750_4425987|2	9.17241170852	0.00245690588379	10.0	12.0
PA14_33650,pvdD_2980563|1	9.17241170852	0.00245690588379	10.0	12.0
PA14_31130_2707683|1	9.09570801588	0.00256210011259	18.0	17.0
PA14_09300,pchH_797431|1	9.09570801588	0.00256210011259	18.0	17.0
PA14_59540_5298017|1	9.04231165106	0.00263801860422	25.0	21.0
PA14_31190_2711577|1	9.03069367127	0.0026548371964	57.0	6.0
PA14_31260_2718097.1|1	9.03069367127	0.0026548371964	57.0	6.0
PA14_31190_2712879|1	8.93381382549	0.00279939206314	37.0	2.0
PA14_15470,merP_1310606.1|1	8.93228354834	0.00280173841665	44.0	31.0
PA14_31110_2706997.1|1	8.92564100769	0.00281194650738	52.0	5.0
PA14_31180_2710536|1	8.92564100769	0.00281194650738	52.0	5.0
PA14_31070_2703352.1|1	8.92564100769	0.00281194650738	52.0	5.0
PA14_31090_2704733.1|1	8.92564100769	0.00281194650738	52.0	5.0
PA14_31080_2704086.1|1	8.92564100769	0.00281194650738	52.0	5.0
PA14_31190_2712484|1	8.92564100769	0.00281194650738	52.0	5.0
PA14_31130_2707334|1	8.92564100769	0.00281194650738	52.0	5.0
PA14_31200_2713779|1	8.92383682856	0.00281472564176	70.0	9.0
PA14_60000_5343713|1	8.88884160128	0.00286918710113	6.0	9.0
PA14_49870_4434391|1	8.88884160128	0.00286918710113	6.0	9.0
PA14_02330,atsC_209207|1	8.88884160128	0.00286918710113	6.0	9.0
PA14_31260_2718109|1	8.86179717265	0.00291200732603	47.0	4.0
PA14_00380,betC_34427|1	8.85922330097	0.00291611628948	25.0	0.0
PA14_69570,corA_6207793|1	8.84339322838	0.00294151744677	20.0	18.0
PA14_59540_5298993|1	8.84339322838	0.00294151744677	20.0	18.0
PA14_31180_2710584|1	8.82215055194	0.00297595730293	15.0	15.0
PA14_35160_3128701|1	8.82215055194	0.00297595730293	15.0	15.0
PA14_33610_2960815|1	8.78497677678	0.00303721431825	29.0	23.0
PA14_34970,gcd_3113692|1	8.63968028961	0.00328919146424	22.0	19.0
PA14_37190,ada_3313555|1	8.63732943211	0.00329343853615	12.0	13.0
PA14_31190_2711279|1	8.63732943211	0.00329343853615	12.0	13.0
PA14_52480_4656762|1	8.63732943211	0.00329343853615	12.0	13.0
PA14_31280_2720274.1|1	8.63732943211	0.00329343853615	12.0	13.0
PA14_07500_645349|1	8.63732943211	0.00329343853615	12.0	13.0
PA14_29410_2551016|1	8.63732943211	0.00329343853615	12.0	13.0
PA14_59540_5298027|1	8.61390339875	0.00333606586359	33.0	25.0
PA14_59540_5297354.1|1	8.61390339875	0.00333606586359	33.0	25.0
PA14_00510_51402|1	8.61390339875	0.00333606586359	33.0	25.0
PA14_31040_2698290.1|1	8.61390339875	0.00333606586359	33.0	25.0
PA14_31180_2710338|1	8.61181316854	0.0033398965107	51.0	5.0
PA14_31190_2711201|1	8.61181316854	0.0033398965107	51.0	5.0
PA14_31090_2704228.1|1	8.61181316854	0.0033398965107	51.0	5.0
PA14_31150_2708433.1|1	8.61181316854	0.0033398965107	51.0	5.0
PA14_31130_2707556|1	8.61181316854	0.0033398965107	51.0	5.0
PA14_31200_2713512|1	8.61181316854	0.0033398965107	51.0	5.0
PA14_31180_2710529.1|1	8.61181316854	0.0033398965107	51.0	5.0
PA14_67380_6018402.1|1	8.60779691448	0.00334726942639	9.0	11.0
PA14_07410_634110|1	8.60779691448	0.00334726942639	9.0	11.0
PA14_15470,merP_1310696|1	8.60779691448	0.00334726942639	9.0	11.0
PA14_08540_730839|1	8.60779691448	0.00334726942639	9.0	11.0
PA14_27440,trpR_2382268|1	8.60779691448	0.00334726942639	9.0	11.0
PA14_31130_2707436|1	8.56719593944	0.00342273894612	60.0	7.0
PA14_31190_2712531.1|1	8.56719593944	0.00342273894612	60.0	7.0
PA14_31190_2712525.1|1	8.56173276695	0.00343302515273	73.0	10.0
PA14_31280_2721031|1	8.53990690251	0.00347443402983	46.0	4.0
PA14_31110_2707164.2|1	8.53990690251	0.00347443402983	46.0	4.0
PA14_31180_2710084|1	8.53990690251	0.00347443402983	46.0	4.0
PA14_31110_2707167|1	8.53990690251	0.00347443402983	46.0	4.0
PA14_31130_2707541|1	8.53990690251	0.00347443402983	46.0	4.0
PA14_23520_2048300|1	8.50485436893	0.00354200259043	24.0	0.0
PA14_31080_2703657|1	8.47462791232	0.00360134039777	24.0	20.0
PA14_50300_4467529|1	8.47462791232	0.00360134039777	24.0	20.0
PA14_47750_4248715|5	8.46575342466	0.00361895320913	0.0	3.0
PA14_36590,malQ_3258680|1	8.46575342466	0.00361895320913	0.0	3.0
PA14_54620_4842338|1	8.46575342466	0.00361895320913	0.0	3.0
PA14_41900,panE_3741857|1	8.46575342466	0.00361895320913	0.0	3.0
PA14_35100,arsC_3124447|1	8.46575342466	0.00361895320913	0.0	3.0
PA14_06230_550487|1	8.46575342466	0.00361895320913	0.0	3.0
PA14_71700_6387317|1	8.46575342466	0.00361895320913	0.0	3.0
PA14_38570_3440911|1	8.46575342466	0.00361895320913	0.0	3.0
PA14_30860,trbG_2680044|3	8.46575342466	0.00361895320913	0.0	3.0
PA14_48930_4349757.1|1	8.46575342466	0.00361895320913	0.0	3.0
PA14_28810_2483578|1	8.46575342466	0.00361895320913	0.0	3.0
PA14_12590_1080738|1	8.46575342466	0.00361895320913	0.0	3.0
PA14_60000_5343313|1	8.46575342466	0.00361895320913	0.0	3.0
PA14_59690_5310550|1	8.46575342466	0.00361895320913	0.0	3.0
PA14_32690,gtdA_2838505|1	8.46575342466	0.00361895320913	0.0	3.0
PA14_00190,fmt_20274|1	8.46575342466	0.00361895320913	0.0	3.0
PA14_36290,yncB_3232344|1	8.46575342466	0.00361895320913	0.0	3.0
PA14_59690_5310286|1	8.46575342466	0.00361895320913	0.0	3.0
PA1838-PA1839,sRNA1059_3637187|1	8.46575342466	0.00361895320913	0.0	3.0
PA14_03270_294417|1	8.46575342466	0.00361895320913	0.0	3.0
PA14_60000_5342865|1	8.46575342466	0.00361895320913	0.0	3.0
PA14_55760_4978225|1	8.46575342466	0.00361895320913	0.0	3.0
PA14_62860,ftsH_5608859|1	8.46575342466	0.00361895320913	0.0	3.0
PA14_03720_333017|1	8.46575342466	0.00361895320913	0.0	3.0
PA14_65920_5871328|1	8.46575342466	0.00361895320913	0.0	3.0
PA14_61200_5461698|1	8.46575342466	0.00361895320913	0.0	3.0
PA14_00730_72048|1	8.46575342466	0.00361895320913	0.0	3.0
PA14_12860_1103233|1	8.46575342466	0.00361895320913	0.0	3.0
PA14_59580_5301979|1	8.46575342466	0.00361895320913	0.0	3.0
PA14_63270,fabG_5646024|1	8.46575342466	0.00361895320913	0.0	3.0
PA14_30960,traG_2688765|1	8.46575342466	0.00361895320913	0.0	3.0
PA14_28810_2482467.1|5	8.46575342466	0.00361895320913	0.0	3.0
PA14_26310_2295335|1	8.46575342466	0.00361895320913	0.0	3.0
PA14_01580,gabP_144513|8	8.46575342466	0.00361895320913	0.0	3.0
PA14_36390_3242102|1	8.46575342466	0.00361895320913	0.0	3.0
PA14_33610_2970284|1	8.46575342466	0.00361895320913	0.0	3.0
PA14_50300_4467316|1	8.46575342466	0.00361895320913	0.0	3.0
PA14_66840,phaC2_5970875|1	8.46575342466	0.00361895320913	0.0	3.0
PA14_62430_5569098|1	8.46575342466	0.00361895320913	0.0	3.0
PA14_05580_495292|1	8.46575342466	0.00361895320913	0.0	3.0
PA14_06130_541502|1	8.46575342466	0.00361895320913	0.0	3.0
PA14_30880,trbL_2682324.1|1	8.46575342466	0.00361895320913	0.0	3.0
PA14_44440,fixI_3957921.1|1	8.46575342466	0.00361895320913	0.0	3.0
PA14_55650,sbcC_4961258|1	8.46575342466	0.00361895320913	0.0	3.0
PA14_67970_6065611|1	8.46575342466	0.00361895320913	0.0	3.0
PA14_03840,aguR_345178|1	8.46575342466	0.00361895320913	0.0	3.0
PA14_43100_3837415|1	8.46575342466	0.00361895320913	0.0	3.0
PA14_37910_3384161|1	8.46575342466	0.00361895320913	0.0	3.0
PA14_12680_1088110|2	8.46575342466	0.00361895320913	0.0	3.0
PA14_03250_292009|29	8.46575342466	0.00361895320913	0.0	3.0
PA14_46200_4108025|1	8.46575342466	0.00361895320913	0.0	3.0
PA14_48990_4352623|1	8.46575342466	0.00361895320913	0.0	3.0
PA14_14170_1212666|1	8.46575342466	0.00361895320913	0.0	3.0
PA14_43130_3842238|2	8.46575342466	0.00361895320913	0.0	3.0
PA14_30910,trbE_2684704.1|3	8.46575342466	0.00361895320913	0.0	3.0
PA14_09300,pchH_797310|2	8.46575342466	0.00361895320913	0.0	3.0
PA14_00700_70994|47	8.46575342466	0.00361895320913	0.0	3.0
PA14_50010,yliI_4446121|1	8.46575342466	0.00361895320913	0.0	3.0
PA14_03250_291964|3	8.46575342466	0.00361895320913	0.0	3.0
PA14_15050_1276143|1	8.46575342466	0.00361895320913	0.0	3.0
PA14_30940,trbB_2687982|1	8.46575342466	0.00361895320913	0.0	3.0
PA14_21450_1859814|1	8.46575342466	0.00361895320913	0.0	3.0
PA14_34080_3029959|1	8.46575342466	0.00361895320913	0.0	3.0
PA14_71850_6403141|1	8.46575342466	0.00361895320913	0.0	3.0
PA14_08460_724273|3	8.46575342466	0.00361895320913	0.0	3.0
PA14_52600,alaS_4663369|1	8.46575342466	0.00361895320913	0.0	3.0
PA14_28810_2481292|20	8.46575342466	0.00361895320913	0.0	3.0
PA14_69240,hemB_6177257|1	8.46575342466	0.00361895320913	0.0	3.0
PA14_18630,eprS_1601431|1	8.46575342466	0.00361895320913	0.0	3.0
PA14_28810_2483634|1	8.46575342466	0.00361895320913	0.0	3.0
PA14_55400_4920580|1	8.46575342466	0.00361895320913	0.0	3.0
PA14_33650,pvdD_2981527.1|1	8.46575342466	0.00361895320913	0.0	3.0
PA14_66580_5944202|1	8.46575342466	0.00361895320913	0.0	3.0
PA14_28810_2481862|2	8.46575342466	0.00361895320913	0.0	3.0
PA14_30860,trbG_2680137|1	8.46575342466	0.00361895320913	0.0	3.0
PA14_49000_4352770.1|1	8.46575342466	0.00361895320913	0.0	3.0
PA14_18740,argG_1613336|3	8.46575342466	0.00361895320913	0.0	3.0
PA14_59940_5337411|1	8.46575342466	0.00361895320913	0.0	3.0
PA14_34500_3066860|1	8.46575342466	0.00361895320913	0.0	3.0
PA14_44560_3966138|3	8.46575342466	0.00361895320913	0.0	3.0
PA14_65110,alr_5804808|1	8.46575342466	0.00361895320913	0.0	3.0
PA14_25910_2260928|3	8.46575342466	0.00361895320913	0.0	3.0
PA14_08070,gpFI_694360|1	8.46575342466	0.00361895320913	0.0	3.0
PA14_31100_2705499|1	8.46575342466	0.00361895320913	0.0	3.0
PA14_40110_3574529|1	8.46575342466	0.00361895320913	0.0	3.0
PA14_31070_2702233|1	8.46575342466	0.00361895320913	0.0	3.0
PA14_31380,sfpA_2728633|1	8.46575342466	0.00361895320913	0.0	3.0
PA14_33060_2894512|1	8.46575342466	0.00361895320913	0.0	3.0
PA14_45060_4019187|2	8.46575342466	0.00361895320913	0.0	3.0
PA14_08180_701305|1	8.46575342466	0.00361895320913	0.0	3.0
PA14_71180_6340999|1	8.46575342466	0.00361895320913	0.0	3.0
PA14_37170_3311348|1	8.46575342466	0.00361895320913	0.0	3.0
PA14_04160_373976|1	8.46575342466	0.00361895320913	0.0	3.0
PA14_31400,ctpH_2730980|1	8.46575342466	0.00361895320913	0.0	3.0
PA14_67440_6022014|1	8.46575342466	0.00361895320913	0.0	3.0
PA14_58900_5249349|1	8.46575342466	0.00361895320913	0.0	3.0
PA14_26485_2309025|5	8.46575342466	0.00361895320913	0.0	3.0
PA14_19990_1720667|1	8.46575342466	0.00361895320913	0.0	3.0
PA14_30940,trbB_2687985|1	8.46575342466	0.00361895320913	0.0	3.0
PA14_59580_5302001|1	8.46575342466	0.00361895320913	0.0	3.0
PA14_62860,ftsH_5608866|1	8.46575342466	0.00361895320913	0.0	3.0
PA14_66230,waaG_5900516|1	8.46575342466	0.00361895320913	0.0	3.0
PA14_53220,fumC2_4718146|1	8.46575342466	0.00361895320913	0.0	3.0
PA14_30910,trbE_2685688|3	8.46575342466	0.00361895320913	0.0	3.0
PA14_15080_1279932|2	8.46575342466	0.00361895320913	0.0	3.0
PA14_28460_2457810|8	8.46575342466	0.00361895320913	0.0	3.0
PA14_42400,exsB_3778149|1	8.46575342466	0.00361895320913	0.0	3.0
PA14_60600,rtcR_5401677|1	8.46575342466	0.00361895320913	0.0	3.0
PA14_08300,JF1_711315|1	8.46575342466	0.00361895320913	0.0	3.0
PA14_28840_2491542|1	8.46575342466	0.00361895320913	0.0	3.0
PA14_68840_6140048|1	8.46575342466	0.00361895320913	0.0	3.0
PA14_17400,adhC_1493514|1	8.46575342466	0.00361895320913	0.0	3.0
PA14_16660,cadA_1424606|2	8.46575342466	0.00361895320913	0.0	3.0
PA14_68770,argE_6132708|1	8.46575342466	0.00361895320913	0.0	3.0
PA14_14460,holC_1235236|1	8.46575342466	0.00361895320913	0.0	3.0
PA14_01580,gabP_145118|2	8.46575342466	0.00361895320913	0.0	3.0
PA14_03270_295642|1	8.46575342466	0.00361895320913	0.0	3.0
PA14_03170_280196.1|3	8.46575342466	0.00361895320913	0.0	3.0
PA14_32740,optS_2842530|1	8.46575342466	0.00361895320913	0.0	3.0
PA14_33110_2899272|1	8.46575342466	0.00361895320913	0.0	3.0
PA14_26310_2295391|2	8.46575342466	0.00361895320913	0.0	3.0
PA14_03430,gabD_314719|3	8.46575342466	0.00361895320913	0.0	3.0
PA14_23350,orfA_2026580|1	8.46575342466	0.00361895320913	0.0	3.0
PA14_02330,atsC_209120|1	8.46575342466	0.00361895320913	0.0	3.0
PA14_47870_4260441|1	8.46575342466	0.00361895320913	0.0	3.0
PA14_30950_2688432|1	8.46575342466	0.00361895320913	0.0	3.0
PA14_06230_550464|1	8.46575342466	0.00361895320913	0.0	3.0
PA14_38410,amrB_3423432|1	8.46575342466	0.00361895320913	0.0	3.0
PA14_50890_4523423|1	8.46575342466	0.00361895320913	0.0	3.0
PA14_09200,ssb_780069|1	8.46575342466	0.00361895320913	0.0	3.0
PA14_45770,fliP_4069171|3	8.46575342466	0.00361895320913	0.0	3.0
PA14_50300_4467331.1|1	8.46575342466	0.00361895320913	0.0	3.0
PA14_01580,gabP_144534|1	8.46575342466	0.00361895320913	0.0	3.0
PA14_10540,fixG_907492|2	8.46575342466	0.00361895320913	0.0	3.0
PA14_49270,napc_4376241|1	8.46575342466	0.00361895320913	0.0	3.0
PA14_00110,tag_13613|121	8.46575342466	0.00361895320913	0.0	3.0
PA14_00910_90448|2	8.46575342466	0.00361895320913	0.0	3.0
PA14_31090_2704602|2	8.46575342466	0.00361895320913	0.0	3.0
PA14_30910,trbE_2685782|1	8.46575342466	0.00361895320913	0.0	3.0
PA14_29320_2536412|1	8.46575342466	0.00361895320913	0.0	3.0
PA14_40020_3566538|1	8.46575342466	0.00361895320913	0.0	3.0
PA14_30890_2683061.1|1	8.46575342466	0.00361895320913	0.0	3.0
PA14_06230_550517|2	8.46575342466	0.00361895320913	0.0	3.0
PA14_33630,pvdJ_2974729|1	8.46575342466	0.00361895320913	0.0	3.0
PA14_00080_9755|343	8.46575342466	0.00361895320913	0.0	3.0
PA14_44470,hemN_3960347|1	8.46575342466	0.00361895320913	0.0	3.0
PA14_10170,fepB_873342|4	8.46575342466	0.00361895320913	0.0	3.0
PA14_65060_5799289|1	8.46575342466	0.00361895320913	0.0	3.0
PA14_28810_2482821|1	8.46575342466	0.00361895320913	0.0	3.0
PA14_63540,selA_5665768|1	8.46575342466	0.00361895320913	0.0	3.0
PA14_08160,lys_701120|1	8.46575342466	0.00361895320913	0.0	3.0
PA14_02150_194750|20	8.46575342466	0.00361895320913	0.0	3.0
PA14_51650_4590712|1	8.46575342466	0.00361895320913	0.0	3.0
PA14_50830_4518064|1	8.46575342466	0.00361895320913	0.0	3.0
PA14_08300,JF1_710791.1|1	8.46575342466	0.00361895320913	0.0	3.0
PA14_31090_2704757|1	8.46575342466	0.00361895320913	0.0	3.0
PA14_14220_1215200|2	8.46575342466	0.00361895320913	0.0	3.0
PA14_28980_2506061|1	8.46575342466	0.00361895320913	0.0	3.0
PA14_16380_1401301|1	8.46575342466	0.00361895320913	0.0	3.0
PA14_03270_297128|1	8.46575342466	0.00361895320913	0.0	3.0
PA14_42760,aroC_3803424|1	8.46575342466	0.00361895320913	0.0	3.0
PA14_31070_2703305|1	8.46575342466	0.00361895320913	0.0	3.0
PA14_10960_947524|2	8.46575342466	0.00361895320913	0.0	3.0
PA14_31070_2701914|1	8.46575342466	0.00361895320913	0.0	3.0
PA14_33650,pvdD_2981519|1	8.46575342466	0.00361895320913	0.0	3.0
PA14_34130_3035645|1	8.46575342466	0.00361895320913	0.0	3.0
PA14_02330,atsC_209105|49	8.46575342466	0.00361895320913	0.0	3.0
PA14_06230_550481|3	8.46575342466	0.00361895320913	0.0	3.0
PA14_34020_3026668|1	8.46575342466	0.00361895320913	0.0	3.0
PA14_66400,aefA_5924247|1	8.46575342466	0.00361895320913	0.0	3.0
PA14_48990_4352622|1	8.46575342466	0.00361895320913	0.0	3.0
PA14_69760_6222425.1|1	8.46575342466	0.00361895320913	0.0	3.0
PA14_42690,speE_3797739|1	8.46575342466	0.00361895320913	0.0	3.0
PA14_33610_2970772|1	8.46575342466	0.00361895320913	0.0	3.0
PA14_28810_2482107|2	8.46575342466	0.00361895320913	0.0	3.0
PA14_66100_5888430|1	8.46575342466	0.00361895320913	0.0	3.0
PA14_47850_4257592|1	8.46575342466	0.00361895320913	0.0	3.0
PA14_60000_5343010.1|1	8.46575342466	0.00361895320913	0.0	3.0
PA14_46180,yjiJ_4107725|1	8.46575342466	0.00361895320913	0.0	3.0
PA14_36330,hcnA_3236340|1	8.46575342466	0.00361895320913	0.0	3.0
PA14_19140,pheC_1653172|1	8.46575342466	0.00361895320913	0.0	3.0
PA14_02030_185328|8	8.46575342466	0.00361895320913	0.0	3.0
PA14_32700_2839489|1	8.46575342466	0.00361895320913	0.0	3.0
PA14_05790_512091|1	8.46575342466	0.00361895320913	0.0	3.0
PA14_31260_2718445|1	8.46575342466	0.00361895320913	0.0	3.0
PA14_61020,ankB_5442528|1	8.46575342466	0.00361895320913	0.0	3.0
PA14_59120_5264559|1	8.46575342466	0.00361895320913	0.0	3.0
PA14_64940_5788685|1	8.46575342466	0.00361895320913	0.0	3.0
PA14_00620_62341|1	8.46575342466	0.00361895320913	0.0	3.0
PA14_69640,cyaY_6214029|1	8.46575342466	0.00361895320913	0.0	3.0
PA14_58900_5248386|1	8.46575342466	0.00361895320913	0.0	3.0
PA14_34840_3101057|1	8.46575342466	0.00361895320913	0.0	3.0
PA14_30960,traG_2689872|1	8.46575342466	0.00361895320913	0.0	3.0
PA14_21490_1865247|1	8.46575342466	0.00361895320913	0.0	3.0
PA14_72640_6470584|1	8.46575342466	0.00361895320913	0.0	3.0
PA14_31110_2706452|1	8.44181502099	0.00366690083054	41.0	29.0
PA14_35030_3119547|2	8.42015100208	0.00371084972977	5.0	8.0
PA14_30500_2641913|1	8.42015100208	0.00371084972977	5.0	8.0
PA14_60130_5356014|1	8.42015100208	0.00371084972977	5.0	8.0
PA14_29090,potF4_2516889.1|1	8.42015100208	0.00371084972977	5.0	8.0
PA14_31280_2720086|1	8.41069375304	0.0037302028814	47.0	32.0
PA14_31190_2712420.1|1	8.35295174303	0.00385061282963	68.0	9.0
PA14_31240_2715697|1	8.34083301027	0.00387638203754	26.0	21.0
PA14_62270,phuW_5556855|1	8.34083301027	0.00387638203754	26.0	21.0
PA14_31090_2704229|1	8.29945955096	0.0039656878141	50.0	5.0
PA14_31260_2718115|1	8.29945955096	0.0039656878141	50.0	5.0
PA14_31260_2718335|1	8.29945955096	0.0039656878141	50.0	5.0
PA14_31080_2703704|1	8.29945955096	0.0039656878141	50.0	5.0
PA14_31130_2707461|1	8.29945955096	0.0039656878141	50.0	5.0
PA14_31190_2712275|1	8.29945955096	0.0039656878141	50.0	5.0
PA14_31190_2712627|1	8.2834185916	0.00400087332206	72.0	10.0
PA14_31190_2712623|1	8.2834185916	0.00400087332206	72.0	10.0
