feature	score	p-value	#I-out-of-135	#O-out-of-14
PA14_59190	1305.10858036	8.77116420334e-286	465.0	388.0
PA14_15380,repA	903.482050175	1.71738033493e-198	116.0	178.0
PA14_15630	823.628827289	3.93388060864e-181	1594.0	598.0
PA14_15620	802.487123542	1.55351960686e-176	1440.0	557.0
PA14_15435	763.874395806	3.86051202063e-168	8136.0	39.0
PA14_23350,orfA	722.080907164	4.72248966218e-159	581.0	320.0
PA14_15450,merD	646.299633935	1.42518544492e-142	7376.0	59.0
PA14_15370	619.201714286	1.11527397557e-136	18.0	82.0
PA14_15650	613.494541456	1.94393908972e-135	1968.0	609.0
PA14_15445,merE	568.643805895	1.10745467918e-125	7254.0	94.0
PA14_49020	534.681469191	2.70693723904e-118	2834.0	739.0
PA14_49510,pyoS3I	525.891071013	2.21245840679e-116	5700.0	32.0
PA14_15660	518.762538014	7.86626806469e-115	1911.0	563.0
PA14_15420	497.64356351	3.09517858318e-110	7123.0	127.0
PA14_22190	480.666666667	1.52995515445e-106	4635.0	0.0
PA14_14430	474.775609396	2.92800788009e-105	2286.0	615.0
PA14_15475,merT	470.357015896	2.67965887799e-104	8858.0	252.0
PA14_22080	464.324974352	5.50442062132e-103	4835.0	18.0
PA14_22270	457.63270455	1.57419489405e-101	5430.0	53.0
PA14_15470,merP	451.099001617	4.15856086147e-100	7907.0	204.0
PA14_22230	428.918064052	2.79493678655e-95	4356.0	11.0
PA14_22210	424.874074074	2.12109823458e-94	4097.0	0.0
PA14_22220	421.591824128	1.09892603441e-93	4305.0	12.0
PA14_22120	419.33588584	3.40407276728e-93	4224.0	9.0
PA14_22090	415.833910078	1.96904505914e-92	4210.0	10.0
PA14_14420	405.785659719	3.03034131688e-90	1694.0	478.0
PA14_22100	405.377777778	3.71774245045e-90	3909.0	0.0
PA14_15490	400.155466667	5.09438226726e-89	48.0	77.0
PA14_22140	387.437037037	2.99117663382e-86	3736.0	0.0
PA14_35730	383.558272602	2.09063758627e-85	718.0	273.0
PA14_22240	374.162962963	2.32167559057e-83	3608.0	0.0
PA14_22250	371.674074074	8.08534366422e-83	3584.0	0.0
PA14_15430,tnpR	366.162231598	1.28176047679e-81	6298.0	158.0
PA14_22110	363.576020935	4.68733744023e-81	3686.0	9.0
PA14_50310	348.996328423	7.00977686799e-78	1451.0	410.0
PA14_22180	342.740740741	1.61433243339e-76	3305.0	0.0
PA14_50330	339.780139403	7.12446688431e-76	1663.0	445.0
PA14_22260	336.622222222	3.47137204496e-75	3246.0	0.0
PA14_53640	326.878350389	4.59935009089e-73	1489.0	408.0
PA14_22130	326.148148148	6.63346680866e-73	3145.0	0.0
PA14_50320	324.290625872	1.68394982119e-72	1473.0	404.0
PA14_15480,merR	319.003870849	2.38715586764e-71	8335.0	329.0
PA14_39220	317.442936198	5.22266273038e-71	2570.0	589.0
PA14_15360	317.302598966	5.60352413567e-71	355.0	168.0
PA14_48230	315.242997983	1.5743569437e-70	1417.0	390.0
PA14_15400,repC	305.252910053	2.36249923256e-68	182.0	116.0
PA14_53620	303.637456834	5.31260676961e-68	2237.0	527.0
PA14_59630	302.831805256	7.95840203265e-68	4631.0	95.0
PA14_48990	299.160989423	5.01838937876e-67	860.0	277.0
PA14_15460,merA	299.020673011	5.38436980376e-67	8647.0	368.0
PA14_48970	290.477202297	3.91361900386e-65	1364.0	370.0
PA14_15410	283.829263926	1.09939317471e-63	6718.0	244.0
PA14_48920	283.042184821	1.63178866529e-63	995.0	298.0
PA14_14560	282.579465101	2.05823537418e-63	237.0	128.0
PA14_03265	276.482650104	4.38636382375e-62	2865.0	10.0
PA14_59620	273.67433477	1.79524468792e-61	4171.0	85.0
PA14_10130	270.794618605	7.61599267021e-61	4885.0	910.0
PA14_48910	269.523022575	1.44166626896e-60	1879.0	450.0
PA14_15530,trbK	266.447371902	6.74850768038e-60	79.0	73.0
PA14_22160	264.112007876	2.17882876548e-59	2765.0	11.0
PA14_53630	263.628222036	2.7776084314e-59	1831.0	439.0
PA14_59610	258.611618408	3.44471449039e-58	4359.0	106.0
PA14_03270	256.197240944	1.1573105224e-57	3812.0	74.0
PA14_43370,kdpC	251.548965172	1.19331580556e-56	3623.0	712.0
PA14_43405,kdbF	241.909712222	1.50768200463e-54	2953.0	605.0
PA14_14400	240.510544365	3.0435787883e-54	997.0	282.0
PA14_63440	231.498684133	2.80872411161e-52	1284.0	330.0
PA14_18960	230.056862886	5.79350977982e-52	5751.0	219.0
PA14_39250	225.757600108	5.01852411878e-51	3564.0	685.0
PA14_51560	221.432086168	4.40568642199e-50	1023.0	279.0
PA14_49000	217.422749824	3.30036765522e-49	239.0	114.0
PA14_27830	211.609722059	6.11894165573e-48	1989.0	437.0
PA14_03250	211.203423287	7.50440809664e-48	3109.0	59.0
PA14_03285	209.373815412	1.88140581669e-47	2406.0	20.0
PA14_26340	205.840393648	1.1102387303e-46	3771.0	700.0
PA14_28800	201.703703704	8.8726490026e-46	1945.0	0.0
PA14_40520	200.793951169	1.40144370215e-45	2856.0	563.0
PA14_30850,trbI	196.335561186	1.31683283531e-44	8301.0	439.0
PA14_63450	195.556078528	1.94826657526e-44	169.0	90.0
PA14_53650	190.363698721	2.6481577886e-43	2770.0	543.0
PA14_48980	184.392890079	5.32520691319e-42	1628.0	364.0
PA14_18970,pldA	183.71287102	7.49539548549e-42	6794.0	336.0
PA14_10170,fepB	183.654492095	7.71861995422e-42	4719.0	814.0
PA14_03166	182.49017038	1.38591071988e-41	225.0	102.0
PA14_22550	180.223445196	4.33145024143e-41	5762.0	262.0
PA14_64260	179.57690269	5.99515218814e-41	3743.0	675.0
PA14_28770	176.555128741	2.73914411185e-40	2105.0	21.0
PA14_10980	176.28768808	3.13338984255e-40	5442.0	242.0
PA14_41510,nasA	175.248636647	5.28337020655e-40	3883.0	691.0
PA14_24360	174.309554813	8.47195840452e-40	4978.0	210.0
PA14_12170	172.669643032	1.93248319671e-39	2536.0	496.0
PA14_27990	171.390579756	3.67669040907e-39	1860.0	393.0
PA14_31190	166.284979944	4.793087356e-38	6606.0	339.0
PA14_48960	165.619025677	6.70018317168e-38	839.0	222.0
PA1781.1,P11	164.048415679	1.47633535224e-37	2374.0	466.0
PA14_23360,wzz	161.51027837	5.29273427599e-37	1328.0	303.0
PA14_28790	161.155555556	6.32672371995e-37	1554.0	0.0
PA14_40470	160.36716715	9.40648342464e-37	5662.0	273.0
PA14_44530,ygdE	159.672913478	1.33386920152e-36	3894.0	679.0
PA14_44200	158.320948996	2.63337377835e-36	3585.0	635.0
PA14_48900	157.888588479	3.27329341311e-36	606.0	176.0
PA14_20600	156.31167584	7.23702247676e-36	5953.0	299.0
PA14_43400,kdpA	156.105608639	8.02767434506e-36	4697.0	785.0
PA14_49520,pyoS3A	155.020592849	1.38577784572e-35	8189.0	476.0
PA14_13220	151.834445221	6.88667146082e-35	4763.0	214.0
PA0976.1,tRNA-Lys	150.799287443	1.15946465283e-34	3380.0	600.0
PA14_31150	149.5767497	2.14522583476e-34	3805.0	147.0
PA14_13200	148.381865608	3.91433329211e-34	5111.0	243.0
PA14_31180	148.021439646	4.69293467494e-34	6528.0	352.0
PA14_10110	146.243691641	1.14833027121e-33	535.0	158.0
PA14_43090	145.633877329	1.56092358978e-33	4125.0	173.0
PA14_49720	145.153264013	1.9881710795e-33	2795.0	513.0
PA14_03350	142.842709252	6.36241377844e-33	4175.0	179.0
PA14_43380,kdpB	141.557172194	1.21537177997e-32	5284.0	848.0
PA14_22530	139.754026275	3.01302571438e-32	4398.0	198.0
PA14_31000	139.359112223	3.67589677826e-32	2304.0	438.0
PA14_10900,ydjL	139.14287792	4.0987412895e-32	4122.0	691.0
PA14_54720	138.510188805	5.63654610073e-32	3971.0	670.0
PA14_03380	137.53832457	9.19513909052e-32	2183.0	48.0
PA14_30940,trbB	133.577800574	6.75817661906e-31	6805.0	390.0
PA14_31160	133.559145551	6.82197800071e-31	5445.0	283.0
PA14_06200	133.526110106	6.93644283791e-31	4780.0	773.0
PA14_29330	132.273058421	1.30392080862e-30	5852.0	316.0
PA14_32250	131.973851598	1.51602976176e-30	2644.0	481.0
PA14_43100	130.636299638	2.97394531186e-30	6650.0	381.0
PA14_22540,wrbA	129.796253288	4.54074222864e-30	3936.0	173.0
PA14_63710,gtrB	129.534928551	5.17969185097e-30	4366.0	714.0
PA14_10970	129.444823036	5.4202452922e-30	4041.0	181.0
PA14_33250	128.514848805	8.65969468129e-30	1455.0	304.0
PA14_22520	126.067113125	2.9725844729e-29	4256.0	200.0
PA14_32810	126.039939193	3.01356834874e-29	4025.0	665.0
PA14_03163	124.762865988	5.73550217861e-29	797.0	196.0
PA14_07300	123.825024389	9.20098372066e-29	2649.0	475.0
PA14_31280	123.587093379	1.03731696815e-28	5871.0	327.0
PA14_10070	122.702905569	1.61973963583e-28	756.0	188.0
PA14_63780	121.967933948	2.34599106536e-28	4815.0	765.0
PA14_52440	119.769856282	7.10426454899e-28	4589.0	733.0
PA14_37990	119.6819129	7.42630414177e-28	4735.0	752.0
PA14_28820	119.386690513	8.61801296867e-28	3075.0	120.0
PA14_39100	119.350095443	8.77847672263e-28	5728.0	880.0
PA14_37980	119.285341332	9.06977028556e-28	4357.0	702.0
PA14_40270	119.184030306	9.54502851228e-28	4510.0	722.0
PA14_36000,prpR	118.951459502	1.07323948473e-27	9669.0	646.0
PA14_20330,phnE	118.603335839	1.27913646322e-27	4553.0	727.0
PA14_09880	118.302605394	1.4885451938e-27	3235.0	551.0
PA14_10960	117.610919314	2.10965943919e-27	4558.0	231.0
PA14_28780	117.153019924	2.65752382406e-27	2038.0	52.0
PA5204-PA5205,phrY	115.857454591	5.107173094e-27	3923.0	641.0
PA14_71120	115.097853122	7.49084117766e-27	3711.0	612.0
PA14_63740	114.03624946	1.27947957984e-26	3088.0	527.0
PA14_03390	113.941917221	1.34181926522e-26	1330.0	12.0
PA14_31360	113.063879797	2.08933881178e-26	5846.0	337.0
PA14_30860,trbG	112.732956464	2.46884399451e-26	6460.0	387.0
PA14_20370,phnH	112.453585143	2.84241825298e-26	4018.0	650.0
PA14_49580	111.54653382	4.49138414098e-26	3942.0	639.0
PA14_01770	110.822914872	6.46995061597e-26	4142.0	206.0
PA14_48330	110.540747982	7.4596204911e-26	4415.0	700.0
PA14_53660	109.203071602	1.46482980947e-25	3546.0	584.0
PA14_37870	109.155710908	1.50025111341e-25	4450.0	703.0
PA14_02070	107.750297641	3.04866644293e-25	5113.0	787.0
PA14_24870	107.712046567	3.10807690995e-25	2246.0	405.0
PA14_69540	106.929037	4.61398521461e-25	1415.0	284.0
PA14_37550	106.788310617	4.95353682692e-25	4225.0	671.0
PA14_35720	106.617302799	5.39996627468e-25	852.0	196.0
PA14_22500	106.597225842	5.45495113216e-25	3969.0	197.0
PA14_54030	105.895242577	7.77380248185e-25	4072.0	650.0
PA14_54970	105.259259259	1.07156843725e-24	1015.0	0.0
PA14_10050	105.212671999	1.09706053438e-24	505.0	136.0
PA14_11020,fabG	105.208672722	1.09927696697e-24	4300.0	679.0
PA14_48890	105.166610114	1.12286142705e-24	3918.0	629.0
PA14_32660	105.056873337	1.18680066763e-24	4463.0	700.0
PA14_64280	104.829037569	1.33141836255e-24	5384.0	818.0
PA14_10160,fepD	104.337312059	1.70645054131e-24	3629.0	590.0
PA14_54110	103.554113575	2.53378157731e-24	4023.0	641.0
PA14_03550,cynX	103.085337346	3.21018202905e-24	4900.0	754.0
PA14_47390	102.653981585	3.99108541266e-24	4990.0	765.0
PA14_10830	102.408564775	4.51744306773e-24	7850.0	516.0
PA14_39850	102.117509008	5.23240248215e-24	3715.0	599.0
PA14_01680	101.901843754	5.83421936136e-24	5508.0	830.0
PA14_39750	101.154954122	8.50619231755e-24	4669.0	722.0
PA14_35710	100.96442136	9.36505929185e-24	797.0	184.0
PA14_39730	100.960668407	9.38282019582e-24	4353.0	681.0
PA14_39230	100.825344118	1.00462605044e-23	4509.0	701.0
PA14_19650	100.816551632	1.00909552079e-23	4828.0	742.0
PA14_59970	100.631459998	1.10793910741e-23	7321.0	474.0
PA14_26300	99.9648735232	1.55124016968e-23	2488.0	432.0
PA14_63770	99.3580302935	2.1074161581e-23	3022.0	504.0
PA14_29340	99.018582075	2.50143604891e-23	4549.0	704.0
PA14_12180	98.5802448437	3.12117375997e-23	3897.0	619.0
PA14_55410	98.2266419146	3.73135901168e-23	6188.0	383.0
PA14_10990,hpaC	98.152689253	3.8733436193e-23	4932.0	752.0
PA14_10840	97.983903809	4.21797297167e-23	7134.0	462.0
PA14_31270	97.9268639484	4.34124031729e-23	2587.0	103.0
PA14_37915	97.7641906389	4.71293964835e-23	5543.0	829.0
PA14_08250	97.6170147591	5.07658286644e-23	1712.0	321.0
PA14_35700	97.5773083502	5.17940935545e-23	194.0	72.0
PA14_08200	96.3972479438	9.39977214885e-23	2207.0	390.0
PA14_63720	96.1091015233	1.08723827001e-22	3765.0	599.0
PA3964-PA3965,P24	96.0675353739	1.11030623618e-22	5339.0	801.0
PA14_32750	95.9929432564	1.15293700688e-22	5032.0	762.0
PA14_22600,grtA	95.9808040274	1.16002806666e-22	5103.0	771.0
PA14_39670	95.980752022	1.16005853901e-22	3092.0	510.0
PA14_04710	95.4099917081	1.54770549372e-22	5313.0	315.0
PA14_01130	95.1557246333	1.75982554121e-22	5702.0	347.0
PA14_30870,trbF	94.6418599544	2.28142487817e-22	5633.0	342.0
PA14_03360	93.697269895	3.67667703754e-22	3381.0	165.0
PA14_37850,yejE	93.584483454	3.89227021218e-22	4585.0	702.0
PA14_15500,traK	93.0866116402	5.00551998026e-22	182.0	68.0
PA14_48300	91.8444410817	9.37649112582e-22	5201.0	778.0
PA14_39590,metE	91.6993870854	1.00896137565e-21	5896.0	865.0
PA14_15350	91.5420119048	1.0924797283e-21	1338.0	262.0
PA14_14540	91.0310983827	1.41431747701e-21	1422.0	274.0
PA14_26580	90.871520176	1.53310506621e-21	2966.0	488.0
PA14_03370	89.3243464932	3.35109593125e-21	3206.0	156.0
PA14_59830	89.2583759532	3.46472849073e-21	9176.0	650.0
PA14_10890	89.02277419	3.90293393096e-21	4067.0	630.0
PA14_08610,5S-rRNA	88.8616935298	4.23403365786e-21	4271.0	656.0
PA14_55430,hxcS	88.0811208189	6.28243992973e-21	3789.0	593.0
PA14_55460,hxcZ	87.6581448152	7.78035036594e-21	3508.0	556.0
PA14_37520	87.5934296012	8.0391251463e-21	4432.0	675.0
PA14_51570	87.577896803	8.10250617151e-21	7756.0	530.0
PA14_10140,fepG	86.7435196642	1.2354797363e-20	4409.0	671.0
PA14_28750	86.5800662177	1.3419295182e-20	6050.0	387.0
PA14_49570	85.8390473454	1.95193538317e-20	4363.0	664.0
PA14_31970,czcC	85.6979237916	2.09632897799e-20	3257.0	521.0
PA14_13210	85.365592829	2.47998608296e-20	2782.0	128.0
PA14_55440,hxcR	85.2647931304	2.60968740556e-20	5208.0	770.0
PA14_47940	84.8445441249	3.22770214459e-20	3865.0	599.0
PA14_31370,tam	84.4574377887	3.92575640811e-20	6704.0	445.0
PA14_30950	84.2056991996	4.45883460183e-20	5045.0	307.0
PA14_63640,fadH2	83.6478552019	5.91243633289e-20	5130.0	758.0
PA14_03340	83.6438206303	5.92451509636e-20	3264.0	166.0
PA14_32650	83.1808824447	7.48783777321e-20	4571.0	687.0
PA14_00230,smf	83.0068263559	8.17705165127e-20	5193.0	765.0
PA14_03320	82.9141074378	8.56973833793e-20	3680.0	199.0
PA14_28020	82.826710251	8.95714095002e-20	5243.0	771.0
PA14_64290	82.697520856	9.56211040711e-20	5662.0	823.0
PA14_41540,nirD	81.6615799344	1.61502752324e-19	3973.0	609.0
PA14_45980,yjaB	81.400562633	1.8430546279e-19	4780.0	711.0
PA14_28810	81.1531073446	2.08890273291e-19	3528.0	189.0
PA14_44520,ydgF	80.7577570193	2.55154475281e-19	4771.0	709.0
PA14_26870	80.7224601353	2.5975297046e-19	4676.0	697.0
PA14_26360,btuC	80.1483020159	3.47337011081e-19	6431.0	914.0
PA14_26230,hisQ	80.123448834	3.51733410963e-19	4492.0	673.0
PA14_47150,cyoE	80.0899474395	3.57747851823e-19	5282.0	772.0
PA14_51530,exoU	79.9934344518	3.75655912586e-19	5834.0	378.0
PA14_03400	79.9555555556	3.82926966223e-19	771.0	0.0
PA14_37460	79.7069125202	4.34278629358e-19	5166.0	757.0
PA14_11590	79.6935877786	4.37217296648e-19	5738.0	828.0
PA14_38310	78.9013219315	6.52910524657e-19	5352.0	779.0
PA14_19720	78.7257695983	7.13586287104e-19	4151.0	628.0
PA14_37810,pcoB	78.4096946637	8.37401877357e-19	3942.0	601.0
PA14_03330	78.3647043911	8.56692729272e-19	3233.0	169.0
PA14_21620,oprP	78.3013029251	8.84634891772e-19	5359.0	779.0
PA14_51520,spcU	78.0804202902	9.89297179332e-19	5814.0	379.0
PA14_48380	77.9988981193	1.03098049803e-18	3899.0	595.0
PA14_10080	75.800883681	3.13760641238e-18	622.0	142.0
PA14_31350	75.6460141729	3.3936030154e-18	5986.0	397.0
PA14_36860	75.1171914115	4.43587014279e-18	6063.0	861.0
PA14_30980	74.9339941237	4.86717054434e-18	895.0	9.0
PA14_55480,hxcX	74.7557823283	5.32695262838e-18	4271.0	638.0
PA14_48930	74.7383771818	5.37412306594e-18	1853.0	322.0
PA14_37420	74.5794823713	5.82454094175e-18	5024.0	732.0
PA14_31250	74.085727501	7.47971736203e-18	1062.0	19.0
PA14_69510	73.8003017653	8.64333865778e-18	2242.0	374.0
PA14_39720	73.5268852751	9.92747084722e-18	5133.0	744.0
PA14_34170	73.2794195251	1.12535226644e-17	7434.0	525.0
PA14_17850,fadB	72.7528032059	1.46949356892e-17	5223.0	754.0
PA14_55510,hxcP	71.8594745866	2.31081319335e-17	6368.0	893.0
PA14_14550	71.4804741467	2.80015473935e-17	1992.0	338.0
PA14_15270	70.6182187766	4.33495201063e-17	3942.0	591.0
PA14_46800	69.9930443889	5.95139448282e-17	4957.0	717.0
PA14_37880	69.9874446845	5.96831322442e-17	5281.0	757.0
PA14_37470	69.9225021539	6.16807856683e-17	4974.0	719.0
PA14_37000,cupA5	69.84714128	6.40829061343e-17	4476.0	657.0
PA14_44190	69.749977637	6.7318618997e-17	5414.0	773.0
PA14_35840	69.5227483558	7.55382559414e-17	3542.0	203.0
PA14_41490,nasT	69.3171724972	8.38364563662e-17	4957.0	716.0
PA14_13900	69.0501824416	9.59896551921e-17	1285.0	36.0
PA14_18520,algK	68.8614402548	1.05630061785e-16	4407.0	647.0
PA14_37530	68.6212383849	1.19312201605e-16	5469.0	778.0
PA14_63750	68.5612320765	1.22998512456e-16	5895.0	830.0
PA14_06420	68.1928242069	1.48264310577e-16	5450.0	775.0
PA14_41480,nasS	68.1399989896	1.52289913545e-16	5876.0	827.0
PA14_06430	67.8691167372	1.74716406824e-16	5855.0	824.0
PA14_55550	67.7452049501	1.86048719906e-16	5309.0	757.0
PA14_54120	67.5573218506	2.04649841828e-16	6007.0	842.0
PA14_03100	67.26967013	2.36796406372e-16	5136.0	735.0
PA14_57990	67.2086977043	2.44234238639e-16	5708.0	805.0
PA14_54750	66.3956320523	3.68918735454e-16	3812.0	569.0
PA14_46010	66.3712645534	3.73507663439e-16	7442.0	1013.0
PA14_13490	66.3340290367	3.80630461118e-16	5523.0	781.0
PA14_27840	66.0292156521	4.44288305134e-16	4367.0	638.0
PA14_58740	65.4831481253	5.86130260397e-16	1983.0	331.0
PA14_39000	65.3615752536	6.23426688972e-16	5503.0	777.0
PA14_34710	65.1634810469	6.89352433333e-16	4530.0	657.0
PA14_17820	64.4199763758	1.00533680223e-15	5696.0	799.0
PA14_53870	64.3039202561	1.06633357952e-15	5994.0	835.0
PA14_17860,paaH	64.2267710774	1.10891677342e-15	6533.0	900.0
PA14_53570	64.189253357	1.13023572121e-15	5656.0	386.0
PA14_51640	64.0323778486	1.2239115877e-15	8408.0	627.0
PA14_55340,exbD2	64.0004632996	1.24389955988e-15	5161.0	733.0
PA14_59240,pilL2	63.6568489239	1.48093217252e-15	4451.0	645.0
PA14_59120	63.4596517376	1.63685427605e-15	338.0	88.0
PA14_13940	63.1377661586	1.92742906573e-15	6263.0	440.0
PA14_64560	62.9778321555	2.09046143081e-15	2425.0	387.0
PA14_61510	62.8231633326	2.26123789029e-15	4964.0	707.0
PA14_30910,trbE	62.7681295081	2.32531276665e-15	6807.0	488.0
PA14_35850	62.638557023	2.48343682288e-15	3342.0	195.0
PA14_49540	62.5737499103	2.56651565023e-15	4027.0	251.0
PA14_37640	62.4039789603	2.79757432597e-15	5526.0	775.0
PA14_30990	62.2922052044	2.96094741696e-15	842.0	13.0
PA14_37440	62.1299687966	3.2152094874e-15	5785.0	806.0
PA14_34790	62.0184324064	3.40257420931e-15	4730.0	677.0
PA14_13280,moeA1	61.8708772955	3.66733475052e-15	5525.0	774.0
PA14_05775	61.5132993784	4.39762706229e-15	3301.0	498.0
PA14_20380,phnI	61.5058715828	4.41424825146e-15	5637.0	787.0
PA14_32640	61.386372993	4.69045636794e-15	4860.0	692.0
PA14_10410	61.3770708437	4.71266913597e-15	5056.0	716.0
PA14_47870	61.3435653325	4.79355339e-15	3955.0	580.0
PA14_20390,phnJ	60.8286341681	6.22656294719e-15	5828.0	809.0
PA14_61530,csuC	60.7492771	6.48269196957e-15	5458.0	764.0
PA14_10280	60.7308867572	6.54353664505e-15	4616.0	661.0
PA14_02510,exbD1	60.6916252351	6.67535262546e-15	6236.0	858.0
PA14_10920,dad	60.6035408254	6.98083300813e-15	5017.0	710.0
PA14_31240	60.5845395612	7.04854267062e-15	2949.0	452.0
PA14_40160,nuoA	60.5419900078	7.20255768098e-15	6855.0	932.0
PA14_18550,alg44	60.5106731475	7.31806108506e-15	4570.0	655.0
PA14_45060	60.4469290333	7.55892003099e-15	5528.0	772.0
PA14_27290	60.2106481481	8.52298759952e-15	4655.0	665.0
PA14_49610	60.1297262247	8.88069347983e-15	5015.0	709.0
PA14_64790,vanK	59.896176643	9.9995515494e-15	6631.0	904.0
PA14_13260,moaB1	59.8907778124	1.00270189024e-14	6173.0	849.0
PA14_18510,algE	59.8866266725	1.0048189768e-14	4529.0	649.0
PA14_35890	59.6837805619	1.11390783303e-14	6518.0	468.0
PA14_48350	59.5875926779	1.16970290047e-14	4614.0	659.0
PA14_13960	59.4139417364	1.27760741129e-14	337.0	86.0
PA14_71190	59.0934936867	1.50355572046e-14	5522.0	769.0
PA14_36350	58.9493691138	1.61781710325e-14	6029.0	830.0
PA14_51890	58.8022365463	1.74342983346e-14	6389.0	873.0
PA14_47030	58.7669241413	1.77500183075e-14	4714.0	670.0
PA14_10870	58.7178564575	1.81982402447e-14	5420.0	756.0
PA14_40110	58.5261889883	2.00602826819e-14	6632.0	480.0
PA14_07010	58.3156124383	2.23265240808e-14	6030.0	829.0
PA14_21380	57.8693071886	2.80123995432e-14	4840.0	684.0
PA14_12910	57.8458775676	2.83480453064e-14	4465.0	638.0
PA14_73050	57.7823822715	2.92780276597e-14	4743.0	672.0
PA14_66530	57.773957807	2.94036886842e-14	5153.0	722.0
PA14_31170	57.7735998484	2.94090400036e-14	4273.0	278.0
PA14_02360,atsR	57.7503912297	2.97580861323e-14	5922.0	815.0
PA14_71370	57.6548693351	3.12388676049e-14	5716.0	790.0
PA14_20350,phnF	57.6031116905	3.20717819183e-14	5419.0	754.0
PA14_36790	57.5242896335	3.33831173852e-14	4730.0	670.0
PA14_30900,trbJ	57.4275763722	3.50656234214e-14	6085.0	434.0
PA14_61330,mgtC	57.1995305164	3.93765164391e-14	4980.0	700.0
PA14_22590	57.1186753453	4.10291033335e-14	5815.0	801.0
PA14_03590	57.0987123862	4.14476948563e-14	7330.0	982.0
PA14_18470,algL	56.8607579387	4.67787938574e-14	4755.0	672.0
PA14_13970	56.8307529493	4.7498010599e-14	5162.0	355.0
PA14_50050	56.5091554176	5.59373192821e-14	4376.0	625.0
PA14_52960	56.2045672951	6.5309649512e-14	5158.0	720.0
PA14_10210	55.7348677989	8.29341997041e-14	6294.0	856.0
PA14_29540,hplW	55.6656428646	8.59066167116e-14	5637.0	777.0
PA14_40320,xqhA	55.5576309292	9.07588333618e-14	6439.0	873.0
PA14_37900	55.5272809225	9.21709467796e-14	6005.0	821.0
PA14_10400	55.3320448339	1.01795476064e-13	5476.0	757.0
PA14_14310	55.318956046	1.02475568352e-13	4703.0	318.0
PA14_20040,hasE	55.1883647098	1.09515104079e-13	4999.0	699.0
PA14_66520	55.1503860917	1.11651733995e-13	6546.0	885.0
PA14_29530,hplV	55.0423467001	1.17960748712e-13	5001.0	699.0
PA14_20400,phnK	55.038263735	1.18206047259e-13	5034.0	703.0
PA14_26160	54.9873700825	1.21306838229e-13	5622.0	774.0
PA14_11610	54.9568117699	1.2320763119e-13	5382.0	745.0
PA14_10120	54.9266746531	1.25111411633e-13	890.0	170.0
PA14_01670	54.9190570193	1.25597264815e-13	5540.0	764.0
PA14_59600	54.90957062	1.26204948215e-13	2130.0	108.0
PA14_49730	54.7842819296	1.34512264472e-13	7352.0	980.0
PA14_28760	54.7205527935	1.38945585133e-13	7703.0	582.0
PA14_56560	54.6870449115	1.41334906571e-13	5851.0	801.0
PA14_48010	54.5857240668	1.48812742492e-13	5032.0	702.0
PA14_60850,mexC	54.5816479324	1.49121722507e-13	6153.0	837.0
PA14_02435	54.5323624901	1.52908865555e-13	5920.0	809.0
PA14_36670	54.5152689965	1.54244701096e-13	6489.0	877.0
PA14_20300,phnC	54.4496495763	1.59482135577e-13	4787.0	672.0
PA14_54740	54.3103345922	1.71199075385e-13	4904.0	686.0
PA14_35880	54.2108058185	1.80093747434e-13	7154.0	534.0
PA14_49090	54.2015552557	1.80943576681e-13	5426.0	749.0
PA14_20550	54.1038806628	1.9016532038e-13	7477.0	563.0
PA14_11990	54.0716956068	1.93305869758e-13	6186.0	840.0
PA14_59570	54.0646703877	1.93998246582e-13	792.0	155.0
PA14_38210	53.8974109245	2.11235873099e-13	5447.0	751.0
PA14_55540	53.8142934628	2.20363725729e-13	6559.0	884.0
PA14_42030	53.7818444405	2.24033429785e-13	5873.0	802.0
PA14_11230	53.7131667367	2.32003208853e-13	4167.0	595.0
PA14_40170,sugE	53.3438650307	2.79984257916e-13	4572.0	644.0
PA14_41530,nirB	53.3154213308	2.84067740789e-13	5705.0	781.0
PA2570.1b,tRNA-Leu	52.9312378538	3.45431929283e-13	3441.0	504.0
PA14_19960	52.8599235054	3.5820430802e-13	3498.0	511.0
PA14_63620,lipC	52.8044208929	3.68470947465e-13	5463.0	751.0
PA14_15560	52.7620084656	3.76514247964e-13	193.0	57.0
PA14_36940	52.3896877269	4.5510749871e-13	5744.0	784.0
PA14_55360,exbB2	52.3553526085	4.63134515398e-13	5828.0	794.0
PA14_28470	52.2971545439	4.77065221155e-13	5971.0	811.0
PA14_59350,pilV2	52.1952217382	5.02482554709e-13	4826.0	673.0
PA14_26450,yebN	52.1408940785	5.16578453309e-13	4901.0	682.0
PA14_32025	52.07845775	5.33267603256e-13	5092.0	705.0
PA14_04180	52.0667408654	5.36459118826e-13	6436.0	866.0
PA14_35970	52.0130004188	5.5134390105e-13	6680.0	496.0
PA14_39260	51.9619793681	5.65857739574e-13	4533.0	637.0
PA14_29520,hplU	51.9570935861	5.67267488101e-13	5784.0	788.0
PA14_31990,czcB	51.9290507899	5.75427230546e-13	4476.0	630.0
PA14_48450	51.8634057971	5.94990491637e-13	5496.0	392.0
PA14_11150	51.5601654952	6.94362279822e-13	6125.0	828.0
PA14_53380	51.3537124157	7.71359961887e-13	4879.0	678.0
PA14_41520,ppkB	51.3441343425	7.75132606904e-13	5310.0	730.0
PA14_30960,traG	51.2743202641	8.03194768895e-13	6043.0	441.0
PA14_41560,nasA	50.9328720875	9.55794144618e-13	6177.0	833.0
PA14_00340	50.7988293359	1.02334730522e-12	5593.0	763.0
PA14_41300	50.3883773935	1.26139066603e-12	6413.0	860.0
PA14_34300	50.3263824371	1.30187498612e-12	4514.0	632.0
PA14_18565,alg8	50.0252129639	1.5178308156e-12	5130.0	706.0
PA14_01250,yCHM	49.7340155447	1.76066778735e-12	7160.0	947.0
PA14_30600	49.7258076069	1.76804891146e-12	5869.0	794.0
PA14_60030	49.7072492058	1.78485222281e-12	6889.0	519.0
PA14_71140	49.3871452433	2.10117984383e-12	5048.0	695.0
PA14_45130	49.3060122685	2.18990290885e-12	6431.0	860.0
PA14_38220	49.2810038732	2.2179995692e-12	7253.0	957.0
PA14_70340	49.1808417538	2.33419333024e-12	4324.0	607.0
PA14_09980,dkgB	49.0214133538	2.53183360586e-12	5897.0	796.0
PA14_54730	48.7545092243	2.90090832313e-12	4141.0	584.0
PA14_18760,mexE	48.7241887178	2.94610388966e-12	5843.0	789.0
PA14_28090	48.6703714346	3.02806599977e-12	7026.0	929.0
PA14_28100	48.6160540687	3.1131038189e-12	6038.0	812.0
PA14_40100	48.5501712321	3.21946209462e-12	7165.0	546.0
PA14_49620	48.5428320884	3.23153294433e-12	5352.0	730.0
PA14_09920	48.4496099131	3.38885722254e-12	4987.0	686.0
PA14_46860	48.2194177885	3.81095730481e-12	6272.0	839.0
PA14_56750	48.1657311439	3.91674015915e-12	5768.0	779.0
PA14_41960	48.1508408368	3.94659675732e-12	4668.0	647.0
PA14_71100,yeiH	48.0962674197	4.05798245084e-12	6156.0	825.0
PA14_39630	48.0877602906	4.07562692956e-12	3087.0	453.0
PA14_32140,antC	47.9618608721	4.34591111065e-12	3241.0	472.0
PA14_48460	47.9153600952	4.45021506054e-12	5007.0	356.0
PA14_53800,mntH2	47.8720332779	4.54965307345e-12	6616.0	879.0
PA14_36700	47.8365970508	4.63263249615e-12	5505.0	747.0
PA14_71350	47.7967375708	4.7277810435e-12	4549.0	632.0
PA14_34270,metN-1	47.7409399832	4.86426961714e-12	5189.0	709.0
PA14_28110	47.5733513981	5.2983851625e-12	5551.0	752.0
PA14_36960	47.3692585204	5.87975974953e-12	5806.0	782.0
PA14_49100,yfcG	47.1697184951	6.50984396207e-12	5742.0	774.0
PA14_48940,coaB	47.1409101518	6.60623142429e-12	1658.0	269.0
PA14_36010	47.1212260602	6.67291090784e-12	6676.0	505.0
PA14_32270,oprD3	47.0522440335	6.91194761442e-12	4858.0	668.0
PA14_36990	46.9939480718	7.12062404858e-12	4255.0	595.0
PA14_31130	46.9873280737	7.14471617088e-12	3175.0	201.0
PA14_28540	46.7241338928	8.17164279995e-12	4971.0	681.0
PA14_15750	46.722457993	8.17863407827e-12	5046.0	690.0
PA14_48240	46.5373184416	8.98901168259e-12	5601.0	756.0
PA14_65920	46.5158709388	9.08793909989e-12	6750.0	892.0
PA14_18790,opmE	46.4428658562	9.43291728012e-12	5998.0	803.0
PA14_18320	46.2754709658	1.02742181413e-11	5622.0	758.0
PA14_47410,ycgN	46.1110708847	1.11735275375e-11	7987.0	1036.0
PA14_39050,braZ	45.6157636198	1.43879003977e-11	6401.0	849.0
PA14_31030	45.5834953065	1.46268888251e-11	2612.0	390.0
PA14_32820	45.4716973126	1.54860485242e-11	2637.0	393.0
PA14_55290	45.4370533312	1.576240109e-11	6074.0	810.0
PA14_06230	45.322771853	1.67094950026e-11	6279.0	834.0
PA14_48340	45.3137726285	1.67864507535e-11	6093.0	812.0
PA14_18330,arnT	45.2921528516	1.69727824839e-11	6288.0	835.0
PA14_10300	45.0642145832	1.90678149027e-11	6504.0	860.0
PA14_13910	45.0074074074	1.96290533795e-11	434.0	0.0
PA14_03110	44.8557013233	2.12102401816e-11	5898.0	788.0
PA14_49750	44.8443859546	2.13331636243e-11	6423.0	850.0
PA14_39620	44.6655627034	2.33732358202e-11	4594.0	632.0
PA14_37510	44.6520161971	2.35355109075e-11	5220.0	707.0
PA14_37090,gbsA	44.6079028101	2.40718060509e-11	6266.0	831.0
PA14_47900	44.5978608678	2.41955870761e-11	5020.0	683.0
PA14_39140	44.4763239294	2.5745190675e-11	7753.0	1005.0
PA14_55060	44.4751887836	2.57601224776e-11	5451.0	401.0
PA14_48500	44.4191763139	2.65077830258e-11	5030.0	364.0
PA14_37730	44.3529725927	2.74195340192e-11	6101.0	811.0
PA14_18430,algJ	44.3354340167	2.7666289055e-11	4707.0	645.0
PA14_33830	43.9683977556	3.33720732556e-11	4033.0	563.0
PA14_43570	43.9229986432	3.41551816702e-11	6278.0	831.0
PA14_15140	43.9140948496	3.43109109569e-11	6448.0	851.0
PA14_63700	43.5848394406	4.05971952337e-11	5405.0	727.0
PA14_01690	43.2865301385	4.72827289732e-11	5857.0	780.0
PA14_18500,algG	43.121441249	5.14453694964e-11	5278.0	711.0
PA14_28080	43.0749358817	5.26828579421e-11	5136.0	694.0
PA14_59560	42.9800100185	5.53020502662e-11	710.0	135.0
PA14_37040,cupA2	42.9068426184	5.74095046643e-11	4180.0	579.0
PA14_28300	42.8230236782	5.99227362372e-11	3654.0	515.0
PA14_69520	42.7122136587	6.34150994262e-11	2715.0	399.0
PA14_39780,hvn	42.694921572	6.39781727117e-11	6487.0	853.0
PA14_51600	42.6494212048	6.54838022772e-11	7537.0	592.0
PA14_12150	42.6382389667	6.58592255951e-11	6471.0	851.0
PA14_48280	42.5229474519	6.98578100979e-11	5414.0	726.0
PA14_26390	42.4676985788	7.18592163782e-11	6619.0	868.0
PA14_14300	42.4157514783	7.37933397618e-11	3725.0	254.0
PA14_60130	42.3317876998	7.70303180484e-11	9372.0	761.0
