feature	score	p-value	#I-out-of-20	#O-out-of-72
PA14_61520_5488173_T_C_S_P|1	21.3555555556	3.81513586511e-06	12.0	6.0
PA14_08310_712788_T_A_S_T|1	18.0	2.20904969986e-05	5.0	0.0
PA14_08310_712814_C_G_I_M|1	18.0	2.20904969986e-05	5.0	0.0
PA14_14570_1244754_A_G_S_P|1	17.7962962963	2.45861367147e-05	10.0	5.0
PA14_10710_923635_G_T_D_E|1	17.2341880342	3.3043615312e-05	9.0	4.0
PA14_48090,aprF_4279433_A_C_S_A|1	17.2341880342	3.3043615312e-05	9.0	4.0
PA14_51620_4587989_C_A_A_E|1	16.612345679	4.58515837302e-05	7.0	2.0
PA14_60310,pilY1_5376103_A_C_M_L|1	16.400617284	5.12685307634e-05	11.0	7.0
PA14_07770,ostA_667829_C_T_G_D|1	14.896031746	0.0001136017018	9.0	5.0
PA14_22820,yciV_1981400_G_A_R_Q|1	14.5988304094	0.000132997062863	11.0	8.0
PA14_09520,mexI_816635_C_T_E_K|1	14.4	0.000147802310334	4.0	0.0
PA14_67230_6002543_T_C_K_R|1	14.4	0.000147802310334	4.0	0.0
PA14_05870_519788_C_T_A_T|1	14.4	0.000147802310334	4.0	0.0
PA14_04240_379646_C_A_W_L|1	14.4	0.000147802310334	4.0	0.0
PA14_03300_299556_T_C_W_R|1	14.4	0.000147802310334	4.0	0.0
PA14_33360_2936920_T_G_S_A|1	14.4	0.000147802310334	4.0	0.0
PA14_30970,bphR_2691733_G_T_R_S|1	14.4	0.000147802310334	4.0	0.0
PA14_20860_1795972_C_A_L_M|1	14.237037037	0.000161167090403	8.0	4.0
PA14_17850,fadB_1533009_C_T_P_L|1	13.69	0.000215599466955	7.0	3.0
PA14_18310_1570877_C_T_A_T|1	13.69	0.000215599466955	7.0	3.0
PA14_17890_1536732_G_A_A_T|1	13.69	0.000215599466955	7.0	3.0
PA14_56890_5070993_G_A_G_E|1	13.3796296296	0.000254371955412	5.0	1.0
PA14_66550,hemE_5936508_T_C_K_E|1	13.3796296296	0.000254371955412	5.0	1.0
PA14_63970_5700637_A_G_I_V|1	13.3796296296	0.000254371955412	5.0	1.0
PA14_56450_5034541_C_T_V_I|1	13.3388888889	0.000259958332754	6.0	2.0
PA14_40220_3583830_C_T_A_V|1	12.9066666667	0.00032741385866	9.0	6.0
PA14_10700_922034_T_A_E_V|1	12.2055555556	0.000476474110239	13.0	13.0
PA14_17640,potA_1516738_T_A_N_Y|1	12.1034188034	0.000503294578054	8.0	5.0
PA14_49580_4411330_T_G_L_R|1	12.1034188034	0.000503294578054	8.0	5.0
PA14_08270_706377_T_C_V_A|1	12.1034188034	0.000503294578054	8.0	5.0
PA14_44910_4004531_C_A_D_E|1	12.1034188034	0.000503294578054	8.0	5.0
PA14_18640_1604181_G_T_A_S|1	12.0987654321	0.000504552190542	10.0	8.0
PA14_61120_5449324_G_A_R_W|1	11.3494949495	0.000754684895247	7.0	4.0
PA14_17980,glpF_1544837_T_C_N_S|1	11.3494949495	0.000754684895247	7.0	4.0
PA14_04220_378316_C_G_S_T|1	11.3494949495	0.000754684895247	7.0	4.0
PA14_67510,estA_6026891_G_C_T_S|1	11.3494949495	0.000754684895247	7.0	4.0
PA14_04220_378368_T_C_K_E|1	11.3494949495	0.000754684895247	7.0	4.0
PA14_48320_4299569_G_T_A_S|1	11.3494949495	0.000754684895247	7.0	4.0
PA14_04220_378377_C_G_E_Q|1	11.3494949495	0.000754684895247	7.0	4.0
PA14_04220_378317_T_A_S_C|1	11.3494949495	0.000754684895247	7.0	4.0
PA14_15790_1346136_C_T_R_H|1	11.2666666667	0.000789112989016	12.0	12.0
PA14_33360_2937259_C_T_R_C|1	11.2006944444	0.000817667259457	9.0	7.0
PA14_07770,ostA_667937_G_C_A_G|1	11.2006944444	0.000817667259457	9.0	7.0
PA14_09520,mexI_816774_G_C_I_M|2	10.8	0.00101500094711	3.0	0.0
PA14_32390,mexF_2815345_G_C_D_E|1	10.8	0.00101500094711	3.0	0.0
PA14_33360_2936012_A_C_D_A|1	10.8	0.00101500094711	3.0	0.0
PA14_55960,pctC_4996684_C_G_H_Q|1	10.8	0.00101500094711	3.0	0.0
PA14_10790,ampC_933109_A_G_V_A|1	10.8	0.00101500094711	3.0	0.0
PA14_46720_4163913_C_G_D_E|1	10.8	0.00101500094711	3.0	0.0
PA14_08310_712780_C_A_S_Y|1	10.8	0.00101500094711	3.0	0.0
PA14_00720_71907_A_G_D_G|1	10.8	0.00101500094711	3.0	0.0
PA14_28820_2487055_C_T_A_V|1	10.8	0.00101500094711	3.0	0.0
PA14_05630_499380_T_G_S_A|1	10.8	0.00101500094711	3.0	0.0
PA14_33610_2964856_C_A_L_M|1	10.8	0.00101500094711	3.0	0.0
PA14_03490_320106_A_G_Q_R|1	10.8	0.00101500094711	3.0	0.0
PA14_28920_2502541_T_C_D_G|1	10.8	0.00101500094711	3.0	0.0
PA14_00790,prlC_77335_A_G_T_A|1	10.8	0.00101500094711	3.0	0.0
PA14_44920_4005458_T_A_S_T|1	10.8	0.00101500094711	3.0	0.0
PA14_23460,orfN_2040326_T_G_L_V|1	10.8	0.00101500094711	3.0	0.0
PA14_69710,xerC_6217928_G_C_Q_H|1	10.8	0.00101500094711	3.0	0.0
PA14_05650_502081_C_A_A_D|1	10.8	0.00101500094711	3.0	0.0
PA14_32290_2805903_T_C_I_V|1	10.8	0.00101500094711	3.0	0.0
PA14_23460,orfN_2040324_T_C_V_A|1	10.8	0.00101500094711	3.0	0.0
PA14_28930_2503008_C_T_A_T|1	10.8	0.00101500094711	3.0	0.0
PA14_51620_4588026_G_C_L_F|1	10.8	0.00101500094711	3.0	0.0
PA14_16690,ppc_1428089_C_T_A_V|1	10.8	0.00101500094711	3.0	0.0
PA14_03940,spuF_355658_C_G_H_Q|1	10.8	0.00101500094711	3.0	0.0
PA14_33360_2937175_G_C_D_H|1	10.8	0.00101500094711	3.0	0.0
PA14_23470,wbpM_2041666_G_C_M_I|1	10.8	0.00101500094711	3.0	0.0
PA14_23470,wbpM_2041676_A_C_I_L|1	10.8	0.00101500094711	3.0	0.0
PA0296-PA0297,P1_348823_C_T_G_D|1	10.8	0.00101500094711	3.0	0.0
PA14_09520,mexI_816523_A_G_F_S|2	10.8	0.00101500094711	3.0	0.0
PA14_20510_1762925_A_C_S_R|1	10.8	0.00101500094711	3.0	0.0
PA14_21450_1859903_G_A_D_N|1	10.8	0.00101500094711	3.0	0.0
PA14_33630,pvdJ_2977087_C_G_L_V|1	10.8	0.00101500094711	3.0	0.0
PA14_37640_3350187_A_C_S_R|1	10.8	0.00101500094711	3.0	0.0
PA14_08050_693077_T_C_F_L|1	10.8	0.00101500094711	3.0	0.0
PA14_09520,mexI_817991_C_A_A_S|1	10.8	0.00101500094711	3.0	0.0
PA14_62010,hitB_5530678_C_T_R_C|1	10.8	0.00101500094711	3.0	0.0
PA14_60130_5356065_A_C_N_T|1	10.8	0.00101500094711	3.0	0.0
PA14_25970,cobN_2267354_C_A_R_S|1	10.8	0.00101500094711	3.0	0.0
PA14_51620_4587988_G_C_A_P|1	10.8	0.00101500094711	3.0	0.0
PA14_31160_2708873_T_G_L_W|1	10.8	0.00101500094711	3.0	0.0
PA14_60130_5356064_A_G_N_D|1	10.8	0.00101500094711	3.0	0.0
PA14_33890,aldG_3011414_T_G_S_A|2	10.8	0.00101500094711	3.0	0.0
PA14_36230,glnP_3227386_G_T_W_L|1	10.8	0.00101500094711	3.0	0.0
PA14_33890,aldG_3011379_C_T_A_V|1	10.8	0.00101500094711	3.0	0.0
PA14_08310_712773_A_C_I_L|1	10.8	0.00101500094711	3.0	0.0
PA14_33360_2936918_A_C_D_A|1	10.8	0.00101500094711	3.0	0.0
PA14_03000_263952_G_A_V_I|1	10.8	0.00101500094711	3.0	0.0
PA14_09520,mexI_816634_T_G_E_A|1	10.8	0.00101500094711	3.0	0.0
PA14_09520,mexI_818108_C_T_V_M|1	10.8	0.00101500094711	3.0	0.0
PA14_04700_418406_G_T_E_D|1	10.8	0.00101500094711	3.0	0.0
PA14_59240,pilL2_5278287_C_G_T_R|1	10.8	0.00101500094711	3.0	0.0
PA14_04240_379647_A_T_W_R|1	10.8	0.00101500094711	3.0	0.0
PA14_45190_4031387_G_A_R_H|1	10.8	0.00101500094711	3.0	0.0
PA14_08050_693475_T_G_H_Q|2	10.8	0.00101500094711	3.0	0.0
PA14_02490,tonB2_224269_A_G_T_A|1	10.8	0.00101500094711	3.0	0.0
PA14_34810,mxaA_3090942_G_T_A_S|1	10.8	0.00101500094711	3.0	0.0
PA14_59930_5336961_C_G_S_R|1	10.8	0.00101500094711	3.0	0.0
PA14_09520,mexI_818017_C_T_R_H|1	10.8	0.00101500094711	3.0	0.0
PA14_26360,btuC_2298912_C_A_G_C|1	10.8	0.00101500094711	3.0	0.0
PA14_15350_1302216_G_A_R_Q|1	10.8	0.00101500094711	3.0	0.0
PA14_17820_1532258_G_C_E_D|1	10.6777777778	0.00108430240875	6.0	3.0
PA14_56450_5034464_C_G_Q_H|1	10.6777777778	0.00108430240875	6.0	3.0
PA14_30700_2662722_A_G_I_V|1	10.6777777778	0.00108430240875	6.0	3.0
PA14_31130_2707601_A_G_V_A|1	10.6777777778	0.00108430240875	6.0	3.0
PA14_43380,kdpB_3865691_G_T_H_N|1	10.6777777778	0.00108430240875	6.0	3.0
PA14_17890_1536309_A_T_T_S|1	10.6777777778	0.00108430240875	6.0	3.0
PA14_36590,malQ_3257768_G_A_G_D|1	10.6777777778	0.00108430240875	6.0	3.0
PA14_55440,hxcR_4933809_G_A_T_M|1	10.6777777778	0.00108430240875	6.0	3.0
PA14_17820_1532204_T_A_D_E|1	10.6777777778	0.00108430240875	6.0	3.0
PA14_02050_186553_G_A_G_S|7	10.6777777778	0.00108430240875	6.0	3.0
PA14_49780_4427891_C_A_R_L|1	10.6777777778	0.00108430240875	6.0	3.0
PA14_17860,paaH_1534346_C_T_A_V|1	10.6777777778	0.00108430240875	6.0	3.0
PA14_19850_1710522_G_A_A_T|1	10.6777777778	0.00108430240875	6.0	3.0
PA14_17650_1517229_C_T_A_V|2	10.6777777778	0.00108430240875	6.0	3.0
PA14_08610,5S-rRNA_738177_A_T_K_*|1	10.6777777778	0.00108430240875	6.0	3.0
PA14_01910,pcaG_174742_C_T_S_L|1	10.6777777778	0.00108430240875	6.0	3.0
PA14_17630,potB_1514952_C_T_A_T|1	10.6777777778	0.00108430240875	6.0	3.0
PA14_51620_4587997_C_G_Q_E|1	10.6777777778	0.00108430240875	6.0	3.0
PA14_55460,hxcZ_4937870_G_T_Q_K|1	10.6777777778	0.00108430240875	6.0	3.0
PA14_56450_5034466_G_C_Q_E|1	10.6777777778	0.00108430240875	6.0	3.0
PA14_48410_4305374_T_C_T_A|1	10.6578947368	0.00109602073709	10.0	9.0
PA14_16130_1373361_G_A_P_S|1	10.6578947368	0.00109602073709	10.0	9.0
PA14_33000,gcvP2_2887483_G_A_A_T|1	10.3277777778	0.00131042887747	11.0	11.0
PA14_08300,JF1_709411_C_G_T_S|1	10.3277777778	0.00131042887747	11.0	11.0
PA14_17640,potA_1516743_C_A_R_L|1	10.3142857143	0.00132004376756	8.0	6.0
PA14_07770,ostA_666687_T_C_I_V|1	10.3142857143	0.00132004376756	8.0	6.0
PA14_36060_3212481_G_T_H_Q|1	10.3142857143	0.00132004376756	8.0	6.0
PA14_56450_5035290_T_G_Q_P|1	10.3142857143	0.00132004376756	8.0	6.0
PA14_40260_3593249_C_T_V_I|1	10.3142857143	0.00132004376756	8.0	6.0
PA14_27800_2409549_C_G_R_P|1	10.3142857143	0.00132004376756	8.0	6.0
PA14_07770,ostA_666713_A_G_V_A|2	10.3142857143	0.00132004376756	8.0	6.0
PA14_46360_4124687_C_A_Q_H|1	10.3142857143	0.00132004376756	8.0	6.0
PA14_40340_3605036_C_T_A_T|1	10.1587301587	0.00143619510224	5.0	2.0
PA14_69990,dadX_6244473_G_A_A_V|1	10.1587301587	0.00143619510224	5.0	2.0
PA14_00860_84161_G_A_A_V|1	10.1587301587	0.00143619510224	5.0	2.0
PA14_04220_378383_G_A_P_S|1	10.1587301587	0.00143619510224	5.0	2.0
PA14_31110_2706408_T_A_K_M|1	10.1587301587	0.00143619510224	5.0	2.0
PA14_59390_5289894_G_A_S_N|1	10.1587301587	0.00143619510224	5.0	2.0
PA14_22710,ydjA_1976138_A_T_T_S|1	10.1587301587	0.00143619510224	5.0	2.0
PA14_46360_4124679_G_C_A_G|1	10.1587301587	0.00143619510224	5.0	2.0
PA4726.1,P32_5580378_G_A_R_Q|1	10.1587301587	0.00143619510224	5.0	2.0
PA14_62660_5593815_A_T_Y_F|1	10.1587301587	0.00143619510224	5.0	2.0
PA14_61200_5460235_G_C_S_R|1	10.1587301587	0.00143619510224	5.0	2.0
PA14_56450_5034465_T_G_Q_P|1	10.1587301587	0.00143619510224	5.0	2.0
PA14_49440_4393862_T_C_N_D|1	10.1587301587	0.00143619510224	5.0	2.0
PA14_33360_2937193_C_T_H_Y|1	10.1337777778	0.00145576739001	12.0	13.0
PA14_07770,ostA_667278_C_G_E_Q|1	10.1337777778	0.00145576739001	12.0	13.0
PA14_14490_1238584_G_A_G_D|1	9.99605734767	0.00156875729338	14.0	17.0
PA14_54660_4846444_G_C_E_Q|1	9.97555555556	0.00158632124933	4.0	1.0
PA14_02410_216484_A_G_T_A|1	9.97555555556	0.00158632124933	4.0	1.0
PA14_31180_2709785_T_C_E_G|1	9.97555555556	0.00158632124933	4.0	1.0
PA14_60130_5356276_G_C_Q_H|1	9.97555555556	0.00158632124933	4.0	1.0
PA14_38550,maiA_3438511_G_A_D_N|1	9.97555555556	0.00158632124933	4.0	1.0
PA14_37640_3350625_G_A_G_S|1	9.97555555556	0.00158632124933	4.0	1.0
PA14_21020_1814700_G_A_P_L|1	9.97555555556	0.00158632124933	4.0	1.0
PA14_40340_3604984_G_A_A_V|1	9.97555555556	0.00158632124933	4.0	1.0
PA14_51620_4587859_A_T_T_S|1	9.97555555556	0.00158632124933	4.0	1.0
PA14_09520,mexI_818104_G_A_A_V|2	9.97555555556	0.00158632124933	4.0	1.0
PA14_48090,aprF_4279465_G_C_A_G|1	9.97555555556	0.00158632124933	4.0	1.0
PA14_30940,trbB_2687040_A_G_F_L|1	9.97555555556	0.00158632124933	4.0	1.0
PA14_00070_7997_G_A_H_Y|1	9.97555555556	0.00158632124933	4.0	1.0
PA14_17640,potA_1516677_C_T_S_N|1	9.97555555556	0.00158632124933	4.0	1.0
PA14_30870,trbF_2681089_C_T_R_H|1	9.97555555556	0.00158632124933	4.0	1.0
PA14_39690,nrdD_3537914_G_A_A_T|1	9.97555555556	0.00158632124933	4.0	1.0
PA14_28820_2487071_G_C_E_D|1	9.97555555556	0.00158632124933	4.0	1.0
PA14_64740,pchA_5768089_G_C_A_G|1	9.97555555556	0.00158632124933	4.0	1.0
PA14_51620_4587865_T_A_S_T|1	9.97555555556	0.00158632124933	4.0	1.0
PA14_31070_2703439_G_T_T_K|1	9.97555555556	0.00158632124933	4.0	1.0
PA14_50380,flgJ_4478638_C_T_G_S|1	9.97555555556	0.00158632124933	4.0	1.0
PA14_04240_379664_C_G_S_T|2	9.97555555556	0.00158632124933	4.0	1.0
PA14_28850_2491749_A_T_R_W|1	9.97555555556	0.00158632124933	4.0	1.0
PA14_03380_310086_G_A_G_D|1	9.97555555556	0.00158632124933	4.0	1.0
PA14_31080_2704145_C_G_G_A|1	9.97555555556	0.00158632124933	4.0	1.0
PA14_30970,bphR_2691349_C_T_V_M|1	9.97555555556	0.00158632124933	4.0	1.0
PA14_23590_2054135_G_A_S_N|1	9.97555555556	0.00158632124933	4.0	1.0
PA14_03390_311959_G_T_S_R|1	9.97555555556	0.00158632124933	4.0	1.0
PA14_28820_2486663_T_G_H_Q|1	9.97555555556	0.00158632124933	4.0	1.0
PA14_03270_295100_C_T_L_F|1	9.97555555556	0.00158632124933	4.0	1.0
PA14_59940_5338743_A_T_I_F|1	9.97555555556	0.00158632124933	4.0	1.0
PA14_23460,orfN_2040270_C_A_S_*|1	9.97555555556	0.00158632124933	4.0	1.0
PA14_62660_5593814_T_C_Y_H|1	9.97555555556	0.00158632124933	4.0	1.0
PA14_59390_5289890_T_G_F_V|1	9.97555555556	0.00158632124933	4.0	1.0
PA14_28840_2490608_C_G_D_E|1	9.97555555556	0.00158632124933	4.0	1.0
PA14_13560_1167468_G_C_Q_H|1	9.97555555556	0.00158632124933	4.0	1.0
PA14_03380_311583_C_T_T_M|1	9.97555555556	0.00158632124933	4.0	1.0
PA14_30860,trbG_2680680_T_A_K_*|1	9.97555555556	0.00158632124933	4.0	1.0
PA14_55640,sbcD_4959029_A_T_S_C|1	9.97555555556	0.00158632124933	4.0	1.0
PA14_32790_2854811_A_G_T_A|1	9.97555555556	0.00158632124933	4.0	1.0
PA14_02500,exbB1_225236_G_A_A_T|1	9.97555555556	0.00158632124933	4.0	1.0
PA14_04250_380647_A_T_L_Q|1	9.72810457516	0.0018147153224	9.0	8.0
PA14_04230_378727_T_C_I_V|1	9.72810457516	0.0018147153224	9.0	8.0
PA14_04230_378721_T_G_M_L|1	9.72810457516	0.0018147153224	9.0	8.0
PA14_68710,tex_6126203_G_A_D_N|1	9.72810457516	0.0018147153224	9.0	8.0
PA14_47510_4232420_G_A_A_V|1	9.44537037037	0.00211682748755	7.0	5.0
PA14_68810_6137349_A_G_T_A|1	9.44537037037	0.00211682748755	7.0	5.0
PA14_47510_4232410_A_C_D_E|2	9.44537037037	0.00211682748755	7.0	5.0
PA14_04020_363171_C_T_R_H|1	9.44537037037	0.00211682748755	7.0	5.0
PA14_15190_1287307_C_T_V_I|1	9.44537037037	0.00211682748755	7.0	5.0
PA14_17640,potA_1516732_G_C_Q_E|1	9.44537037037	0.00211682748755	7.0	5.0
PA14_17620,potC_1514437_C_T_R_H|1	9.44537037037	0.00211682748755	7.0	5.0
PA14_10820_935568_T_G_I_L|1	9.38888888889	0.00218304473736	10.0	10.0
PA14_07730,ksgA_663827_G_A_H_Y|1	9.2	0.00242015127165	11.0	12.0
PA14_07770,ostA_667943_G_A_A_V|1	9.1094017094	0.00254299034487	12.0	14.0
PA14_07770,ostA_667884_T_C_I_V|1	9.08659003831	0.00257490517622	13.0	16.0
PA14_56450_5035334_C_A_Q_H|1	8.80074074074	0.00301108266693	8.0	7.0
PA14_04250_381011_C_T_V_I|1	8.80074074074	0.00301108266693	8.0	7.0
PA14_07770,ostA_667119_C_T_A_T|1	8.80074074074	0.00301108266693	8.0	7.0
PA14_14100,yhdW_1208097_G_A_A_T|1	8.80074074074	0.00301108266693	8.0	7.0
PA14_25940_2262897_C_T_A_T|1	8.80074074074	0.00301108266693	8.0	7.0
PA14_15650_1330610_C_T_E_K|1	8.80074074074	0.00301108266693	8.0	7.0
PA14_37270_3320193_C_G_A_G|1	8.80074074074	0.00301108266693	8.0	7.0
PA14_47930_4267068_G_A_A_T|1	8.80074074074	0.00301108266693	8.0	7.0
PA14_15200_1288018_C_T_A_T|1	8.80074074074	0.00301108266693	8.0	7.0
PA14_27780,yadH_2409448_C_T_L_F|1	8.80074074074	0.00301108266693	8.0	7.0
PA14_18090_1552256_G_C_S_T|1	8.80074074074	0.00301108266693	8.0	7.0
PA14_60330,ispH_5377510_C_G_E_D|1	8.60444444444	0.00335343645495	6.0	4.0
PA14_05390,chpA_473754_A_T_T_S|1	8.60444444444	0.00335343645495	6.0	4.0
PA14_46640_4157450_G_A_P_S|1	8.60444444444	0.00335343645495	6.0	4.0
PA14_20150,nosL_1736805_C_A_R_L|1	8.60444444444	0.00335343645495	6.0	4.0
PA14_63970_5701688_T_C_I_T|1	8.60444444444	0.00335343645495	6.0	4.0
PA14_62010,hitB_5530787_G_C_S_T|1	8.60444444444	0.00335343645495	6.0	4.0
PA14_58760,pilC_5236667_G_C_V_L|1	8.60444444444	0.00335343645495	6.0	4.0
PA14_50860_4521153_T_C_T_A|1	8.60444444444	0.00335343645495	6.0	4.0
PA14_19700_1700357_C_A_H_Q|1	8.60444444444	0.00335343645495	6.0	4.0
PA14_55450,hxcQ_4936923_G_C_P_A|1	8.60444444444	0.00335343645495	6.0	4.0
PA14_58900_5248589_G_A_G_S|1	8.60444444444	0.00335343645495	6.0	4.0
PA14_29490,hplR_2558595_G_A_C_Y|1	8.60444444444	0.00335343645495	6.0	4.0
PA14_08440_722334_C_T_R_H|1	8.60444444444	0.00335343645495	6.0	4.0
PA14_33990_3022508_G_C_T_S|1	8.60444444444	0.00335343645495	6.0	4.0
PA14_40440_3614212_C_T_R_C|1	8.60444444444	0.00335343645495	6.0	4.0
PA14_17640,potA_1516780_G_T_L_I|1	8.60444444444	0.00335343645495	6.0	4.0
PA14_53660_4760004_G_A_C_Y|1	8.60444444444	0.00335343645495	6.0	4.0
PA14_55470,hxcY_4938225_C_T_D_N|1	8.60444444444	0.00335343645495	6.0	4.0
PA14_18150,acsL_1558182_C_T_P_S|2	8.60444444444	0.00335343645495	6.0	4.0
PA14_27290_2368858_G_A_S_N|1	8.60444444444	0.00335343645495	6.0	4.0
PA14_62050,5S-rRNA_5536102_T_A_K_*|1	8.60444444444	0.00335343645495	6.0	4.0
PA14_69270_6179805_G_C_S_T|1	8.60444444444	0.00335343645495	6.0	4.0
PA14_69170_6170206_C_T_A_T|1	8.60444444444	0.00335343645495	6.0	4.0
PA14_55400_4924028_G_C_F_L|1	8.60444444444	0.00335343645495	6.0	4.0
PA14_30870,trbF_2681119_C_G_S_T|1	8.60444444444	0.00335343645495	6.0	4.0
PA14_13450,fecR_1156952_C_T_V_I|1	8.60444444444	0.00335343645495	6.0	4.0
PA14_41300_3686584_G_A_R_W|1	8.60444444444	0.00335343645495	6.0	4.0
PA14_46470,pdxB_4135362_G_A_A_V|1	8.60444444444	0.00335343645495	6.0	4.0
PA14_20860_1796456_C_A_A_E|2	8.60444444444	0.00335343645495	6.0	4.0
PA14_40120,polB_3575423_C_T_R_H|1	8.60444444444	0.00335343645495	6.0	4.0
PA14_11100,cupB5_962676_T_A_S_T|1	8.60444444444	0.00335343645495	6.0	4.0
PA14_56450_5034291_A_T_F_Y|1	8.45	0.00365043440444	9.0	9.0
PA14_04240_379883_T_C_N_S|1	8.45	0.00365043440444	9.0	9.0
PA14_56450_5035224_A_C_L_R|1	8.45	0.00365043440444	9.0	9.0
PA14_04240_379866_C_T_V_I|1	8.45	0.00365043440444	9.0	9.0
PA14_56450_5034049_G_A_H_Y|1	8.45	0.00365043440444	9.0	9.0
PA14_04240_379848_T_C_T_A|2	8.45	0.00365043440444	9.0	9.0
PA14_56450_5034401_C_G_Q_H|1	8.45	0.00365043440444	9.0	9.0
PA14_04240_379875_G_T_L_M|1	8.45	0.00365043440444	9.0	9.0
PA14_14490_1238762_T_G_I_M|2	8.29932659933	0.00396597814299	14.0	19.0
PA14_53670_4760743_A_G_L_P|1	8.2671957672	0.00403678088082	10.0	11.0
PA14_55740,chrA_4975076_C_G_A_G|1	8.2671957672	0.00403678088082	10.0	11.0
PA14_18300_1569468_C_T_V_M|1	8.2671957672	0.00403678088082	10.0	11.0
PA14_44920_4005740_A_G_M_V|1	8.22259259259	0.00413720518945	13.0	17.0
PA14_14160_1211661_A_G_Q_R|1	8.22259259259	0.00413720518945	13.0	17.0
PA14_61200_5461133_G_C_A_G|1	8.18935185185	0.00421369753001	11.0	13.0
PA14_67230_6002112_T_C_I_V|1	8.18935185185	0.00421369753001	11.0	13.0
PA14_39870,apaH_3554937_G_A_A_T|1	8.18935185185	0.00421369753001	11.0	13.0
PA14_55740,chrA_4975075_G_T_A_S|1	8.18935185185	0.00421369753001	11.0	13.0
PA14_00360_32160_C_T_R_Q|1	8.18935185185	0.00421369753001	11.0	13.0
PA14_64530_5749337_A_T_T_S|1	8.18148148148	0.00423201833518	12.0	15.0
PA14_19340_1668483_C_T_R_H|1	8.18148148148	0.00423201833518	12.0	15.0
PA14_04370_390154_G_C_A_G|1	8.18148148148	0.00423201833518	12.0	15.0
PA14_07770,ostA_667634_T_A_Y_F|1	8.18148148148	0.00423201833518	12.0	15.0
PA14_07770,ostA_667985_G_C_T_S|1	8.18148148148	0.00423201833518	12.0	15.0
PA14_58750,pilB_5235724_C_G_D_E|1	8.00413436693	0.00466706677792	17.0	26.0
PA14_58750,pilB_5235726_A_T_K_M|1	8.00413436693	0.00466706677792	17.0	26.0
PA14_18260,fruK_1567147_G_C_V_L|1	7.87692307692	0.00500695979055	7.0	6.0
PA14_64710_5764913_A_C_D_A|1	7.87692307692	0.00500695979055	7.0	6.0
PA14_06480_568444_G_A_A_T|1	7.87692307692	0.00500695979055	7.0	6.0
PA14_44920_4005217_A_C_R_S|1	7.87692307692	0.00500695979055	7.0	6.0
PA14_10290,acoR_887839_A_G_I_V|1	7.87692307692	0.00500695979055	7.0	6.0
PA14_29350,pfeA_2539657_T_C_T_A|1	7.87692307692	0.00500695979055	7.0	6.0
PA14_06240_551163_T_G_E_D|1	7.87692307692	0.00500695979055	7.0	6.0
PA14_04230_378715_C_T_D_N|1	7.87692307692	0.00500695979055	7.0	6.0
PA14_36500_3248487_C_T_V_I|1	7.87692307692	0.00500695979055	7.0	6.0
PA14_12260_1058451_C_A_P_T|1	7.87692307692	0.00500695979055	7.0	6.0
PA14_38970_3473580_T_C_T_A|1	7.87692307692	0.00500695979055	7.0	6.0
PA14_63270,fabG_5646107_G_C_E_D|1	7.87692307692	0.00500695979055	7.0	6.0
PA14_07770,ostA_667581_T_G_N_H|1	7.87692307692	0.00500695979055	7.0	6.0
PA14_28895_2496744_T_G_Q_H|1	7.87692307692	0.00500695979055	7.0	6.0
PA14_00520_54674_A_G_D_G|1	7.84	0.00511026066086	16.0	24.0
PA14_38690,acsA_3449940_A_G_I_V|1	7.8125	0.00518860755232	5.0	3.0
PA14_04830_426851_C_T_R_H|1	7.8125	0.00518860755232	5.0	3.0
PA14_47000_4188497_G_C_G_R|1	7.8125	0.00518860755232	5.0	3.0
PA14_48100,aprE_4281634_T_C_H_R|1	7.8125	0.00518860755232	5.0	3.0
PA14_31190_2712615_G_T_Q_K|1	7.8125	0.00518860755232	5.0	3.0
PA14_04220_378385_T_A_Y_F|1	7.8125	0.00518860755232	5.0	3.0
PA14_38590,bdhA_3443751_A_G_I_V|1	7.8125	0.00518860755232	5.0	3.0
PA14_56450_5034624_T_A_Y_F|1	7.8125	0.00518860755232	5.0	3.0
PA14_12630_1083821_C_A_A_E|1	7.8125	0.00518860755232	5.0	3.0
PA14_44910_4004484_G_A_D_N|1	7.8125	0.00518860755232	5.0	3.0
PA14_48060,aprA_4278729_T_C_N_S|1	7.8125	0.00518860755232	5.0	3.0
PA14_12770_1094689_C_A_R_L|1	7.8125	0.00518860755232	5.0	3.0
PA14_08330_713992_C_A_L_I|1	7.8125	0.00518860755232	5.0	3.0
PA14_39870,apaH_3554854_C_T_P_L|1	7.8125	0.00518860755232	5.0	3.0
PA14_30860,trbG_2680185_C_T_G_S|1	7.8125	0.00518860755232	5.0	3.0
PA14_31190_2711689_G_T_D_E|1	7.8125	0.00518860755232	5.0	3.0
PA14_71630,adhA_6380289_G_A_G_S|1	7.8125	0.00518860755232	5.0	3.0
PA14_56450_5034621_G_T_A_D|1	7.8125	0.00518860755232	5.0	3.0
PA14_40940_3650832_C_T_A_V|1	7.8125	0.00518860755232	5.0	3.0
PA14_28880_2493063_G_C_P_A|1	7.8125	0.00518860755232	5.0	3.0
PA14_56450_5034625_A_G_Y_H|1	7.8125	0.00518860755232	5.0	3.0
PA14_37810,pcoB_3371131_A_G_Q_R|1	7.8125	0.00518860755232	5.0	3.0
PA14_31130_2707240_A_T_D_E|1	7.8125	0.00518860755232	5.0	3.0
PA14_31280_2720340_C_T_D_N|1	7.8125	0.00518860755232	5.0	3.0
PA14_14160_1211793_C_T_T_M|1	7.8125	0.00518860755232	5.0	3.0
PA14_16340_1396098_C_A_Q_H|1	7.8125	0.00518860755232	5.0	3.0
PA14_67190_5997447_T_G_T_P|1	7.8125	0.00518860755232	5.0	3.0
PA14_28100_2433422_C_A_A_S|1	7.8125	0.00518860755232	5.0	3.0
PA14_31130_2707242_C_G_D_H|1	7.8125	0.00518860755232	5.0	3.0
PA14_31150_2708653_C_A_V_F|1	7.8125	0.00518860755232	5.0	3.0
PA14_09980,dkgB_859357_G_C_G_R|1	7.8125	0.00518860755232	5.0	3.0
PA14_67190_5996979_G_T_Q_K|1	7.8125	0.00518860755232	5.0	3.0
PA14_35630,pslJ_3166320_C_T_R_H|1	7.8125	0.00518860755232	5.0	3.0
PA14_11990_1036646_C_T_A_T|2	7.8125	0.00518860755232	5.0	3.0
PA14_67210_5998693_T_C_K_E|1	7.8125	0.00518860755232	5.0	3.0
PA14_04830_426863_T_G_E_A|1	7.8125	0.00518860755232	5.0	3.0
PA14_30960,traG_2688780_G_A_A_V|1	7.8125	0.00518860755232	5.0	3.0
PA14_39500_3516311_T_C_N_S|1	7.8125	0.00518860755232	5.0	3.0
PA14_01870_170237_A_T_D_V|4	7.8125	0.00518860755232	5.0	3.0
PA14_36960_3293210_A_G_F_L|1	7.8125	0.00518860755232	5.0	3.0
PA14_12630_1083652_C_A_R_S|1	7.8125	0.00518860755232	5.0	3.0
PA14_23790,leuB_2067352_A_G_N_S|1	7.8125	0.00518860755232	5.0	3.0
PA14_24360_2120590_G_A_A_T|1	7.8125	0.00518860755232	5.0	3.0
PA14_47880_4261213_A_C_T_P|1	7.8125	0.00518860755232	5.0	3.0
PA14_30450_2637636_T_G_L_V|1	7.8125	0.00518860755232	5.0	3.0
PA14_39520_3518072_A_G_F_L|1	7.8125	0.00518860755232	5.0	3.0
PA14_14060_1206549_A_G_E_G|2	7.8125	0.00518860755232	5.0	3.0
PA14_71800,zwf_6395387_G_A_S_N|1	7.8125	0.00518860755232	5.0	3.0
PA14_30970,bphR_2691805_C_G_V_L|1	7.8125	0.00518860755232	5.0	3.0
PA14_67850_6059453_T_C_D_G|1	7.8125	0.00518860755232	5.0	3.0
PA14_48160_4287734_G_T_E_D|1	7.8125	0.00518860755232	5.0	3.0
PA14_62030_5535120_G_A_P_S|1	7.8125	0.00518860755232	5.0	3.0
PA14_28895_2495771_A_G_F_L|1	7.8125	0.00518860755232	5.0	3.0
PA14_30850,trbI_2678932_C_T_V_I|1	7.8125	0.00518860755232	5.0	3.0
PA14_47760,cobB_4249740_G_T_P_T|1	7.8125	0.00518860755232	5.0	3.0
PA14_13010_1117406_C_T_S_N|1	7.55032679739	0.00599991923891	14.0	20.0
PA14_54690,ywnB_4848625_G_T_G_C|1	7.55032679739	0.00599991923891	14.0	20.0
PA14_07770,ostA_667983_G_C_L_V|1	7.51111111111	0.00613195330408	8.0	8.0
PA14_04250_380995_C_G_G_A|1	7.51111111111	0.00613195330408	8.0	8.0
PA14_19940_1718416_C_T_V_I|1	7.51111111111	0.00613195330408	8.0	8.0
PA14_45190_4031368_G_T_A_S|1	7.51111111111	0.00613195330408	8.0	8.0
PA14_69510_6199312_C_T_V_M|3	7.51111111111	0.00613195330408	8.0	8.0
PA14_69520_6200524_A_G_V_A|1	7.51111111111	0.00613195330408	8.0	8.0
PA14_68100_6076490_G_A_A_T|1	7.51111111111	0.00613195330408	8.0	8.0
PA14_30700_2662740_C_G_L_V|1	7.51111111111	0.00613195330408	8.0	8.0
PA14_04250_380999_T_G_I_L|1	7.51111111111	0.00613195330408	8.0	8.0
PA14_05230_457833_C_A_D_E|1	7.51111111111	0.00613195330408	8.0	8.0
PA14_46270_4116873_C_T_A_T|1	7.51111111111	0.00613195330408	8.0	8.0
PA14_44920_4005812_G_A_D_N|1	7.33968253968	0.00674487498419	12.0	16.0
PA14_04230_378854_C_A_E_D|1	7.33567251462	0.00675993833216	9.0	10.0
PA14_04250_380807_A_G_S_P|13	7.33567251462	0.00675993833216	9.0	10.0
PA14_58530_5212280_C_T_V_I|1	7.33567251462	0.00675993833216	9.0	10.0
PA14_56450_5034812_T_G_E_D|1	7.33567251462	0.00675993833216	9.0	10.0
PA14_03840,aguR_345713_T_A_T_S|1	7.33567251462	0.00675993833216	9.0	10.0
PA14_56450_5034476_C_G_Q_H|3	7.33567251462	0.00675993833216	9.0	10.0
PA14_56450_5034599_C_G_E_D|1	7.33567251462	0.00675993833216	9.0	10.0
PA14_56450_5034357_T_A_Y_F|2	7.33567251462	0.00675993833216	9.0	10.0
PA14_56450_5034379_C_G_G_R|1	7.33567251462	0.00675993833216	9.0	10.0
PA14_04230_378852_C_T_G_D|1	7.33567251462	0.00675993833216	9.0	10.0
PA14_48760,ycaC_4335147_C_G_G_A|1	7.33567251462	0.00675993833216	9.0	10.0
PA14_05400_476300_C_T_A_V|1	7.33567251462	0.00675993833216	9.0	10.0
PA14_04230_378903_A_G_I_T|1	7.33567251462	0.00675993833216	9.0	10.0
PA14_57710,cysN_5139675_T_C_D_G|1	7.33567251462	0.00675993833216	9.0	10.0
PA14_04230_378902_G_C_I_M|1	7.33567251462	0.00675993833216	9.0	10.0
PA14_04230_378850_G_T_L_M|1	7.33567251462	0.00675993833216	9.0	10.0
PA14_07770,ostA_667899_C_T_D_N|1	7.28177777778	0.00696575643946	11.0	14.0
PA14_05250,pyrC_459382_C_T_G_D|1	7.28177777778	0.00696575643946	11.0	14.0
PA14_64335,ureD_5733908_C_T_A_V|1	7.27272727273	0.00700094198945	10.0	12.0
PA14_61170_5455290_G_A_A_T|1	7.27272727273	0.00700094198945	10.0	12.0
PA14_66100_5888118_G_A_V_I|1	7.2	0.00729035809154	2.0	0.0
PA14_06160,fiuA_543738_A_T_F_Y|1	7.2	0.00729035809154	2.0	0.0
PA14_36230,glnP_3227497_T_A_F_Y|1	7.2	0.00729035809154	2.0	0.0
PA14_65300,hflX_5818703_T_C_I_V|1	7.2	0.00729035809154	2.0	0.0
PA14_51630_4588435_A_G_Y_C|1	7.2	0.00729035809154	2.0	0.0
PA14_29120_2519719_G_A_R_H|1	7.2	0.00729035809154	2.0	0.0
PA14_51110_4542900_G_C_T_R|1	7.2	0.00729035809154	2.0	0.0
PA14_46950_4180936_C_G_S_W|1	7.2	0.00729035809154	2.0	0.0
PA14_33280,pvdL_2917554_A_G_Q_R|1	7.2	0.00729035809154	2.0	0.0
PA14_66100_5888330_G_T_L_F|1	7.2	0.00729035809154	2.0	0.0
PA14_43110_3841181_G_A_P_S|1	7.2	0.00729035809154	2.0	0.0
PA14_61120_5449695_G_A_A_V|1	7.2	0.00729035809154	2.0	0.0
PA14_67440_6021797_G_A_A_T|1	7.2	0.00729035809154	2.0	0.0
PA14_15000_1273375_T_C_V_A|1	7.2	0.00729035809154	2.0	0.0
PA14_02420,atsK_218493_A_G_D_G|1	7.2	0.00729035809154	2.0	0.0
PA14_60900_5434671_T_C_D_G|1	7.2	0.00729035809154	2.0	0.0
PA14_61480,uraA_5486001_G_A_A_T|1	7.2	0.00729035809154	2.0	0.0
PA14_53660_4759199_C_A_Q_K|1	7.2	0.00729035809154	2.0	0.0
PA14_03760_336970_A_T_D_V|1	7.2	0.00729035809154	2.0	0.0
PA14_48040,aprI_4277239_G_A_L_F|2	7.2	0.00729035809154	2.0	0.0
PA14_64370,ureB_5735420_T_C_*_Q|1	7.2	0.00729035809154	2.0	0.0
PA14_28240_2443218_G_C_G_A|1	7.2	0.00729035809154	2.0	0.0
PA14_66100_5888357_G_T_L_F|1	7.2	0.00729035809154	2.0	0.0
PA14_07770,ostA_667157_C_T_G_D|1	7.2	0.00729035809154	2.0	0.0
PA14_38770_3459124_A_T_V_D|2	7.2	0.00729035809154	2.0	0.0
PA14_35190,pbpC_3130984_C_T_R_K|1	7.2	0.00729035809154	2.0	0.0
PA14_56940,colS_5074758_C_T_A_T|1	7.2	0.00729035809154	2.0	0.0
PA14_53640_4757922_T_C_V_A|1	7.2	0.00729035809154	2.0	0.0
PA14_33610_2971297_G_C_E_Q|2	7.2	0.00729035809154	2.0	0.0
PA14_26530,cobJ_2311676_A_G_Q_R|3	7.2	0.00729035809154	2.0	0.0
PA14_69540_6203715_C_T_R_H|1	7.2	0.00729035809154	2.0	0.0
PA14_03285_298362_A_G_R_G|1	7.2	0.00729035809154	2.0	0.0
PA14_27110,ligT_2355551_G_A_R_C|1	7.2	0.00729035809154	2.0	0.0
PA14_01580,gabP_144726_A_G_S_P|12	7.2	0.00729035809154	2.0	0.0
PA14_36230,glnP_3227133_C_G_L_V|1	7.2	0.00729035809154	2.0	0.0
PA14_53340_4727869_G_C_R_T|1	7.2	0.00729035809154	2.0	0.0
PA14_67010_5981096_G_A_R_H|1	7.2	0.00729035809154	2.0	0.0
PA14_59210_5273375_G_A_S_N|1	7.2	0.00729035809154	2.0	0.0
PA14_03380_310626_T_C_M_T|1	7.2	0.00729035809154	2.0	0.0
PA14_69540_6203586_C_T_R_H|1	7.2	0.00729035809154	2.0	0.0
PA14_49280_4377233_G_A_P_S|1	7.2	0.00729035809154	2.0	0.0
PA14_29440_2552962_A_G_F_L|2	7.2	0.00729035809154	2.0	0.0
PA14_66100_5888091_A_C_I_L|1	7.2	0.00729035809154	2.0	0.0
PA14_14150_1210861_G_A_G_R|1	7.2	0.00729035809154	2.0	0.0
PA14_41740_3725633_G_A_A_V|1	7.2	0.00729035809154	2.0	0.0
PA14_26750_2330472_T_C_E_G|2	7.2	0.00729035809154	2.0	0.0
PA14_47060_4192048_T_C_I_V|1	7.2	0.00729035809154	2.0	0.0
PA14_49480_4399267_A_G_D_G|1	7.2	0.00729035809154	2.0	0.0
PA14_02830,pcaB_250719_T_C_M_T|1	7.2	0.00729035809154	2.0	0.0
PA14_21550_1869370_G_T_R_L|1	7.2	0.00729035809154	2.0	0.0
PA14_39390_3505470_G_A_A_V|1	7.2	0.00729035809154	2.0	0.0
PA14_52690,aruG_4670420_T_C_N_S|1	7.2	0.00729035809154	2.0	0.0
PA14_33280,pvdL_2924062_G_C_M_I|1	7.2	0.00729035809154	2.0	0.0
PA14_32720_2841310_G_A_G_S|1	7.2	0.00729035809154	2.0	0.0
PA14_05440_479362_C_G_S_T|1	7.2	0.00729035809154	2.0	0.0
PA14_03380_311441_A_G_T_A|1	7.2	0.00729035809154	2.0	0.0
PA14_50570_4492309_G_A_T_M|1	7.2	0.00729035809154	2.0	0.0
PA14_06660,nirE_583228_T_C_I_V|1	7.2	0.00729035809154	2.0	0.0
PA14_62860,ftsH_5608859_C_G_V_L|1	7.2	0.00729035809154	2.0	0.0
PA14_44920_4005495_G_T_R_M|1	7.2	0.00729035809154	2.0	0.0
PA14_58030,fumC_5163456_C_T_A_T|1	7.2	0.00729035809154	2.0	0.0
PA14_53650_4758827_G_A_R_Q|1	7.2	0.00729035809154	2.0	0.0
PA14_45480_4049590_G_C_L_V|1	7.2	0.00729035809154	2.0	0.0
PA14_55400_4922323_T_C_T_A|1	7.2	0.00729035809154	2.0	0.0
PA14_60900_5434752_T_C_Q_R|1	7.2	0.00729035809154	2.0	0.0
PA14_65720_5852848_G_A_A_T|1	7.2	0.00729035809154	2.0	0.0
PA14_30890_2683109_C_T_R_C|1	7.2	0.00729035809154	2.0	0.0
PA14_33630,pvdJ_2978323_C_G_R_G|1	7.2	0.00729035809154	2.0	0.0
PA14_50850_4521042_T_C_I_T|1	7.2	0.00729035809154	2.0	0.0
PA14_28760_2476001_A_G_S_P|1	7.2	0.00729035809154	2.0	0.0
PA14_36230,glnP_3227493_A_G_I_V|1	7.2	0.00729035809154	2.0	0.0
PA14_69540_6203571_A_G_I_T|1	7.2	0.00729035809154	2.0	0.0
PA14_51880,oprD_4607166_G_A_G_D|2	7.2	0.00729035809154	2.0	0.0
PA14_53340_4729801_G_A_G_D|1	7.2	0.00729035809154	2.0	0.0
PA14_32380,oprN_2814058_T_G_T_P|1	7.2	0.00729035809154	2.0	0.0
PA14_13170_1132812_C_G_K_N|1	7.2	0.00729035809154	2.0	0.0
PA14_48980_4352380_C_T_A_T|1	7.2	0.00729035809154	2.0	0.0
PA14_59640_5307429_G_A_D_N|1	7.2	0.00729035809154	2.0	0.0
PA14_45310,ccmF_4039226_C_T_V_I|1	7.2	0.00729035809154	2.0	0.0
PA14_43080_3834446_C_T_A_V|1	7.2	0.00729035809154	2.0	0.0
PA14_62350,phuR_5561398_G_C_G_A|1	7.2	0.00729035809154	2.0	0.0
PA14_60020_5345126_G_C_L_F|1	7.2	0.00729035809154	2.0	0.0
PA14_03855_346208_A_C_S_R|1	7.2	0.00729035809154	2.0	0.0
PA14_69840_6227551_G_A_R_K|1	7.2	0.00729035809154	2.0	0.0
PA14_38880_3467392_G_A_R_H|1	7.2	0.00729035809154	2.0	0.0
PA14_66100_5887944_G_C_A_P|7	7.2	0.00729035809154	2.0	0.0
PA14_69540_6203406_A_G_I_T|1	7.2	0.00729035809154	2.0	0.0
PA14_67260_6007625_G_A_P_S|1	7.2	0.00729035809154	2.0	0.0
PA14_16690,ppc_1428961_C_T_P_S|2	7.2	0.00729035809154	2.0	0.0
PA14_10750,sotB_927345_A_T_S_C|1	7.2	0.00729035809154	2.0	0.0
PA14_42950_3818842_G_C_A_G|1	7.2	0.00729035809154	2.0	0.0
PA14_60000_5342756_A_C_I_L|1	7.2	0.00729035809154	2.0	0.0
PA14_27840_2412049_C_T_P_L|1	7.2	0.00729035809154	2.0	0.0
PA14_36670_3266187_C_A_D_E|1	7.2	0.00729035809154	2.0	0.0
PA14_07060_612086_G_A_H_Y|3	7.2	0.00729035809154	2.0	0.0
PA14_13380_1150813_G_A_R_W|3	7.2	0.00729035809154	2.0	0.0
PA14_61590_5496289_A_G_V_A|1	7.2	0.00729035809154	2.0	0.0
PA14_41990_3747301_G_A_A_T|1	7.2	0.00729035809154	2.0	0.0
PA14_50240_4462788_G_T_D_E|1	7.2	0.00729035809154	2.0	0.0
PA14_60010_5344459_G_A_A_T|1	7.2	0.00729035809154	2.0	0.0
PA14_46700,ybiF_4162750_C_T_V_I|1	7.2	0.00729035809154	2.0	0.0
PA14_38690,acsA_3450690_G_A_G_S|1	7.2	0.00729035809154	2.0	0.0
PA14_27850,queF_2413128_G_A_A_T|1	7.2	0.00729035809154	2.0	0.0
PA14_63830_5690071_G_A_P_L|1	7.2	0.00729035809154	2.0	0.0
PA14_47880_4260980_A_T_E_V|1	7.2	0.00729035809154	2.0	0.0
PA14_03370_308314_G_T_L_I|1	7.2	0.00729035809154	2.0	0.0
PA14_35460_3152127_G_T_D_E|1	7.2	0.00729035809154	2.0	0.0
PA14_20070_1730896_G_A_A_T|1	7.2	0.00729035809154	2.0	0.0
PA14_07770,ostA_667169_A_G_L_P|1	7.2	0.00729035809154	2.0	0.0
PA14_67770,pgm_6050951_T_G_S_A|1	7.2	0.00729035809154	2.0	0.0
PA14_61200_5461334_T_A_Y_F|1	7.2	0.00729035809154	2.0	0.0
PA14_14520_1241540_C_T_V_M|1	7.2	0.00729035809154	2.0	0.0
PA14_53340_4729599_G_A_V_I|2	7.2	0.00729035809154	2.0	0.0
PA14_00740_72779_G_T_L_M|1	7.2	0.00729035809154	2.0	0.0
PA14_58570,piuA_5218835_G_A_T_I|1	7.2	0.00729035809154	2.0	0.0
PA14_04520_402507_A_G_V_A|2	7.2	0.00729035809154	2.0	0.0
PA14_52760,aotO_4676710_G_A_R_C|1	7.2	0.00729035809154	2.0	0.0
PA14_26485_2309506_C_A_D_E|1	7.2	0.00729035809154	2.0	0.0
PA14_21020_1815480_C_A_R_L|1	7.2	0.00729035809154	2.0	0.0
PA14_36375_3240704_C_G_D_E|1	7.2	0.00729035809154	2.0	0.0
PA14_18985_1640073_T_C_D_G|3	7.2	0.00729035809154	2.0	0.0
