feature	score	p-value	#I-out-of-293	#O-out-of-31
PA14_24790,opdQ_2168550|29	47.2580645161	6.22294251561e-12	0.0	5.0
PA14_52900_4690097|1	47.2580645161	6.22294251561e-12	0.0	5.0
PA14_37260,opdO_3319434|1	37.8064516129	7.81229831579e-10	0.0	4.0
PA14_24790,opdQ_2168590|1	37.8064516129	7.81229831579e-10	0.0	4.0
PA14_24790,opdQ_2168501|2	37.8064516129	7.81229831579e-10	0.0	4.0
PA14_52910_4691019|1	37.8064516129	7.81229831579e-10	0.0	4.0
PA14_52900_4689439|2	37.8064516129	7.81229831579e-10	0.0	4.0
PA14_52900_4690154|3	37.7326874381	8.11335806296e-10	1.0	5.0
PA14_52900_4689306|1	30.9590758245	2.63526869802e-08	2.0	5.0
PA14_52900_4690148.1|1	30.9590758245	2.63526869802e-08	2.0	5.0
PA14_31080_2703974|1	29.3950897281	5.90270131088e-08	4.0	6.0
PA14_52900_4689272|1	28.3548387097	1.00994052048e-07	0.0	3.0
PA14_52910_4690304|1	28.3548387097	1.00994052048e-07	0.0	3.0
PA14_37260,opdO_3319443|1	28.3548387097	1.00994052048e-07	0.0	3.0
PA14_52910_4691081|1	28.3548387097	1.00994052048e-07	0.0	3.0
PA14_38660,scoA_3448274|2	28.3548387097	1.00994052048e-07	0.0	3.0
PA14_31280_2720021|1	28.3548387097	1.00994052048e-07	0.0	3.0
PA14_59940_5337306|1	28.3548387097	1.00994052048e-07	0.0	3.0
PA14_09200,ssb_780069|1	28.3548387097	1.00994052048e-07	0.0	3.0
PA14_52900_4689908|1	28.3548387097	1.00994052048e-07	0.0	3.0
PA14_00650_66907|1	28.3548387097	1.00994052048e-07	0.0	3.0
PA14_52910_4690375|1	28.3548387097	1.00994052048e-07	0.0	3.0
PA14_32790_2863116|1	28.3548387097	1.00994052048e-07	0.0	3.0
PA14_33360_2937257|1	25.9053176263	3.58579989251e-07	3.0	5.0
PA14_52900_4689634|15	25.9053176263	3.58579989251e-07	3.0	5.0
PA14_31400,ctpH_2732404|1	25.9053176263	3.58579989251e-07	3.0	5.0
PA14_52910_4690313|1	25.9053176263	3.58579989251e-07	3.0	5.0
PA14_19110,rhlB_1650336|1	25.7184650646	3.95029281669e-07	5.0	6.0
PA14_31220_2714701.1|1	25.7184650646	3.95029281669e-07	5.0	6.0
PA14_29000_2508134|1	24.9755086926	5.80632054827e-07	13.0	9.0
PA14_38640,scoB_3447826|1	22.6081691071	1.98638203811e-06	2.0	4.0
PA14_52910_4690936|1	22.6081691071	1.98638203811e-06	2.0	4.0
PA14_59050_5259841|1	22.6081691071	1.98638203811e-06	2.0	4.0
PA14_62350,phuR_5563234|1	22.6081691071	1.98638203811e-06	2.0	4.0
PA14_35080,arsH_3123557|1	22.6081691071	1.98638203811e-06	2.0	4.0
PA14_02980_260777|2	22.6081691071	1.98638203811e-06	2.0	4.0
PA14_58060_5165837|1	22.6081691071	1.98638203811e-06	2.0	4.0
PA14_32580_2829569|2	22.6081691071	1.98638203811e-06	2.0	4.0
PA14_30960,traG_2690143.1|3	21.9981283717	2.72916471654e-06	4.0	5.0
PA14_59200_5272099|2	21.9981283717	2.72916471654e-06	4.0	5.0
PA14_31190_2711458|1	21.9981283717	2.72916471654e-06	4.0	5.0
PA14_31180_2710518.1|2	21.9981283717	2.72916471654e-06	4.0	5.0
PA14_63550,fdhE_5667298|1	21.9981283717	2.72916471654e-06	4.0	5.0
PA14_30890_2683040|1	21.9981283717	2.72916471654e-06	4.0	5.0
PA14_31190_2711727|1	21.9981283717	2.72916471654e-06	4.0	5.0
PA14_31190_2712436|1	21.606187383	3.3477013228e-06	9.0	7.0
PA14_30910,trbE_2685943|1	21.606187383	3.3477013228e-06	9.0	7.0
PA14_30960,traG_2690389|1	21.4069360343	3.7142509308e-06	12.0	8.0
PA14_30960,traG_2689423|1	20.1109511429	7.30770478564e-06	7.0	6.0
PA14_63780_5685318|1	19.7925795442	8.63171328888e-06	1.0	3.0
PA14_14010_1200922|2	19.7925795442	8.63171328888e-06	1.0	3.0
PA14_03300_299437|1	19.7925795442	8.63171328888e-06	1.0	3.0
PA14_21300_1845502|1	19.7925795442	8.63171328888e-06	1.0	3.0
PA14_59940_5337479|1	19.7925795442	8.63171328888e-06	1.0	3.0
PA14_33610_2968201|1	19.7925795442	8.63171328888e-06	1.0	3.0
PA14_52910_4690376|2	19.7925795442	8.63171328888e-06	1.0	3.0
PA14_33630,pvdJ_2978186|1	19.7925795442	8.63171328888e-06	1.0	3.0
PA14_31180_2709975|1	19.7925795442	8.63171328888e-06	1.0	3.0
PA14_10550,cysI_910131|1	19.7925795442	8.63171328888e-06	1.0	3.0
PA14_16390_1403184|1	19.7925795442	8.63171328888e-06	1.0	3.0
PA14_12970,tauD_1110385|1	19.7925795442	8.63171328888e-06	1.0	3.0
PA14_33690,pvdE_2989317|1	19.7925795442	8.63171328888e-06	1.0	3.0
PA14_34170_3038781|1	19.7925795442	8.63171328888e-06	1.0	3.0
PA14_33610_2960332|1	19.7925795442	8.63171328888e-06	1.0	3.0
PA14_52490_4656984|1	19.7925795442	8.63171328888e-06	1.0	3.0
PA14_32140,antC_2795478|1	19.7925795442	8.63171328888e-06	1.0	3.0
PA14_02030_185217|1	19.7925795442	8.63171328888e-06	1.0	3.0
PA14_52900_4689273|1	19.7925795442	8.63171328888e-06	1.0	3.0
PA14_45050,pykF_4017618|1	19.7925795442	8.63171328888e-06	1.0	3.0
PA14_33650,pvdD_2982512.1|1	19.7925795442	8.63171328888e-06	1.0	3.0
PA14_60020_5345911|1	19.7925795442	8.63171328888e-06	1.0	3.0
PA14_52910_4690861|1	19.7925795442	8.63171328888e-06	1.0	3.0
PA14_31150_2708353.1|1	19.7925795442	8.63171328888e-06	1.0	3.0
PA14_33360_2936667|1	19.7925795442	8.63171328888e-06	1.0	3.0
PA14_33360_2936335.2|1	19.7925795442	8.63171328888e-06	1.0	3.0
PA14_31100_2705469|1	19.6299551198	9.39841060888e-06	10.0	7.0
PA14_38640,scoB_3447845|2	19.6299551198	9.39841060888e-06	10.0	7.0
PA14_30900,trbJ_2683294|1	19.6299551198	9.39841060888e-06	10.0	7.0
PA14_67065,mdoH_5987645|1	18.9032258065	1.3751993133e-05	0.0	2.0
PA14_00120_15071|20	18.9032258065	1.3751993133e-05	0.0	2.0
PA14_08070,gpFI_694196|1	18.9032258065	1.3751993133e-05	0.0	2.0
PA14_34410,mtlF_3061068|1	18.9032258065	1.3751993133e-05	0.0	2.0
PA14_33280,pvdL_2922694|1	18.9032258065	1.3751993133e-05	0.0	2.0
PA14_31260_2718264|1	18.9032258065	1.3751993133e-05	0.0	2.0
PA14_48930_4350044|2	18.9032258065	1.3751993133e-05	0.0	2.0
PA14_38660,scoA_3448129|1	18.9032258065	1.3751993133e-05	0.0	2.0
PA14_55400_4925119|1	18.9032258065	1.3751993133e-05	0.0	2.0
PA14_00510_51148|14	18.9032258065	1.3751993133e-05	0.0	2.0
PA14_33610_2966480|1	18.9032258065	1.3751993133e-05	0.0	2.0
PA14_33450,treA_2945182|6	18.9032258065	1.3751993133e-05	0.0	2.0
PA14_31190_2711871|1	18.9032258065	1.3751993133e-05	0.0	2.0
PA14_09230,pchC_782042.1|1	18.9032258065	1.3751993133e-05	0.0	2.0
PA14_32790_2863113|1	18.9032258065	1.3751993133e-05	0.0	2.0
PA14_07290,ygjP_627662|1	18.9032258065	1.3751993133e-05	0.0	2.0
PA14_31470_2736817|1	18.9032258065	1.3751993133e-05	0.0	2.0
PA14_14210_1214361|4	18.9032258065	1.3751993133e-05	0.0	2.0
PA14_40050_3570033|1	18.9032258065	1.3751993133e-05	0.0	2.0
PA14_33650,pvdD_2979672|1	18.9032258065	1.3751993133e-05	0.0	2.0
PA14_33360_2936013.1|1	18.9032258065	1.3751993133e-05	0.0	2.0
PA14_21490_1863555|4	18.9032258065	1.3751993133e-05	0.0	2.0
PA14_31190_2711464|1	18.9032258065	1.3751993133e-05	0.0	2.0
PA14_13940_1196884|1	18.9032258065	1.3751993133e-05	0.0	2.0
PA14_21790,rdgC_1895927|1	18.9032258065	1.3751993133e-05	0.0	2.0
PA14_03160_277251|67	18.9032258065	1.3751993133e-05	0.0	2.0
PA14_73090_6508674|1	18.9032258065	1.3751993133e-05	0.0	2.0
PA14_30910,trbE_2686022|1	18.9032258065	1.3751993133e-05	0.0	2.0
PA14_55400_4921878.1|1	18.9032258065	1.3751993133e-05	0.0	2.0
PA14_33280,pvdL_2924207|1	18.9032258065	1.3751993133e-05	0.0	2.0
PA14_35820,tnpS_3187385|1	18.9032258065	1.3751993133e-05	0.0	2.0
PA14_55410_4931551|1	18.9032258065	1.3751993133e-05	0.0	2.0
PA14_30960,traG_2688616.2|1	18.9032258065	1.3751993133e-05	0.0	2.0
PA14_31070_2701428|1	18.9032258065	1.3751993133e-05	0.0	2.0
PA14_33360_2936009.1|1	18.9032258065	1.3751993133e-05	0.0	2.0
PA14_19320_1665911|1	18.9032258065	1.3751993133e-05	0.0	2.0
PA14_52900_4689236|2	18.9032258065	1.3751993133e-05	0.0	2.0
PA14_08090,gpFII_695485|1	18.9032258065	1.3751993133e-05	0.0	2.0
PA14_31280_2720312|1	18.9032258065	1.3751993133e-05	0.0	2.0
PA14_05740,pydA_506989|5	18.9032258065	1.3751993133e-05	0.0	2.0
PA14_01200_118197|1	18.9032258065	1.3751993133e-05	0.0	2.0
PA14_34710_3083786|1	18.9032258065	1.3751993133e-05	0.0	2.0
PA14_59680_5310024|1	18.9032258065	1.3751993133e-05	0.0	2.0
PA14_66170_5895000|1	18.9032258065	1.3751993133e-05	0.0	2.0
PA14_08020,gpW_689908.1|1	18.9032258065	1.3751993133e-05	0.0	2.0
PA14_61200_5461508|1	18.9032258065	1.3751993133e-05	0.0	2.0
PA14_41320_3687031|1	18.9032258065	1.3751993133e-05	0.0	2.0
PA14_35530,bkdA1_3159105|2	18.9032258065	1.3751993133e-05	0.0	2.0
PA14_32160,antA_2797634|1	18.9032258065	1.3751993133e-05	0.0	2.0
PA14_09200,ssb_779930|1	18.9032258065	1.3751993133e-05	0.0	2.0
PA14_31470_2736133|6	18.9032258065	1.3751993133e-05	0.0	2.0
PA14_48930_4350097|1	18.9032258065	1.3751993133e-05	0.0	2.0
PA14_19740_1703006|3	18.9032258065	1.3751993133e-05	0.0	2.0
PA14_31070_2702354|1	18.9032258065	1.3751993133e-05	0.0	2.0
PA14_31260_2718428|1	18.9032258065	1.3751993133e-05	0.0	2.0
PA14_42380,exsD_3775794|1	18.9032258065	1.3751993133e-05	0.0	2.0
PA14_63440_5657324|1	18.9032258065	1.3751993133e-05	0.0	2.0
PA14_31110_2706027.1|1	18.9032258065	1.3751993133e-05	0.0	2.0
PA14_12280,lnt_1060467|1	18.9032258065	1.3751993133e-05	0.0	2.0
PA14_60030_5346031|1	18.9032258065	1.3751993133e-05	0.0	2.0
PA14_33610_2960343|2	18.9032258065	1.3751993133e-05	0.0	2.0
PA14_32590,dipZ2_2829998.1|1	18.9032258065	1.3751993133e-05	0.0	2.0
PA14_34270,metN-1_3047390|1	18.9032258065	1.3751993133e-05	0.0	2.0
PA14_31090_2704208.1|1	18.8935373775	1.38220128206e-05	5.0	5.0
PA14_31190_2711910|1	18.8935373775	1.38220128206e-05	5.0	5.0
PA14_59210_5273433|1	18.8935373775	1.38220128206e-05	5.0	5.0
PA14_30860,trbG_2680050|1	18.8935373775	1.38220128206e-05	5.0	5.0
PA14_31230_2714980|1	18.8935373775	1.38220128206e-05	5.0	5.0
PA14_30880,trbL_2682530|1	18.8935373775	1.38220128206e-05	5.0	5.0
PA14_11670_1011950|1	18.3111464117	1.87606264914e-05	3.0	4.0
PA14_52910_4690686|2	18.3111464117	1.87606264914e-05	3.0	4.0
PA14_31180_2710545|1	18.3111464117	1.87606264914e-05	3.0	4.0
PA14_01990_182862|1	18.3111464117	1.87606264914e-05	3.0	4.0
PA14_32570_2828201|1	18.3111464117	1.87606264914e-05	3.0	4.0
PA14_33630,pvdJ_2976746|1	18.3111464117	1.87606264914e-05	3.0	4.0
PA14_32580_2829403.1|7	18.3111464117	1.87606264914e-05	3.0	4.0
PA14_32570_2828151|1	18.3111464117	1.87606264914e-05	3.0	4.0
PA14_57250_5101655|1	18.3111464117	1.87606264914e-05	3.0	4.0
PA14_30850,trbI_2679678.1|1	18.3111464117	1.87606264914e-05	3.0	4.0
PA14_16100_1372271|1	18.3111464117	1.87606264914e-05	3.0	4.0
PA14_52900_4689182|2	18.3111464117	1.87606264914e-05	3.0	4.0
PA14_38640,scoB_3447781|2	18.3111464117	1.87606264914e-05	3.0	4.0
PA14_51960,rbn_4612885|1	18.3111464117	1.87606264914e-05	3.0	4.0
PA14_09970,fpvB_856833|1	18.3111464117	1.87606264914e-05	3.0	4.0
PA14_22860_1984460|1	18.2563830533	1.93077853496e-05	14.0	8.0
PA14_32590,dipZ2_2831253|1	17.9306711124	2.2909919619e-05	8.0	6.0
PA14_31280_2720928|1	17.9306711124	2.2909919619e-05	8.0	6.0
PA14_46320,pyc_4119904|1	17.9306711124	2.2909919619e-05	8.0	6.0
PA14_30910,trbE_2685916|1	17.8850600022	2.34656008784e-05	11.0	7.0
PA14_30850,trbI_2678878|1	17.8850600022	2.34656008784e-05	11.0	7.0
PA14_39650,cirA_3533188|1	17.8850600022	2.34656008784e-05	11.0	7.0
PA14_58350_5196125|1	17.8850600022	2.34656008784e-05	11.0	7.0
PA14_30970,bphR_2691724.1|1	16.9003776764	3.93937438316e-05	15.0	8.0
PA14_08120_696397|1	16.7141401391	4.34558958689e-05	31.0	12.0
PA14_08450_723712|1	16.3726542092	5.2030506878e-05	6.0	5.0
PA14_30940,trbB_2687784|3	16.3726542092	5.2030506878e-05	6.0	5.0
PA14_31070_2701432|1	16.3726542092	5.2030506878e-05	6.0	5.0
PA14_47850_4257341|1	16.3726542092	5.2030506878e-05	6.0	5.0
PA14_30950_2688308|1	16.3726542092	5.2030506878e-05	6.0	5.0
PA14_21790,rdgC_1896026|1	16.3726542092	5.2030506878e-05	6.0	5.0
PA14_31110_2707021|1	16.3726542092	5.2030506878e-05	6.0	5.0
PA14_30960,traG_2688916|2	16.3726542092	5.2030506878e-05	6.0	5.0
PA14_31070_2701574|1	16.3726542092	5.2030506878e-05	6.0	5.0
PA14_16100_1372313|1	16.3349751126	5.30752813658e-05	12.0	7.0
PA14_49290_4378726|1	16.3349751126	5.30752813658e-05	12.0	7.0
PA14_43810_3900464|1	16.3349751126	5.30752813658e-05	12.0	7.0
PA14_03980_358849|1	16.3349751126	5.30752813658e-05	12.0	7.0
PA14_45330,ccmE_4040167|1	16.0577173906	6.14407042632e-05	66.0	19.0
PA14_56000,pctA_5000397|1	16.0552020258	6.15223757124e-05	9.0	6.0
PA14_62390_5565550|1	16.0552020258	6.15223757124e-05	9.0	6.0
PA14_46310_4119405|1	16.0552020258	6.15223757124e-05	9.0	6.0
PA14_31090_2704838|1	16.0552020258	6.15223757124e-05	9.0	6.0
PA14_60230,comL_5365359|1	16.0552020258	6.15223757124e-05	9.0	6.0
PA14_30790_2669945|1	16.0552020258	6.15223757124e-05	9.0	6.0
PA14_30950_2688454|1	15.6661895849	7.55629520972e-05	16.0	8.0
PA14_48300_4297360|1	15.6661895849	7.55629520972e-05	16.0	8.0
PA14_01620,aptA_148306|1	15.6661895849	7.55629520972e-05	16.0	8.0
PA14_32580_2829240|2	15.114829902	0.000101165439267	4.0	4.0
PA14_31180_2710488|1	15.114829902	0.000101165439267	4.0	4.0
PA14_28870_2492229|1	15.114829902	0.000101165439267	4.0	4.0
PA14_31110_2706724.2|1	15.114829902	0.000101165439267	4.0	4.0
PA14_32570_2828200|4	15.114829902	0.000101165439267	4.0	4.0
PA14_36370_3239853|1	15.114829902	0.000101165439267	4.0	4.0
PA14_50200,fleS_4460128|1	15.114829902	0.000101165439267	4.0	4.0
PA14_30850,trbI_2679325.1|14	15.114829902	0.000101165439267	4.0	4.0
PA14_30910,trbE_2684018|1	15.114829902	0.000101165439267	4.0	4.0
PA14_32570_2828147|7	15.114829902	0.000101165439267	4.0	4.0
PA14_06080,creD_538787|1	15.114829902	0.000101165439267	4.0	4.0
PA14_31110_2706922|1	15.114829902	0.000101165439267	4.0	4.0
PA14_31130_2707339|1	15.114829902	0.000101165439267	4.0	4.0
PA14_30970,bphR_2691804.1|1	15.114829902	0.000101165439267	4.0	4.0
PA14_59050_5259515|1	15.114829902	0.000101165439267	4.0	4.0
PA14_30870,trbF_2681271|1	15.114829902	0.000101165439267	4.0	4.0
PA14_49500_4401958|1	15.114829902	0.000101165439267	4.0	4.0
PA14_14220_1214961|1	15.114829902	0.000101165439267	4.0	4.0
PA14_26600_2318115|1	15.114829902	0.000101165439267	4.0	4.0
PA14_28895_2497621|1	15.114829902	0.000101165439267	4.0	4.0
PA14_52230,pirA_4632395|1	15.114829902	0.000101165439267	4.0	4.0
PA14_60140_5358365|1	15.114829902	0.000101165439267	4.0	4.0
PA14_30910,trbE_2684882.1|2	15.114829902	0.000101165439267	4.0	4.0
PA14_59050_5259439|1	15.114829902	0.000101165439267	4.0	4.0
PA14_31190_2711712|1	15.114829902	0.000101165439267	4.0	4.0
PA14_17030,dapC_1458289|1	15.114829902	0.000101165439267	4.0	4.0
PA14_30910,trbE_2685760|1	15.114829902	0.000101165439267	4.0	4.0
PA14_31180_2709896|1	15.114829902	0.000101165439267	4.0	4.0
PA14_30970,bphR_2691295|1	15.114829902	0.000101165439267	4.0	4.0
PA14_59050_5259537|2	15.114829902	0.000101165439267	4.0	4.0
PA14_30940,trbB_2687604|1	15.114829902	0.000101165439267	4.0	4.0
PA14_52230,pirA_4633260.1|1	15.114829902	0.000101165439267	4.0	4.0
PA14_31200_2713324|1	15.114829902	0.000101165439267	4.0	4.0
PA14_30910,trbE_2685815|1	15.114829902	0.000101165439267	4.0	4.0
PA14_32110,xylZ_2794112|1	15.114829902	0.000101165439267	4.0	4.0
PA14_31150_2708430|1	15.114829902	0.000101165439267	4.0	4.0
PA14_40900_3648221|1	15.114829902	0.000101165439267	4.0	4.0
PA14_31110_2706751|1	15.114829902	0.000101165439267	4.0	4.0
PA14_42340,pscD_3772466|1	15.114829902	0.000101165439267	4.0	4.0
PA14_03860_347884|49	15.114829902	0.000101165439267	4.0	4.0
PA14_31070_2703307|1	14.9504789167	0.00011037004476	13.0	7.0
PA14_48930_4350058|1	14.9504789167	0.00011037004476	13.0	7.0
PA14_30100_2607618|1	14.9504789167	0.00011037004476	13.0	7.0
PA14_11100,cupB5_962676|1	14.7679495447	0.00012158456179	48.0	15.0
PA14_18985_1641157|2	14.697544864	0.000126210715951	2.0	3.0
PA14_69740_6220039|1	14.697544864	0.000126210715951	2.0	3.0
PA14_69570,corA_6207831|1	14.697544864	0.000126210715951	2.0	3.0
PA14_38470,gnyH_3431375|1	14.697544864	0.000126210715951	2.0	3.0
PA14_52910_4690400|1	14.697544864	0.000126210715951	2.0	3.0
PA14_33610_2959209|1	14.697544864	0.000126210715951	2.0	3.0
PA14_52910_4690403|2	14.697544864	0.000126210715951	2.0	3.0
PA14_03300_299583|1	14.697544864	0.000126210715951	2.0	3.0
PA14_32590,dipZ2_2830322|1	14.697544864	0.000126210715951	2.0	3.0
PA14_16100_1372290|1	14.697544864	0.000126210715951	2.0	3.0
PA14_52910_4690866|1	14.697544864	0.000126210715951	2.0	3.0
PA14_15460,merA_1310099.1|1	14.697544864	0.000126210715951	2.0	3.0
PA14_31230_2715450|1	14.697544864	0.000126210715951	2.0	3.0
PA14_47690,cobQ_4245043|1	14.697544864	0.000126210715951	2.0	3.0
PA14_21790,rdgC_1895976|1	14.697544864	0.000126210715951	2.0	3.0
PA14_53180_4715090|1	14.697544864	0.000126210715951	2.0	3.0
PA14_33610_2967062|1	14.697544864	0.000126210715951	2.0	3.0
PA14_08360,trpC_716684|1	14.697544864	0.000126210715951	2.0	3.0
PA14_32830_2872183|1	14.697544864	0.000126210715951	2.0	3.0
PA14_32690,gtdA_2839283|1	14.697544864	0.000126210715951	2.0	3.0
PA14_08090,gpFII_695269|1	14.697544864	0.000126210715951	2.0	3.0
PA14_52910_4690938|1	14.697544864	0.000126210715951	2.0	3.0
PA14_61920_5521931|1	14.697544864	0.000126210715951	2.0	3.0
PA14_50240_4462728|1	14.697544864	0.000126210715951	2.0	3.0
PA14_32790_2860508|2	14.697544864	0.000126210715951	2.0	3.0
PA14_44760_3989896|1	14.697544864	0.000126210715951	2.0	3.0
PA14_08070,gpFI_694517|1	14.697544864	0.000126210715951	2.0	3.0
PA14_52900_4689788|1	14.697544864	0.000126210715951	2.0	3.0
PA14_30970,bphR_2691918|1	14.697544864	0.000126210715951	2.0	3.0
PA14_38395_3422022|1	14.697544864	0.000126210715951	2.0	3.0
PA14_09270,pchE_788996|1	14.697544864	0.000126210715951	2.0	3.0
PA14_32570_2828087|1	14.697544864	0.000126210715951	2.0	3.0
PA14_54800,rsuA_4856595|1	14.697544864	0.000126210715951	2.0	3.0
PA14_18310_1570913|1	14.697544864	0.000126210715951	2.0	3.0
PA14_29620,norR_2567027|1	14.697544864	0.000126210715951	2.0	3.0
PA14_37915_3385385|1	14.697544864	0.000126210715951	2.0	3.0
PA14_18260,fruK_1566949|1	14.697544864	0.000126210715951	2.0	3.0
PA14_43160,benE_3844466|1	14.697544864	0.000126210715951	2.0	3.0
PA14_08070,gpFI_694576|1	14.697544864	0.000126210715951	2.0	3.0
PA14_33340_2931790|1	14.697544864	0.000126210715951	2.0	3.0
PA14_30960,traG_2688798.2|1	14.608216291	0.000132336305561	25.0	10.0
PA14_45560,motC_4053366|1	14.5392007046	0.000137273229401	17.0	8.0
PA14_31190_2711543.1|1	14.5392007046	0.000137273229401	17.0	8.0
PA14_19770_1705451|1	14.4746449411	0.000142058878954	21.0	9.0
PA14_32790_2863918|1	14.4273918309	0.00014566802213	10.0	6.0
PA5204-PA5205,phrY_6131806|1	14.4273918309	0.00014566802213	10.0	6.0
PA14_14200_1212926|7	14.4273918309	0.00014566802213	10.0	6.0
PA14_39640,cobN_3532701|1	14.4273918309	0.00014566802213	10.0	6.0
PA14_69050_6157966|1	14.4273918309	0.00014566802213	10.0	6.0
PA14_08130,gpU_699077|1	14.4273918309	0.00014566802213	10.0	6.0
PA14_02610,mdcG_232195|1	14.4273918309	0.00014566802213	10.0	6.0
PA14_31110_2706258|1	14.4273918309	0.00014566802213	10.0	6.0
PA14_54460_4828708|1	14.4273918309	0.00014566802213	10.0	6.0
PA14_11150_971422|1	14.4273918309	0.00014566802213	10.0	6.0
PA14_31620_2747667|1	14.2895519102	0.000156732415076	7.0	5.0
PA14_30880,trbL_2681468|1	14.2895519102	0.000156732415076	7.0	5.0
PA14_30910,trbE_2685185|1	14.2895519102	0.000156732415076	7.0	5.0
PA14_59050_5259342|1	14.2895519102	0.000156732415076	7.0	5.0
PA14_31180_2710400|1	14.2895519102	0.000156732415076	7.0	5.0
PA14_21790,rdgC_1896032|2	14.2895519102	0.000156732415076	7.0	5.0
PA14_31190_2712966.1|1	14.2895519102	0.000156732415076	7.0	5.0
PA14_30890_2682983|1	14.2895519102	0.000156732415076	7.0	5.0
PA14_21790,rdgC_1895806.1|1	14.2895519102	0.000156732415076	7.0	5.0
PA14_30850,trbI_2678462|1	14.2895519102	0.000156732415076	7.0	5.0
PA14_35740,tpnA_3179383|1	14.2895519102	0.000156732415076	7.0	5.0
PA14_30910,trbE_2685611|1	14.2895519102	0.000156732415076	7.0	5.0
PA14_30960,traG_2690107|1	14.2895519102	0.000156732415076	7.0	5.0
PA14_32790_2863914|1	14.2895519102	0.000156732415076	7.0	5.0
PA14_33730_2994134|1	14.2895519102	0.000156732415076	7.0	5.0
PA14_31280_2720986.1|1	13.7079158868	0.000213552478582	14.0	7.0
PA14_73330,parB_6528404|1	13.7079158868	0.000213552478582	14.0	7.0
PA14_29220,opdB_2527282|1	13.7079158868	0.000213552478582	14.0	7.0
PA14_25560,rne_2233821|1	13.5738334286	0.000229360488047	22.0	9.0
PA14_15460,merA_1310165|1	13.5070418957	0.000237669893275	18.0	8.0
PA14_58360_5197842|1	13.0035360175	0.000310903317915	11.0	6.0
PA14_49750_4426219|1	13.0035360175	0.000310903317915	11.0	6.0
PA14_30910,trbE_2684491|1	13.0035360175	0.000310903317915	11.0	6.0
PA14_34130_3032606|1	13.0035360175	0.000310903317915	11.0	6.0
PA14_16310_1393054|1	13.0035360175	0.000310903317915	11.0	6.0
PA14_30940,trbB_2687045|1	13.0035360175	0.000310903317915	11.0	6.0
PA14_68930_6149340|1	13.0035360175	0.000310903317915	11.0	6.0
PA14_05775_511171|1	13.0035360175	0.000310903317915	11.0	6.0
PA14_20620_1775607|1	13.0035360175	0.000310903317915	11.0	6.0
PA14_22860_1984496|1	13.0035360175	0.000310903317915	11.0	6.0
PA14_03200_282771|1	13.0035360175	0.000310903317915	11.0	6.0
PA14_58420_5205431|1	13.0035360175	0.000310903317915	11.0	6.0
PA14_52760,aotO_4676715|1	13.0035360175	0.000310903317915	11.0	6.0
PA2750-PA2751,sRNA1559_2461780|1	13.0035360175	0.000310903317915	11.0	6.0
PA14_37410_3330497|1	13.0035360175	0.000310903317915	11.0	6.0
PA14_04520_402198|1	13.0035360175	0.000310903317915	11.0	6.0
PA14_49580_4411512|1	13.0035360175	0.000310903317915	11.0	6.0
PA14_23690_2059898|1	12.6523175162	0.000375100409118	5.0	4.0
PA14_30970,bphR_2691192|1	12.6523175162	0.000375100409118	5.0	4.0
PA14_31110_2707045|1	12.6523175162	0.000375100409118	5.0	4.0
PA14_30910,trbE_2684404|1	12.6523175162	0.000375100409118	5.0	4.0
PA14_31090_2704952|1	12.6523175162	0.000375100409118	5.0	4.0
PA14_30910,trbE_2684312|1	12.6523175162	0.000375100409118	5.0	4.0
PA14_14220_1214879|1	12.6523175162	0.000375100409118	5.0	4.0
PA14_31110_2706013|1	12.6523175162	0.000375100409118	5.0	4.0
PA14_30910,trbE_2685047|1	12.6523175162	0.000375100409118	5.0	4.0
PA14_20170,nosY_1737364|1	12.6523175162	0.000375100409118	5.0	4.0
PA14_41740_3725901|1	12.6523175162	0.000375100409118	5.0	4.0
PA14_72360_6445248|1	12.6523175162	0.000375100409118	5.0	4.0
PA14_31070_2702741.1|4	12.6523175162	0.000375100409118	5.0	4.0
PA14_06000,clpA_531564|1	12.6523175162	0.000375100409118	5.0	4.0
PA14_48980_4352328.1|1	12.6523175162	0.000375100409118	5.0	4.0
PA14_60050_5346782.1|1	12.6523175162	0.000375100409118	5.0	4.0
PA14_56670_5048465|1	12.6523175162	0.000375100409118	5.0	4.0
PA14_31280_2720706|1	12.6523175162	0.000375100409118	5.0	4.0
PA14_23460,orfN_2041023|1	12.6523175162	0.000375100409118	5.0	4.0
PA14_31080_2703717|1	12.6523175162	0.000375100409118	5.0	4.0
PA14_59940_5339875|2	12.6523175162	0.000375100409118	5.0	4.0
PA14_01160_113414|69	12.6523175162	0.000375100409118	5.0	4.0
PA14_34600,gapB_3074295|1	12.6523175162	0.000375100409118	5.0	4.0
PA14_30850,trbI_2678830|10	12.6523175162	0.000375100409118	5.0	4.0
PA14_14220_1214935|1	12.6523175162	0.000375100409118	5.0	4.0
PA14_30850,trbI_2679640|1	12.6523175162	0.000375100409118	5.0	4.0
PA14_64440,bcpA_5741164|1	12.6523175162	0.000375100409118	5.0	4.0
PA14_53800,mntH2_4770362|1	12.6523175162	0.000375100409118	5.0	4.0
PA14_33610_2967044|1	12.6523175162	0.000375100409118	5.0	4.0
PA14_14220_1214807|1	12.6523175162	0.000375100409118	5.0	4.0
PA14_03290_298586|1	12.6523175162	0.000375100409118	5.0	4.0
PA14_44190_3932627|1	12.6523175162	0.000375100409118	5.0	4.0
PA14_00490_42112|1	12.6523175162	0.000375100409118	5.0	4.0
PA14_08090,gpFII_695515|1	12.6523175162	0.000375100409118	5.0	4.0
PA14_31190_2711758|1	12.6523175162	0.000375100409118	5.0	4.0
PA14_11590_1003047|1	12.6523175162	0.000375100409118	5.0	4.0
PA14_14220_1214794|1	12.6523175162	0.000375100409118	5.0	4.0
PA14_30910,trbE_2686056|1	12.6523175162	0.000375100409118	5.0	4.0
PA14_14040,rhl_1204265|2	12.6523175162	0.000375100409118	5.0	4.0
PA14_01670_153749|1	12.5879315004	0.000388245592825	15.0	7.0
PA14_31110_2705922|1	12.5879315004	0.000388245592825	15.0	7.0
PA14_07960,prtR_685944|1	12.5591764835	0.000394265454543	19.0	8.0
PA14_57540_5126397|1	12.5591764835	0.000394265454543	19.0	8.0
PA14_49700_4421939|1	12.5591764835	0.000394265454543	19.0	8.0
PA14_30860,trbG_2680232.1|1	12.5591764835	0.000394265454543	19.0	8.0
PA14_69070,yhiH_6161956|1	12.5591764835	0.000394265454543	19.0	8.0
PA14_30940,trbB_2687040|1	12.5591764835	0.000394265454543	19.0	8.0
PA14_30880,trbL_2682016|2	12.5432041261	0.000397649854222	8.0	5.0
PA14_30940,trbB_2688008|1	12.5432041261	0.000397649854222	8.0	5.0
PA14_31100_2705280|1	12.5432041261	0.000397649854222	8.0	5.0
PA14_15460,merA_1309353|1	12.5432041261	0.000397649854222	8.0	5.0
PA14_31110_2707132.1|1	12.5432041261	0.000397649854222	8.0	5.0
PA14_30860,trbG_2680677.1|1	12.5432041261	0.000397649854222	8.0	5.0
PA14_07430_637432|1	12.5432041261	0.000397649854222	8.0	5.0
PA14_59370_5288929|1	12.5432041261	0.000397649854222	8.0	5.0
PA14_31070_2701340.1|1	12.5432041261	0.000397649854222	8.0	5.0
PA14_07430_637428|1	12.5432041261	0.000397649854222	8.0	5.0
PA14_55640,sbcD_4959064|1	12.5432041261	0.000397649854222	8.0	5.0
PA14_30900,trbJ_2683527|1	12.5432041261	0.000397649854222	8.0	5.0
PA14_48530_4315336|1	12.5432041261	0.000397649854222	8.0	5.0
PA14_59200_5271598|1	12.5432041261	0.000397649854222	8.0	5.0
PA14_59100_5263712.1|2	12.5432041261	0.000397649854222	8.0	5.0
PA14_30940,trbB_2687747|1	12.5432041261	0.000397649854222	8.0	5.0
PA14_30870,trbF_2681336|1	12.5432041261	0.000397649854222	8.0	5.0
PA14_30850,trbI_2678899|10	12.5432041261	0.000397649854222	8.0	5.0
PA14_30960,traG_2688576|1	12.5432041261	0.000397649854222	8.0	5.0
PA14_35740,tpnA_3178223|1	12.5432041261	0.000397649854222	8.0	5.0
PA14_30850,trbI_2679171|8	12.5432041261	0.000397649854222	8.0	5.0
PA14_30910,trbE_2685935.1|1	12.5432041261	0.000397649854222	8.0	5.0
PA14_30910,trbE_2685619.1|1	12.5432041261	0.000397649854222	8.0	5.0
PA14_30910,trbE_2684738|1	12.5432041261	0.000397649854222	8.0	5.0
PA14_59200_5271594|1	12.5432041261	0.000397649854222	8.0	5.0
PA14_59050_5259566|1	12.5432041261	0.000397649854222	8.0	5.0
PA14_31130_2707214|1	12.5432041261	0.000397649854222	8.0	5.0
PA14_30860,trbG_2680058|1	12.5432041261	0.000397649854222	8.0	5.0
PA14_30970,bphR_2691789|1	12.5432041261	0.000397649854222	8.0	5.0
PA14_59060_5260329|2	12.5432041261	0.000397649854222	8.0	5.0
PA14_07430_637433|1	12.5432041261	0.000397649854222	8.0	5.0
PA14_14220_1215283|1	12.5432041261	0.000397649854222	8.0	5.0
PA14_30940,trbB_2687091|1	12.5432041261	0.000397649854222	8.0	5.0
PA14_03550,cynX_322203|1	11.955231051	0.000544941695166	24.0	9.0
PA14_46310_4119453|1	11.7496421887	0.000608549360498	12.0	6.0
PA14_09240,pchD_783719|1	11.7496421887	0.000608549360498	12.0	6.0
PA14_30960,traG_2688913.1|1	11.7496421887	0.000608549360498	12.0	6.0
PA14_30900,trbJ_2683371|1	11.7496421887	0.000608549360498	12.0	6.0
PA14_36080,yfaV_3214243|1	11.7496421887	0.000608549360498	12.0	6.0
PA14_57640_5133628|1	11.7496421887	0.000608549360498	12.0	6.0
PA14_29520,hplU_2560629|1	11.7496421887	0.000608549360498	12.0	6.0
PA14_61610_5498387|1	11.7496421887	0.000608549360498	12.0	6.0
PA14_54090_4798139|1	11.7496421887	0.000608549360498	12.0	6.0
PA14_48380_4302901|1	11.7496421887	0.000608549360498	12.0	6.0
PA14_30850,trbI_2679246|1	11.7496421887	0.000608549360498	12.0	6.0
PA14_67440_6022088|1	11.7496421887	0.000608549360498	12.0	6.0
PA14_38180_3406644|1	11.6865730328	0.000629527408047	20.0	8.0
PA14_16820_1438813|1	11.6865730328	0.000629527408047	20.0	8.0
PA14_03190_281834|1	11.6865730328	0.000629527408047	20.0	8.0
PA14_38180_3406526|1	11.6865730328	0.000629527408047	20.0	8.0
PA14_58040_5163549|1	11.6865730328	0.000629527408047	20.0	8.0
PA14_28980_2506202|1	11.5745372387	0.000668610731614	16.0	7.0
PA14_55650,sbcC_4959821|1	11.5745372387	0.000668610731614	16.0	7.0
PA14_66010_5879758|1	11.5745372387	0.000668610731614	16.0	7.0
PA14_63750_5684015|1	11.5745372387	0.000668610731614	16.0	7.0
PA14_30910,trbE_2685006|1	11.5745372387	0.000668610731614	16.0	7.0
PA14_68430,fdhD_6104354.1|1	11.5465850026	0.000678738119368	44.0	13.0
PA14_68430,fdhD_6104351|1	11.5465850026	0.000678738119368	44.0	13.0
PA14_34330_3053609|1	11.3361224265	0.000760138761388	3.0	3.0
PA14_34550_3072148|1	11.3361224265	0.000760138761388	3.0	3.0
PA14_65740,thiC_5853913|1	11.3361224265	0.000760138761388	3.0	3.0
PA14_14270_1218013|1	11.3361224265	0.000760138761388	3.0	3.0
PA14_26470,cbiD_2306168|1	11.3361224265	0.000760138761388	3.0	3.0
PA14_28060,cpg2_2430636|1	11.3361224265	0.000760138761388	3.0	3.0
PA14_10010_861937|4	11.3361224265	0.000760138761388	3.0	3.0
PA14_31160_2708954.1|1	11.3361224265	0.000760138761388	3.0	3.0
PA14_59700_5312808|1	11.3361224265	0.000760138761388	3.0	3.0
PA14_13690_1176880.1|1	11.3361224265	0.000760138761388	3.0	3.0
PA14_08070,gpFI_694652|1	11.3361224265	0.000760138761388	3.0	3.0
PA14_59540_5297187|1	11.3361224265	0.000760138761388	3.0	3.0
PA14_52910_4690675|1	11.3361224265	0.000760138761388	3.0	3.0
PA14_59050_5259220|2	11.3361224265	0.000760138761388	3.0	3.0
PA14_32790_2852240|1	11.3361224265	0.000760138761388	3.0	3.0
PA14_09180,uvrA_775305|1	11.3361224265	0.000760138761388	3.0	3.0
PA14_14220_1214967|1	11.3361224265	0.000760138761388	3.0	3.0
PA14_42900_3815053|1	11.3361224265	0.000760138761388	3.0	3.0
PA14_51630_4588711.1|1	11.3361224265	0.000760138761388	3.0	3.0
PA14_59530_5296323|1	11.3361224265	0.000760138761388	3.0	3.0
PA14_21790,rdgC_1895950|1	11.3361224265	0.000760138761388	3.0	3.0
PA14_61200_5459808|1	11.3361224265	0.000760138761388	3.0	3.0
PA14_08300,JF1_708319|1	11.3361224265	0.000760138761388	3.0	3.0
PA14_29470_2555268|1	11.3361224265	0.000760138761388	3.0	3.0
PA14_42180_3762623|1	11.3361224265	0.000760138761388	3.0	3.0
PA14_34690_3081000|1	11.3361224265	0.000760138761388	3.0	3.0
PA14_20520_1764564|1	11.3361224265	0.000760138761388	3.0	3.0
PA14_00990_98510|1	11.3361224265	0.000760138761388	3.0	3.0
PA14_38460,gnyB_3429277|1	11.3361224265	0.000760138761388	3.0	3.0
PA14_47520_4232618|1	11.3361224265	0.000760138761388	3.0	3.0
PA14_16190_1381422|1	11.3361224265	0.000760138761388	3.0	3.0
PA14_30970,bphR_2691482|1	11.3361224265	0.000760138761388	3.0	3.0
PA14_59050_5259187|1	11.3361224265	0.000760138761388	3.0	3.0
PA14_33610_2967043|1	11.3361224265	0.000760138761388	3.0	3.0
PA14_65840_5864607|1	11.3361224265	0.000760138761388	3.0	3.0
PA14_21490_1865442|1	11.3361224265	0.000760138761388	3.0	3.0
PA14_01860_169639|1	11.3361224265	0.000760138761388	3.0	3.0
PA14_30860,trbG_2680668|1	11.3361224265	0.000760138761388	3.0	3.0
PA14_14340,ybiN_1223266|1	11.3361224265	0.000760138761388	3.0	3.0
PA14_32590,dipZ2_2831400|1	11.3361224265	0.000760138761388	3.0	3.0
PA14_03200_282600|1	11.3361224265	0.000760138761388	3.0	3.0
PA14_21790,rdgC_1895951|1	11.3361224265	0.000760138761388	3.0	3.0
PA14_38490,gnyL_3433866|1	11.3361224265	0.000760138761388	3.0	3.0
PA14_08070,gpFI_694692|1	11.3361224265	0.000760138761388	3.0	3.0
PA14_61520_5488630|1	11.3361224265	0.000760138761388	3.0	3.0
PA14_60030_5346242.1|1	11.3361224265	0.000760138761388	3.0	3.0
PA14_59010_5258251|1	11.3361224265	0.000760138761388	3.0	3.0
PA14_35980_3202267|1	11.3361224265	0.000760138761388	3.0	3.0
PA14_18710,pyrC_1610783|1	11.3361224265	0.000760138761388	3.0	3.0
PA14_08160,lys_700833|1	11.3361224265	0.000760138761388	3.0	3.0
PA14_61020,ankB_5442216|1	11.3361224265	0.000760138761388	3.0	3.0
PA14_08090,gpFII_695270|1	11.3361224265	0.000760138761388	3.0	3.0
PA14_59070_5260466|2	11.3361224265	0.000760138761388	3.0	3.0
PA14_33360_2936965|1	11.3361224265	0.000760138761388	3.0	3.0
PA14_49760,rhlC_4426866|1	11.3361224265	0.000760138761388	3.0	3.0
PA14_34270,metN-1_3047756|1	11.3361224265	0.000760138761388	3.0	3.0
PA14_10540,fixG_908352|1	11.3361224265	0.000760138761388	3.0	3.0
PA14_26165_2284871|1	11.3361224265	0.000760138761388	3.0	3.0
PA14_36920_3290853|1	11.3361224265	0.000760138761388	3.0	3.0
PA14_45470_4049154.1|1	11.3361224265	0.000760138761388	3.0	3.0
PA14_31150_2708686.1|1	11.3361224265	0.000760138761388	3.0	3.0
PA14_15030,leuA_1274706|1	11.3361224265	0.000760138761388	3.0	3.0
PA14_38630,atoB_3446000|1	11.3361224265	0.000760138761388	3.0	3.0
PA14_32790_2859984|1	11.3361224265	0.000760138761388	3.0	3.0
PA14_34210,sfnR_3042484|1	11.3361224265	0.000760138761388	3.0	3.0
