feature	score	p-value	#I-out-of-293	#O-out-of-133
PA14_15445,merE	605.35449884	1.1459389226e-133	8809.0	2255.0
PA14_15450,merD	526.242503066	1.85531689001e-116	8784.0	2356.0
PA14_15430,tnpR	491.558016747	6.52839627776e-109	9082.0	2514.0
PA14_15475,merT	450.420170622	5.84352520817e-100	12309.0	3774.0
PA14_15420	450.363588805	6.01158050433e-100	8849.0	2494.0
PA14_31260	415.549165001	2.27109499006e-92	6777.0	1804.0
PA14_22080	414.215112421	4.43216629818e-92	5125.0	1233.0
PA14_22230	412.538688903	1.02688830219e-91	4417.0	998.0
PA14_22270	408.688276125	7.07385527935e-91	5969.0	1530.0
PA14_15435	407.226381928	1.47189500029e-90	9302.0	2731.0
PA14_15470,merP	397.034580455	2.43486644319e-88	10270.0	3109.0
PA14_22190	377.872554547	3.61528822922e-84	4826.0	1176.0
PA14_22220	377.228365261	4.99338922867e-84	4341.0	1013.0
PA14_46610	372.061722802	6.65727460671e-83	4951.0	1226.0
PA14_22240	368.09260848	4.86962169822e-82	3806.0	846.0
PA14_22100	363.365278017	5.20971160503e-81	3975.0	907.0
PA14_31190	331.049632384	5.67776100015e-74	10351.0	3268.0
PA14_15480,merR	324.47633399	1.53419152675e-72	12747.0	4206.0
PA14_22180	324.100449081	1.85247398893e-72	3388.0	757.0
PA14_22250	323.012110942	3.19747906289e-72	3668.0	851.0
PA14_15460,merA	318.121758816	3.71557937002e-71	12955.0	4302.0
PA14_31160	309.882767641	2.31613029569e-69	9964.0	3164.0
PA14_22210	305.707455548	1.88082049631e-68	4067.0	1007.0
PA14_15410	303.832039918	4.81854900965e-68	9055.0	2830.0
PA14_22260	301.295027389	1.72040427233e-67	3350.0	770.0
PA14_22140	292.926821436	1.14508903942e-65	3871.0	956.0
PA14_22120	288.819759503	8.98921595616e-65	4458.0	1165.0
PA14_22130	286.795947315	2.48143876041e-64	3243.0	751.0
PA14_22090	285.080496682	5.86817056331e-64	4372.0	1140.0
PA14_48900	271.25550049	6.04339111312e-61	2352.0	1781.0
PA14_46570	265.763868469	9.51003834001e-60	6170.0	1819.0
PA14_14560	255.965402534	1.30013382367e-57	1433.0	1204.0
PA14_22110	247.121830503	1.10133858823e-55	3775.0	983.0
PA14_49510,pyoS3I	244.552165594	4.00099675569e-55	6866.0	2118.0
PA14_46580	238.80092872	7.18057558816e-54	4464.0	1240.0
PA14_22160	228.713880577	1.13717455171e-51	2904.0	706.0
PA14_48920	221.826807073	3.61341383287e-50	3488.0	2350.0
PA14_31180	220.220022391	8.09825045406e-50	10594.0	3617.0
PA14_28820	217.408973761	3.32328350161e-49	4901.0	1434.0
PA14_46620	208.767003707	2.55196277237e-47	6078.0	1890.0
PA14_48940,coaB	207.627474953	4.52373572027e-47	6116.0	3740.0
PA14_46070,gbuA	201.411589618	1.02753524892e-45	19656.0	7351.0
PA14_46590	198.169271654	5.24018685706e-45	5164.0	1566.0
PA14_07300	197.644213221	6.82232160798e-45	7505.0	4442.0
PA14_30850,trbI	197.496687999	7.34729411718e-45	13296.0	4763.0
PA14_09450,phzD1	195.429772569	2.07593746486e-44	10763.0	6109.0
PA14_39925,phzD2	191.220601504	1.7214898885e-43	10493.0	5958.0
PA14_46600	191.187046355	1.75076801432e-43	5201.0	1593.0
PA14_10830	188.291081792	7.50515428239e-43	11563.0	4092.0
PA14_28810	186.000127581	2.37391183685e-42	7029.0	2303.0
PA14_32850	184.602033584	4.79377886075e-42	4176.0	2652.0
PA14_55090	176.859665314	2.35025776082e-40	1741.0	1283.0
PA1781.1,P11	176.234658635	3.21806074832e-40	4582.0	2851.0
PA14_18960	175.802705747	3.99869803773e-40	9466.0	3288.0
PA14_46560	172.385485573	2.22932481918e-39	2799.0	744.0
PA14_09480,phzA1	172.10694168	2.56451698489e-39	11886.0	6597.0
PA14_30940,trbB	165.970251032	5.61518973047e-38	10436.0	3705.0
PA14_30860,trbG	165.794357737	6.13460684743e-38	10658.0	3795.0
PA14_48950	162.635837138	3.00454095156e-37	6555.0	3852.0
PA14_59630	162.172618244	3.79294714223e-37	5816.0	1887.0
PA14_02370	162.013934	4.10813466367e-37	13657.0	7445.0
PA14_39970,phzA2	160.686800709	8.00926387604e-37	10614.0	5916.0
PA14_10840	159.07817283	1.79911945481e-36	10352.0	3692.0
PA14_39220	156.132205328	7.92095989837e-36	5996.0	3544.0
PA14_59600	155.063984022	1.35584900944e-35	3352.0	970.0
PA14_09460,phzC1	150.502254848	1.34641815549e-34	12069.0	6608.0
PA14_42520,pcr3	150.358363286	1.44754025321e-34	10262.0	5702.0
PA14_04710	149.710681113	2.00538771028e-34	7664.0	2642.0
PA14_03380	148.4440293	3.79375569378e-34	4915.0	1570.0
PA14_35740,tpnA	148.298260345	4.08256626036e-34	12011.0	4401.0
PA14_08250	148.233997739	4.21677645697e-34	8245.0	4675.0
PA14_48910	148.171453186	4.35163437885e-34	6240.0	3648.0
PA14_28830	147.484267625	6.14991415266e-34	3874.0	1177.0
PA14_40100	146.334229986	1.09717030893e-33	13646.0	5079.0
PA14_08200	145.761114352	1.4640818602e-33	9296.0	5199.0
PA14_33350	143.499453992	4.57118680223e-33	6768.0	3906.0
PA14_40310	142.996001388	5.88986294722e-33	11280.0	6185.0
PA14_59610	142.638878252	7.0500002345e-33	5421.0	1778.0
PA14_48970	140.707599622	1.8641495496e-32	4857.0	2909.0
PA14_30900,trbJ	140.596214646	1.97168390353e-32	10174.0	3678.0
PA14_40110	138.453338197	5.80023938224e-32	12329.0	4566.0
PA14_37745	135.942183803	2.05425722362e-31	11339.0	6187.0
PA14_36330,hcnA	132.668105902	1.06863552106e-30	12676.0	6838.0
PA14_35830,tnpT	132.541640097	1.13892568932e-30	10971.0	4030.0
PA14_59780,rcsC	132.196954487	1.35487779623e-30	1734.0	427.0
PA14_39945,phzC2	132.174346828	1.37039546628e-30	12432.0	6715.0
PA14_08280	129.878572399	4.35628062874e-30	10260.0	5625.0
PA14_63770	129.747510924	4.65362589856e-30	5900.0	3419.0
PA14_33310	126.024069703	3.0377636894e-29	8424.0	4690.0
PA14_08140,XR2	123.674172921	9.92777283783e-29	11961.0	4469.0
PA14_30960,traG	122.951990721	1.42864258688e-28	10435.0	3844.0
PA14_48540	120.876647368	4.06646423234e-28	11670.0	6290.0
PA14_59770,rcsB	119.944198101	6.50654571214e-28	1146.0	245.0
PA14_09470,phzB1	119.499747664	8.14057090632e-28	12248.0	6570.0
PA14_33300	117.619446376	2.10060908199e-27	7283.0	4085.0
PA14_21010	117.586258164	2.1360540969e-27	12577.0	6724.0
PA14_05775	117.410360504	2.33414430393e-27	6986.0	3934.0
PA14_42490,pcrR	115.623830198	5.74569434303e-27	11685.0	6275.0
PA14_28790	113.490392466	1.68495789332e-26	2418.0	697.0
PA14_07480	112.976306681	2.18368773136e-26	11883.0	4478.0
PA14_42530,pcr2	111.963077402	3.64026847156e-26	10194.0	5521.0
PA14_48990	111.761727798	4.02939729151e-26	3186.0	1957.0
PA14_49000	111.17487065	5.4174896356e-26	1263.0	904.0
PA14_60100,dtd	111.127837735	5.54755297082e-26	3087.0	950.0
PA14_35820,tnpS	110.81118413	6.50834929809e-26	11580.0	4361.0
PA14_36000,prpR	110.629995271	7.13123450575e-26	17860.0	6990.0
PA14_10130	108.59014933	1.99564036796e-25	15226.0	7981.0
PA14_46100	108.410947578	2.18447845519e-25	18733.0	7370.0
PA14_48960	108.330263892	2.27523793826e-25	3232.0	1973.0
PA14_40520	107.265792774	3.89296060682e-25	5709.0	3252.0
PA14_33330	105.738675438	8.4129268348e-25	7609.0	4207.0
PA14_08260	105.346706668	1.02530693643e-24	9713.0	5255.0
PA14_33320	105.216307771	1.09504943822e-24	8014.0	4408.0
PA14_12180	104.316501535	1.72446814135e-24	8373.0	4584.0
PA14_03330	104.192541208	1.83580386166e-24	4694.0	2723.0
PA14_31280	102.595203563	4.11127535235e-24	10785.0	4064.0
PA14_39880,phzG2	102.384995571	4.57151054352e-24	12185.0	6462.0
PA14_20960	102.186014076	5.05455066415e-24	12521.0	6626.0
PA14_08130,gpU	101.888130043	5.87474914273e-24	14911.0	5790.0
PA14_19100,rhlA	101.738961123	6.33421979662e-24	12717.0	6720.0
PA14_09420,phzF1	101.654132549	6.61136526097e-24	12359.0	6544.0
PA14_48230	101.164304089	8.46613493288e-24	3169.0	1922.0
PA14_28770	100.812474653	1.01117470854e-23	3306.0	1054.0
PA14_28840	100.522751003	1.17044767685e-23	6831.0	2450.0
PA14_18970,pldA	100.473341365	1.20001287189e-23	11857.0	4518.0
PA14_39890,phzF2	100.397079427	1.24711851228e-23	12418.0	6567.0
PA14_69540	100.118404029	1.43553379114e-23	3763.0	2230.0
PA14_42630,pscS	99.1731978586	2.31357041899e-23	13022.0	6857.0
PA14_09410,phzG1	99.0586611376	2.4513208667e-23	12778.0	6737.0
PA14_59790,pvrR	98.7849923736	2.81459393125e-23	1115.0	258.0
PA14_36560	98.5957529218	3.09682677531e-23	15197.0	5926.0
PA14_39960,phzB2	97.9645406647	4.25942060375e-23	12983.0	6832.0
PA14_36620	97.1993001354	6.26888126014e-23	14870.0	5795.0
PA14_31170	97.0582097548	6.73188483132e-23	6878.0	2480.0
PA14_20600	96.8200379806	7.59238208988e-23	9498.0	3554.0
PA14_71120	96.3307064346	9.72105980016e-23	7812.0	4273.0
PA14_08000	95.3318837141	1.60999139028e-22	15157.0	5925.0
PA14_51520,spcU	95.3254406623	1.61523987758e-22	9259.0	3461.0
PA14_08090,gpFII	95.0531863674	1.8533820632e-22	15604.0	6115.0
PA14_53670	94.6092888012	2.3192744908e-22	9857.0	3711.0
PA14_24870	94.566116109	2.37041344662e-22	4579.0	2635.0
PA14_30870,trbF	94.4545679534	2.50782722399e-22	9062.0	3383.0
PA14_30930,trbC	93.6861714255	3.6973510359e-22	7097.0	2580.0
PA14_28800	93.2502779226	4.60824798755e-22	2985.0	947.0
PA14_21000	93.2013329638	4.72362906689e-22	12927.0	6781.0
PA14_33340	93.0846835363	5.01039871948e-22	8157.0	4432.0
PA14_39630	91.9187608107	9.03087873315e-22	6429.0	3564.0
PA14_46080	91.6439279093	1.03763830601e-21	17765.0	7048.0
PA14_08030	91.5889688691	1.0668608118e-21	16725.0	6607.0
PA14_14540	90.0602824647	2.31012961168e-21	4278.0	2467.0
PA14_06170,fiuR	89.4091470214	3.21048747838e-21	17428.0	6917.0
PA14_19110,rhlB	89.1486004928	3.66242036587e-21	13665.0	7120.0
PA14_51880,oprD	88.8363499626	4.28862635135e-21	22020.0	11152.0
PA14_23370,orfK	87.6525104705	7.80254520093e-21	4070.0	2353.0
PA14_08070,gpFI	87.344606134	9.11684267023e-21	17653.0	7024.0
PA4704-PA4705,prrH	86.3203986282	1.53021960175e-20	9950.0	3783.0
PA14_26340	85.6343619729	2.16480742704e-20	9255.0	4944.0
PA14_20920	84.8427746234	3.23059205758e-20	13671.0	7100.0
PA14_48930	84.397189828	4.04722653728e-20	4628.0	2628.0
PA14_39910,phzE2	84.1316514976	4.62900193121e-20	13541.0	7033.0
PA14_37040,cupA2	83.8979835893	5.20976411238e-20	9667.0	5139.0
PA14_59170	83.8282578979	5.39678694301e-20	671.0	130.0
PA14_20980	83.1165561928	7.73550852337e-20	13472.0	6994.0
PA14_59620	82.9087762793	8.59288208732e-20	5169.0	1833.0
PA14_59590	82.6321719821	9.8835239808e-20	2453.0	766.0
PA14_08010,gpV	82.5881478469	1.0106123823e-19	15980.0	6339.0
PA14_42360,pscB	82.3004520812	1.16895381427e-19	12457.0	6496.0
PA14_30910,trbE	82.0330042759	1.33833077743e-19	11506.0	4452.0
PA14_69520	81.8053533222	1.50171245118e-19	6767.0	3695.0
PA14_42550,popN	81.6873016126	1.59414466796e-19	13385.0	6944.0
PA14_35970	80.7257240307	2.59324292755e-19	12635.0	4933.0
PA14_69510	79.8939727756	3.95049802657e-19	6301.0	3455.0
PA14_08100	79.5545146315	4.69101672093e-19	14773.0	5843.0
PA14_13200	79.1142990615	5.86185240259e-19	8131.0	3057.0
PA14_35990	78.6433418542	7.43990662257e-19	11040.0	4272.0
PA14_08240	78.3599057921	8.58776321318e-19	11485.0	6002.0
PA14_30890	77.9778407972	1.04202995896e-18	2049.0	1273.0
PA14_30880,trbL	77.7140759644	1.19089638814e-18	8026.0	3019.0
PA14_01220	77.5626856609	1.28576359324e-18	1152.0	784.0
PA14_20900	77.3394783781	1.43959577809e-18	13938.0	7188.0
PA14_49020	77.1390520111	1.59335424238e-18	9950.0	5246.0
PA14_08040,gpI	74.9442682543	4.84190807887e-18	16469.0	6590.0
PA14_27990	74.8445907679	5.09264011363e-18	9932.0	5226.0
PA14_08150,gpD	74.7711680767	5.28560004095e-18	16401.0	6562.0
PA14_51430,pqsA	74.2428498924	6.90745549039e-18	17484.0	8879.0
PA14_22550	73.8925207895	8.24882598072e-18	8800.0	3356.0
PA14_08110	73.3724728867	1.0735287775e-17	14273.0	5664.0
PA14_42600,pscP	73.3679153668	1.07601044551e-17	14333.0	7356.0
PA14_48550	72.2465316825	1.89924202456e-17	9856.0	5176.0
PA14_54850	72.0642421437	2.0830434238e-17	4604.0	1638.0
PA14_15590	71.852320959	2.31920577307e-17	3962.0	1381.0
PA14_42000	71.3360706525	3.01277331259e-17	6216.0	3379.0
PA14_13370	71.3185121742	3.03970390929e-17	14149.0	7255.0
PA14_22500	71.222735427	3.19089919031e-17	6160.0	2274.0
PA14_51530,exoU	71.1642386515	3.28692069357e-17	9602.0	3703.0
PA14_39250	70.9048704808	3.74871376573e-17	8070.0	4294.0
PA14_28110	70.807574487	3.93822146934e-17	12113.0	6267.0
PA14_09880	70.732081732	4.09184045034e-17	6979.0	3755.0
PA14_28300	70.6816366977	4.19781709461e-17	8005.0	4261.0
PA14_09440,phzE1	70.6349974604	4.29823967614e-17	14058.0	7207.0
PA14_08120	70.1011880851	5.63390264409e-17	16594.0	6672.0
PA14_38190	69.9535178509	6.0718523203e-17	14715.0	5871.0
PA14_19720	69.0979260742	9.36938323884e-17	8937.0	4711.0
PA14_60060	68.483616873	1.2793608117e-16	1002.0	257.0
PA14_20950,fabH2	68.1575218625	1.50942588056e-16	15208.0	7746.0
PA14_31130	68.0271557925	1.61259297459e-16	5515.0	2021.0
PA14_37850,yejE	67.9857266684	1.64683328638e-16	9976.0	5213.0
PA14_42610,pscQ	67.9647692879	1.66443018611e-16	14305.0	7310.0
PA14_40060	67.8136703455	1.79699268962e-16	8523.0	4502.0
PA14_12170	67.6937689597	1.90966090299e-16	5170.0	2843.0
PA14_39520	67.5566764482	2.04716844093e-16	16691.0	6729.0
PA14_09400,phzS	67.4180674178	2.19627037035e-16	14258.0	7284.0
PA14_42580,pscO	67.2434613923	2.39965348717e-16	12270.0	6323.0
PA14_15380,repA	66.5886772703	3.34501994564e-16	1748.0	531.0
PA14_06420	66.2397170549	3.99285366781e-16	12005.0	6189.0
PA14_46120,ilvG	65.2734855928	6.51926029573e-16	17947.0	7282.0
PA14_22540,wrbA	65.1083058537	7.0892637982e-16	6072.0	2260.0
PA14_60320,pilE	64.9351035948	7.74057812772e-16	4401.0	2447.0
PA14_39540	64.5461655479	9.42968679205e-16	15138.0	6083.0
PA14_34170	64.3076048089	1.06434129635e-15	13036.0	5188.0
PA14_49720	63.4835709622	1.61709892328e-15	6808.0	3639.0
PA14_08230	63.3310323591	1.74729810018e-15	9948.0	5175.0
PA14_30950	63.2407285695	1.82926648515e-15	7936.0	3041.0
PA14_08020,gpW	62.6791865124	2.43272996132e-15	14185.0	5687.0
PA14_03390	62.5580592068	2.58704481201e-15	2912.0	989.0
PA14_37980	62.5481743393	2.60006208993e-15	9336.0	4873.0
PA14_36780	62.2387349056	3.04244361927e-15	15701.0	6338.0
PA14_47940	62.165635216	3.15750110542e-15	8152.0	4293.0
PA14_42640,pscT	61.9316599748	3.55586226061e-15	14317.0	7278.0
PA14_07460	61.7210647118	3.95724166153e-15	17390.0	7066.0
PA14_15580	61.6455588198	4.11193540597e-15	4141.0	1483.0
PA14_53630	60.9728455063	5.78675020714e-15	7427.0	3932.0
PA14_13220	60.9728025137	5.7868765803e-15	7352.0	2807.0
PA14_20970,cyp23	60.7383711988	6.51870563276e-15	15158.0	7674.0
PA14_06430	60.6147856174	6.94106989555e-15	13166.0	6716.0
PA14_42540,pcr1	60.5175255566	7.29263054581e-15	11484.0	5904.0
PA14_08060	60.5085039763	7.32612974861e-15	16156.0	6544.0
PA14_21020	60.3240864648	8.04568215099e-15	16642.0	8382.0
PA14_09490,phzM	60.1807449756	8.65346021475e-15	14378.0	7296.0
PA14_22510	59.7616780563	1.07067972451e-14	6284.0	2368.0
PA14_48890	59.6285232955	1.14562667585e-14	9421.0	4899.0
PA14_36900	59.6124609343	1.15501520406e-14	11128.0	4403.0
PA14_16100	59.5407385089	1.19788555063e-14	15279.0	7724.0
PA14_52250,pirR	59.3285888889	1.33424015052e-14	17827.0	7270.0
PA14_35770	59.3074904398	1.34862219527e-14	10978.0	4341.0
PA14_42620,pscR	58.9441046975	1.62215130629e-14	15085.0	7627.0
PA14_10890	58.8692951698	1.68501262201e-14	8704.0	4546.0
PA14_23350,orfA	58.8040981293	1.74178111467e-14	3692.0	2068.0
PA14_08270	58.3466761961	2.19767631645e-14	11322.0	5813.0
PA14_51420,pqsB	58.2569537599	2.3002248654e-14	14813.0	7492.0
PA14_22530	58.1069585266	2.4824664486e-14	6711.0	2552.0
PA14_51410,pqsC	58.0957558695	2.49664360558e-14	16154.0	8133.0
PA14_56670	58.0638954531	2.53740788013e-14	17354.0	7075.0
PA14_53640	57.3485766584	3.6502738391e-14	6044.0	3235.0
PA14_14550	57.0660935091	4.2140875822e-14	5468.0	2949.0
PA14_48640	57.0281732457	4.29613097663e-14	8921.0	4642.0
PA14_63460	57.0240168925	4.30522019556e-14	12093.0	6177.0
PA14_35980	56.8214324066	4.77236674558e-14	10237.0	4040.0
PA14_37760	56.3888484114	5.9466677083e-14	13686.0	6939.0
PA14_37780	56.0955642704	6.90326863388e-14	12589.0	6410.0
PA14_46110	55.8865743944	7.67750671238e-14	17839.0	7299.0
PA14_48560	55.7494051684	8.23231817952e-14	15235.0	7677.0
PA14_37770	55.4614498131	9.53099285808e-14	12003.0	6124.0
PA14_29750	55.2276328799	1.07348935035e-13	12452.0	4991.0
PA14_62680	54.5213978712	1.53764399519e-13	18500.0	7594.0
PA14_26580	54.3675434121	1.6628680613e-13	6604.0	3497.0
PA14_08050	54.3022465646	1.71905176281e-13	17762.0	7277.0
PA14_23360,wzz	54.1465579461	1.86079554179e-13	5479.0	2942.0
PA14_32720	54.0160655058	1.98857002734e-13	16644.0	6797.0
PA14_63740	53.5913860833	2.4683932267e-13	7081.0	3727.0
PA14_42510,pcr4	53.499668111	2.58636522975e-13	9798.0	5048.0
PA14_42660,pscU	53.3041898025	2.85696544577e-13	16471.0	8250.0
PA14_48620	52.9551805885	3.41246793319e-13	10794.0	5526.0
PA14_11020,fabG	52.5759957863	4.13917486324e-13	9404.0	4852.0
PA14_35750,tpnC	52.5332064873	4.23034693764e-13	7063.0	2723.0
PA14_48610	52.527136955	4.24344114462e-13	12720.0	6450.0
PA14_53890	52.0901544994	5.30100522902e-13	16121.0	6585.0
PA14_60070	52.0740127178	5.34476125029e-13	2784.0	966.0
PA14_19130,rhlI	52.0436148105	5.42814533904e-13	15384.0	7722.0
PA14_55430,hxcS	52.0146142751	5.50890940009e-13	8213.0	4271.0
PA14_30980	51.9784054542	5.61143796095e-13	2022.0	666.0
PA14_36850	51.9571325811	5.67256222544e-13	15831.0	6461.0
PA14_39730	51.8867997337	5.87943544327e-13	9251.0	4774.0
PA14_30970,bphR	51.8552447083	5.97468687668e-13	10781.0	4298.0
PA14_31070	51.591133658	6.83495580241e-13	9594.0	3795.0
PA14_35920	51.3506092591	7.72580227573e-13	14799.0	6021.0
PA14_10790,ampC	51.1814359801	8.42112483006e-13	14808.0	6026.0
PA14_55460,hxcZ	50.8111379879	1.01694986724e-12	7183.0	3763.0
PA14_06180,fiuI	50.6934031813	1.07981892088e-12	14726.0	5994.0
PA14_13910	50.4641872008	1.21359307911e-12	4473.0	2428.0
PA14_72370	49.9189485433	1.60229798804e-12	19384.0	8011.0
PA14_35940	49.870135015	1.64266000734e-12	12533.0	5058.0
PA14_53620	49.6489132645	1.83871907858e-12	9859.0	5055.0
PA14_37340	49.5052162314	1.97844980886e-12	17274.0	7101.0
PA14_35880	49.4522428482	2.03260026569e-12	13611.0	5523.0
PA14_36580,glgB	49.3573889264	2.13329428005e-12	16841.0	6915.0
PA14_48600	49.284283863	2.21429408074e-12	15072.0	7553.0
PA14_34870,CHiC	49.0826643186	2.45399460423e-12	12795.0	6463.0
PA14_39530	49.0786811742	2.45898285486e-12	15244.0	6228.0
PA14_68930	48.9412973987	2.63738835096e-12	17427.0	8672.0
PA14_33580	48.9334797054	2.64792129277e-12	14552.0	5931.0
PA14_42570,pscN	48.8892469911	2.7083148198e-12	15185.0	7604.0
PA14_49750	48.7052691099	2.97466169079e-12	14289.0	7175.0
PA14_51390,pqsD	48.665572787	3.03548408025e-12	15694.0	7845.0
PA14_60080	48.5963624373	3.14451929922e-12	1583.0	504.0
PA14_34640,gntK	48.4788590727	3.3386874641e-12	15566.0	6371.0
PA14_36590,malQ	48.3289371483	3.60394524215e-12	15327.0	6269.0
PA14_10900,ydjL	48.2574269428	3.73779822829e-12	9108.0	4684.0
PA14_48530	48.101155438	4.04787890547e-12	13689.0	6884.0
PA14_23380,orfH	47.9067048836	4.46990397751e-12	4172.0	2268.0
PA14_14400	47.4989598403	5.50331385774e-12	4117.0	2239.0
PA14_13870	47.4953244583	5.51352920352e-12	6302.0	3316.0
PA14_20940	47.4175012226	5.73682028208e-12	14451.0	7243.0
PA14_07470	47.3441045989	5.95569708961e-12	9295.0	4769.0
PA14_55580,nemO	47.1738513488	6.49613211144e-12	14596.0	5962.0
PA14_15620	47.1693309303	6.51113129677e-12	5695.0	3017.0
PA14_53580	47.1651193766	6.52513682616e-12	2077.0	1208.0
PA14_13880	46.9500854489	7.28178146805e-12	3277.0	1817.0
PA14_70940,betA	46.9477286061	7.29054344956e-12	20054.0	9902.0
PA14_49010	46.7500199117	8.0644117836e-12	1565.0	941.0
PA14_35950	46.6585280203	8.44984546938e-12	11975.0	4839.0
PA14_22600,grtA	46.4282067094	9.50375196349e-12	11120.0	5642.0
PA14_35790	46.3789546916	9.74566556626e-12	12768.0	5181.0
PA14_63720	46.2955482717	1.01694753431e-11	8222.0	4244.0
PA14_42960	46.1346439478	1.10398927968e-11	14236.0	7131.0
PA14_35710	46.0255085128	1.16723252303e-11	2216.0	1276.0
PA14_59800	45.9440367718	1.21679750045e-11	1173.0	354.0
PA14_31150	45.5022658558	1.52462353057e-11	7850.0	3088.0
PA14_42300,pscG	45.3556946017	1.64309567853e-11	13458.0	6754.0
PA14_68940	45.2528439536	1.73168889975e-11	16544.0	8223.0
PA14_40330	45.2527617195	1.73176161378e-11	11184.0	5665.0
PA14_00230,smf	45.1991944745	1.77978276902e-11	11750.0	5936.0
PA14_40290,lasA	45.1821479457	1.79534218995e-11	15084.0	7528.0
PA14_48200	45.1574104292	1.81816410843e-11	10879.0	4379.0
PA14_49520,pyoS3A	45.0695620009	1.90158182876e-11	14979.0	6142.0
PA14_32985,gcvH2	45.058945767	1.91191864001e-11	18887.0	7834.0
PA14_29330	44.4200145517	2.64964355973e-11	7371.0	2891.0
PA14_34610	44.3688803115	2.71976295337e-11	12167.0	4936.0
PA14_60090	44.3505560196	2.74534021584e-11	662.0	171.0
PA14_35160	44.2480682592	2.89289724567e-11	14574.0	7278.0
PA14_36820	44.1781518716	2.99808902426e-11	14000.0	5726.0
PA14_39260	44.0824035592	3.14838530433e-11	9506.0	4851.0
PA14_35760	43.9605464113	3.350620749e-11	10703.0	4311.0
PA14_54110	43.940354928	3.38536471994e-11	9431.0	4814.0
PA14_72360	43.7263950338	3.77644002833e-11	20711.0	8638.0
PA14_13210	43.5829270889	4.06368864928e-11	4179.0	1560.0
PA14_33260,pvdS	43.4692219947	4.30680239151e-11	11825.0	4795.0
PA14_52960	43.3636274208	4.54559487228e-11	11417.0	5764.0
PA14_20470	43.2850039437	4.73196235562e-11	16694.0	6897.0
PA14_35800	43.1366210592	5.10477730174e-11	11235.0	4544.0
PA14_42290,psCH	43.0829119416	5.24685210741e-11	15421.0	7672.0
PA14_49610	43.0146030325	5.43327975265e-11	10773.0	5453.0
PA14_36650	42.8107611914	6.02995369377e-11	14068.0	5765.0
PA14_13390	42.788367819	6.09937694129e-11	13053.0	6542.0
PA14_48570	42.4600422784	7.21410593551e-11	14771.0	7358.0
PA14_31110	42.381361632	7.51023432403e-11	6489.0	2529.0
PA14_67190	42.2719368082	7.94241037572e-11	17407.0	8608.0
PA14_10870	42.2659985399	7.96656328895e-11	11625.0	5856.0
PA14_64260	42.2523560252	8.02233078021e-11	7811.0	4022.0
PA14_36530	41.910585286	9.55440051861e-11	13680.0	5604.0
PA14_53680	41.269769292	1.32603911066e-10	8967.0	4574.0
PA14_28370	41.1147888463	1.43546080454e-10	5440.0	2863.0
PA14_28020	41.0529180697	1.48162792769e-10	12342.0	6190.0
PA14_51380,pqsE	41.0016517296	1.52100620942e-10	15751.0	7812.0
PA14_61510	40.6893642774	1.78455836063e-10	10186.0	5156.0
PA14_35860	40.4558290728	2.01111557945e-10	12485.0	5099.0
PA14_28600	40.4319835622	2.03581064471e-10	20890.0	8745.0
PA14_37000,cupA5	40.2678552003	2.21422377859e-10	10073.0	5099.0
PA14_48380	40.1618981186	2.3376338433e-10	8676.0	4427.0
PA14_48630	39.6161370227	3.09118460276e-10	14326.0	7124.0
PA14_53250,cpbD	39.5967522903	3.12202063948e-10	16632.0	8218.0
PA14_53650	39.4672017658	3.3361593305e-10	10907.0	5493.0
PA14_55440,hxcR	39.2431319971	3.74182255285e-10	11494.0	5772.0
PA14_07450	39.229208616	3.7686010542e-10	18614.0	7764.0
PA14_48210	39.1572322385	3.91012162588e-10	9898.0	3996.0
PA14_20610,lecB	39.1466195781	3.93143369491e-10	12726.0	6359.0
PA14_15630	38.9708627613	4.3017837461e-10	6279.0	3261.0
PA14_00640,phzH	38.9346498424	4.38232663277e-10	15083.0	7478.0
PA14_63440	38.8284825233	4.62726562961e-10	4691.0	2485.0
PA14_54970	38.6578194579	5.05005359242e-10	1986.0	685.0
PA14_42480,pcrG	38.6006419735	5.20018162558e-10	13613.0	6777.0
PA14_12910	38.5877687304	5.2345938357e-10	9275.0	4705.0
PA14_49760,rhlC	38.0477206178	6.90353143141e-10	15419.0	7630.0
PA14_48590	37.9222018338	7.3622629596e-10	15590.0	7710.0
PA14_52820,dctQ	37.8813325802	7.51811799433e-10	9466.0	4792.0
PA14_20150,nosL	37.8005197691	7.83608924476e-10	18264.0	7624.0
PA14_10330,ompK	37.7563073588	8.01571286973e-10	14248.0	7072.0
PA14_22520	37.7112971612	8.20281309875e-10	6484.0	2550.0
PA14_41510,nasA	37.5715537992	8.81202692988e-10	8398.0	4277.0
PA14_59560	37.4815675135	9.228097084e-10	2462.0	1373.0
PA14_34630,gnuT	37.2205279393	1.05497379244e-09	15624.0	6481.0
PA14_34660,gntR	37.1481011103	1.09489313682e-09	21036.0	8839.0
PA14_32650	37.1346522517	1.10247053114e-09	10061.0	5072.0
PA14_18680,bfd	37.1277499865	1.10637979115e-09	15871.0	6589.0
PA14_39750	37.0840537976	1.13145225615e-09	10068.0	5075.0
PA14_09540,mexG	36.8774909518	1.25789836417e-09	14613.0	7238.0
PA14_36920	36.8439842703	1.27970342821e-09	14815.0	6133.0
PA14_33000,gcvP2	36.8406101018	1.28192009467e-09	22772.0	9601.0
PA14_26160	36.8367153395	1.28448354669e-09	12091.0	6039.0
PA14_36570,glgA	36.7066512048	1.37310159019e-09	16804.0	6998.0
PA14_36660	36.5671466805	1.47496788822e-09	15287.0	6340.0
PA14_38395	36.3882163172	1.61677750937e-09	18286.0	7646.0
PA14_43020	36.2924125577	1.69823727621e-09	15611.0	7706.0
PA14_51360,phnA	35.9589541064	2.01518176586e-09	18016.0	8840.0
PA14_35570,pslN	35.6736947832	2.33292977789e-09	16462.0	6858.0
PA14_39720	35.4204686278	2.65680146994e-09	11016.0	5516.0
PA14_35840	35.0999374142	3.13210862182e-09	7881.0	3158.0
PA14_64680,ureJ	35.0141491732	3.27318205432e-09	14929.0	7372.0
PA14_42410	34.9750427228	3.33958469404e-09	15555.0	7668.0
PA14_64490	34.8678935113	3.52851750524e-09	20039.0	8425.0
PA14_54030	34.7842667718	3.68338106898e-09	9301.0	4692.0
PA14_70870,5S-rRNA	34.6441622741	3.95823800471e-09	9857.0	4957.0
PA14_31370,tam	34.5641746934	4.12427290874e-09	12743.0	5253.0
PA14_51660	34.5568144678	4.13989702408e-09	14304.0	7072.0
PA14_15530,trbK	34.4512116043	4.37070628146e-09	839.0	527.0
PA14_61330,mgtC	34.37428326	4.54691687527e-09	10506.0	5265.0
PA14_30990	34.3338597501	4.64234381067e-09	1778.0	614.0
PA14_02070	34.2995441229	4.72492435539e-09	11065.0	5531.0
PA14_16250,lasB	34.2380598456	4.87658294704e-09	16161.0	7948.0
PA14_42470,pcrV	34.2230607942	4.91431376371e-09	16809.0	8254.0
PA14_13380	34.118957084	5.18437303004e-09	13989.0	6919.0
PA14_32750	34.0461121505	5.38213400485e-09	12006.0	5977.0
PA14_42310,pscF	34.0254097492	5.43970364697e-09	16923.0	8306.0
PA14_44530,ygdE	34.0234683773	5.44513377739e-09	8477.0	4292.0
PA14_01130	33.998549408	5.51531753595e-09	8240.0	3318.0
PA14_36990	33.9718483963	5.59152616057e-09	9754.0	4903.0
PA14_48340	33.954519588	5.64154853562e-09	13452.0	6663.0
PA14_13920	33.8855304137	5.84518049784e-09	3170.0	1713.0
PA14_08610,5S-rRNA	33.75051916	6.26523214433e-09	10174.0	5102.0
PA14_19650	33.6016518468	6.76352657317e-09	11011.0	5500.0
PA14_51560	33.5766753354	6.85093454577e-09	4260.0	1634.0
PA14_03190	33.519492235	7.05533684951e-09	19847.0	8354.0
PA14_36010	33.285208435	7.95856904857e-09	12882.0	5323.0
PA14_61850,iutA	33.2581621866	8.07003148923e-09	22988.0	9732.0
PA14_39670	33.1896603825	8.35938488968e-09	7036.0	3594.0
PA14_41290	33.0414964098	9.02127455796e-09	11593.0	4767.0
PA14_36910,ligD	32.996821662	9.2309654124e-09	15713.0	6555.0
PA14_08220	32.8335058393	1.0039933975e-08	11370.0	5665.0
PA14_60280,fimU	32.7357665977	1.05576558537e-08	13328.0	6594.0
PA14_64280	32.7048146171	1.07271183955e-08	11534.0	5742.0
PA14_33590	32.6481746886	1.10443086357e-08	15876.0	6629.0
PA14_20180,nosF	32.5768322105	1.14572377883e-08	20210.0	8522.0
PA14_21670	32.5265404206	1.17575850789e-08	15660.0	6536.0
PA14_42440,popD	32.478305604	1.20530545059e-08	15651.0	7691.0
PA14_46280	32.4613097041	1.21589278463e-08	15344.0	6399.0
PA14_47030	32.3647014581	1.27786754062e-08	10487.0	5241.0
PA14_62690	32.2714306696	1.3407017357e-08	22148.0	9374.0
PA14_03285	32.2419588034	1.36119257233e-08	4394.0	1696.0
PA14_31340	32.1333787629	1.43942893237e-08	10113.0	5061.0
PA14_64290	32.1038570162	1.46146878228e-08	12403.0	6150.0
PA14_11230	32.0421746935	1.50861559286e-08	8555.0	4316.0
PA14_29660	31.8091314501	1.70091191561e-08	18073.0	7595.0
PA14_71350	31.8045797043	1.7049026871e-08	10540.0	5262.0
PA14_40610	31.6680465832	1.8290698917e-08	9439.0	4736.0
PA14_59750,cupD4	31.5307264087	1.96309200202e-08	719.0	211.0
PA14_62050,5S-rRNA	31.5015718737	1.99278874914e-08	9737.0	4877.0
PA14_71190	31.4765007517	2.01868577129e-08	12357.0	6123.0
PA14_60120,dcd2	31.3788638295	2.12279266085e-08	987.0	312.0
PA14_70980,betT1	31.3722867562	2.12999589443e-08	15912.0	7804.0
PA14_07370	31.3301921563	2.17668144649e-08	17717.0	7444.0
PA2570.1b,tRNA-Leu	31.047777904	2.51754377514e-08	7922.0	4006.0
PA14_42350,pscC	30.9696097277	2.62100449908e-08	16887.0	8260.0
PA14_42400,exsB	30.9104781416	2.70208955972e-08	18313.0	8931.0
PA14_09850,opdN	30.8563070523	2.77857624074e-08	13998.0	6895.0
PA14_31060	30.8030159247	2.8559365839e-08	8943.0	3640.0
PA14_20400,phnK	30.5099125115	3.32164968064e-08	11072.0	5505.0
PA14_59010	30.4541654466	3.41848514268e-08	9789.0	4894.0
PA0976.1,tRNA-Lys	30.4366966013	3.44940755235e-08	7428.0	3765.0
PA14_29290	30.3236564367	3.65639213038e-08	16911.0	8265.0
PA14_42320,pscE	30.2017338554	3.8936122765e-08	15874.0	7775.0
PA14_53880	30.0564324338	4.19654197741e-08	22197.0	9419.0
PA14_33680,fpvA	30.0147892168	4.28763696394e-08	9279.0	3790.0
PA14_35850	29.904955748	4.53751583447e-08	7492.0	3023.0
PA14_10920,dad	29.7703107438	4.86383769897e-08	11274.0	5595.0
PA14_70970,betI	29.7308312038	4.96390395284e-08	20548.0	9969.0
PA14_20350,phnF	29.6413678723	5.19836069366e-08	11430.0	5668.0
PA14_42250,pscL	29.4344693333	5.78396927248e-08	17038.0	8316.0
PA14_35890	29.3927980419	5.90968560436e-08	12299.0	5101.0
PA14_30560	29.3822498949	5.94193974926e-08	13068.0	6442.0
PA14_42260,pscK	29.3578545386	6.01721322186e-08	15113.0	7408.0
PA14_42890,stp1	29.2894531353	6.23340451221e-08	15426.0	7555.0
PA14_02360,atsR	29.2420227614	6.38786718055e-08	13282.0	6542.0
PA14_42500,pcrD	29.0425052021	7.08075095079e-08	16972.0	8281.0
PA14_20460	29.0244718427	7.14697210454e-08	16589.0	6973.0
PA14_39780,hvn	28.9500878944	7.42674430696e-08	12833.0	6327.0
PA14_48880,intT	28.9205116525	7.54101182528e-08	4979.0	2575.0
PA14_63780	28.8718876698	7.73271163128e-08	10464.0	5203.0
PA14_59540	28.8573374739	7.79101935476e-08	13499.0	5627.0
PA14_41490,nasT	28.8183653957	7.94937358876e-08	10768.0	5347.0
PA14_45980,yjaB	28.7426467565	8.26631865684e-08	11218.0	5560.0
PA14_09530,mexH	28.7071824079	8.41909033133e-08	17434.0	8495.0
PA14_36550	28.5492102202	9.13470799306e-08	16510.0	6943.0
PA14_48980	28.4360863265	9.68432506072e-08	4933.0	2550.0
PA14_31290,pa1L	28.3831829557	9.95261254105e-08	12404.0	6119.0
PA14_58600	28.3793322756	9.97242872246e-08	18369.0	7758.0
PA14_37320	28.3410536159	1.01715793447e-07	18343.0	7747.0
PA14_04060	28.3088471924	1.03422222349e-07	12116.0	5982.0
PA14_29650	28.0566487941	1.17815640861e-07	18067.0	7629.0
PA4704.1,prrF1	27.9918278573	1.21828859908e-07	13902.0	5810.0
PA14_36450	27.9524936813	1.24330628335e-07	18092.0	7641.0
