feature	score	p-value	#I-out-of-20	#O-out-of-406
PA14_63220	588.503683244	5.30126491765e-130	1420.0	14874.0
PA14_41290	540.352822606	1.58007150501e-119	1397.0	14963.0
PA14_63110	480.491121682	1.67061663916e-106	1543.0	17643.0
PA14_29750	467.552768242	1.09221256826e-103	1423.0	16020.0
PA14_63120	444.953366835	9.04515954626e-99	1547.0	18087.0
PA14_15510,traJ	349.733764833	4.84301871068e-78	309.0	2120.0
PA14_18340	342.026942067	2.30909863749e-76	1292.0	15447.0
PA14_15650	319.023426273	2.36385667893e-71	916.0	10135.0
PA14_15660	318.511471591	3.05588693726e-71	835.0	8983.0
PA14_18320	307.448281433	7.85428592134e-69	1302.0	16030.0
PA14_15620	294.787192118	4.50297320252e-66	748.0	7964.0
PA14_51520,spcU	284.199748466	9.12897550718e-64	195.0	12525.0
PA14_15630	283.892859931	1.0648661617e-63	796.0	8744.0
PA14_20600	260.13741325	1.60163431255e-58	223.0	12829.0
PA14_22190	255.184035535	1.92450273115e-57	20.0	5982.0
PA14_18330,arnT	250.353160755	2.17494192015e-56	1398.0	18359.0
PA14_03285	246.336498095	1.63357584755e-55	545.0	5545.0
PA14_22230	244.164426402	4.86078590368e-55	11.0	5404.0
PA14_22100	240.492610837	3.07110613055e-54	0.0	4882.0
PA14_59590	239.869996189	4.19809430015e-54	337.0	2882.0
PA14_22080	236.706134082	2.05558584112e-53	39.0	6319.0
PA14_03265	236.613298803	2.15366930432e-53	620.0	6669.0
PA14_22550	233.931650611	8.27839224071e-53	214.0	11942.0
PA14_03250	228.477219003	1.280679401e-51	653.0	7215.0
PA14_28830	227.7279809	1.86570314727e-51	464.0	4587.0
PA14_69540	226.850961261	2.89811496301e-51	528.0	5465.0
PA14_44311	223.779327551	1.35533611498e-50	1437.0	19434.0
PA14_49510,pyoS3I	223.568408205	1.50678239969e-50	122.0	8862.0
PA14_41280	213.400221788	2.48920944059e-48	1582.0	22006.0
PA14_18310	212.81325571	3.34281323745e-48	1440.0	19680.0
PA14_18360,prmF	209.681711823	1.61178648143e-47	1398.0	19050.0
PA14_48450	208.168601596	3.44693566328e-47	268.0	12900.0
PA14_22120	206.599377118	7.58252017284e-47	36.0	5587.0
PA14_51530,exoU	206.533613387	7.83722772022e-47	274.0	13031.0
PA14_53570	206.104371413	9.72341157994e-47	243.0	12127.0
PA14_53670	205.261877411	1.48472125159e-46	990.0	12578.0
PA14_22180	204.187192118	2.54764491879e-46	0.0	4145.0
PA14_22110	198.132729114	5.33729904704e-45	18.0	4740.0
PA14_22130	196.748768473	1.06992128925e-44	0.0	3994.0
PA14_48460	192.657524866	8.36125365284e-44	251.0	12024.0
PA14_40470	191.951120594	1.19248990605e-43	269.0	12520.0
PA14_31370,tam	190.721305364	2.21251994461e-43	453.0	17543.0
PA14_22250	190.300561722	2.73353839321e-43	16.0	4503.0
PA14_22240	189.113808776	4.96329127296e-43	20.0	4632.0
PA14_23350,orfA	188.517934113	6.69638650682e-43	50.0	5710.0
PA14_22220	188.250604861	7.65940934258e-43	39.0	5315.0
PA14_18370,arnB	188.111238581	8.21518667422e-43	1413.0	19704.0
PA14_38180	187.878579414	9.2343149894e-43	810.0	10017.0
PA14_53650	187.619100354	1.05207533886e-42	1141.0	15259.0
PA14_22270	184.879074254	4.1705868926e-42	103.0	7396.0
PA14_22140	184.498460629	5.04997418518e-42	27.0	4800.0
PA14_10830	183.967962013	6.59331967672e-42	376.0	15279.0
PA14_04710	178.435814854	1.06402899066e-40	197.0	10109.0
PA14_48500	177.957385616	1.35337979561e-40	269.0	12162.0
PA14_31350	176.225673198	3.23263261592e-40	390.0	15443.0
PA14_18300	173.355456399	1.36880681248e-39	1466.0	20890.0
PA14_59970	169.81129773	8.13544056e-39	557.0	19654.0
PA14_22090	168.373707254	1.67638905934e-38	55.0	5457.0
PA14_22210	166.143191505	5.14739367934e-38	44.0	5030.0
PA14_10840	165.351480884	7.66531907696e-38	337.0	13707.0
PA14_63130	163.883018691	1.60441593993e-37	1550.0	22517.0
PA14_18350,fmt	163.396838842	2.04892979984e-37	1425.0	20416.0
PA14_63150,pmrA	163.286742855	2.16560248545e-37	1416.0	20267.0
PA14_22260	163.155052848	2.31391807153e-37	20.0	4100.0
PA14_13220	161.5047321	5.30752214954e-37	206.0	9953.0
PA14_13910	159.595393543	1.38691757738e-36	102.0	6799.0
PA14_13920	157.067877395	4.94672572453e-36	44.0	4839.0
PA14_31360	155.033449508	1.37684180123e-35	393.0	14920.0
PA14_28820	154.961985451	1.42725355212e-35	507.0	5828.0
PA14_53660	153.588404707	2.84891494886e-35	1238.0	17490.0
PA14_28790	153.448275862	3.0570587314e-35	0.0	3115.0
PA14_28770	152.874616532	4.08014267563e-35	32.0	4328.0
PA14_22530	151.863249785	6.78756290312e-35	184.0	9079.0
PA14_69510	151.273346754	9.13364271244e-35	715.0	9041.0
PA14_20530	150.556341287	1.31026222094e-34	36.0	4422.0
PA14_51570	150.045375078	1.69450099975e-34	664.0	21740.0
PA14_13880	148.789034622	3.1890026258e-34	55.0	5039.0
PA14_13950	148.00146845	4.74034679903e-34	190.0	9156.0
PA14_48490	144.999923235	2.14772036718e-33	237.0	10409.0
PA14_08250	144.903685583	2.25433120446e-33	896.0	12024.0
PA14_23370,orfK	141.34739763	1.35076172661e-32	100.0	6323.0
PA14_22160	134.661435258	3.9155431873e-31	22.0	3588.0
PA14_13200	133.23520807	8.03104637332e-31	267.0	10921.0
PA14_10980	130.27431505	3.56886866627e-30	387.0	14031.0
PA14_51640	129.296981125	5.83938162009e-30	814.0	24709.0
PA14_15590	127.874744636	1.19554907487e-29	76.0	5267.0
PA14_53630	126.651581199	2.21426438097e-29	787.0	10572.0
PA14_22520	124.276411717	7.3289011144e-29	200.0	8834.0
PA14_48470	123.593633952	1.03390325279e-28	216.0	9261.0
PA14_08200	121.299719421	3.28549927462e-28	961.0	13534.0
PA14_15600	120.189644246	5.74931009934e-28	48.0	4190.0
PA14_59190	119.659129358	7.51209018417e-28	50.0	4245.0
PA14_34170	118.93052741	1.08462493892e-27	1167.0	17057.0
PA14_27990	118.622205901	1.2670253692e-27	428.0	14730.0
PA14_63160,pmrB	117.592867777	2.12894764704e-27	1541.0	23544.0
PA14_22540,wrbA	117.362162143	2.39156145173e-27	182.0	8150.0
PA14_63450	114.386679522	1.07221865982e-26	12.0	2798.0
PA14_10960	114.368707979	1.08198036409e-26	325.0	11932.0
PA14_03180	114.159222666	1.20254119093e-26	729.0	22067.0
PA14_23380,orfH	114.130062188	1.220356226e-26	121.0	6319.0
PA14_18960	111.969545882	3.62841097131e-26	346.0	12408.0
PA14_08110	111.931343239	3.69900486395e-26	1252.0	18685.0
PA14_23360,wzz	111.917461799	3.72499495814e-26	190.0	8231.0
PA14_64430	110.892731832	6.24605798205e-26	473.0	15621.0
PA14_18970,pldA	110.687563314	6.92712405175e-26	484.0	15891.0
PA14_01130	110.110139907	9.26947035151e-26	304.0	11254.0
PA14_03270	109.774488603	1.09797404694e-25	686.0	9226.0
PA14_24360	109.383742161	1.33721851549e-25	268.0	10280.0
PA14_55070	108.972619701	1.64543164808e-25	553.0	17555.0
PA14_59845	108.645743688	1.94044319482e-25	793.0	23403.0
PA14_35720	107.864846859	2.87745958144e-25	36.0	3522.0
PA14_59980	107.459719503	3.53007648288e-25	456.0	15078.0
PA14_08280	107.350240444	3.73056480881e-25	1022.0	14863.0
PA14_08310	106.271578758	6.42919620665e-25	1081.0	15893.0
PA14_28780	105.145721676	1.13476094564e-24	86.0	5060.0
PA14_28760	103.918019479	2.10862952496e-24	673.0	20316.0
PA14_20550	102.758582285	3.78582231601e-24	624.0	19078.0
PA14_08260	102.711670776	3.87653977229e-24	965.0	14003.0
PA14_33340	101.379067737	7.59622867693e-24	830.0	11759.0
PA14_08130,gpU	101.172181444	8.43253302968e-24	1278.0	19423.0
PA14_60140	100.913266766	9.61007060099e-24	855.0	24574.0
PA14_53590	100.472541185	1.20049777078e-23	31.0	3194.0
PA14_46460	99.0450447464	2.46823325971e-23	51.0	3828.0
PA14_33300	98.9015521921	2.65371312595e-23	758.0	10610.0
PA14_59830	98.2199007314	3.74408310509e-23	856.0	24485.0
PA14_31260	98.1608009562	3.85750942524e-23	597.0	7984.0
PA14_10970	97.0707055175	6.68953377278e-23	285.0	10367.0
PA14_59120	96.9950738916	6.95000284173e-23	0.0	1969.0
PA14_28800	96.9487599537	7.11448715351e-23	54.0	3878.0
PA14_01220	95.3694581281	1.57972143251e-22	0.0	1936.0
PA14_49540	95.3414649537	1.60221807294e-22	885.0	12816.0
PA14_60130	92.8268630826	5.70751750546e-22	1004.0	27741.0
PA14_69520	92.2676432089	7.57121350242e-22	699.0	9763.0
PA14_54880	91.1822660099	1.31029318823e-21	0.0	1851.0
PA14_42530,pcr2	90.8825155283	1.52460936856e-21	485.0	15230.0
PA14_08330	90.2014545982	2.15103882509e-21	864.0	12578.0
PA14_23450,orfM	89.98009451	2.40568241427e-21	667.0	9278.0
PA14_35470	86.6991224016	1.26352870187e-20	947.0	26127.0
PA14_35640,pslI	86.6018548423	1.32722612299e-20	1055.0	28642.0
PA14_54050	85.9376682329	1.85697620655e-20	403.0	13020.0
PA14_08100	85.6681961354	2.12808216179e-20	1249.0	19367.0
PA14_13890	85.2704973312	2.60216980954e-20	134.0	5971.0
PA14_13870	85.2588588515	2.61753127931e-20	260.0	9358.0
PA14_22500	84.8698360845	3.18667734392e-20	217.0	8217.0
PA14_10090	83.7425556944	5.63588826592e-20	365.0	4526.0
PA14_59520	82.3479795355	1.14118067562e-19	385.0	12447.0
PA14_59840	81.61775063	1.65124388964e-19	911.0	25052.0
PA14_09350,fptB	81.5760665873	1.68644104194e-19	993.0	15010.0
PA14_28840	80.003639832	3.73720662511e-19	618.0	8663.0
PA14_08240	79.8871282284	3.96420667628e-19	1071.0	16416.0
PA14_08030	79.7823236064	4.18015760444e-19	1384.0	21948.0
PA14_08000	79.7253264406	4.30250073219e-19	1264.0	19818.0
PA14_14560	79.4198439785	5.02191686636e-19	27.0	2610.0
PA14_42520,pcr3	78.2930818788	8.88324201153e-19	513.0	15451.0
PA14_51550	78.241702477	9.11732651431e-19	385.0	12305.0
PA14_03390	78.2308060457	9.16775827417e-19	300.0	3601.0
PA14_08230	78.1773399015	9.41928772169e-19	940.0	14183.0
PA14_23420	78.0826679628	9.88172115733e-19	180.0	7036.0
PA14_60320,pilE	77.9057623527	1.08075636568e-18	167.0	6681.0
PA14_08020,gpW	77.8166666667	1.13062128235e-18	1196.0	18676.0
PA14_03163	77.7374357657	1.17689516977e-18	103.0	4901.0
PA14_59530	77.3722915333	1.41587661349e-18	429.0	13363.0
PA14_59510	76.9163793973	1.78351795324e-18	389.0	12358.0
PA14_49480	76.6053132494	2.08777190332e-18	94.0	4614.0
PA14_32850	76.185138563	2.58278193957e-18	168.0	6660.0
PA14_33330	75.8531066251	3.05571292292e-18	755.0	11061.0
PA14_59630	75.8085359872	3.12547054027e-18	200.0	7503.0
PA14_08150,gpD	75.719730777	3.26924468483e-18	1357.0	21606.0
PA14_35670,pslG	74.6914819332	5.50330584466e-18	1187.0	31092.0
PA14_08120	74.6128998784	5.72677808341e-18	1371.0	21895.0
PA14_15500,traK	74.5320197044	5.96626920421e-18	0.0	1513.0
PA14_51650	74.2721438771	6.80571079298e-18	927.0	25080.0
PA14_33310	73.2499348645	1.14228941936e-17	823.0	12291.0
PA14_39480	72.9448811842	1.33321649711e-17	61.0	3551.0
PA14_08010,gpV	72.5451301184	1.63255583261e-17	1317.0	21002.0
PA14_08140,XR2	72.3584418746	1.79453499796e-17	1002.0	15428.0
PA14_54950	71.1595204104	3.2947904409e-17	11.0	1873.0
PA14_52500	70.4076687022	4.82320644704e-17	1069.0	16666.0
PA14_51390,pqsD	70.3052396013	5.08025809516e-17	833.0	22706.0
PA14_33940	70.2111360607	5.32847830673e-17	853.0	23167.0
PA14_03380	69.0416234509	9.64071361591e-17	446.0	6039.0
PA14_13940	69.0076373019	9.80828787726e-17	680.0	19063.0
PA14_55060	68.9214672445	1.02463400352e-16	481.0	14314.0
PA14_51420,pqsB	68.8763818446	1.04832797541e-16	785.0	21520.0
PA14_08090,gpFII	68.1396012935	1.5232063144e-16	1277.0	20442.0
PA14_14300	68.1362764061	1.52577687081e-16	225.0	7925.0
PA14_50330	67.7618274968	1.84486817538e-16	322.0	10372.0
PA14_51430,pqsA	67.2729675435	2.36400687032e-16	956.0	25407.0
PA14_53610	66.8385150461	2.946840673e-16	10.0	1747.0
PA14_30690	65.9425158009	4.64268022172e-16	389.0	11963.0
PA14_59960	65.7559789289	5.10355108806e-16	841.0	22675.0
PA14_59610	65.2551059705	6.58034727277e-16	193.0	7006.0
PA14_03166	65.0203663626	7.41279600993e-16	40.0	2721.0
PA14_35690,pslE	64.0034048738	1.24204367955e-15	1233.0	31557.0
PA14_35710	63.9292265502	1.28970083641e-15	64.0	3428.0
PA14_51410,pqsC	63.7640230608	1.40251647542e-15	877.0	23410.0
PA14_35600,pslL	63.6367263177	1.49613707413e-15	1082.0	28105.0
PA14_42510,pcr4	63.2617996654	1.80980270602e-15	492.0	14354.0
PA14_46550	63.0414462575	2.0240244994e-15	18.0	1954.0
PA14_51580	62.833848946	2.24900314515e-15	692.0	19068.0
PA14_15570	62.8327737933	2.25023116402e-15	97.0	4351.0
PA14_59500	62.3351354795	2.89709915286e-15	415.0	12461.0
PA14_59870	62.1025920023	3.26022005956e-15	567.0	16093.0
PA14_08070,gpFI	61.910745951	3.59382972871e-15	1420.0	23257.0
PA14_08050	61.4855055867	4.46014439763e-15	1438.0	23601.0
PA14_04810	60.8427507352	6.18207338828e-15	1623.0	27001.0
PA14_35650,pslH	60.710931929	6.61020394354e-15	1144.0	29354.0
PA14_36790	60.4601293337	7.50839962904e-15	878.0	13607.0
PA14_29330	59.4477152304	1.25586813552e-14	647.0	9615.0
PA14_24870	59.2683439153	1.37571910191e-14	477.0	6737.0
PA14_04780	58.5999235986	1.93223972275e-14	1654.0	27670.0
PA14_46400,yqhC	58.4048906226	2.13359965261e-14	734.0	19839.0
PA14_14400	58.1481429439	2.43103572221e-14	427.0	5929.0
PA14_42580,pscO	58.1308681773	2.45247720246e-14	653.0	17940.0
PA14_53600	58.0755449194	2.52242613717e-14	18.0	1849.0
PA14_03310	57.8202206821	2.8720215842e-14	110.0	4579.0
PA14_08060	57.78895458	2.91803669955e-14	1308.0	21392.0
PA14_22510	57.500008028	3.37977906072e-14	257.0	8395.0
PA14_51600	57.3505493923	3.64661440318e-14	800.0	21314.0
PA14_15490	56.6502463054	5.20643318111e-14	0.0	1150.0
PA14_59540	56.5229524301	5.55462038784e-14	678.0	18448.0
PA14_60040	56.4457062615	5.77717403997e-14	961.0	24958.0
PA14_42480,pcrG	56.1211742692	6.81393164817e-14	731.0	19659.0
PA14_53640	55.9164061865	7.56188816476e-14	588.0	8691.0
PA14_53620	55.7106312976	8.39629859649e-14	893.0	14021.0
PA14_39220	54.9208295381	1.25484045187e-13	601.0	8939.0
PA14_08300,JF1	54.76925485	1.35544701054e-13	1155.0	18743.0
PA14_08040,gpI	54.6322893704	1.45328122659e-13	1320.0	21739.0
PA14_33320	54.3511488437	1.67679937829e-13	757.0	11665.0
PA14_59640	54.3257062122	1.69865091496e-13	659.0	17902.0
PA14_04790	53.8150684476	2.20276821003e-13	1367.0	22630.0
PA14_60000	53.6224327022	2.42969188249e-13	898.0	23369.0
PA14_46520	53.4994725246	2.58662273706e-13	27.0	2050.0
PA14_59880	53.3808017744	2.74769019022e-13	632.0	17229.0
PA14_49520,pyoS3A	53.3769397907	2.75309725238e-13	767.0	20354.0
PA14_60050	53.2845327907	2.88569740445e-13	851.0	22277.0
PA14_59680	53.2749522684	2.89980553714e-13	475.0	13535.0
PA14_15360	53.1322650842	3.11828132608e-13	54.0	2873.0
PA14_34020	52.3315706328	4.68777270003e-13	516.0	14464.0
PA14_59430	52.2184063933	4.96584836701e-13	624.0	16988.0
PA14_59620	52.0766655692	5.3375453463e-13	201.0	6801.0
PA14_59950	51.8315545585	6.04721101595e-13	731.0	19447.0
PA14_54970	51.6945488212	6.48425315677e-13	204.0	2467.0
PA14_59990	51.4150406765	7.47635450846e-13	699.0	18688.0
PA14_52510	51.2813166822	8.00337280508e-13	1158.0	18934.0
PA14_35680,pslF	51.2430542828	8.16089742982e-13	1229.0	30713.0
PA14_52480	51.035918472	9.06911645895e-13	1288.0	21308.0
PA14_60010	50.2734324158	1.33748069994e-12	646.0	17406.0
PA14_54900	49.3730717253	2.11630790722e-12	12.0	1457.0
PA14_34820	49.2027990539	2.30821108059e-12	868.0	22446.0
PA14_51360,phnA	49.0772732075	2.46074853398e-12	1018.0	25838.0
PA14_50310	48.9830747411	2.58180751331e-12	325.0	9765.0
PA14_51380,pqsE	48.9799050193	2.58598312282e-12	879.0	22684.0
PA14_34970,gcd	48.9261113464	2.6578873712e-12	1351.0	33291.0
PA14_42300,pscG	48.7261717665	2.94312655079e-12	739.0	19473.0
PA14_46530	48.6420014311	3.07218722632e-12	18.0	1648.0
PA14_34810,mxaA	48.5695386579	3.18782427663e-12	1021.0	25876.0
PA14_34800	48.4400927712	3.4053436826e-12	1157.0	28926.0
PA14_10120	48.2852078356	3.6852168529e-12	309.0	4176.0
PA14_59690	48.2686551934	3.71645651863e-12	878.0	22622.0
PA14_42550,popN	48.211987316	3.82542587871e-12	745.0	19584.0
PA14_14310	48.113968258	4.02151410013e-12	355.0	10456.0
PA14_23400	48.0545735116	4.14519609137e-12	68.0	3153.0
PA14_59580	48.0279222415	4.20192439001e-12	381.0	5367.0
PA14_08270	47.8517252591	4.59702375847e-12	996.0	16139.0
PA14_07300	47.8253191745	4.65935781341e-12	401.0	11546.0
PA14_59900	47.8077560947	4.70128482549e-12	691.0	18323.0
PA14_31050	47.7399464516	4.86673533291e-12	430.0	12232.0
PA14_51610	47.4815715608	5.55234653838e-12	671.0	17846.0
PA14_08220	46.9810560697	7.16761709545e-12	989.0	16046.0
PA14_59890	46.5349658536	8.99981024403e-12	607.0	16321.0
PA14_55530,hxcW	46.4454055676	9.42069891483e-12	888.0	22747.0
PA14_28240	46.0588732132	1.14752237652e-11	477.0	13268.0
PA14_59390	45.0748950209	1.89641030134e-11	461.0	12848.0
PA14_60030	44.9899244335	1.98050850662e-11	815.0	21009.0
PA14_42630,pscS	44.6502498738	2.35567528233e-11	734.0	19145.0
PA14_34830	44.5823698507	2.43877861601e-11	880.0	22460.0
PA14_59570	44.3895565359	2.69118910967e-11	344.0	4825.0
PA14_36900	43.9916786164	3.29774888503e-11	904.0	14627.0
PA14_34100	43.8276602617	3.58601015158e-11	1122.0	27854.0
PA14_42540,pcr1	43.6760558496	3.87483681278e-11	632.0	16756.0
PA14_55030	43.4482758621	4.35315028074e-11	0.0	882.0
PA14_13210	43.292223547	4.71453490872e-11	164.0	5575.0
PA14_15370	42.8078817734	6.03883587432e-11	0.0	869.0
PA14_28250	42.6745228408	6.46488433722e-11	612.0	16245.0
PA14_53270	42.6612930588	6.50875704299e-11	1256.0	21097.0
PA14_35190,pbpC	42.4409665612	7.28480950293e-11	1262.0	30881.0
PA14_46430	42.3643802457	7.57572637862e-11	600.0	15953.0
PA14_35730	42.2879334615	7.8777107164e-11	92.0	3663.0
PA14_59860	42.2034972947	8.22527931871e-11	446.0	12367.0
PA14_34750,tauD	41.9364454188	9.42887285184e-11	526.0	14221.0
PA14_36930	41.849302189	9.85859499385e-11	838.0	13519.0
PA14_51350,phnB	41.7872600559	1.01764343018e-10	902.0	22794.0
PA14_33420	41.6139031369	1.11199663386e-10	1129.0	27868.0
PA14_42490,pcrR	41.306440393	1.3013940507e-10	661.0	17299.0
PA14_13970	41.291410555	1.31143901368e-10	545.0	14630.0
PA14_35460	41.0188497497	1.50768078924e-10	819.0	20876.0
PA14_46000	41.0138494453	1.51154304451e-10	1100.0	18310.0
PA14_59910	40.7778414347	1.70556100459e-10	801.0	20455.0
PA14_54730	40.6317798304	1.8379303331e-10	751.0	12002.0
PA14_52490	40.1076995067	2.40339823869e-10	1282.0	21699.0
PA14_31250	40.0591837573	2.46383660954e-10	80.0	3276.0
PA14_50320	40.0460541916	2.48045274736e-10	338.0	9721.0
PA14_35540,bkdR	39.8485587076	2.74436630926e-10	1101.0	27129.0
PA14_46510	39.7370465414	2.90561341996e-10	36.0	2018.0
PA14_59710,cupD1	39.5566502463	3.18679348088e-10	0.0	803.0
PA14_42360,pscB	39.4090156906	3.43706387191e-10	707.0	18246.0
PA14_12170	39.3660194425	3.51358464646e-10	495.0	7518.0
PA14_35630,pslJ	39.3042034221	3.62659759229e-10	1209.0	29492.0
PA14_13380	39.2396080035	3.74858210505e-10	790.0	20118.0
PA14_42610,pscQ	39.2315612789	3.76406280153e-10	820.0	20795.0
PA14_34450	39.0951589895	4.03643625797e-10	1182.0	28879.0
PA14_35000	38.7492778127	4.81888484086e-10	1064.0	26233.0
PA14_35440,ansA	38.2942191098	6.08426199395e-10	981.0	24352.0
PA14_59340,pilT2	38.2625917457	6.18367673592e-10	624.0	16292.0
PA14_31160	38.131819328	6.61229848153e-10	766.0	12362.0
PA14_13900	37.9745653842	7.16729250958e-10	280.0	8248.0
PA14_35200	37.8827869706	7.51251539556e-10	942.0	23454.0
PA14_36700	37.7148429288	8.18791656083e-10	936.0	15458.0
PA14_23390,orfE	37.5894526909	8.73153472051e-10	81.0	3235.0
PA14_34600,gapB	37.5065186332	9.11079818481e-10	1343.0	32326.0
PA14_28230	37.3278514516	9.98484205236e-10	796.0	20142.0
PA14_26580	37.2630600394	1.03221404575e-09	604.0	9497.0
PA14_55090	37.2266024513	1.05169270223e-09	71.0	2953.0
PA14_54860	37.0971074507	1.12390317863e-09	14.0	1266.0
PA14_54740	36.9441083958	1.21564471694e-09	896.0	14762.0
PA14_46420	36.7569007646	1.33816104931e-09	661.0	17054.0
PA14_48200	36.7228199113	1.36176028955e-09	558.0	14700.0
PA14_34080	36.6408883819	1.42021293319e-09	1105.0	27004.0
PA14_54890	36.5447143297	1.4920400646e-09	30.0	1762.0
PA14_50280,flaG	36.4648981667	1.5544047008e-09	938.0	23275.0
PA14_34660,gntR	36.3995507719	1.60740262952e-09	1182.0	28693.0
PA14_10140,fepG	36.3349353991	1.66158577362e-09	823.0	13461.0
PA14_54720	36.2599001768	1.72680568134e-09	729.0	11766.0
PA14_42570,pscN	36.1173164739	1.85788519549e-09	878.0	21911.0
PA14_59490	35.8182824276	2.16605723853e-09	395.0	10882.0
PA14_52440	35.6871397245	2.31688437169e-09	873.0	14396.0
PA14_34030	35.3564956946	2.74551374226e-09	1003.0	24652.0
PA14_34190,msuD	34.9979693524	3.30049347113e-09	1059.0	17834.0
PA14_68030	34.8553696149	3.55128783517e-09	1186.0	20187.0
PA14_58720	34.5496587449	4.15514385059e-09	173.0	5508.0
PA14_42440,popD	34.5168493504	4.22577460691e-09	906.0	22436.0
PA14_37420	34.5087055863	4.24349164867e-09	953.0	15909.0
PA14_59770,rcsB	34.4504499368	4.37241697728e-09	19.0	1372.0
PA14_34840	34.428198429	4.4226906195e-09	1042.0	25456.0
PA14_09370	34.0744932606	5.30420155984e-09	1091.0	18469.0
PA14_39540	34.0123463536	5.47634752768e-09	1176.0	20045.0
PA14_34990	33.9372736462	5.69177666186e-09	1284.0	30764.0
PA14_46570	33.8931563535	5.82231425936e-09	265.0	7724.0
PA14_15270	33.8203070387	6.04446237558e-09	730.0	11877.0
PA14_35170,soxR	33.6974515263	6.43849820486e-09	1189.0	28655.0
PA14_15420	33.5730339538	6.86377209749e-09	402.0	10941.0
PA14_42320,pscE	33.5016783013	7.12025248027e-09	922.0	22727.0
PA14_49580	33.2882737627	7.94603396049e-09	796.0	13095.0
PA14_59720,cupD2	33.1995337496	8.31704721999e-09	14.0	1182.0
PA14_33430	33.1337342809	8.60330645501e-09	964.0	23637.0
PA14_33500,pvdH	33.0320057308	9.06541836405e-09	717.0	18108.0
PA14_33800	32.6570463641	1.09940127047e-08	762.0	19097.0
PA14_35250	32.5997162117	1.13231281362e-08	1214.0	29125.0
PA14_60100,dtd	32.4245313364	1.23912327513e-08	113.0	3924.0
PA14_06180,fiuI	32.36829802	1.27550459519e-08	1146.0	19574.0
PA14_59380	32.3589351453	1.28166516853e-08	650.0	16557.0
PA14_22700,ykgJ	32.3243319734	1.30469306519e-08	1105.0	18816.0
PA14_36890	32.1928957175	1.39600270314e-08	908.0	15189.0
PA14_49720	32.1188585028	1.45022730538e-08	613.0	9834.0
PA14_56690,feoA	31.9542900918	1.57843388298e-08	1379.0	23941.0
PA14_35300	31.9204008717	1.60621318399e-08	1229.0	29404.0
PA14_59560	31.8720501474	1.64669661452e-08	254.0	3581.0
PA14_55180,migA	31.8463797814	1.668603828e-08	1241.0	29662.0
PA14_59470	31.7921700009	1.71583067945e-08	586.0	15075.0
PA14_53870	31.7300567411	1.77159122261e-08	1122.0	19162.0
PA14_34880	31.700937311	1.7983538403e-08	1059.0	25643.0
PA14_35130,arsR	31.617289062	1.87750589914e-08	617.0	15768.0
PA14_14540	31.6063209749	1.88813999694e-08	219.0	6526.0
PA14_59650	31.4743688833	2.02090335885e-08	720.0	18082.0
PA14_35290,gnd	31.4450240692	2.05167722273e-08	1326.0	31495.0
PA14_10130	31.3654640894	2.13749397719e-08	1270.0	21937.0
PA14_17980,glpF	31.1072965144	2.44151899076e-08	1353.0	23504.0
PA14_55040	31.0790123947	2.4773559787e-08	13.0	1103.0
PA14_59240,pilL2	31.0320888732	2.5379757848e-08	682.0	17201.0
PA14_17930,glpD	31.0287909658	2.54229177257e-08	1283.0	22199.0
PA14_42460,pcrH	30.8676565321	2.76237379625e-08	939.0	22929.0
PA14_09230,pCHC	30.8459958448	2.79337897698e-08	1143.0	19599.0
PA14_38395	30.6345919491	3.11490415971e-08	1406.0	24526.0
PA14_42620,pscR	30.582181768	3.20019296418e-08	890.0	21822.0
PA14_35070	30.5063707195	3.32771937088e-08	1237.0	29472.0
PA14_32140,antC	30.2871121461	3.72593387469e-08	530.0	8414.0
PA14_42260,pscK	30.1571004665	3.98425792785e-08	883.0	21638.0
PA14_42290,psCH	30.039185653	4.23403187994e-08	908.0	22185.0
PA14_09220,pCHB	30.0219785885	4.27176983471e-08	1055.0	18008.0
PA14_08320	29.9909846441	4.34059691292e-08	705.0	11577.0
PA14_48210	29.8834392136	4.58815058517e-08	516.0	13378.0
PA14_54940	29.8481826887	4.67234629923e-08	52.0	2232.0
PA14_35620,pslK	29.820517157	4.73949656454e-08	1059.0	25508.0
PA14_32250	29.5415728932	5.47300941877e-08	495.0	7816.0
PA14_53890	29.4555812595	5.72130382912e-08	1239.0	21467.0
PA14_42470,pcrV	29.42934593	5.79928021731e-08	995.0	24068.0
PA14_52250,pirR	29.4122666124	5.85061453577e-08	1360.0	23737.0
PA14_35210	29.3411159595	6.06941316426e-08	1123.0	26881.0
PA14_15610	29.3150225837	6.15169284063e-08	128.0	4204.0
PA14_09380	29.2236880235	6.44859908337e-08	1227.0	21256.0
PA14_53820	29.0349691955	7.10834917172e-08	1405.0	24606.0
PA14_31060	28.9873670747	7.28518474564e-08	463.0	12120.0
PA14_38410,amrB	28.9242944356	7.52629939665e-08	1533.0	27025.0
PA14_34920	28.9191159899	7.54644726888e-08	603.0	15296.0
PA14_48880,intT	28.7913325534	8.06110596674e-08	256.0	7298.0
PA14_63440	28.7617153648	8.18532730577e-08	433.0	6743.0
PA14_35380,ptxR	28.5929498004	8.93067544896e-08	918.0	22307.0
PA14_54920	28.5814020877	8.98409431592e-08	50.0	2143.0
PA14_34070	28.5071293108	9.33541081337e-08	1022.0	24597.0
PA14_33380	28.3015364997	1.03813550854e-07	663.0	16609.0
PA14_39670	28.2610802682	1.06006081199e-07	615.0	10015.0
PA14_60020	28.033623821	1.19225770451e-07	929.0	22511.0
PA14_13390	27.7399488409	1.38767303871e-07	764.0	18831.0
PA14_15400,repC	27.5987428458	1.49275755242e-07	35.0	1695.0
PA14_33290	27.4177533597	1.63919471587e-07	1086.0	25923.0
PA14_46610	27.3857142857	1.66657860351e-07	203.0	5974.0
PA14_35500,bkdB	27.3678217188	1.68207046303e-07	1369.0	32103.0
PA14_59660	27.3275279288	1.71748844055e-07	719.0	17801.0
PA14_59940	27.3184251611	1.72559265553e-07	1048.0	25081.0
PA14_59670	27.3109188169	1.73230439612e-07	626.0	15718.0
PA14_59930	27.1719724609	1.86137623337e-07	805.0	19705.0
PA14_34930	27.0198689769	2.01374840447e-07	651.0	16261.0
PA14_01770	26.9103740419	2.13111909241e-07	320.0	8718.0
PA14_48240	26.8453204415	2.20407398807e-07	999.0	17136.0
PA14_42600,pscP	26.7973981726	2.25941334152e-07	857.0	20832.0
PA14_56670	26.7824528184	2.27695510325e-07	1318.0	23111.0
PA14_42970	26.7214885745	2.34993594736e-07	1066.0	25431.0
PA14_54910	26.6893195947	2.38938603869e-07	24.0	1350.0
PA14_49010	26.6381140435	2.45355529819e-07	63.0	2443.0
PA14_55200	26.5410803631	2.57993141272e-07	1135.0	26929.0
PA14_34670	26.468725179	2.67839500462e-07	952.0	22906.0
PA14_72700	26.049521717	3.32771275427e-07	896.0	21641.0
PA14_35110,arsB	25.9390620133	3.5236630275e-07	849.0	20595.0
PA14_32830	25.7645081126	3.85716596779e-07	1045.0	24897.0
PA14_46590	25.6946468646	3.9993488164e-07	228.0	6502.0
PA14_46540	25.5435859646	4.3250140313e-07	53.0	2143.0
PA14_32130,benD	25.4993034169	4.42542666201e-07	1058.0	18311.0
PA14_23410,orfJ	25.480522776	4.46871528039e-07	84.0	2960.0
PA14_34870,CHiC	25.4651692061	4.50441983575e-07	756.0	18502.0
PA14_31010	25.4516954054	4.53598855123e-07	435.0	11292.0
PA14_38050	25.3346051334	4.81983748313e-07	1183.0	20663.0
PA14_35530,bkdA1	25.3342626574	4.82069330248e-07	1399.0	32580.0
PA14_34130	25.2680145718	4.9891399763e-07	1236.0	29031.0
PA14_09290,pCHG	25.2493217872	5.03772813603e-07	1066.0	18475.0
PA14_55080	25.228277236	5.09299717078e-07	62.0	2376.0
PA14_59760,cupD5	25.1724137931	5.24267735945e-07	0.0	511.0
PA14_51590	25.0632147266	5.54812199301e-07	909.0	21856.0
PA14_55410	25.0235104329	5.66355017808e-07	541.0	13669.0
PA14_34110	24.9646561236	5.83909600165e-07	1023.0	24353.0
PA14_46600	24.8798618311	6.10164991941e-07	232.0	6562.0
PA14_34900	24.5991503127	7.05828494535e-07	1115.0	26337.0
PA14_59130	24.5840233892	7.11391036354e-07	674.0	16620.0
PA14_31990,czcB	24.4595092363	7.58880276045e-07	777.0	13144.0
PA14_34180,msuE	24.4052552398	7.80554770387e-07	900.0	15426.0
PA14_34370,mtlk	24.3837310264	7.89324715091e-07	721.0	17652.0
PA14_36670	24.2471582972	8.47320037931e-07	1054.0	18309.0
PA14_10050	24.218959577	8.59816796206e-07	190.0	2671.0
PA14_42640,pscT	24.1790655564	8.77812882639e-07	861.0	20734.0
PA14_13370	24.0870957549	9.20752550956e-07	853.0	20551.0
PA14_59820	24.005643361	9.60537519648e-07	851.0	20501.0
PA14_63740	23.9330665936	9.97437501593e-07	615.0	10193.0
PA14_10080	23.8320624895	1.05116861847e-06	219.0	3166.0
PA14_49530	23.8117620426	1.06231327947e-06	1103.0	19254.0
PA14_36480	23.8090375142	1.06381799873e-06	962.0	16614.0
PA14_35520,bkdA2	23.7948255363	1.07170180104e-06	1369.0	31793.0
PA14_59700	23.6546720899	1.15265725495e-06	782.0	18953.0
PA14_26300	23.5954999194	1.18865173377e-06	495.0	8028.0
PA14_34010	23.5723098458	1.20306382859e-06	1072.0	25315.0
PA14_33890,aldG	23.3563446916	1.34598806425e-06	1177.0	27586.0
PA14_34230	23.3263955187	1.36710943185e-06	1292.0	30082.0
PA14_53690	23.2708059823	1.40719855749e-06	964.0	16682.0
PA14_59400	23.2433818367	1.4274080491e-06	839.0	20181.0
PA14_35270	23.1262151719	1.51708178209e-06	1214.0	28371.0
PA14_33900	23.0964686371	1.54073412192e-06	1181.0	27651.0
PA14_59180	23.0900711588	1.54586907554e-06	771.0	18670.0
PA14_33840	22.9894527505	1.62892637539e-06	1280.0	29792.0
PA14_21600	22.9533451829	1.65981119822e-06	1065.0	18593.0
PA14_33440	22.947523313	1.66484566871e-06	1227.0	28638.0
PA14_54850	22.9445691273	1.66740616025e-06	213.0	6029.0
PA14_35140	22.7843055096	1.81239757462e-06	898.0	21444.0
PA14_56750	22.3166313307	2.31195590491e-06	1029.0	17956.0
PA14_33220	22.2133172671	2.43975670927e-06	963.0	22824.0
PA14_45940,lasI	22.0938010031	2.59646859027e-06	1225.0	28520.0
PA14_35100,arsC	22.0006977178	2.72551368731e-06	836.0	20023.0
PA14_59440	21.9500437704	2.79840518361e-06	674.0	16444.0
PA14_36960	21.8831843391	2.89761986345e-06	996.0	17363.0
PA14_59150	21.8777135707	2.90589264015e-06	803.0	19288.0
PA14_03100	21.7435330267	3.11638596703e-06	675.0	16452.0
PA14_59920	21.7089784498	3.17302719295e-06	913.0	21690.0
PA14_31030	21.4597325048	3.61337337388e-06	392.0	10095.0
PA14_54030	21.1416065527	4.26565426916e-06	772.0	13221.0
PA14_08210	21.1078642126	4.34142775983e-06	1051.0	18445.0
PA14_34640,gntK	21.098149268	4.36349352576e-06	886.0	21051.0
PA14_33410,opdJ	21.0545563266	4.46390101815e-06	776.0	18633.0
PA14_63770	20.9608088671	4.68775457455e-06	531.0	8788.0
PA14_40080	20.9357587609	4.74945476561e-06	1543.0	27792.0
PA14_42410	20.8757633686	4.90056176782e-06	943.0	22280.0
PA14_10900,ydjL	20.8707385519	4.91343437481e-06	761.0	13031.0
PA14_33780	20.8586123609	4.94463926643e-06	1204.0	27955.0
