feature	score	p-value	#I-out-of-206	#O-out-of-220
PA14_65605,parC_5845617_G_A_S_L|1	29.1952472428	6.54395296476e-08	87.0	32.0
PA14_31130_2707197_G_T_P_T|1	27.4444990215	1.61668076517e-07	40.0	6.0
PA14_31180_2710373_A_G_L_P|1	27.3678839365	1.68201634405e-07	57.0	15.0
PA14_31180_2710268_G_C_P_R|1	26.0617299206	3.30673762988e-07	52.0	13.0
PA14_31180_2710292_C_T_R_H|1	25.8289714541	3.73046791516e-07	57.0	16.0
PA14_31260_2718080_T_C_T_A|1	25.4877181071	4.45208039396e-07	60.0	18.0
PA14_31180_2710530_C_G_G_R|1	24.9560458959	5.86523135469e-07	56.0	16.0
PA14_31180_2710308_C_A_A_S|1	24.7024737005	6.68982547312e-07	33.0	4.0
PA14_31190_2712484_G_C_I_M|1	24.4741555003	7.53133239478e-07	52.0	14.0
PA14_31130_2707431_C_T_A_T|1	24.3177413945	8.16832521389e-07	73.0	27.0
PA14_31070_2701241_G_T_L_I|1	24.2669095953	8.38675519885e-07	76.0	29.0
PA14_31260_2718335_C_T_G_S|1	24.2563232884	8.43297756352e-07	50.0	13.0
PA14_31200_2713880_G_A_S_F|1	24.2563232884	8.43297756352e-07	50.0	13.0
PA14_31180_2710514_A_G_L_S|2	23.8321283942	1.05113262936e-06	53.0	15.0
PA14_31280_2721118_C_A_L_F|1	23.8321283942	1.05113262936e-06	53.0	15.0
PA14_31200_2713463_T_A_H_L|1	23.7233168381	1.11226784484e-06	66.0	23.0
PA14_31090_2704228_T_G_E_A|1	23.589142508	1.19258540252e-06	51.0	14.0
PA14_31260_2718302_G_T_L_I|1	23.589142508	1.19258540252e-06	51.0	14.0
PA14_31130_2707183_C_A_Q_H|1	23.5608512308	1.21024965324e-06	61.0	20.0
PA14_31090_2705009_T_A_S_C|1	23.226912117	1.43968461335e-06	54.0	16.0
PA14_31090_2704868_G_T_P_T|1	23.226912117	1.43968461335e-06	54.0	16.0
PA14_55610,dnaE2_4949272_A_T_Q_L|1	23.1251977552	1.51788471288e-06	76.0	30.0
PA14_31070_2701472_C_A_A_S|1	23.0623985793	1.56827899447e-06	62.0	21.0
PA14_31180_2710536_T_A_R_W|1	22.9619225145	1.65242174646e-06	52.0	15.0
PA14_31090_2704733_T_C_M_V|1	22.9619225145	1.65242174646e-06	52.0	15.0
PA14_31080_2704086_C_T_A_T|1	22.9619225145	1.65242174646e-06	52.0	15.0
PA14_37420_3331052_C_T_A_T|1	22.949168579	1.66342137194e-06	57.0	18.0
PA14_31180_2710235_G_C_P_R|1	22.9258214314	1.68374774259e-06	65.0	23.0
PA14_31260_2718313_G_A_A_V|1	22.7980482606	1.79948359419e-06	43.0	10.0
PA14_30960,traG_2689066_G_T_R_S|1	22.7775645298	1.81876597496e-06	71.0	27.0
PA14_31090_2704229_C_T_E_K|1	22.7098466461	1.88399976371e-06	50.0	14.0
PA14_30900,trbJ_2683647_G_T_R_S|1	22.5875042833	2.00786294264e-06	63.0	22.0
PA14_30970,bphR_2691475_C_T_V_I|1	22.4820476611	2.12116764752e-06	66.0	24.0
PA14_33610_2970539_G_A_S_N|1	22.4820476611	2.12116764752e-06	66.0	24.0
PA14_31080_2704032_G_T_L_M|1	22.4725898167	2.13163755089e-06	48.0	13.0
PA14_31260_2718182_T_C_I_V|1	22.371188457	2.24720015569e-06	53.0	16.0
PA14_31080_2704170_C_T_V_I|1	22.371188457	2.24720015569e-06	53.0	16.0
PA14_31180_2709596_C_T_S_N|1	22.371188457	2.24720015569e-06	53.0	16.0
PA14_31180_2710517_G_C_P_R|1	22.371188457	2.24720015569e-06	53.0	16.0
PA14_31110_2705917_T_C_T_A|3	22.371188457	2.24720015569e-06	53.0	16.0
PA14_31280_2721031_C_G_Q_H|1	22.2524515324	2.39053378245e-06	46.0	12.0
PA14_71580_6377396_T_C_I_V|1	22.1149734024	2.56798882335e-06	56.0	18.0
PA14_31130_2707229_C_T_C_Y|1	22.1149734024	2.56798882335e-06	56.0	18.0
PA14_31180_2710338_C_T_G_R|1	22.0977092193	2.59118776209e-06	51.0	15.0
PA14_31180_2710529_C_T_G_D|1	22.0977092193	2.59118776209e-06	51.0	15.0
PA14_55840_4986611_C_A_A_S|1	22.0576624199	2.64581390022e-06	67.0	25.0
PA14_22680,yrbE_1972391_G_T_L_I|2	22.0166886562	2.70290053256e-06	70.0	27.0
PA14_31070_2701313_T_G_M_L|1	22.0063418306	2.71751062448e-06	73.0	29.0
PA14_31130_2707811_C_T_W_*|1	21.9255477225	2.83435368191e-06	59.0	20.0
PA14_31130_2707476_C_T_E_K|1	21.8753818997	2.90942574075e-06	42.0	10.0
PA14_31150_2708661_G_C_S_C|1	21.8138570168	3.00422579251e-06	54.0	17.0
PA14_31270_2718883_G_T_R_S|1	21.6513784331	3.2697495356e-06	30.0	4.0
PA14_31200_2713383_G_A_L_F|1	21.6431020436	3.28388830359e-06	74.0	30.0
PA14_31260_2718097_G_C_A_G|1	21.6030670786	3.35315197541e-06	57.0	19.0
PA14_31110_2706661_T_A_S_C|1	21.5895278023	3.37690617345e-06	47.0	13.0
PA14_31260_2718440_G_C_Q_E|1	21.5217070765	3.49846102147e-06	52.0	16.0
PA14_31260_2718438_C_G_Q_H|1	21.5217070765	3.49846102147e-06	52.0	16.0
PA14_31110_2706997_G_T_Q_K|1	21.5217070765	3.49846102147e-06	52.0	16.0
PA14_31260_2718079_G_A_T_M|1	21.4518093557	3.62833485841e-06	60.0	21.0
PA14_31190_2712263_G_T_A_E|1	21.3589074186	3.80847148106e-06	45.0	12.0
PA14_22680,yrbE_1972882_G_C_T_S|1	21.3497003223	3.82680569513e-06	63.0	23.0
PA14_16410_1404920_G_T_A_S|1	21.2886385459	3.95066085336e-06	66.0	25.0
PA14_37420_3331118_C_T_A_T|1	21.2871827733	3.95366226821e-06	55.0	18.0
PA14_30890_2683107_C_T_P_L|1	21.2871827733	3.95366226821e-06	55.0	18.0
PA14_30890_2683013_G_T_G_C|1	21.2652722554	3.99911329354e-06	72.0	29.0
PA14_31180_2710069_G_C_F_L|1	21.2622103928	4.00550641878e-06	69.0	27.0
PA14_31070_2701402_G_C_T_S|1	21.2622103928	4.00550641878e-06	69.0	27.0
PA14_31180_2710481_A_C_V_G|1	21.2397650893	4.05268611504e-06	50.0	15.0
PA14_31080_2703704_A_G_V_A|1	21.2397650893	4.05268611504e-06	50.0	15.0
PA14_30880,trbL_2682381_C_A_M_I|1	21.0010059656	4.59042282353e-06	61.0	22.0
PA14_31130_2707238_G_T_A_E|1	20.9787429076	4.64407645393e-06	53.0	17.0
PA14_31130_2707628_A_G_I_T|1	20.9787429076	4.64407645393e-06	53.0	17.0
PA14_31110_2706022_G_C_L_V|1	20.9787429076	4.64407645393e-06	53.0	17.0
PA14_31090_2704796_C_T_G_S|1	20.9787429076	4.64407645393e-06	53.0	17.0
PA14_30960,traG_2689606_G_T_P_T|1	20.9572227126	4.69653794574e-06	76.0	32.0
PA14_30950_2688299_C_T_A_T|1	20.9115759347	4.80979187484e-06	73.0	30.0
PA14_22670,yrbF_1971912_G_A_L_F|6	20.8889673433	4.86689683492e-06	70.0	28.0
PA14_31070_2701456_C_T_G_D|1	20.8889673433	4.86689683492e-06	70.0	28.0
PA14_31150_2708644_T_A_M_L|1	20.7961330538	5.10860080457e-06	39.0	9.0
PA14_31110_2706660_C_G_S_T|1	20.7887131509	5.12843153458e-06	56.0	19.0
PA14_31180_2709761_C_T_R_H|1	20.7887131509	5.12843153458e-06	56.0	19.0
PA14_31150_2708433_C_G_G_A|1	20.6787474806	5.43155286502e-06	51.0	16.0
PA14_31130_2707556_C_T_G_D|1	20.6787474806	5.43155286502e-06	51.0	16.0
PA14_31200_2713512_C_T_D_N|1	20.6787474806	5.43155286502e-06	51.0	16.0
PA14_22680,yrbE_1972739_T_G_I_L|1	20.5715186127	5.7444417222e-06	62.0	23.0
PA14_31070_2701541_T_A_M_L|1	20.5714361367	5.74468921678e-06	74.0	31.0
PA14_31200_2713434_G_T_H_N|1	20.5307405119	5.86812370464e-06	71.0	29.0
PA14_00310_28735_G_C_K_N|3	20.4660635481	6.06979734947e-06	54.0	18.0
PA14_31100_2705500_T_A_R_S|1	20.4660635481	6.06979734947e-06	54.0	18.0
PA14_31190_2711539_G_C_S_R|1	20.3883839916	6.32123309196e-06	49.0	15.0
PA14_31090_2704748_G_C_Q_E|1	20.3883839916	6.32123309196e-06	49.0	15.0
PA14_31090_2704436_C_T_A_T|1	20.3883839916	6.32123309196e-06	49.0	15.0
PA14_31280_2720862_G_C_P_A|1	20.2487451914	6.79980472486e-06	42.0	11.0
PA14_31130_2707436_G_A_A_V|1	20.217807246	6.9106642752e-06	60.0	22.0
PA14_30880,trbL_2682390_A_C_D_E|1	20.217807246	6.9106642752e-06	60.0	22.0
PA14_30960,traG_2690079_C_T_R_H|1	20.217807246	6.9106642752e-06	60.0	22.0
PA14_37850,yejE_3377417_C_A_R_L|1	20.1866465916	7.02415595846e-06	72.0	30.0
PA14_30860,trbG_2680000_C_G_E_D|1	20.1512597702	7.1553106026e-06	69.0	28.0
PA14_22670,yrbF_1972041_C_A_V_L|1	20.1512597702	7.1553106026e-06	69.0	28.0
PA14_31070_2701202_T_C_I_V|1	20.1512597702	7.1553106026e-06	69.0	28.0
PA14_31100_2705139_C_T_V_M|1	20.1503779884	7.15860996562e-06	52.0	17.0
PA14_26970_2347008_G_A_T_I|1	20.1503779884	7.15860996562e-06	52.0	17.0
PA14_30860,trbG_2680029_C_T_A_T|1	20.1503779884	7.15860996562e-06	52.0	17.0
PA14_31260_2718109_C_T_R_Q|1	20.1090735462	7.31488227441e-06	47.0	14.0
PA14_30910,trbE_2686081_A_G_L_P|1	19.981213473	7.82067747978e-06	55.0	19.0
PA14_31200_2713391_G_C_A_G|1	19.981213473	7.82067747978e-06	55.0	19.0
PA14_30960,traG_2689222_T_A_T_S|1	19.9288411864	8.03785759308e-06	76.0	33.0
PA14_31280_2720669_T_A_Y_F|1	19.8678192767	8.29855619411e-06	58.0	21.0
PA14_30880,trbL_2681794_T_C_K_R|1	19.855870222	8.35059049833e-06	73.0	31.0
PA14_31180_2710547_C_T_G_D|1	19.8425312719	8.40906437908e-06	45.0	13.0
PA14_30910,trbE_2686168_G_A_A_V|1	19.8029447164	8.58503126786e-06	70.0	29.0
PA14_30960,traG_2688610_C_T_A_T|1	19.8029447164	8.58503126786e-06	70.0	29.0
PA14_30900,trbJ_2683294_C_G_L_F|1	19.8029447164	8.58503126786e-06	70.0	29.0
PA14_30960,traG_2689078_G_T_R_S|1	19.8002364141	8.59720423483e-06	61.0	23.0
PA14_30960,traG_2688616_G_A_P_S|1	19.8002364141	8.59720423483e-06	61.0	23.0
PA14_31070_2702696_C_T_G_S|1	19.8002364141	8.59720423483e-06	61.0	23.0
PA14_30940,trbB_2687997_G_A_P_S|1	19.8002364141	8.59720423483e-06	61.0	23.0
PA14_22680,yrbE_1972413_G_T_H_Q|1	19.7732634129	8.71938915317e-06	67.0	27.0
PA14_20890,rfaD_1801119_G_T_A_S|2	19.6518976169	9.29109952553e-06	53.0	18.0
PA14_31180_2710353_G_A_P_S|1	19.6518976169	9.29109952553e-06	53.0	18.0
PA14_31180_2710453_T_G_E_D|1	19.5908465057	9.59276864648e-06	43.0	12.0
PA14_30910,trbE_2685914_A_G_Y_H|1	19.5438784516	9.83152711826e-06	48.0	15.0
PA14_31080_2703732_C_G_E_Q|2	19.5438784516	9.83152711826e-06	48.0	15.0
PA14_30910,trbE_2685681_T_G_E_D|1	19.4685099578	1.02271905488e-05	71.0	30.0
PA14_30910,trbE_2685647_A_C_S_A|1	19.4685099578	1.02271905488e-05	71.0	30.0
PA14_30910,trbE_2686060_A_T_F_Y|1	19.441639698	1.03720855109e-05	59.0	22.0
PA14_31260_2718406_T_C_Q_R|1	19.441639698	1.03720855109e-05	59.0	22.0
PA14_55840_4986712_G_A_A_V|1	19.441639698	1.03720855109e-05	59.0	22.0
PA14_30970,bphR_2691793_G_T_R_S|1	19.4204324801	1.04878971393e-05	68.0	28.0
PA14_22680,yrbE_1972382_G_T_L_I|1	19.4204324801	1.04878971393e-05	68.0	28.0
PA14_30960,traG_2688574_G_C_P_A|1	19.4204324801	1.04878971393e-05	68.0	28.0
PA14_33690,pvdE_2989326_G_A_P_S|1	19.402188058	1.05885675769e-05	62.0	24.0
PA14_30890_2683089_A_G_D_G|1	19.402188058	1.05885675769e-05	62.0	24.0
PA14_30360_2631242_T_C_I_V|1	19.402188058	1.05885675769e-05	62.0	24.0
PA14_31110_2706456_A_C_L_R|1	19.402188058	1.05885675769e-05	62.0	24.0
PA14_22680,yrbE_1972874_T_A_T_S|1	19.3968982474	1.06179371282e-05	65.0	26.0
PA14_31280_2720016_T_C_M_V|1	19.3565907394	1.08444313727e-05	41.0	11.0
PA14_30960,traG_2689290_T_G_E_A|1	19.3320458646	1.09847230323e-05	78.0	35.0
PA14_06580_574469_G_C_K_N|9	19.3290600177	1.1001913167e-05	51.0	17.0
PA14_36960_3292403_C_T_A_T|1	19.3290600177	1.1001913167e-05	51.0	17.0
PA14_31110_2707167_C_A_R_L|1	19.2555516328	1.14337414379e-05	46.0	14.0
PA14_31130_2707541_A_G_V_A|1	19.2555516328	1.14337414379e-05	46.0	14.0
PA14_31180_2710084_G_C_F_L|1	19.2555516328	1.14337414379e-05	46.0	14.0
PA14_31190_2712557_G_C_P_R|1	19.1429652179	1.21283683666e-05	39.0	10.0
PA14_30930,trbC_2686910_C_A_L_F|1	19.086438319	1.24929483313e-05	57.0	21.0
PA14_30910,trbE_2685080_C_T_V_M|1	19.0820910712	1.25214382634e-05	69.0	29.0
PA14_30930,trbC_2686942_G_C_P_A|1	19.0820910712	1.25214382634e-05	69.0	29.0
PA14_22670,yrbF_1971897_T_C_I_V|1	19.0392250093	1.2805880875e-05	66.0	27.0
PA14_31070_2702027_C_A_V_L|1	19.0392250093	1.2805880875e-05	66.0	27.0
PA14_31070_2701816_A_G_V_A|1	19.0392250093	1.2805880875e-05	66.0	27.0
PA14_31110_2706940_G_C_R_G|1	19.0361031062	1.28268483667e-05	60.0	23.0
PA14_47930_4267828_A_G_Q_R|1	19.0223311001	1.29197569367e-05	63.0	25.0
PA14_31190_2711151_C_A_E_*|1	19.0223311001	1.29197569367e-05	63.0	25.0
PA14_31070_2703128_G_A_R_C|2	19.0223311001	1.29197569367e-05	63.0	25.0
PA14_31190_2711409_C_T_G_S|1	19.0135976645	1.29790242257e-05	49.0	16.0
PA14_51420,pqsB_4569081_G_A_A_V|1	19.0135976645	1.29790242257e-05	49.0	16.0
PA14_31070_2702650_C_T_G_D|1	18.913061942	1.36812703508e-05	83.0	39.0
PA14_02310,atsA_207590_C_T_D_N|1	18.8449829782	1.41783534267e-05	52.0	18.0
PA14_36830_3282316_G_A_D_N|1	18.8449829782	1.41783534267e-05	52.0	18.0
PA14_00380,betC_34427_G_T_R_S|1	18.7822500315	1.46524475153e-05	25.0	3.0
PA14_30860,trbG_2679807_T_C_I_V|2	18.7573698147	1.48448563346e-05	70.0	30.0
PA14_37410_3330107_C_G_L_V|1	18.7350397176	1.50197040135e-05	55.0	20.0
PA14_31090_2704946_A_T_C_S|2	18.7170344219	1.51621931439e-05	42.0	12.0
PA14_30930,trbC_2686678_A_T_S_T|1	18.7065811576	1.5245539619e-05	47.0	15.0
PA14_31180_2710583_T_G_K_T|1	18.7065811576	1.5245539619e-05	47.0	15.0
PA14_33630,pvdJ_2976802_A_C_M_L|1	18.6971279788	1.53213083359e-05	99.0	51.0
PA14_30910,trbE_2683859_C_A_D_Y|1	18.6967027454	1.53247255241e-05	67.0	28.0
PA14_30860,trbG_2679973_G_C_S_R|1	18.6727669903	1.55183133292e-05	58.0	22.0
PA14_30930,trbC_2686914_G_A_A_V|1	18.6727669903	1.55183133292e-05	58.0	22.0
PA14_31130_2707196_G_A_P_L|1	18.672288173	1.55222108684e-05	33.0	7.0
PA14_31130_2707935_C_T_A_T|1	18.672288173	1.55222108684e-05	33.0	7.0
PA14_31110_2707020_C_A_R_L|1	18.672288173	1.55222108684e-05	33.0	7.0
PA14_30910,trbE_2684033_C_A_A_S|1	18.6594527802	1.5627057302e-05	64.0	26.0
PA14_30960,traG_2688615_G_C_P_R|1	18.6497523493	1.57067673535e-05	61.0	24.0
PA14_31200_2713215_T_G_K_Q|1	18.5407041103	1.66314346717e-05	74.0	33.0
PA14_59540_5298887_G_A_A_T|1	18.5151045303	1.68563141181e-05	50.0	17.0
PA14_28880_2493687_C_T_A_T|1	18.5151045303	1.68563141181e-05	50.0	17.0
PA14_31260_2718118_G_T_A_E|1	18.5151045303	1.68563141181e-05	50.0	17.0
PA14_31090_2705007_G_C_S_R|1	18.5151045303	1.68563141181e-05	50.0	17.0
PA14_31150_2708622_G_T_A_D|1	18.4713306682	1.72479452389e-05	40.0	11.0
PA14_33610_2965042_C_T_P_S|1	18.455329814	1.73933699763e-05	10.0	43.0
PA14_30940,trbB_2687838_C_A_A_S|1	18.4454675251	1.74836168646e-05	71.0	31.0
PA14_21190_1833985_C_G_G_A|1	18.387919241	1.80196840237e-05	53.0	19.0
PA14_26130,morB_2281979_C_T_A_T|2	18.387919241	1.80196840237e-05	53.0	19.0
PA14_05650_502648_C_T_A_V|1	18.387919241	1.80196840237e-05	53.0	19.0
PA14_15230,xseA_1290560_C_T_A_T|1	18.387919241	1.80196840237e-05	53.0	19.0
PA14_03770,speB1_338673_G_A_M_I|1	18.387919241	1.80196840237e-05	53.0	19.0
PA14_31070_2701904_C_T_A_T|1	18.3124457961	1.87478348507e-05	65.0	27.0
PA14_31070_2701892_C_T_D_N|1	18.3124457961	1.87478348507e-05	65.0	27.0
PA14_58270_5189659_C_T_V_M|1	18.3124457961	1.87478348507e-05	65.0	27.0
PA14_30910,trbE_2686102_A_T_L_*|1	18.3124457961	1.87478348507e-05	65.0	27.0
PA14_30850,trbI_2679573_C_A_G_V|1	18.3124457961	1.87478348507e-05	65.0	27.0
PA14_67190_5997735_G_T_L_I|1	18.3124457961	1.87478348507e-05	65.0	27.0
PA14_22680,yrbE_1972876_T_A_Y_F|1	18.3124457961	1.87478348507e-05	65.0	27.0
PA14_30970,bphR_2691524_A_T_D_E|1	18.3124457961	1.87478348507e-05	65.0	27.0
PA14_30860,trbG_2679974_C_G_S_T|1	18.2793802338	1.90760868909e-05	59.0	23.0
PA14_22670,yrbF_1971959_G_C_A_G|1	18.2793802338	1.90760868909e-05	59.0	23.0
PA14_31190_2712558_G_T_P_T|1	18.2452559576	1.9420904524e-05	38.0	10.0
PA14_31260_2718119_C_G_A_P|1	18.1920564872	1.99710057294e-05	48.0	16.0
PA14_30850,trbI_2679568_A_C_S_A|1	18.1456446466	2.04636917789e-05	72.0	32.0
PA14_31070_2702000_G_A_L_F|1	18.053438177	2.14790405747e-05	69.0	30.0
PA14_40640,cti_3628790_G_A_P_S|1	18.0456349054	2.15672565032e-05	51.0	18.0
PA14_34130_3034210_G_A_E_K|1	18.0456349054	2.15672565032e-05	51.0	18.0
PA14_55520,hxcU_4942104_C_T_A_V|1	18.0456349054	2.15672565032e-05	51.0	18.0
PA14_17650_1517271_C_T_P_L|1	18.0456349054	2.15672565032e-05	51.0	18.0
PA14_03390_311936_C_A_R_I|1	18.0266107679	2.17838527731e-05	22.0	2.0
PA14_30930,trbC_2686930_A_G_F_L|1	17.9802970836	2.23203308807e-05	66.0	28.0
PA14_31070_2701997_T_C_N_D|1	17.9802970836	2.23203308807e-05	66.0	28.0
PA14_30970,bphR_2691856_G_T_Q_K|1	17.9802970836	2.23203308807e-05	66.0	28.0
PA14_30970,bphR_2691922_T_G_K_Q|1	17.9556785382	2.26108848594e-05	54.0	20.0
PA14_41820,pabB_3736508_A_G_T_A|1	17.9441109376	2.27487177799e-05	87.0	43.0
PA14_31070_2703143_G_C_R_G|1	17.9294346321	2.29248079146e-05	63.0	26.0
PA14_31110_2706979_C_G_V_L|1	17.9294346321	2.29248079146e-05	63.0	26.0
PA14_29720_2573611_G_A_V_I|1	17.9114661423	2.3142264449e-05	57.0	22.0
PA14_31190_2711577_G_C_L_V|1	17.9114661423	2.3142264449e-05	57.0	22.0
PA14_30850,trbI_2679546_G_A_T_I|1	17.9114661423	2.3142264449e-05	57.0	22.0
PA14_30960,traG_2688829_G_C_R_G|1	17.9048291514	2.32231091064e-05	60.0	24.0
PA14_31180_2710275_T_A_R_W|1	17.9048291514	2.32231091064e-05	60.0	24.0
PA14_31110_2707164_C_T_S_N|1	17.8768466135	2.35670942716e-05	46.0	15.0
PA14_51580_4586010_C_G_A_P|1	17.8768466135	2.35670942716e-05	46.0	15.0
PA14_31080_2704029_T_C_I_V|1	17.8768466135	2.35670942716e-05	46.0	15.0
PA14_30900,trbJ_2683437_G_A_L_F|1	17.8572174391	2.38114435935e-05	73.0	33.0
PA14_31280_2721105_G_A_P_S|1	17.8505487185	2.38950356513e-05	41.0	12.0
PA14_35050_3120637_T_G_N_H|1	17.8220741395	2.42552932533e-05	6.0	34.0
PA14_30910,trbE_2686169_C_A_A_S|1	17.7510412206	2.51779654982e-05	70.0	31.0
PA14_59630_5305937_T_C_I_M|1	17.7088461847	2.57426663347e-05	49.0	17.0
PA14_31180_2710269_G_A_P_S|1	17.7088461847	2.57426663347e-05	49.0	17.0
PA14_31180_2710277_T_A_K_M|1	17.7088461847	2.57426663347e-05	49.0	17.0
PA14_30860,trbG_2679975_T_A_S_C|1	17.7088461847	2.57426663347e-05	49.0	17.0
PA14_31190_2711002_G_T_D_E|1	17.6353927626	2.67562350557e-05	30.0	6.0
PA14_31070_2703352_G_C_P_R|1	17.6027360989	2.72196442516e-05	52.0	19.0
PA14_26930_2343869_T_C_F_L|1	17.6027360989	2.72196442516e-05	52.0	19.0
PA14_31180_2710140_T_A_S_C|1	17.6027360989	2.72196442516e-05	52.0	19.0
PA14_30970,bphR_2691692_C_G_K_N|1	17.5931650873	2.73569823106e-05	64.0	27.0
PA14_30940,trbB_2688007_C_A_L_F|1	17.5931650873	2.73569823106e-05	64.0	27.0
PA14_30880,trbL_2682356_G_T_L_I|1	17.5795528096	2.75535103479e-05	74.0	34.0
PA14_31070_2701268_C_T_V_M|1	17.5795528096	2.75535103479e-05	74.0	34.0
PA14_51580_4585991_G_A_T_I|1	17.5706911769	2.76822124936e-05	44.0	14.0
PA14_30960,traG_2688711_G_A_A_V|1	17.5477996264	2.80174814344e-05	61.0	25.0
PA14_30880,trbL_2681902_G_A_A_V|1	17.5477996264	2.80174814344e-05	61.0	25.0
PA14_30930,trbC_2686774_G_T_Q_K|1	17.5463011567	2.80395697406e-05	55.0	21.0
PA14_30850,trbI_2678441_C_T_M_I|1	17.5463011567	2.80395697406e-05	55.0	21.0
PA14_02930_257991_C_T_H_Y|1	17.5463011567	2.80395697406e-05	55.0	21.0
PA14_30970,bphR_2691613_G_A_L_F|1	17.5463011567	2.80395697406e-05	55.0	21.0
PA14_30960,traG_2690233_C_A_V_F|1	17.5303422575	2.82759015095e-05	58.0	23.0
PA14_16830_1441908_C_T_G_S|1	17.5020798956	2.86993548745e-05	16.0	53.0
PA14_30880,trbL_2682453_C_A_L_F|1	17.4604718121	2.93343921235e-05	71.0	32.0
PA14_22680,yrbE_1972462_C_G_S_T|5	17.4604718121	2.93343921235e-05	71.0	32.0
PA14_31260_2718397_T_C_Q_R|1	17.3783381667	3.06297002708e-05	47.0	16.0
PA14_36910,ligD_3289616_C_G_E_Q|1	17.3783381667	3.06297002708e-05	47.0	16.0
PA14_31180_2710460_T_C_H_R|1	17.3547914593	3.10115429599e-05	37.0	10.0
PA14_31090_2704898_C_G_A_P|1	17.3547914593	3.10115429599e-05	37.0	10.0
PA14_30900,trbJ_2683752_T_A_T_S|1	17.3120637086	3.17166924406e-05	75.0	35.0
PA14_33650,pvdD_2984391_A_G_I_V|1	17.2714517553	3.24018576293e-05	65.0	28.0
PA14_30970,bphR_2691855_T_G_Q_P|1	17.2714517553	3.24018576293e-05	65.0	28.0
PA14_30960,traG_2688660_G_A_P_L|1	17.2714517553	3.24018576293e-05	65.0	28.0
PA14_21940_1908910_C_T_A_T|1	17.2541872177	3.26976160014e-05	50.0	18.0
PA14_30950_2688146_G_A_L_F|1	17.207305316	3.3514509478e-05	79.0	38.0
PA14_30910,trbE_2685745_G_C_A_G|1	17.207305316	3.3514509478e-05	79.0	38.0
PA14_42600,pscP_3790172_C_G_A_G|1	17.2070970071	3.35181845556e-05	62.0	26.0
PA14_39590,metE_3523460_G_A_R_C|1	17.2070970071	3.35181845556e-05	62.0	26.0
PA14_31070_2701481_C_G_V_L|1	17.2070970071	3.35181845556e-05	62.0	26.0
PA14_30970,bphR_2691514_C_G_V_L|1	17.1842242078	3.39241904726e-05	53.0	20.0
PA14_21160_1830118_A_G_V_A|1	17.1842242078	3.39241904726e-05	53.0	20.0
PA14_30900,trbJ_2683609_C_G_Q_H|1	17.1842242078	3.39241904726e-05	53.0	20.0
PA14_61870_5518248_T_G_E_A|1	17.1842242078	3.39241904726e-05	53.0	20.0
PA14_31260_2718272_C_T_V_M|1	17.1842242078	3.39241904726e-05	53.0	20.0
PA14_67780_6052426_G_A_R_K|1	17.1842242078	3.39241904726e-05	53.0	20.0
PA14_30460_2638143_G_A_A_T|1	17.1842242078	3.39241904726e-05	53.0	20.0
PA14_31070_2701190_G_T_R_S|1	17.1842242078	3.39241904726e-05	53.0	20.0
PA14_30970,bphR_2691869_C_G_K_N|1	17.1580283794	3.43952584798e-05	56.0	22.0
PA14_31190_2712143_C_T_R_H|1	17.1385882211	3.47490873882e-05	35.0	9.0
PA14_31130_2707845_C_T_D_N|1	17.1385882211	3.47490873882e-05	35.0	9.0
PA14_31180_2710620_G_T_Q_K|1	17.1385882211	3.47490873882e-05	35.0	9.0
PA14_28820_2487264_C_A_R_S|1	17.0873786408	3.56987616173e-05	16.0	0.0
PA14_30890_2682984_G_C_R_P|1	17.0640856134	3.61393174796e-05	69.0	31.0
PA14_22670,yrbF_1972083_C_T_V_M|1	17.0640856134	3.61393174796e-05	69.0	31.0
PA14_30910,trbE_2685746_C_T_A_T|1	17.0640856134	3.61393174796e-05	69.0	31.0
PA14_31180_2709738_A_C_F_V|1	16.9918120714	3.75413651385e-05	40.0	12.0
PA14_30960,traG_2690341_T_C_T_A|1	16.9918120714	3.75413651385e-05	40.0	12.0
PA14_30930,trbC_2686829_G_C_F_L|1	16.9677356909	3.80204662971e-05	80.0	39.0
PA14_30970,bphR_2691577_T_C_I_V|1	16.9633752961	3.81078898325e-05	66.0	29.0
PA14_30880,trbL_2682609_C_G_E_D|1	16.9633752961	3.81078898325e-05	66.0	29.0
PA14_22680,yrbE_1972834_G_C_A_G|1	16.9633752961	3.81078898325e-05	66.0	29.0
PA14_30960,traG_2689605_G_T_P_H|1	16.9121627307	3.91499242798e-05	73.0	34.0
PA14_68510_6111764_C_T_V_I|1	16.9106402336	3.91813375087e-05	48.0	17.0
PA14_59690_5312281_G_A_G_S|1	16.9106402336	3.91813375087e-05	48.0	17.0
PA14_02340,atsB_210129_C_T_R_H|1	16.8816328332	3.97847024004e-05	63.0	27.0
PA14_31100_2705403_C_T_V_I|1	16.8816328332	3.97847024004e-05	63.0	27.0
PA14_22670,yrbF_1971895_G_C_I_M|1	16.8816328332	3.97847024004e-05	63.0	27.0
PA14_00620_63078_C_G_R_P|1	16.850622394	4.04400657148e-05	34.0	82.0
PA14_33630,pvdJ_2977763_G_C_G_A|1	16.8355774073	4.07619200375e-05	105.0	58.0
PA14_30860,trbG_2680494_C_G_A_P|1	16.8256323288	4.09760855376e-05	51.0	19.0
PA14_50380,flgJ_4478955_G_A_A_V|1	16.8256323288	4.09760855376e-05	51.0	19.0
PA14_31190_2711826_T_C_N_D|1	16.8256323288	4.09760855376e-05	51.0	19.0
PA14_11990_1036888_C_G_G_A|1	16.8256323288	4.09760855376e-05	51.0	19.0
PA14_28340_2449491_G_C_V_L|1	16.8256323288	4.09760855376e-05	51.0	19.0
PA14_18040_1549391_C_A_L_I|1	16.8256323288	4.09760855376e-05	51.0	19.0
PA14_51680_4592038_G_A_H_Y|1	16.822205493	4.10501435877e-05	60.0	25.0
PA14_31150_2708391_C_A_R_L|1	16.822205493	4.10501435877e-05	60.0	25.0
PA14_31260_2718494_T_A_T_S|1	16.822205493	4.10501435877e-05	60.0	25.0
PA14_30960,traG_2689590_C_G_G_A|1	16.805469875	4.14137582282e-05	77.0	37.0
PA14_31070_2703116_T_C_S_G|1	16.805469875	4.14137582282e-05	77.0	37.0
PA14_68050_6072419_C_T_R_C|1	16.7881482789	4.17935148601e-05	54.0	21.0
PA14_32100,xylY_2792796_G_C_Q_H|1	16.7881482789	4.17935148601e-05	54.0	21.0
PA14_30910,trbE_2685902_C_G_E_Q|1	16.7881482789	4.17935148601e-05	54.0	21.0
PA14_42080,fadB_3753662_G_T_A_E|1	16.7881482789	4.17935148601e-05	54.0	21.0
PA14_22670,yrbF_1972058_A_T_F_Y|2	16.7828046311	4.19113734661e-05	70.0	32.0
PA14_30890_2683037_G_C_V_L|1	16.7828046311	4.19113734661e-05	70.0	32.0
PA14_30880,trbL_2681665_G_A_A_V|1	16.7828046311	4.19113734661e-05	70.0	32.0
PA14_31110_2706070_G_A_H_Y|1	16.7828046311	4.19113734661e-05	70.0	32.0
PA14_31080_2703653_G_A_S_F|1	16.7401309983	4.28646446766e-05	43.0	14.0
PA14_31110_2707012_C_A_A_S|1	16.7401309983	4.28646446766e-05	43.0	14.0
PA14_31150_2708590_C_G_E_Q|1	16.7231820884	4.32492814302e-05	38.0	11.0
PA14_31110_2707023_C_T_C_Y|1	16.6818408776	4.42020925646e-05	29.0	6.0
PA14_29360,pfeS_2542029_C_T_D_N|1	16.6680921921	4.45236190469e-05	67.0	30.0
PA14_31190_2711084_T_G_N_T|1	16.6235243822	4.55821357957e-05	27.0	5.0
PA14_31190_2711325_C_A_V_L|1	16.5728212283	4.68171746717e-05	46.0	16.0
PA14_30860,trbG_2680596_G_T_P_T|1	16.5704132929	4.68766574853e-05	64.0	28.0
PA14_31080_2703944_G_A_T_I|1	16.5704132929	4.68766574853e-05	64.0	28.0
PA14_31110_2706108_T_C_K_R|1	16.5124253174	4.83323018447e-05	71.0	33.0
PA14_31090_2704928_C_T_G_S|1	16.4927047509	4.88376250616e-05	61.0	26.0
PA14_30940,trbB_2687385_A_T_S_T|1	16.4927047509	4.88376250616e-05	61.0	26.0
PA14_30910,trbE_2685821_C_A_A_S|1	16.4927047509	4.88376250616e-05	61.0	26.0
PA14_33810,pvdA_3004495_G_A_R_H|1	16.4880059746	4.89588089184e-05	86.0	44.0
PA14_33630,pvdJ_2976818_T_C_V_A|1	16.4880059746	4.89588089184e-05	86.0	44.0
PA14_30970,bphR_2691670_C_A_G_W|1	16.4709936636	4.94000997762e-05	49.0	18.0
PA14_30910,trbE_2686016_C_A_E_*|1	16.4709936636	4.94000997762e-05	49.0	18.0
PA14_33700,pvdF_2990947_G_A_G_E|1	16.453694937	4.98529214959e-05	112.0	64.0
PA14_31180_2710355_G_A_S_L|1	16.4386196801	5.02509425527e-05	58.0	24.0
PA14_31190_2711542_G_T_D_E|1	16.4386196801	5.02509425527e-05	58.0	24.0
PA14_55400_4925847_G_A_A_V|1	16.4210061783	5.07200285923e-05	52.0	20.0
PA14_31190_2711015_T_G_Q_P|1	16.4210061783	5.07200285923e-05	52.0	20.0
PA14_30970,bphR_2691920_C_G_K_N|1	16.4210061783	5.07200285923e-05	52.0	20.0
PA14_52350_4645468_G_A_D_N|1	16.4127600555	5.09411516269e-05	55.0	22.0
PA14_31070_2701554_C_A_E_D|1	16.4036831182	5.11856742341e-05	75.0	36.0
PA14_30940,trbB_2687114_C_T_R_H|1	16.4036831182	5.11856742341e-05	75.0	36.0
PA14_33280,pvdL_2921213_C_G_L_V|1	16.4036831182	5.11856742341e-05	75.0	36.0
PA14_28820_2486427_G_A_D_N|2	16.3660937427	5.22109185257e-05	18.0	1.0
PA14_03390_311807_T_C_K_R|1	16.3660937427	5.22109185257e-05	18.0	1.0
PA14_28820_2487972_A_G_T_A|1	16.3660937427	5.22109185257e-05	18.0	1.0
PA14_28820_2487539_C_G_D_E|2	16.3660937427	5.22109185257e-05	18.0	1.0
PA14_30850,trbI_2679088_G_T_L_M|5	16.2725291544	5.48534618053e-05	65.0	29.0
PA14_30910,trbE_2684648_C_G_G_R|1	16.2725291544	5.48534618053e-05	65.0	29.0
PA14_30910,trbE_2685949_T_C_N_S|1	16.2725291544	5.48534618053e-05	65.0	29.0
PA14_30960,traG_2688621_G_T_A_D|1	16.2523305967	5.54413544433e-05	72.0	34.0
PA14_30880,trbL_2681645_G_A_P_S|1	16.1781102175	5.76565379651e-05	62.0	27.0
PA14_30860,trbG_2680032_C_T_A_T|1	16.1412803074	5.87885938508e-05	39.0	12.0
PA14_31200_2713265_T_C_D_G|1	16.1412803074	5.87885938508e-05	39.0	12.0
PA14_33250_2909967_T_C_L_S|1	16.1128660439	5.9677228808e-05	69.0	32.0
PA14_31190_2711591_A_G_V_A|1	16.1047629555	5.99331136534e-05	59.0	25.0
PA14_31190_2712275_G_C_T_S|1	16.056959208	6.14653102294e-05	50.0	19.0
PA14_17760,ada_1526497_T_C_S_P|1	16.0427274414	6.19290296927e-05	101.0	56.0
PA14_51670_4591650_T_G_E_A|1	16.0383685981	6.20717583149e-05	53.0	21.0
PA14_30960,traG_2688718_C_T_A_T|1	16.0383685981	6.20717583149e-05	53.0	21.0
PA14_30860,trbG_2680668_G_T_P_T|1	16.0379876434	6.20842482362e-05	32.0	8.0
PA14_69550_6205511_C_G_A_P|1	16.0379876434	6.20842482362e-05	32.0	8.0
PA14_58910_5251995_T_C_V_A|1	16.0379876434	6.20842482362e-05	32.0	8.0
PA14_48930_4350118_C_A_V_L|1	16.0194174757	6.26961616065e-05	15.0	0.0
PA14_28820_2487070_A_C_E_A|1	16.0194174757	6.26961616065e-05	15.0	0.0
PA14_31070_2701258_T_G_Q_P|1	16.0019491027	6.3277305204e-05	73.0	35.0
PA14_30870,trbF_2680774_C_A_R_L|1	15.987146955	6.3773986682e-05	66.0	30.0
PA14_31070_2701966_G_A_T_I|1	15.987146955	6.3773986682e-05	66.0	30.0
PA14_67700_6047797_C_A_D_Y|1	15.9815912243	6.39614179371e-05	1.0	20.0
PA14_28830_2489321_A_G_T_A|1	15.9513600257	6.49910675791e-05	20.0	2.0
PA14_28820_2487309_G_T_A_S|1	15.9513600257	6.49910675791e-05	20.0	2.0
PA14_33630,pvdJ_2976828_C_G_I_M|1	15.9182569663	6.61376643444e-05	111.0	64.0
PA14_31110_2707024_A_C_C_G|1	15.9180494263	6.61449167579e-05	42.0	14.0
PA14_63580,fdnH_5668961_G_A_A_V|1	15.9180494263	6.61449167579e-05	42.0	14.0
PA14_31110_2706766_T_A_T_S|1	15.9180494263	6.61449167579e-05	42.0	14.0
PA14_33650,pvdD_2983743_C_T_L_F|1	15.9140680163	6.62842006978e-05	15.0	49.0
PA14_00510_46064_C_G_A_G|1	15.8866762092	6.72504941422e-05	121.0	72.0
PA14_30880,trbL_2681654_T_C_M_V|1	15.8774390658	6.75795349882e-05	63.0	28.0
PA14_24860,snr1_2173693_G_C_G_R|1	15.8515505703	6.85103768933e-05	70.0	33.0
PA14_55860_4987839_C_G_E_D|1	15.7865350274	7.09053322899e-05	60.0	26.0
PA14_30930,trbC_2686773_T_G_Q_P|1	15.7865350274	7.09053322899e-05	60.0	26.0
PA14_31180_2710472_T_G_Q_P|1	15.7759090186	7.13046896421e-05	45.0	16.0
PA14_30960,traG_2690340_G_A_T_M|1	15.7759090186	7.13046896421e-05	45.0	16.0
PA14_30850,trbI_2678530_C_G_E_Q|1	15.760751023	7.18782918516e-05	74.0	36.0
PA14_30970,bphR_2691532_G_A_H_Y|1	15.7350189502	7.28626822224e-05	28.0	6.0
PA14_22670,yrbF_1971876_G_T_R_S|1	15.7179170344	7.35244134118e-05	57.0	24.0
PA14_30860,trbG_2680589_T_A_Q_L|1	15.7135012699	7.36962541781e-05	67.0	31.0
PA14_30880,trbL_2682398_G_C_Q_E|1	15.7135012699	7.36962541781e-05	67.0	31.0
PA14_30900,trbJ_2683332_G_T_Q_K|1	15.7135012699	7.36962541781e-05	67.0	31.0
PA14_51650_4589806_A_C_N_H|1	15.6964294311	7.43644188084e-05	48.0	18.0
PA14_59660_5308869_C_G_P_A|1	15.6964294311	7.43644188084e-05	48.0	18.0
PA14_30850,trbI_2679420_T_G_K_T|1	15.6964294311	7.43644188084e-05	48.0	18.0
PA14_53340_4729395_T_C_F_L|1	15.6964294311	7.43644188084e-05	48.0	18.0
PA14_31190_2712822_C_G_A_P|1	15.6964294311	7.43644188084e-05	48.0	18.0
PA14_31110_2705953_C_T_G_S|1	15.6964294311	7.43644188084e-05	48.0	18.0
PA14_31080_2703960_C_G_G_R|1	15.6759836484	7.5172659154e-05	54.0	22.0
PA14_17650_1517282_G_A_G_S|1	15.6759836484	7.5172659154e-05	54.0	22.0
PA14_71180_6341164_C_T_R_H|1	15.6663724625	7.55556457921e-05	51.0	20.0
PA14_22410_1950831_T_A_C_S|1	15.6663724625	7.55556457921e-05	51.0	20.0
PA14_73400,trmE_6533915_C_T_G_S|1	15.6663724625	7.55556457921e-05	51.0	20.0
PA14_36605_3259443_G_A_R_Q|1	15.6663724625	7.55556457921e-05	51.0	20.0
PA14_71350_6356469_T_G_F_C|1	15.6663724625	7.55556457921e-05	51.0	20.0
PA14_06120_540145_C_T_R_H|1	15.6663724625	7.55556457921e-05	51.0	20.0
PA14_28830_2489220_G_C_G_A|1	15.6564786607	7.59519446132e-05	26.0	5.0
PA14_46580_4147759_G_A_V_I|1	15.6564786607	7.59519446132e-05	26.0	5.0
PA14_30880,trbL_2681572_C_T_G_D|1	15.6564786607	7.59519446132e-05	26.0	5.0
PA14_28830_2488508_G_A_V_I|1	15.6474089018	7.63170730742e-05	24.0	4.0
PA14_30880,trbL_2681579_G_T_P_T|1	15.6474089018	7.63170730742e-05	24.0	4.0
PA14_31150_2708589_T_A_E_V|1	15.6474089018	7.63170730742e-05	24.0	4.0
PA14_03400_312247_C_T_V_I|1	15.6474089018	7.63170730742e-05	24.0	4.0
PA14_55470,hxcY_4938701_G_C_A_G|1	15.631410354	7.69654493589e-05	13.0	45.0
PA14_31070_2702813_C_T_D_N|1	15.6034588419	7.81115736586e-05	40.0	13.0
PA14_31070_2703433_G_A_P_L|1	15.6034588419	7.81115736586e-05	40.0	13.0
PA14_31110_2706772_G_C_Q_E|1	15.600272349	7.82433182347e-05	71.0	34.0
PA14_30910,trbE_2686165_C_T_R_Q|1	15.600272349	7.82433182347e-05	71.0	34.0
PA14_30940,trbB_2687577_C_G_V_L|1	15.600272349	7.82433182347e-05	71.0	34.0
PA14_40690_3634932_C_T_H_Y|1	15.5897930131	7.86781616812e-05	64.0	29.0
PA14_30960,traG_2688609_G_T_A_D|1	15.5897930131	7.86781616812e-05	64.0	29.0
PA14_30890_2683007_G_C_G_R|1	15.5282443891	8.12816694778e-05	75.0	37.0
PA14_67200_5998106_G_C_L_V|1	15.4901466324	8.29364611068e-05	79.0	40.0
PA14_22680,yrbE_1972847_G_T_L_I|1	15.4828702961	8.32563460207e-05	61.0	27.0
PA14_30910,trbE_2685934_C_A_G_V|1	15.4828702961	8.32563460207e-05	61.0	27.0
PA14_31180_2709782_T_G_N_T|1	15.4828702961	8.32563460207e-05	61.0	27.0
PA14_31200_2713433_T_C_H_R|1	15.4803240449	8.33685781885e-05	83.0	43.0
PA14_33630,pvdJ_2976826_A_C_I_L|1	15.4253390035	8.58296624129e-05	105.0	60.0
PA14_33650,pvdD_2983680_G_A_A_T|1	15.4170837444	8.62054205373e-05	5.0	29.0
PA14_09270,pchE_788606_G_A_A_T|1	15.39576665	8.71833932953e-05	58.0	25.0
PA14_30930,trbC_2686772_T_G_Q_H|1	15.39576665	8.71833932953e-05	58.0	25.0
PA14_49560,toxA_4407502_C_T_S_L|1	15.39576665	8.71833932953e-05	58.0	25.0
PA14_30910,trbE_2683858_T_G_D_A|1	15.3584685435	8.89214659001e-05	72.0	35.0
PA14_30940,trbB_2687105_C_G_S_T|1	15.3584685435	8.89214659001e-05	72.0	35.0
PA14_31190_2712878_T_C_K_R|1	15.3536943639	8.91464428459e-05	33.0	9.0
PA14_31180_2710459_A_T_H_Q|1	15.3536943639	8.91464428459e-05	33.0	9.0
PA14_70010_6245307_C_T_R_H|1	15.339919304	8.97987899938e-05	46.0	17.0
PA14_05870_520408_G_A_T_I|13	15.339919304	8.97987899938e-05	46.0	17.0
PA14_07500_645487_G_A_A_V|2	15.339919304	8.97987899938e-05	46.0	17.0
PA14_42980_3823958_C_T_S_N|1	15.339919304	8.97987899938e-05	46.0	17.0
PA14_36910,ligD_3289781_G_A_R_C|1	15.339919304	8.97987899938e-05	46.0	17.0
PA14_55640,sbcD_4958208_A_G_D_G|1	15.339919304	8.97987899938e-05	46.0	17.0
PA14_46490,fabF2_4137979_G_A_R_H|1	15.339919304	8.97987899938e-05	46.0	17.0
PA14_30690_2659558_G_C_T_R|1	15.339919304	8.97987899938e-05	46.0	17.0
PA14_30850,trbI_2679037_C_T_A_T|1	15.339919304	8.97987899938e-05	46.0	17.0
PA14_37900_3381418_G_A_A_V|1	15.339919304	8.97987899938e-05	46.0	17.0
PA14_30940,trbB_2687633_G_C_P_R|1	15.339919304	8.97987899938e-05	46.0	17.0
PA14_31180_2710196_T_G_E_A|1	15.3322934347	9.01619926214e-05	55.0	23.0
PA14_37030,cupA3_3297697_G_C_R_G|1	15.3322934347	9.01619926214e-05	55.0	23.0
PA14_01680_154111_C_G_L_V|1	15.3322934347	9.01619926214e-05	55.0	23.0
PA14_30940,trbB_2687061_C_T_A_T|1	15.3143494217	9.1022466878e-05	65.0	30.0
PA14_28820_2487328_T_C_V_A|1	15.3098411297	9.12399500438e-05	17.0	1.0
PA14_39210,nadR_3492221_C_T_L_F|1	15.3098411297	9.12399500438e-05	17.0	1.0
PA14_28820_2486449_C_T_T_I|1	15.3098411297	9.12399500438e-05	17.0	1.0
PA14_28820_2486710_G_A_S_N|3	15.3098411297	9.12399500438e-05	17.0	1.0
PA14_28820_2487712_T_C_L_S|7	15.3098411297	9.12399500438e-05	17.0	1.0
PA14_28820_2487547_G_A_R_K|1	15.3098411297	9.12399500438e-05	17.0	1.0
PA14_28840_2490018_G_A_A_T|39	15.3098411297	9.12399500438e-05	17.0	1.0
PA14_31190_2711710_G_C_D_E|1	15.2994457193	9.17434269604e-05	38.0	12.0
PA14_57480_5122255_G_A_S_N|1	15.2973062182	9.18473949903e-05	52.0	21.0
PA14_36920_3290779_G_A_Q_*|1	15.2973062182	9.18473949903e-05	52.0	21.0
PA14_63080,lldP_5628545_G_A_V_M|1	15.2973062182	9.18473949903e-05	52.0	21.0
PA14_29270,yaiW_2533005_A_G_I_V|1	15.2973062182	9.18473949903e-05	52.0	21.0
PA14_31110_2705948_C_G_M_I|1	15.2970886766	9.18579729571e-05	49.0	19.0
PA14_30940,trbB_2687604_T_G_M_L|1	15.2808159425	9.26527206774e-05	80.0	41.0
PA14_52250,pirR_4635616_A_G_F_L|1	15.2507524272	9.41392450275e-05	7.0	33.0
PA14_20590,amiR_1772168_G_T_A_S|1	15.2417434676	9.45893594789e-05	8.0	35.0
PA14_30910,trbE_2685152_G_C_L_V|1	15.1986579098	9.67721729279e-05	69.0	33.0
PA14_31180_2710230_C_T_V_I|1	15.1927978817	9.70729458925e-05	62.0	28.0
PA14_30960,traG_2690392_C_T_A_T|1	15.1927978817	9.70729458925e-05	62.0	28.0
PA14_30930,trbC_2686911_A_G_L_S|1	15.1927978817	9.70729458925e-05	62.0	28.0
PA14_30960,traG_2688846_G_A_A_V|1	15.1927978817	9.70729458925e-05	62.0	28.0
PA14_30960,traG_2689375_A_T_S_T|1	15.1256176263	0.000100589009332	73.0	36.0
PA14_30880,trbL_2681741_T_C_M_V|1	15.1256176263	0.000100589009332	73.0	36.0
PA14_30900,trbJ_2683196_G_A_T_I|1	15.1256176263	0.000100589009332	73.0	36.0
PA14_33690,pvdE_2989413_A_T_S_T|1	15.0888780437	0.000102565803341	59.0	26.0
PA14_31150_2708491_C_T_A_T|1	15.0888780437	0.000102565803341	59.0	26.0
PA14_38690,acsA_3451239_A_T_T_S|1	15.0888780437	0.000102565803341	59.0	26.0
PA14_31100_2705561_T_A_Q_L|1	15.0875072283	0.000102640312738	77.0	39.0
PA14_30900,trbJ_2683746_G_A_L_F|1	15.0875072283	0.000102640312738	77.0	39.0
PA14_30960,traG_2689345_G_A_L_F|1	15.0875072283	0.000102640312738	77.0	39.0
PA14_30960,traG_2689936_G_T_Q_K|1	15.0783630767	0.000103138730181	81.0	42.0
PA14_31100_2705469_C_T_A_T|1	15.0547616946	0.000104436449735	1.0	19.0
PA14_37420_3331127_G_A_L_F|1	15.0503535	0.000104680649043	66.0	31.0
PA14_31070_2703161_C_T_A_T|1	15.0503535	0.000104680649043	66.0	31.0
PA14_30930,trbC_2686711_C_A_A_S|1	15.0503535	0.000104680649043	66.0	31.0
PA14_68780_6133982_C_A_V_L|1	15.0444307149	0.000105009656636	14.0	46.0
PA14_30900,trbJ_2683158_C_T_E_K|1	15.0058958517	0.000107175810175	56.0	24.0
PA14_33610_2964910_G_C_G_R|1	15.0058958517	0.000107175810175	56.0	24.0
PA14_31090_2704240_A_G_L_P|1	15.0058958517	0.000107175810175	56.0	24.0
PA14_30960,traG_2688715_T_A_T_S|1	15.0058958517	0.000107175810175	56.0	24.0
PA14_30330,serS_2628316_G_A_A_T|2	14.9880317741	0.000108195202438	44.0	16.0
PA14_32790_2863277_C_T_H_Y|1	14.9880317741	0.000108195202438	44.0	16.0
PA14_35620,pslK_3165683_T_C_H_R|1	14.9880317741	0.000108195202438	44.0	16.0
PA14_03220_286750_T_C_H_R|1	14.9880317741	0.000108195202438	44.0	16.0
PA14_41280_3684874_G_A_A_T|2	14.9880317741	0.000108195202438	44.0	16.0
PA14_53800,mntH2_4770526_G_A_V_M|1	14.9880317741	0.000108195202438	44.0	16.0
PA14_30960,traG_2690139_T_A_Q_L|1	14.9880317741	0.000108195202438	44.0	16.0
PA14_33530_2950861_C_T_E_K|16	14.9880317741	0.000108195202438	44.0	16.0
PA14_02490,tonB2_224617_G_A_A_T|7	14.9880317741	0.000108195202438	44.0	16.0
PA14_31180_2710400_C_G_R_P|1	14.9818181818	0.000108552056475	0.0	16.0
PA14_31070_2703218_T_C_N_D|1	14.9562122344	0.000110035180093	70.0	34.0
PA14_30900,trbJ_2683380_C_G_E_Q|1	14.9562122344	0.000110035180093	70.0	34.0
PA14_28840_2490121_A_T_E_V|1	14.9514563107	0.000110312885877	14.0	0.0
PA14_36110_3217917_G_A_A_V|1	14.948038835	0.000110512873075	53.0	22.0
PA14_59610_5304842_T_G_K_Q|1	14.948038835	0.000110512873075	53.0	22.0
PA14_30880,trbL_2681506_A_G_L_P|1	14.948038835	0.000110512873075	53.0	22.0
PA14_53190,bolA_4715460_T_C_K_R|1	14.948038835	0.000110512873075	53.0	22.0
