feature	score	p-value	#I-out-of-20	#O-out-of-334
PA14_17980,glpF_1544837_T_C_N_S|1	69.3870985302	8.09162272406e-17	7.0	4.0
PA14_33360_2936920_T_G_S_A|1	66.8	3.00498122722e-16	4.0	0.0
PA14_18150,acsL_1558182_C_T_P_S|2	62.8598802395	2.21947447258e-15	6.0	3.0
PA14_57480_5122593_G_A_A_T|2	62.8598802395	2.21947447258e-15	6.0	3.0
PA14_02050_186553_G_A_G_S|7	62.8598802395	2.21947447258e-15	6.0	3.0
PA14_20860_1796456_C_A_A_E|2	62.8598802395	2.21947447258e-15	6.0	3.0
PA14_18310_1570877_C_T_A_T|1	62.4830838323	2.68743098413e-15	7.0	5.0
PA14_20860_1795972_C_A_L_M|1	59.0395209581	1.5453674693e-14	8.0	8.0
PA14_49440_4393862_T_C_N_D|1	56.8199315654	4.77601040077e-14	5.0	2.0
PA14_17650_1517229_C_T_A_V|2	55.4158083832	9.75487914232e-14	6.0	4.0
PA14_17860,paaH_1534346_C_T_A_V|1	55.4158083832	9.75487914232e-14	6.0	4.0
PA14_58900_5248589_G_A_G_S|1	55.4158083832	9.75487914232e-14	6.0	4.0
PA14_40440_3614212_C_T_R_C|1	55.4158083832	9.75487914232e-14	6.0	4.0
PA14_46640_4157450_G_A_P_S|1	55.4158083832	9.75487914232e-14	6.0	4.0
PA14_69270_6179805_G_C_S_T|1	55.4158083832	9.75487914232e-14	6.0	4.0
PA14_41300_3686584_G_A_R_W|1	55.4158083832	9.75487914232e-14	6.0	4.0
PA14_01910,pcaG_174742_C_T_S_L|1	55.4158083832	9.75487914232e-14	6.0	4.0
PA14_36590,malQ_3257768_G_A_G_D|1	55.4158083832	9.75487914232e-14	6.0	4.0
PA14_31190_2711016_G_C_Q_E|1	51.8519760479	5.98464143478e-13	4.0	1.0
PA14_03380_311583_C_T_T_M|1	51.8519760479	5.98464143478e-13	4.0	1.0
PA14_03380_311063_C_T_H_Y|1	51.8519760479	5.98464143478e-13	4.0	1.0
PA14_28840_2491524_A_G_K_E|1	51.8519760479	5.98464143478e-13	4.0	1.0
PA14_31130_2707403_G_A_A_V|1	51.8519760479	5.98464143478e-13	4.0	1.0
PA14_03380_311330_C_G_L_V|1	51.8519760479	5.98464143478e-13	4.0	1.0
PA14_03380_311555_A_G_T_A|2	51.8519760479	5.98464143478e-13	4.0	1.0
PA14_17640,potA_1516677_C_T_S_N|1	51.8519760479	5.98464143478e-13	4.0	1.0
PA14_27980,yjbN_2420805_G_A_A_V|1	51.6595808383	6.60077448629e-13	7.0	7.0
PA14_08310_712780_C_A_S_Y|1	50.1	1.46106993423e-12	3.0	0.0
PA14_33360_2936374_G_A_G_S|1	50.1	1.46106993423e-12	3.0	0.0
PA14_04700_418406_G_T_E_D|1	50.1	1.46106993423e-12	3.0	0.0
PA14_65350,mutL_5821796_C_T_A_T|1	50.1	1.46106993423e-12	3.0	0.0
PA14_33890,aldG_3011414_T_G_S_A|2	50.1	1.46106993423e-12	3.0	0.0
PA14_46800_4167735_G_T_V_F|1	50.1	1.46106993423e-12	3.0	0.0
PA14_54090_4797880_G_A_P_S|1	50.1	1.46106993423e-12	3.0	0.0
PA14_49460,nrdA_4396864_G_C_G_A|1	50.1	1.46106993423e-12	3.0	0.0
PA14_33610_2963729_T_C_V_A|1	50.1	1.46106993423e-12	3.0	0.0
PA14_59540_5297726_C_G_Q_E|1	50.1	1.46106993423e-12	3.0	0.0
PA14_17630,potB_1514952_C_T_A_T|1	49.3360914535	2.15658069123e-12	6.0	5.0
PA14_55440,hxcR_4933809_G_A_T_M|1	49.3360914535	2.15658069123e-12	6.0	5.0
PA14_33360_2937085_T_A_L_M|1	49.3360914535	2.15658069123e-12	6.0	5.0
PA14_17820_1532204_T_A_D_E|1	49.3360914535	2.15658069123e-12	6.0	5.0
PA14_59690_5311549_C_A_R_S|1	48.5048652695	3.29470479423e-12	5.0	3.0
PA14_31130_2707240_A_T_D_E|1	48.5048652695	3.29470479423e-12	5.0	3.0
PA14_67850_6059453_T_C_D_G|1	48.5048652695	3.29470479423e-12	5.0	3.0
PA14_72010_6419628_A_G_D_G|1	48.5048652695	3.29470479423e-12	5.0	3.0
PA14_01870_170237_A_T_D_V|4	48.5048652695	3.29470479423e-12	5.0	3.0
PA14_33330_2930189_A_C_S_R|1	48.5048652695	3.29470479423e-12	5.0	3.0
PA14_31180_2710322_G_A_T_I|1	44.2796407186	2.84661390398e-11	6.0	6.0
PA14_69170_6170206_C_T_A_T|1	44.2796407186	2.84661390398e-11	6.0	6.0
PA14_40120,polB_3575423_C_T_R_H|1	44.2796407186	2.84661390398e-11	6.0	6.0
PA14_59540_5297717_G_C_D_H|1	44.2796407186	2.84661390398e-11	6.0	6.0
PA14_04020_363171_C_T_R_H|1	43.5718937126	4.08666462323e-11	7.0	9.0
PA14_45190_4030717_C_A_R_S|1	43.5718937126	4.08666462323e-11	7.0	9.0
PA14_28840_2489634_T_A_S_T|1	42.0508982036	8.89283344772e-11	5.0	4.0
PA14_59540_5299122_A_G_Y_C|2	42.0508982036	8.89283344772e-11	5.0	4.0
PA14_36960_3293210_A_G_F_L|1	42.0508982036	8.89283344772e-11	5.0	4.0
PA14_11990_1036646_C_T_A_T|2	42.0508982036	8.89283344772e-11	5.0	4.0
PA14_16100_1371578_A_T_L_Q|1	42.0508982036	8.89283344772e-11	5.0	4.0
PA14_71630,adhA_6380289_G_A_G_S|1	42.0508982036	8.89283344772e-11	5.0	4.0
PA14_30910,trbE_2683939_G_C_A_G|1	41.9065868263	9.57395820678e-11	4.0	2.0
PA14_21020_1814700_G_A_P_L|1	41.9065868263	9.57395820678e-11	4.0	2.0
PA14_33360_2936335_T_A_F_I|1	41.9065868263	9.57395820678e-11	4.0	2.0
PA14_01290,coxB_125495_A_T_H_L|111	41.9065868263	9.57395820678e-11	4.0	2.0
PA14_31070_2703439_G_T_T_K|1	41.9065868263	9.57395820678e-11	4.0	2.0
PA14_28840_2490122_G_T_E_D|1	41.9065868263	9.57395820678e-11	4.0	2.0
PA14_39690,nrdD_3537914_G_A_A_T|1	41.9065868263	9.57395820678e-11	4.0	2.0
PA14_03380_310266_C_G_T_S|12	41.9065868263	9.57395820678e-11	4.0	2.0
PA14_03380_310421_G_T_A_S|1	41.9065868263	9.57395820678e-11	4.0	2.0
PA14_30910,trbE_2685203_A_G_F_L|1	41.9065868263	9.57395820678e-11	4.0	2.0
PA14_51360,phnA_4565371_G_C_A_G|1	41.9065868263	9.57395820678e-11	4.0	2.0
PA14_59540_5297294_A_C_K_Q|1	41.9065868263	9.57395820678e-11	4.0	2.0
PA14_09520,mexI_816635_C_T_E_K|1	41.9065868263	9.57395820678e-11	4.0	2.0
PA14_09520,mexI_816724_G_C_A_G|7	41.9065868263	9.57395820678e-11	4.0	2.0
PA14_30970,bphR_2691733_G_T_R_S|1	41.9065868263	9.57395820678e-11	4.0	2.0
PA14_03270_295100_C_T_L_F|1	41.9065868263	9.57395820678e-11	4.0	2.0
PA14_28840_2491438_C_T_A_V|1	41.9065868263	9.57395820678e-11	4.0	2.0
PA14_17640,potA_1516738_T_A_N_Y|1	41.4723695466	1.19548724685e-10	8.0	13.0
PA14_18640_1604181_G_T_A_S|1	41.1744253429	1.39232432312e-10	10.0	21.0
PA14_48410_4305374_T_C_T_A|1	41.1744253429	1.39232432312e-10	10.0	21.0
PA14_17850,fadB_1533009_C_T_P_L|1	40.2522367031	2.23199656165e-10	7.0	10.0
PA14_48320_4299569_G_T_A_S|1	40.2522367031	2.23199656165e-10	7.0	10.0
PA14_17890_1536309_A_T_T_S|1	40.0103178259	2.52624936668e-10	6.0	7.0
PA14_08440_722334_C_T_R_H|1	40.0103178259	2.52624936668e-10	6.0	7.0
PA14_34020_3026686_T_A_N_Y|1	40.0103178259	2.52624936668e-10	6.0	7.0
PA14_73390_6533039_A_G_L_P|1	39.3431886228	3.55490771811e-10	10.0	22.0
PA14_17640,potA_1516743_C_A_R_L|1	38.9334784976	4.38495693325e-10	8.0	14.0
PA14_28880_2493063_G_C_P_A|1	36.8997005988	1.24365045221e-09	5.0	5.0
PA14_55300_4909587_C_A_A_S|1	36.8997005988	1.24365045221e-09	5.0	5.0
PA14_28830_2489177_C_G_Q_E|1	36.8997005988	1.24365045221e-09	5.0	5.0
PA14_48060,aprA_4278729_T_C_N_S|1	36.8997005988	1.24365045221e-09	5.0	5.0
PA14_28820_2487907_G_C_G_A|1	36.8997005988	1.24365045221e-09	5.0	5.0
PA14_20230,nosR_1744349_C_T_R_H|1	36.8997005988	1.24365045221e-09	5.0	5.0
PA14_12630_1083119_A_G_N_S|1	36.8997005988	1.24365045221e-09	5.0	5.0
PA14_31190_2711689_G_T_D_E|1	36.8997005988	1.24365045221e-09	5.0	5.0
PA14_28840_2490121_A_T_E_V|1	36.8997005988	1.24365045221e-09	5.0	5.0
PA14_28820_2486562_A_G_T_A|1	36.8997005988	1.24365045221e-09	5.0	5.0
PA14_12630_1083652_C_A_R_S|1	36.8997005988	1.24365045221e-09	5.0	5.0
PA14_29410_2551310_C_T_L_F|1	36.8997005988	1.24365045221e-09	5.0	5.0
PA14_14060_1206549_A_G_E_G|2	36.8997005988	1.24365045221e-09	5.0	5.0
PA14_71800,zwf_6395387_G_A_S_N|1	36.8997005988	1.24365045221e-09	5.0	5.0
PA14_28820_2486830_A_G_K_R|1	36.8997005988	1.24365045221e-09	5.0	5.0
PA14_19700_1700357_C_A_H_Q|1	36.3594525235	1.64081492972e-09	6.0	8.0
PA14_59540_5299212_G_C_G_A|1	36.3594525235	1.64081492972e-09	6.0	8.0
PA14_55460,hxcZ_4937870_G_T_Q_K|1	36.3594525235	1.64081492972e-09	6.0	8.0
PA14_17820_1532258_G_C_E_D|1	36.3594525235	1.64081492972e-09	6.0	8.0
PA14_61170_5456175_A_G_I_V|1	36.3594525235	1.64081492972e-09	6.0	8.0
PA14_29490,hplR_2558595_G_A_C_Y|1	36.3594525235	1.64081492972e-09	6.0	8.0
PA14_09520,mexI_816523_A_G_F_S|2	36.0899700599	1.88414140264e-09	3.0	1.0
PA14_17640,potA_1516678_T_G_S_R|1	36.0899700599	1.88414140264e-09	3.0	1.0
PA14_59130_5265710_A_C_D_A|1	36.0899700599	1.88414140264e-09	3.0	1.0
PA14_09990_860101_A_G_W_R|1	36.0899700599	1.88414140264e-09	3.0	1.0
PA14_07460_640178_C_G_R_P|1	36.0899700599	1.88414140264e-09	3.0	1.0
PA14_12630_1085020_C_A_R_S|1	36.0899700599	1.88414140264e-09	3.0	1.0
PA14_28820_2487055_C_T_A_V|1	36.0899700599	1.88414140264e-09	3.0	1.0
PA14_59530_5296290_C_T_H_Y|1	36.0899700599	1.88414140264e-09	3.0	1.0
PA14_33360_2937175_G_C_D_H|1	36.0899700599	1.88414140264e-09	3.0	1.0
PA14_33890,aldG_3011379_C_T_A_V|1	36.0899700599	1.88414140264e-09	3.0	1.0
PA14_31070_2701219_C_T_G_D|1	36.0899700599	1.88414140264e-09	3.0	1.0
PA14_33360_2936012_A_C_D_A|1	36.0899700599	1.88414140264e-09	3.0	1.0
PA14_60000_5343659_C_A_L_M|1	36.0899700599	1.88414140264e-09	3.0	1.0
PA14_59530_5296005_G_A_V_I|1	36.0899700599	1.88414140264e-09	3.0	1.0
PA14_16690,ppc_1428089_C_T_A_V|1	36.0899700599	1.88414140264e-09	3.0	1.0
PA14_60000_5344044_T_A_F_Y|1	36.0899700599	1.88414140264e-09	3.0	1.0
PA14_60000_5343602_C_T_L_F|1	36.0899700599	1.88414140264e-09	3.0	1.0
PA14_50010,yliI_4446256_C_T_A_T|1	36.0899700599	1.88414140264e-09	3.0	1.0
PA14_32970_2885082_G_A_E_K|1	36.0899700599	1.88414140264e-09	3.0	1.0
PA14_64530_5749320_G_A_R_H|1	36.0899700599	1.88414140264e-09	3.0	1.0
PA14_59540_5298428_G_C_D_H|1	36.0899700599	1.88414140264e-09	3.0	1.0
PA14_23250,mtnA_2014092_G_A_G_S|1	36.0899700599	1.88414140264e-09	3.0	1.0
PA14_59690_5312189_A_C_K_T|1	36.0899700599	1.88414140264e-09	3.0	1.0
PA14_59540_5298134_G_A_G_S|1	36.0899700599	1.88414140264e-09	3.0	1.0
PA14_68120,opmG_6077856_T_C_F_L|1	36.0899700599	1.88414140264e-09	3.0	1.0
PA14_72790_6482794_C_T_R_Q|1	36.0899700599	1.88414140264e-09	3.0	1.0
PA14_51620_4587859_A_T_T_S|1	34.8198460222	3.61667890088e-09	4.0	3.0
PA14_53920_4781885_C_A_Q_K|2	34.8198460222	3.61667890088e-09	4.0	3.0
PA14_30910,trbE_2685202_A_T_F_Y|2	34.8198460222	3.61667890088e-09	4.0	3.0
PA14_03285_297492_A_G_S_G|1	34.8198460222	3.61667890088e-09	4.0	3.0
PA14_03270_295370_C_T_P_S|1	34.8198460222	3.61667890088e-09	4.0	3.0
PA14_14000_1200593_C_T_D_N|1	34.8198460222	3.61667890088e-09	4.0	3.0
PA14_00510_45433_G_A_A_T|2	34.8198460222	3.61667890088e-09	4.0	3.0
PA14_09520,mexI_818036_G_A_L_F|11	34.8198460222	3.61667890088e-09	4.0	3.0
PA14_08050_692195_G_A_G_R|1	34.8198460222	3.61667890088e-09	4.0	3.0
PA14_28820_2487071_G_C_E_D|1	34.8198460222	3.61667890088e-09	4.0	3.0
PA14_31130_2707239_C_A_A_S|2	34.8198460222	3.61667890088e-09	4.0	3.0
PA0296-PA0297,P1_348755_T_G_T_P|289	34.8198460222	3.61667890088e-09	4.0	3.0
PA14_59540_5299181_C_G_P_A|1	34.8198460222	3.61667890088e-09	4.0	3.0
PA14_03270_294631_G_T_E_D|1	34.8198460222	3.61667890088e-09	4.0	3.0
PA14_64530_5749251_G_A_R_Q|1	34.8198460222	3.61667890088e-09	4.0	3.0
PA14_00150_16344_T_G_T_P|138	34.8198460222	3.61667890088e-09	4.0	3.0
PA14_59540_5299188_G_A_R_K|1	34.8198460222	3.61667890088e-09	4.0	3.0
PA14_03470_317271_G_T_A_S|1	34.8198460222	3.61667890088e-09	4.0	3.0
PA14_09520,mexI_818104_G_A_A_V|2	34.8198460222	3.61667890088e-09	4.0	3.0
PA14_03270_296296_G_T_E_D|1	34.8198460222	3.61667890088e-09	4.0	3.0
PA14_03380_310280_G_C_D_H|1	34.8198460222	3.61667890088e-09	4.0	3.0
PA14_28820_2487150_G_A_A_T|2	34.8198460222	3.61667890088e-09	4.0	3.0
PA14_28840_2491525_A_C_K_T|1	34.8198460222	3.61667890088e-09	4.0	3.0
PA14_51620_4587893_C_G_A_G|1	34.8198460222	3.61667890088e-09	4.0	3.0
PA14_50980,pac_4529454_G_T_A_S|1	34.8198460222	3.61667890088e-09	4.0	3.0
PA14_03380_310281_A_G_D_G|1	34.8198460222	3.61667890088e-09	4.0	3.0
PA14_02410_218110_G_A_A_T|2	34.8198460222	3.61667890088e-09	4.0	3.0
PA14_69560,hcpB_6206405_A_G_V_A|1	34.8198460222	3.61667890088e-09	4.0	3.0
PA14_03270_295805_C_G_R_G|11	34.8198460222	3.61667890088e-09	4.0	3.0
PA14_33360_2936971_A_T_I_F|1	34.8198460222	3.61667890088e-09	4.0	3.0
PA14_64560_5751112_C_T_A_T|1	34.8198460222	3.61667890088e-09	4.0	3.0
PA14_28820_2486663_T_G_H_Q|1	34.8198460222	3.61667890088e-09	4.0	3.0
PA14_34460_3065167_C_T_R_C|1	34.8198460222	3.61667890088e-09	4.0	3.0
PA14_17640,potA_1516732_G_C_Q_E|1	34.6801449732	3.88574581527e-09	7.0	12.0
PA14_03380_311333_C_A_P_T|1	33.4	7.50239652957e-09	2.0	0.0
PA14_14130_1209600_G_T_A_S|1	33.4	7.50239652957e-09	2.0	0.0
PA14_60020_5345272_G_C_G_A|1	33.4	7.50239652957e-09	2.0	0.0
PA14_04520_402507_A_G_V_A|2	33.4	7.50239652957e-09	2.0	0.0
PA14_51880,oprD_4607166_G_A_G_D|2	33.4	7.50239652957e-09	2.0	0.0
PA14_39320,rbsC_3500705_G_A_A_V|3	33.4	7.50239652957e-09	2.0	0.0
PA14_47880_4260980_A_T_E_V|1	33.4	7.50239652957e-09	2.0	0.0
PA14_67400_6020086_C_T_A_T|1	33.4	7.50239652957e-09	2.0	0.0
PA14_02150_193937_C_T_A_T|21	33.4	7.50239652957e-09	2.0	0.0
PA14_60310,pilY1_5373952_A_G_S_G|1	33.4	7.50239652957e-09	2.0	0.0
PA14_55400_4922046_T_C_Q_R|1	33.4	7.50239652957e-09	2.0	0.0
PA14_38840,exaC_3463753_T_G_I_L|1	33.4	7.50239652957e-09	2.0	0.0
PA14_30910,trbE_2683871_C_G_V_L|2	33.4	7.50239652957e-09	2.0	0.0
PA14_33360_2936246_G_A_R_H|1	33.4	7.50239652957e-09	2.0	0.0
PA14_60000_5343668_A_C_S_R|1	33.4	7.50239652957e-09	2.0	0.0
PA14_50240_4462788_G_T_D_E|1	33.4	7.50239652957e-09	2.0	0.0
PA14_28240_2443308_T_A_V_D|1	33.4	7.50239652957e-09	2.0	0.0
PA14_13170_1132812_C_G_K_N|1	33.4	7.50239652957e-09	2.0	0.0
PA14_13170_1133032_T_C_D_G|1	33.4	7.50239652957e-09	2.0	0.0
PA14_07460_640179_G_A_R_C|2	33.4	7.50239652957e-09	2.0	0.0
PA14_68070_6074078_G_T_E_D|1	33.4	7.50239652957e-09	2.0	0.0
PA14_55631,23S-rRNA_4953958_T_G_S_R|1	33.4	7.50239652957e-09	2.0	0.0
PA14_59690_5310856_T_C_Y_H|1	33.4	7.50239652957e-09	2.0	0.0
PA14_03370_308314_G_T_L_I|1	33.4	7.50239652957e-09	2.0	0.0
PA14_03170_279763_C_A_Q_H|7	33.4	7.50239652957e-09	2.0	0.0
PA14_00030,recF_3374_C_T_T_I|271	33.4	7.50239652957e-09	2.0	0.0
PA14_23810_2068908_C_T_S_F|2	33.4	7.50239652957e-09	2.0	0.0
PA14_25640,plsX_2241562_C_T_H_Y|3	33.4	7.50239652957e-09	2.0	0.0
PA14_30940,trbB_2687996_G_C_P_R|1	33.4	7.50239652957e-09	2.0	0.0
PA14_00340_31917_A_G_Y_H|426	33.4	7.50239652957e-09	2.0	0.0
PA14_00510_45447_A_T_E_D|2	33.4	7.50239652957e-09	2.0	0.0
PA14_37290_3320347_G_A_A_T|1	33.4	7.50239652957e-09	2.0	0.0
PA14_37260,opdO_3318814_C_A_T_N|1	33.4	7.50239652957e-09	2.0	0.0
PA14_33360_2936371_G_A_G_S|2	33.4	7.50239652957e-09	2.0	0.0
PA14_59940_5339785_T_G_L_R|1	33.4	7.50239652957e-09	2.0	0.0
PA14_17150_1472088_A_G_S_G|2	33.4	7.50239652957e-09	2.0	0.0
PA14_59990_5342723_A_T_Q_H|1	33.4	7.50239652957e-09	2.0	0.0
PA14_11100,cupB5_963447_A_G_T_A|1	33.4	7.50239652957e-09	2.0	0.0
PA14_31030_2698272_T_G_I_L|1	33.4	7.50239652957e-09	2.0	0.0
PA14_31010_2695730_A_C_S_A|2	33.4	7.50239652957e-09	2.0	0.0
PA14_31270_2719941_C_G_G_A|1	33.4	7.50239652957e-09	2.0	0.0
PA14_03380_310626_T_C_M_T|1	33.4	7.50239652957e-09	2.0	0.0
PA14_03380_311315_A_G_S_G|1	33.4	7.50239652957e-09	2.0	0.0
PA14_59540_5298641_G_T_A_S|1	33.4	7.50239652957e-09	2.0	0.0
PA14_28870_2492292_G_A_S_N|1	33.4	7.50239652957e-09	2.0	0.0
PA14_03380_310627_G_C_M_I|1	33.4	7.50239652957e-09	2.0	0.0
PA14_60130_5356604_G_A_D_N|1	33.4	7.50239652957e-09	2.0	0.0
PA14_18200_1560528_G_A_S_N|1	33.2033532934	8.30072642567e-09	6.0	9.0
PA14_63970_5701688_T_C_I_T|1	33.2033532934	8.30072642567e-09	6.0	9.0
PA14_20860_1797251_C_T_A_V|1	33.2033532934	8.30072642567e-09	6.0	9.0
PA14_68580,pckA_6117940_C_T_V_I|1	33.2033532934	8.30072642567e-09	6.0	9.0
PA14_60020_5345028_T_G_S_A|1	33.2033532934	8.30072642567e-09	6.0	9.0
PA14_59940_5339884_A_C_D_A|1	33.2033532934	8.30072642567e-09	6.0	9.0
PA14_49780_4427891_C_A_R_L|1	33.2033532934	8.30072642567e-09	6.0	9.0
PA14_31190_2711702_T_C_H_R|1	32.695971693	1.0776032004e-08	5.0	6.0
PA14_08450_723855_G_A_T_I|1	32.695971693	1.0776032004e-08	5.0	6.0
PA14_28820_2486553_G_C_A_P|2	32.695971693	1.0776032004e-08	5.0	6.0
PA14_28840_2489961_T_A_L_M|1	32.695971693	1.0776032004e-08	5.0	6.0
PA14_12630_1083817_G_A_V_M|1	32.695971693	1.0776032004e-08	5.0	6.0
PA14_28840_2491224_G_C_E_Q|1	32.695971693	1.0776032004e-08	5.0	6.0
PA14_30450_2637636_T_G_L_V|1	32.695971693	1.0776032004e-08	5.0	6.0
PA14_68250_6088805_C_G_A_G|1	32.695971693	1.0776032004e-08	5.0	6.0
PA14_28820_2487043_G_A_S_N|1	32.695971693	1.0776032004e-08	5.0	6.0
PA14_47760,cobB_4249740_G_T_P_T|1	32.695971693	1.0776032004e-08	5.0	6.0
PA14_12630_1083821_C_A_A_E|1	32.695971693	1.0776032004e-08	5.0	6.0
PA14_28820_2486130_A_G_I_V|31	32.695971693	1.0776032004e-08	5.0	6.0
PA14_60000_5343631_C_G_D_E|1	32.695971693	1.0776032004e-08	5.0	6.0
PA14_39520_3518072_A_G_F_L|1	32.695971693	1.0776032004e-08	5.0	6.0
PA14_31130_2707242_C_G_D_H|1	32.695971693	1.0776032004e-08	5.0	6.0
PA14_28895_2495771_A_G_F_L|1	32.695971693	1.0776032004e-08	5.0	6.0
PA14_28820_2486298_T_A_S_T|2	32.695971693	1.0776032004e-08	5.0	6.0
PA14_28820_2487712_T_C_L_S|7	32.695971693	1.0776032004e-08	5.0	6.0
PA14_28820_2486449_C_T_T_I|1	32.695971693	1.0776032004e-08	5.0	6.0
PA14_28820_2486913_T_A_S_T|1	32.695971693	1.0776032004e-08	5.0	6.0
PA14_15620_1328430_A_G_N_S|1	32.695971693	1.0776032004e-08	5.0	6.0
PA14_28820_2487070_A_C_E_A|1	32.695971693	1.0776032004e-08	5.0	6.0
PA14_28820_2487264_C_A_R_S|1	32.695971693	1.0776032004e-08	5.0	6.0
PA14_49580_4411330_T_G_L_R|1	32.5642155689	1.15318556551e-08	8.0	17.0
PA14_40260_3593249_C_T_V_I|1	32.5642155689	1.15318556551e-08	8.0	17.0
PA14_07500_645315_T_A_E_D|1	30.449251497	3.42715537176e-08	6.0	10.0
PA14_55450,hxcQ_4936923_G_C_P_A|1	30.449251497	3.42715537176e-08	6.0	10.0
PA14_33310_2928983_C_G_V_L|1	30.449251497	3.42715537176e-08	6.0	10.0
PA14_46650_4158868_T_G_I_L|1	30.449251497	3.42715537176e-08	6.0	10.0
PA14_12630_1083832_C_A_L_M|2	30.449251497	3.42715537176e-08	6.0	10.0
PA14_59540_5298461_T_A_S_T|1	30.449251497	3.42715537176e-08	6.0	10.0
PA14_69640,cyaY_6214246_C_T_V_I|1	30.449251497	3.42715537176e-08	6.0	10.0
PA14_59920_5336551_A_C_Q_P|1	30.449251497	3.42715537176e-08	6.0	10.0
PA14_42680_3796670_A_G_V_A|1	30.449251497	3.42715537176e-08	6.0	10.0
PA14_48090,aprF_4279433_A_C_S_A|1	30.3242702096	3.65523532639e-08	9.0	23.0
PA14_66060,rfaE_5883753_T_C_K_R|1	30.1922155689	3.91276796729e-08	7.0	14.0
PA14_10290,acoR_887839_A_G_I_V|1	30.1922155689	3.91276796729e-08	7.0	14.0
PA14_13530_1165846_T_G_M_R|1	29.519760479	5.53495020106e-08	4.0	4.0
PA14_68550_6114852_G_A_R_Q|1	29.519760479	5.53495020106e-08	4.0	4.0
PA14_30900,trbJ_2683444_C_A_K_N|2	29.519760479	5.53495020106e-08	4.0	4.0
PA14_07530,dnaG_650781_G_A_T_I|14	29.519760479	5.53495020106e-08	4.0	4.0
PA14_03380_310123_A_C_E_D|1	29.519760479	5.53495020106e-08	4.0	4.0
PA14_28820_2487066_G_A_A_T|1	29.519760479	5.53495020106e-08	4.0	4.0
PA14_21690,lhr1_1882438_A_C_D_A|2	29.519760479	5.53495020106e-08	4.0	4.0
PA14_03400_312393_A_G_I_T|1	29.519760479	5.53495020106e-08	4.0	4.0
PA14_02810,pcaT_248621_C_T_A_V|1	29.519760479	5.53495020106e-08	4.0	4.0
PA14_52900_4690164_C_T_A_T|1	29.519760479	5.53495020106e-08	4.0	4.0
PA14_03830,aguB_344780_C_T_A_T|2	29.519760479	5.53495020106e-08	4.0	4.0
PA14_61850,iutA_5515912_G_A_G_S|1	29.519760479	5.53495020106e-08	4.0	4.0
PA14_35880_3193278_C_T_A_V|1	29.519760479	5.53495020106e-08	4.0	4.0
PA14_31150_2708652_A_G_V_A|1	29.519760479	5.53495020106e-08	4.0	4.0
PA14_60830,mexD_5425769_T_C_T_A|3	29.519760479	5.53495020106e-08	4.0	4.0
PA14_09520,mexI_816707_T_G_M_L|1	29.519760479	5.53495020106e-08	4.0	4.0
PA14_09480,phzA1_813124_C_A_Q_H|2	29.519760479	5.53495020106e-08	4.0	4.0
PA14_59540_5298419_C_T_R_C|2	29.519760479	5.53495020106e-08	4.0	4.0
PA14_17230,rnhB_1477272_C_T_T_I|1	29.519760479	5.53495020106e-08	4.0	4.0
PA14_03380_310086_G_A_G_D|1	29.519760479	5.53495020106e-08	4.0	4.0
PA14_44440,fixI_3956266_C_T_A_V|1	29.519760479	5.53495020106e-08	4.0	4.0
PA14_12970,tauD_1110922_A_T_T_S|1	29.519760479	5.53495020106e-08	4.0	4.0
PA14_00510_45439_G_C_V_L|6	29.519760479	5.53495020106e-08	4.0	4.0
PA14_57740_5142870_C_T_A_T|1	29.519760479	5.53495020106e-08	4.0	4.0
PA14_35980_3202220_C_G_V_L|1	29.519760479	5.53495020106e-08	4.0	4.0
PA14_13940_1197475_C_T_P_S|1	29.519760479	5.53495020106e-08	4.0	4.0
PA14_26480,cobL_2306871_T_C_E_G|1	29.519760479	5.53495020106e-08	4.0	4.0
PA14_28170,yfdC_2439127_C_G_F_L|1	29.519760479	5.53495020106e-08	4.0	4.0
PA14_71700_6387854_G_A_S_N|1	29.519760479	5.53495020106e-08	4.0	4.0
PA14_44890,hcpA_4000295_T_C_V_A|1	29.519760479	5.53495020106e-08	4.0	4.0
PA14_11240_977960_C_G_Q_E|23	29.519760479	5.53495020106e-08	4.0	4.0
PA14_30910,trbE_2684744_A_G_Y_H|1	29.519760479	5.53495020106e-08	4.0	4.0
PA14_23320,cmk_2023538_T_G_D_E|1	29.519760479	5.53495020106e-08	4.0	4.0
PA14_07620,cca_655896_C_T_S_N|1	29.519760479	5.53495020106e-08	4.0	4.0
PA14_08300,JF1_707992_T_A_F_Y|1	29.519760479	5.53495020106e-08	4.0	4.0
PA14_29340_2538635_G_A_A_V|1	29.519760479	5.53495020106e-08	4.0	4.0
PA14_03270_295280_C_A_H_N|1	29.519760479	5.53495020106e-08	4.0	4.0
PA14_31160_2708954_A_C_Q_P|1	29.519760479	5.53495020106e-08	4.0	4.0
PA14_04340_389499_G_A_R_H|2	29.519760479	5.53495020106e-08	4.0	4.0
PA14_45100,muiA_4022584_G_T_A_S|1	29.519760479	5.53495020106e-08	4.0	4.0
PA14_30880,trbL_2681836_C_G_G_A|1	29.519760479	5.53495020106e-08	4.0	4.0
PA14_37640_3350625_G_A_G_S|1	29.519760479	5.53495020106e-08	4.0	4.0
PA14_30880,trbL_2681822_C_T_A_T|1	29.519760479	5.53495020106e-08	4.0	4.0
PA14_40350_3607026_C_T_S_N|1	29.519760479	5.53495020106e-08	4.0	4.0
PA14_31100_2705454_G_T_R_S|2	29.519760479	5.53495020106e-08	4.0	4.0
PA14_20860_1796377_G_A_E_K|2	29.519760479	5.53495020106e-08	4.0	4.0
PA14_03285_297483_C_T_H_Y|1	29.519760479	5.53495020106e-08	4.0	4.0
PA14_30180,idh_2613201_T_G_S_R|1	29.519760479	5.53495020106e-08	4.0	4.0
PA14_45060_4019993_G_A_A_T|1	29.519760479	5.53495020106e-08	4.0	4.0
PA14_49540_4406510_C_G_A_G|1	29.519760479	5.53495020106e-08	4.0	4.0
PA14_02830,pcaB_251295_T_A_F_Y|1	29.519760479	5.53495020106e-08	4.0	4.0
PA14_63150,pmrA_5636086_C_T_T_I|1	29.519760479	5.53495020106e-08	4.0	4.0
PA14_31130_2707469_T_C_D_G|1	29.519760479	5.53495020106e-08	4.0	4.0
PA14_30910,trbE_2685850_T_A_N_I|1	29.519760479	5.53495020106e-08	4.0	4.0
PA14_30960,traG_2690144_A_T_N_K|1	29.519760479	5.53495020106e-08	4.0	4.0
PA14_28820_2488112_C_A_D_E|1	29.519760479	5.53495020106e-08	4.0	4.0
PA14_34330_3053512_G_A_E_K|2	29.519760479	5.53495020106e-08	4.0	4.0
PA14_60020_5344512_G_T_G_C|1	29.519760479	5.53495020106e-08	4.0	4.0
PA14_30940,trbB_2688017_A_G_V_A|1	29.519760479	5.53495020106e-08	4.0	4.0
PA14_31130_2707482_C_T_A_T|2	29.519760479	5.53495020106e-08	4.0	4.0
PA14_31110_2707069_G_C_H_D|1	29.519760479	5.53495020106e-08	4.0	4.0
PA14_09280,pchF_794791_G_A_A_T|4	29.519760479	5.53495020106e-08	4.0	4.0
PA14_37680_3356337_A_G_K_R|10	29.519760479	5.53495020106e-08	4.0	4.0
PA14_31740_2761494_C_G_R_G|1	29.519760479	5.53495020106e-08	4.0	4.0
PA14_31130_2707754_G_C_A_G|1	29.519760479	5.53495020106e-08	4.0	4.0
PA14_72110_6426905_G_A_R_Q|1	29.519760479	5.53495020106e-08	4.0	4.0
PA14_31070_2702002_G_A_A_V|1	29.519760479	5.53495020106e-08	4.0	4.0
PA14_24060,xcpW_2089603_G_A_G_S|4	29.519760479	5.53495020106e-08	4.0	4.0
PA14_09210,pchA_781058_C_G_V_L|2	29.519760479	5.53495020106e-08	4.0	4.0
PA14_30960,traG_2690089_G_T_Q_K|1	29.519760479	5.53495020106e-08	4.0	4.0
PA14_29280,trxA_2534009_G_C_E_Q|2	29.519760479	5.53495020106e-08	4.0	4.0
PA14_12630_1083091_G_T_A_S|1	29.519760479	5.53495020106e-08	4.0	4.0
PA14_28840_2490608_C_G_D_E|1	29.519760479	5.53495020106e-08	4.0	4.0
PA14_31190_2712468_C_T_A_T|2	29.519760479	5.53495020106e-08	4.0	4.0
PA14_33280,pvdL_2917142_G_A_A_T|1	29.519760479	5.53495020106e-08	4.0	4.0
PA14_03270_296739_G_A_G_D|1	29.519760479	5.53495020106e-08	4.0	4.0
PA14_04900,ftsY_432558_A_C_E_A|5	29.519760479	5.53495020106e-08	4.0	4.0
PA14_31160_2708986_A_T_T_S|5	29.519760479	5.53495020106e-08	4.0	4.0
PA14_47260_4210073_G_A_A_V|2	29.519760479	5.53495020106e-08	4.0	4.0
PA14_31260_2718202_C_T_R_Q|1	29.519760479	5.53495020106e-08	4.0	4.0
PA14_30960,traG_2688697_G_C_L_V|1	29.519760479	5.53495020106e-08	4.0	4.0
PA14_31280_2720360_G_T_T_K|2	29.519760479	5.53495020106e-08	4.0	4.0
PA14_31200_2713473_C_T_V_I|1	29.519760479	5.53495020106e-08	4.0	4.0
PA14_58650_5226672_G_T_S_R|1	29.519760479	5.53495020106e-08	4.0	4.0
PA14_32190_2798887_C_G_R_G|2	29.519760479	5.53495020106e-08	4.0	4.0
PA14_60020_5345702_A_C_R_S|1	29.519760479	5.53495020106e-08	4.0	4.0
PA14_31070_2701894_C_T_S_N|1	29.519760479	5.53495020106e-08	4.0	4.0
PA14_52020_4617093_C_T_E_K|1	29.519760479	5.53495020106e-08	4.0	4.0
PA14_47040,yegH_4191578_G_A_R_H|1	29.519760479	5.53495020106e-08	4.0	4.0
PA14_28820_2487328_T_C_V_A|1	29.2028443114	6.51834471858e-08	5.0	7.0
PA14_28820_2487547_G_A_R_K|1	29.2028443114	6.51834471858e-08	5.0	7.0
PA14_28840_2489447_A_C_L_F|2	29.2028443114	6.51834471858e-08	5.0	7.0
PA14_30440_2636449_C_T_V_I|1	29.2028443114	6.51834471858e-08	5.0	7.0
PA14_28820_2487972_A_G_T_A|1	29.2028443114	6.51834471858e-08	5.0	7.0
PA14_28840_2491183_C_T_T_I|2	29.2028443114	6.51834471858e-08	5.0	7.0
PA14_28840_2490084_G_A_A_T|4	29.2028443114	6.51834471858e-08	5.0	7.0
PA14_28820_2486710_G_A_S_N|3	29.2028443114	6.51834471858e-08	5.0	7.0
PA14_28840_2489964_G_A_V_I|3	29.2028443114	6.51834471858e-08	5.0	7.0
PA14_28820_2486427_G_A_D_N|2	29.2028443114	6.51834471858e-08	5.0	7.0
PA14_28820_2486494_G_A_G_D|1	29.2028443114	6.51834471858e-08	5.0	7.0
PA14_31160_2708953_C_A_Q_K|1	29.2028443114	6.51834471858e-08	5.0	7.0
PA14_28820_2487847_G_A_G_D|1	29.2028443114	6.51834471858e-08	5.0	7.0
PA14_27470_2385124_A_T_S_T|1	29.2028443114	6.51834471858e-08	5.0	7.0
PA14_35630,pslJ_3166320_C_T_R_H|1	29.2028443114	6.51834471858e-08	5.0	7.0
PA14_59530_5295792_G_A_D_N|1	29.2028443114	6.51834471858e-08	5.0	7.0
PA14_28820_2486598_C_T_P_S|2	29.2028443114	6.51834471858e-08	5.0	7.0
PA14_47840_4257107_A_G_T_A|1	29.2028443114	6.51834471858e-08	5.0	7.0
PA14_28840_2490018_G_A_A_T|39	29.2028443114	6.51834471858e-08	5.0	7.0
PA14_28840_2489962_T_C_L_S|1	29.2028443114	6.51834471858e-08	5.0	7.0
PA14_67520_6029015_T_C_Q_R|1	28.0262064107	1.19683630778e-07	6.0	11.0
PA14_55470,hxcY_4938225_C_T_D_N|1	28.0262064107	1.19683630778e-07	6.0	11.0
PA14_30590_2648742_C_G_D_E|1	27.7937189451	1.34963567006e-07	11.0	36.0
PA14_33360_2936786_C_A_A_E|1	27.7079041916	1.41085067086e-07	3.0	2.0
PA14_63660_5677001_C_T_A_V|1	27.7079041916	1.41085067086e-07	3.0	2.0
PA14_33360_2936992_G_C_D_H|1	27.7079041916	1.41085067086e-07	3.0	2.0
PA14_08050_692901_C_A_T_N|1	27.7079041916	1.41085067086e-07	3.0	2.0
PA14_03380_311087_A_G_M_V|2	27.7079041916	1.41085067086e-07	3.0	2.0
PA14_59530_5295781_G_A_R_H|1	27.7079041916	1.41085067086e-07	3.0	2.0
PA14_00520_54581_T_C_V_A|1	27.7079041916	1.41085067086e-07	3.0	2.0
PA14_09520,mexI_816820_T_A_Y_F|1	27.7079041916	1.41085067086e-07	3.0	2.0
PA14_09520,mexI_816799_T_A_Y_F|1	27.7079041916	1.41085067086e-07	3.0	2.0
PA14_59920_5336570_A_T_E_D|1	27.7079041916	1.41085067086e-07	3.0	2.0
PA14_33360_2936918_A_C_D_A|1	27.7079041916	1.41085067086e-07	3.0	2.0
PA14_60000_5343211_G_T_E_D|1	27.7079041916	1.41085067086e-07	3.0	2.0
PA14_60000_5343438_A_C_N_T|1	27.7079041916	1.41085067086e-07	3.0	2.0
PA14_59690_5312188_A_G_K_E|1	27.7079041916	1.41085067086e-07	3.0	2.0
PA14_12590_1080738_A_T_S_T|1	27.7079041916	1.41085067086e-07	3.0	2.0
PA14_31080_2704055_G_A_S_F|2	27.7079041916	1.41085067086e-07	3.0	2.0
PA14_08300,JF1_708190_G_A_R_H|1	27.7079041916	1.41085067086e-07	3.0	2.0
PA14_59540_5299022_G_A_V_I|1	27.7079041916	1.41085067086e-07	3.0	2.0
PA14_09520,mexI_816774_G_C_I_M|2	27.7079041916	1.41085067086e-07	3.0	2.0
PA14_59540_5297587_G_T_M_I|1	27.7079041916	1.41085067086e-07	3.0	2.0
PA14_28820_2486824_G_C_R_P|1	27.7079041916	1.41085067086e-07	3.0	2.0
PA14_31380,sfpA_2728651_T_G_N_H|3	27.7079041916	1.41085067086e-07	3.0	2.0
PA14_60000_5343850_C_G_F_L|1	27.7079041916	1.41085067086e-07	3.0	2.0
PA14_59540_5298115_C_G_I_M|1	27.7079041916	1.41085067086e-07	3.0	2.0
PA14_59540_5297598_A_T_Y_F|1	27.7079041916	1.41085067086e-07	3.0	2.0
PA14_59540_5298111_T_A_F_Y|1	27.7079041916	1.41085067086e-07	3.0	2.0
PA14_16100_1372290_G_T_L_I|1	27.7079041916	1.41085067086e-07	3.0	2.0
PA14_01670_153680_C_T_H_Y|14	27.7079041916	1.41085067086e-07	3.0	2.0
PA14_09520,mexI_816634_T_G_E_A|1	27.7079041916	1.41085067086e-07	3.0	2.0
PA14_13970_1198657_C_T_S_N|4	27.7079041916	1.41085067086e-07	3.0	2.0
PA14_03380_310625_A_G_M_V|2	27.7079041916	1.41085067086e-07	3.0	2.0
PA14_59540_5298713_G_A_V_M|3	27.7079041916	1.41085067086e-07	3.0	2.0
PA14_09520,mexI_817991_C_A_A_S|1	27.7079041916	1.41085067086e-07	3.0	2.0
PA14_59540_5299256_G_C_A_P|1	27.7079041916	1.41085067086e-07	3.0	2.0
PA14_30970,bphR_2691284_A_C_I_M|1	27.7079041916	1.41085067086e-07	3.0	2.0
PA14_30970,bphR_2691765_C_G_R_P|2	27.7079041916	1.41085067086e-07	3.0	2.0
PA14_30970,bphR_2691282_G_A_A_V|1	27.7079041916	1.41085067086e-07	3.0	2.0
PA14_59540_5298113_A_G_I_V|1	27.7079041916	1.41085067086e-07	3.0	2.0
PA14_03380_311111_A_G_K_E|1	27.7079041916	1.41085067086e-07	3.0	2.0
PA14_03250_291668_T_C_L_P|1	27.7079041916	1.41085067086e-07	3.0	2.0
PA14_59530_5296501_T_C_V_A|2	27.7079041916	1.41085067086e-07	3.0	2.0
PA14_31380,sfpA_2729771_G_C_F_L|1	27.7079041916	1.41085067086e-07	3.0	2.0
PA14_37270_3320193_C_G_A_G|1	27.598289136	1.49310774238e-07	8.0	20.0
PA14_12630_1082852_C_G_S_*|4	26.5056235355	2.62772054897e-07	7.0	16.0
PA14_71570_6376562_C_A_R_S|1	26.2563334869	2.98972714609e-07	5.0	8.0
PA14_69350_6187149_A_C_N_H|1	26.2563334869	2.98972714609e-07	5.0	8.0
PA14_28840_2490592_C_A_A_D|1	26.2563334869	2.98972714609e-07	5.0	8.0
PA14_28820_2487553_C_T_A_V|1	26.2563334869	2.98972714609e-07	5.0	8.0
PA14_09980,dkgB_859357_G_C_G_R|1	26.2563334869	2.98972714609e-07	5.0	8.0
PA14_59540_5298888_C_T_A_V|1	26.2563334869	2.98972714609e-07	5.0	8.0
PA14_28870_2492310_T_C_I_T|1	26.2563334869	2.98972714609e-07	5.0	8.0
PA14_28820_2487539_C_G_D_E|2	26.2563334869	2.98972714609e-07	5.0	8.0
PA14_12630_1083742_T_A_L_M|1	26.2563334869	2.98972714609e-07	5.0	8.0
PA14_64840_5777813_G_A_A_V|1	26.2563334869	2.98972714609e-07	5.0	8.0
PA14_28820_2486407_T_C_V_A|1	26.2563334869	2.98972714609e-07	5.0	8.0
PA14_48010_4273699_G_A_M_I|1	26.2563334869	2.98972714609e-07	5.0	8.0
PA14_58600_5221286_G_A_R_Q|1	26.2563334869	2.98972714609e-07	5.0	8.0
PA14_48160_4287734_G_T_E_D|1	26.2563334869	2.98972714609e-07	5.0	8.0
PA14_28830_2489173_T_G_D_E|1	26.2563334869	2.98972714609e-07	5.0	8.0
PA14_03390_311883_T_G_K_Q|1	25.8790419162	3.63494363207e-07	6.0	12.0
PA14_12630_1083467_C_A_A_D|1	25.8790419162	3.63494363207e-07	6.0	12.0
PA14_59540_5297429_A_C_M_L|1	25.8790419162	3.63494363207e-07	6.0	12.0
PA14_12630_1083754_G_A_G_S|1	25.8790419162	3.63494363207e-07	6.0	12.0
PA14_59940_5339883_G_A_D_N|1	25.8790419162	3.63494363207e-07	6.0	12.0
PA14_16090,thrC_1370609_G_T_A_S|1	25.8790419162	3.63494363207e-07	6.0	12.0
PA14_12630_1084998_C_A_D_E|1	25.8790419162	3.63494363207e-07	6.0	12.0
PA14_63800,mgtA_5687370_G_C_H_Q|1	25.8790419162	3.63494363207e-07	6.0	12.0
PA14_38720_3452901_G_T_S_I|3	25.4107784431	4.6332218412e-07	4.0	5.0
PA14_29520,hplU_2560846_C_T_T_I|1	25.4107784431	4.6332218412e-07	4.0	5.0
PA14_60020_5345705_T_G_Y_*|1	25.4107784431	4.6332218412e-07	4.0	5.0
PA14_46310_4119762_G_A_A_T|1	25.4107784431	4.6332218412e-07	4.0	5.0
PA14_59940_5338224_C_G_H_D|1	25.4107784431	4.6332218412e-07	4.0	5.0
PA14_30960,traG_2690452_C_T_A_T|1	25.4107784431	4.6332218412e-07	4.0	5.0
PA14_05650_502805_C_G_D_E|1	25.4107784431	4.6332218412e-07	4.0	5.0
PA14_31260_2718418_T_C_Q_R|1	25.4107784431	4.6332218412e-07	4.0	5.0
PA14_49160,yegE_4368912_A_G_F_L|1	25.4107784431	4.6332218412e-07	4.0	5.0
PA14_36390_3242332_A_G_I_V|1	25.4107784431	4.6332218412e-07	4.0	5.0
PA14_34690_3080989_T_C_I_V|1	25.4107784431	4.6332218412e-07	4.0	5.0
PA14_28820_2487729_G_A_A_T|1	25.4107784431	4.6332218412e-07	4.0	5.0
PA14_03050,pobA_270188_C_T_A_T|12	25.4107784431	4.6332218412e-07	4.0	5.0
PA14_30850,trbI_2679323_G_C_H_Q|1	25.4107784431	4.6332218412e-07	4.0	5.0
PA14_03390_311995_C_A_E_D|1	25.4107784431	4.6332218412e-07	4.0	5.0
PA14_31070_2701296_C_T_M_I|1	25.4107784431	4.6332218412e-07	4.0	5.0
PA14_59990_5342252_T_G_F_L|1	25.4107784431	4.6332218412e-07	4.0	5.0
PA14_37745_3365957_C_T_P_S|1	25.4107784431	4.6332218412e-07	4.0	5.0
PA14_28820_2487906_G_T_G_C|1	25.4107784431	4.6332218412e-07	4.0	5.0
PA14_52490_4656978_T_C_Q_R|1	25.4107784431	4.6332218412e-07	4.0	5.0
PA14_30960,traG_2688745_C_A_A_S|1	25.4107784431	4.6332218412e-07	4.0	5.0
PA14_29830_2583971_C_T_S_N|1	25.4107784431	4.6332218412e-07	4.0	5.0
PA14_28820_2487879_A_G_I_V|1	25.4107784431	4.6332218412e-07	4.0	5.0
PA14_55670,recB_4965529_C_T_R_H|1	25.4107784431	4.6332218412e-07	4.0	5.0
PA14_23460,orfN_2040270_C_A_S_*|1	25.4107784431	4.6332218412e-07	4.0	5.0
PA14_34360,mtlD_3057856_C_A_A_S|2	25.4107784431	4.6332218412e-07	4.0	5.0
PA14_29400,rhs_2546684_A_C_E_D|1	25.4107784431	4.6332218412e-07	4.0	5.0
PA14_30880,trbL_2681940_G_C_I_M|1	25.4107784431	4.6332218412e-07	4.0	5.0
PA14_59920_5336547_C_A_Q_K|1	25.4107784431	4.6332218412e-07	4.0	5.0
PA14_31180_2710220_G_A_A_V|1	25.4107784431	4.6332218412e-07	4.0	5.0
PA14_08120_697406_G_T_G_V|10	25.4107784431	4.6332218412e-07	4.0	5.0
PA14_01110_109881_A_G_N_S|1	25.4107784431	4.6332218412e-07	4.0	5.0
PA14_37210_3315619_C_T_G_D|1	25.4107784431	4.6332218412e-07	4.0	5.0
PA14_28820_2486589_A_G_T_A|1	25.4107784431	4.6332218412e-07	4.0	5.0
PA14_60020_5345696_A_C_L_F|1	25.4107784431	4.6332218412e-07	4.0	5.0
PA14_33920_3015814_C_A_A_S|1	25.4107784431	4.6332218412e-07	4.0	5.0
PA14_05110_448090_T_A_T_S|1	25.4107784431	4.6332218412e-07	4.0	5.0
PA14_28895_2495528_C_T_A_T|2	25.4107784431	4.6332218412e-07	4.0	5.0
PA14_30900,trbJ_2683361_G_C_A_G|1	25.4107784431	4.6332218412e-07	4.0	5.0
PA14_34840_3099052_G_A_A_T|1	25.4107784431	4.6332218412e-07	4.0	5.0
PA14_31090_2704853_G_A_H_Y|1	25.4107784431	4.6332218412e-07	4.0	5.0
PA14_45910_4080729_G_A_P_S|1	25.4107784431	4.6332218412e-07	4.0	5.0
PA14_28820_2486209_G_C_S_T|1	25.4107784431	4.6332218412e-07	4.0	5.0
PA14_23850,trpF_2073960_C_G_R_G|2	25.4107784431	4.6332218412e-07	4.0	5.0
PA14_31190_2711891_T_G_D_A|1	25.4107784431	4.6332218412e-07	4.0	5.0
PA14_40640,cti_3627536_C_T_E_K|1	25.4107784431	4.6332218412e-07	4.0	5.0
PA14_05080,metX_446433_C_T_E_K|1	25.4107784431	4.6332218412e-07	4.0	5.0
PA14_60000_5343314_G_C_G_R|1	25.4107784431	4.6332218412e-07	4.0	5.0
PA14_19340_1670101_G_A_R_W|1	25.4107784431	4.6332218412e-07	4.0	5.0
PA14_30880,trbL_2682635_T_A_M_L|2	25.4107784431	4.6332218412e-07	4.0	5.0
PA14_09550_822080_A_C_F_V|7	25.4107784431	4.6332218412e-07	4.0	5.0
PA14_65540,fimX_5837480_G_C_A_P|1	25.4107784431	4.6332218412e-07	4.0	5.0
PA14_12450_1072470_A_G_N_S|1	25.4107784431	4.6332218412e-07	4.0	5.0
PA14_41130_3668863_G_A_A_T|1	25.4107784431	4.6332218412e-07	4.0	5.0
PA14_30970,bphR_2691671_G_C_H_Q|1	25.4107784431	4.6332218412e-07	4.0	5.0
PA14_47190,cyoB_4203751_C_G_V_L|1	25.4107784431	4.6332218412e-07	4.0	5.0
PA14_31170_2709252_A_T_Q_L|1	25.4107784431	4.6332218412e-07	4.0	5.0
PA14_62480,aspC_5573476_C_T_A_T|1	25.4107784431	4.6332218412e-07	4.0	5.0
PA14_31070_2702272_C_T_R_H|1	25.4107784431	4.6332218412e-07	4.0	5.0
PA14_31070_2703392_A_C_S_A|1	25.4107784431	4.6332218412e-07	4.0	5.0
PA14_24665_2156336_G_A_G_E|1	25.4107784431	4.6332218412e-07	4.0	5.0
PA14_31190_2712974_G_A_A_V|1	25.4107784431	4.6332218412e-07	4.0	5.0
PA14_31260_2718041_A_C_S_A|1	25.4107784431	4.6332218412e-07	4.0	5.0
