feature	score	p-value	#I-out-of-277	#O-out-of-149
PA14_59990_5342403_A_G_T_A|1	123.350377029	1.16875536373e-28	5.0	76.0
PA14_37490_3336619_G_T_L_I|1	117.217342176	2.57272003475e-27	13.0	86.0
PA14_59540_5299046_A_G_I_V|1	115.043562998	7.69875114451e-27	7.0	75.0
PA14_59540_5299116_C_G_T_R|1	108.626615828	1.95925992695e-25	5.0	68.0
PA14_53560_4749482_C_A_A_D|1	104.874179246	1.30142866264e-24	17.0	85.0
PA14_15460,merA_1309232_A_G_V_A|1	102.734585619	3.83195861104e-24	4.0	63.0
PA14_26130,morB_2281979_C_T_A_T|2	101.742107431	6.32416697482e-24	6.0	66.0
PA14_26970_2347008_G_A_T_I|1	101.277667577	7.9952123843e-24	5.0	64.0
PA14_55520,hxcU_4942104_C_T_A_V|1	101.277667577	7.9952123843e-24	5.0	64.0
PA14_13990_1199882_A_G_K_R|1	101.23639183	8.16356336565e-24	13.0	77.0
PA14_26930_2343869_T_C_F_L|1	99.9140115814	1.59159283908e-23	6.0	65.0
PA14_06580_574469_G_C_K_N|9	99.4420351718	2.01989540886e-23	5.0	63.0
PA14_21940_1908910_C_T_A_T|1	99.4420351718	2.01989540886e-23	5.0	63.0
PA14_21160_1830118_A_G_V_A|1	98.6359522578	3.03459635495e-23	7.0	66.0
PA14_61870_5518248_T_G_E_A|1	98.6359522578	3.03459635495e-23	7.0	66.0
PA14_67780_6052426_G_A_R_K|1	98.6359522578	3.03459635495e-23	7.0	66.0
PA14_02310,atsA_207590_C_T_D_N|1	98.0868004334	4.00439203019e-23	6.0	64.0
PA14_18340_1573309_C_T_S_N|1	98.0451161031	4.08958024353e-23	25.0	92.0
PA14_28880_2493687_C_T_A_T|1	97.6071021097	5.10206051594e-23	5.0	62.0
PA14_65810_5861287_T_G_Q_P|1	97.332278366	5.86169375057e-23	30.0	98.0
PA14_59990_5342598_G_A_A_T|1	96.8516631725	7.47207478711e-23	12.0	73.0
PA14_00310_28735_G_C_K_N|3	96.817883362	7.6006487505e-23	7.0	65.0
PA14_40640,cti_3628790_G_A_P_S|1	96.2605124521	1.00718953224e-22	6.0	63.0
PA14_17650_1517271_C_T_P_L|1	96.2605124521	1.00718953224e-22	6.0	63.0
PA14_71580_6377396_T_C_I_V|1	95.628285228	1.3861177301e-22	8.0	66.0
PA14_22410_1950831_T_A_C_S|1	95.0009691566	1.90292079628e-22	7.0	64.0
PA14_71350_6356469_T_G_F_C|1	95.0009691566	1.90292079628e-22	7.0	64.0
PA14_36960_3292403_C_T_A_T|1	94.4351883656	2.53250025014e-22	6.0	62.0
PA14_16410_1404920_G_T_A_S|1	94.2743051294	2.74693030897e-22	15.0	76.0
PA14_51420,pqsB_4569081_G_A_A_V|1	93.9394631245	3.25322934854e-22	5.0	60.0
PA14_47090_4195513_C_G_E_D|1	93.7986547513	3.49309153539e-22	18.0	80.0
PA14_50380,flgJ_4478955_G_A_A_V|1	93.1852591282	4.76214774136e-22	7.0	63.0
PA14_11990_1036888_C_G_G_A|1	93.1852591282	4.76214774136e-22	7.0	63.0
PA14_28340_2449491_G_C_V_L|1	93.1852591282	4.76214774136e-22	7.0	63.0
PA14_18040_1549391_C_A_L_I|1	93.1852591282	4.76214774136e-22	7.0	63.0
PA14_36830_3282316_G_A_D_N|1	93.1852591282	4.76214774136e-22	7.0	63.0
PA14_59150_5266389_G_C_Q_H|1	92.8950421697	5.51424658529e-22	1.0	52.0
PA14_61910_5521507_C_T_A_T|1	92.7151668161	6.03890056837e-22	9.0	66.0
PA14_60760_5414610_G_T_A_E|1	92.7151668161	6.03890056837e-22	9.0	66.0
PA14_33610_2970539_G_A_S_N|1	92.5360405107	6.61098214398e-22	15.0	75.0
PA14_55410_4931209_C_T_S_N|1	92.4970852616	6.74240077855e-22	30.0	95.0
PA14_21190_1833985_C_G_G_A|1	92.0157972524	8.59873233434e-22	8.0	64.0
PA14_15230,xseA_1290560_C_T_A_T|1	92.0157972524	8.59873233434e-22	8.0	64.0
PA14_03770,speB1_338673_G_A_M_I|1	92.0157972524	8.59873233434e-22	8.0	64.0
PA14_67190_5997735_G_T_L_I|1	91.7786614894	9.69340958754e-22	16.0	76.0
PA14_36000,prpR_3204810_G_A_A_T|1	91.6835040413	1.01709222928e-21	4.0	57.0
PA14_30590_2648777_C_T_A_V|1	91.6835040413	1.01709222928e-21	4.0	57.0
PA14_34130_3034210_G_A_E_K|1	91.3708056325	1.19121023717e-21	7.0	62.0
PA14_11140_969423_C_G_Q_H|1	91.0619574592	1.39243162976e-21	17.0	77.0
PA14_60020_5344845_C_A_Q_K|1	91.0619574592	1.39243162976e-21	17.0	77.0
PA14_05390,chpA_470998_A_C_Q_P|1	90.9202783575	1.4957884139e-21	9.0	65.0
PA14_36080,yfaV_3214660_C_T_G_D|1	90.9202783575	1.4957884139e-21	9.0	65.0
PA14_49520,pyoS3A_4403637_C_T_G_E|1	90.7876071303	1.59952055283e-21	6.0	60.0
PA14_24080,xcpY_2091027_C_T_A_V|2	90.7876071303	1.59952055283e-21	6.0	60.0
PA14_67200_5998004_T_C_R_G|1	90.5154597783	1.83537210754e-21	31.0	95.0
PA14_11140_969871_C_T_G_D|1	90.3833862331	1.9620675617e-21	18.0	78.0
PA14_55260_4907825_G_A_R_C|1	90.2750293343	2.07251829281e-21	5.0	58.0
PA14_05870_520408_G_A_T_I|13	90.2750293343	2.07251829281e-21	5.0	58.0
PA14_20890,rfaD_1801119_G_T_A_S|2	90.2117849442	2.13983703009e-21	8.0	63.0
PA14_71180_6341164_C_T_R_H|1	90.2117849442	2.13983703009e-21	8.0	63.0
PA14_35970_3201512_A_G_I_T|1	89.8928648396	2.51412082216e-21	10.0	66.0
PA14_02930_258019_A_G_Q_R|8	89.8436653502	2.57742507195e-21	4.0	56.0
PA14_30330,serS_2628316_G_A_A_T|2	89.8436653502	2.57742507195e-21	4.0	56.0
PA14_29270,yaiW_2533005_A_G_I_V|1	89.1271480344	3.70235177794e-21	9.0	64.0
PA14_46490,fabF2_4138284_G_A_G_S|2	88.965444349	4.01769645529e-21	6.0	59.0
PA14_28040_2426950_T_C_I_V|1	88.965444349	4.01769645529e-21	6.0	59.0
PA14_00060_7764_C_T_V_I|14	88.965444349	4.01769645529e-21	6.0	59.0
PA14_68510_6111764_C_T_V_I|1	88.965444349	4.01769645529e-21	6.0	59.0
PA14_42050_3750246_G_T_L_I|1	88.9283178237	4.09381063433e-21	11.0	67.0
PA14_08050_691684_C_A_S_R|1	88.8944053765	4.16459527429e-21	27.0	89.0
PA14_08050_691742_G_A_A_T|2	88.4754887568	5.14686993188e-21	28.0	90.0
PA14_36070_3213128_C_T_A_T|1	88.4441113186	5.22916193139e-21	5.0	57.0
PA14_72890_6491370_G_A_A_T|1	88.4441113186	5.22916193139e-21	5.0	57.0
PA14_25305,nqrB_2213424_A_G_N_S|3	88.4441113186	5.22916193139e-21	5.0	57.0
PA14_18330,arnT_1571636_C_A_R_L|1	88.4441113186	5.22916193139e-21	5.0	57.0
PA14_02560,mdcB_229497_G_A_A_T|13	88.4441113186	5.22916193139e-21	5.0	57.0
PA14_34640,gntK_3077363_C_T_G_D|1	88.4441113186	5.22916193139e-21	5.0	57.0
PA14_11580_1002226_A_G_T_A|6	88.4441113186	5.22916193139e-21	5.0	57.0
PA14_62100_5542123_T_G_Q_P|2	88.4441113186	5.22916193139e-21	5.0	57.0
PA14_21870_1901805_A_T_M_K|1	88.4441113186	5.22916193139e-21	5.0	57.0
PA14_00700_70871_A_C_E_A|1	88.4441113186	5.22916193139e-21	5.0	57.0
PA14_02340,atsB_210129_C_T_R_H|1	88.3324304024	5.53288675375e-21	16.0	74.0
PA14_42080,fadB_3753662_G_T_A_E|1	88.1109442008	6.18842810145e-21	10.0	65.0
PA14_59690_5311021_T_A_S_T|1	88.0064299812	6.52420356472e-21	22.0	82.0
PA14_22160_1934441_T_C_M_V|1	88.0044782426	6.53064429911e-21	4.0	55.0
PA14_72820_6486303_G_A_R_H|1	87.7458932893	7.4427297013e-21	7.0	60.0
PA14_05540,mexB_490811_G_A_G_D|1	87.7458932893	7.4427297013e-21	7.0	60.0
PA14_02900,pcaK_256101_G_A_P_S|1	87.7458932893	7.4427297013e-21	7.0	60.0
PA14_13060_1121373_T_G_Q_P|1	87.7458932893	7.4427297013e-21	7.0	60.0
PA14_59690_5311022_C_G_S_C|1	87.486976044	8.48365958416e-21	23.0	83.0
PA14_50010,yliI_4445904_C_T_R_Q|1	87.3358491023	9.15729753301e-21	9.0	63.0
PA14_06160,fiuA_544941_G_A_A_V|2	87.3358491023	9.15729753301e-21	9.0	63.0
PA14_55400_4925847_G_A_A_V|1	87.3358491023	9.15729753301e-21	9.0	63.0
PA14_05650_502648_C_T_A_V|1	87.3358491023	9.15729753301e-21	9.0	63.0
PA14_61870_5518617_G_A_A_V|1	87.157840996	1.00196999739e-20	11.0	66.0
PA14_49520,pyoS3A_4403721_G_T_T_N|1	87.157840996	1.00196999739e-20	11.0	66.0
PA14_53360,plcH_4731572_G_A_V_I|1	87.1444346183	1.00878485363e-20	6.0	58.0
PA14_09710,aldH_835750_C_T_R_H|1	87.1444346183	1.00878485363e-20	6.0	58.0
PA14_53020,pbpG_4701815_G_T_A_S|1	87.1444346183	1.00878485363e-20	6.0	58.0
PA14_33200_2906822_C_T_A_V|1	87.1444346183	1.00878485363e-20	6.0	58.0
PA14_32790_2863284_A_T_Y_F|1	87.1444346183	1.00878485363e-20	6.0	58.0
PA14_68100_6076106_G_A_G_S|1	87.1444346183	1.00878485363e-20	6.0	58.0
PA14_32790_2863290_G_A_S_N|1	86.6141160041	1.31902301672e-20	5.0	56.0
PA14_20520_1764304_A_G_T_A|1	86.6141160041	1.31902301672e-20	5.0	56.0
PA14_35940_3199199_C_T_A_T|2	86.6141160041	1.31902301672e-20	5.0	56.0
PA14_34000_3023955_C_T_R_Q|1	86.6141160041	1.31902301672e-20	5.0	56.0
PA14_42600,pscP_3789814_G_A_A_T|1	86.6141160041	1.31902301672e-20	5.0	56.0
PA14_00080_9710_A_G_E_G|516	86.6141160041	1.31902301672e-20	5.0	56.0
PA14_24510,pelD_2143371_G_T_R_L|1	86.6141160041	1.31902301672e-20	5.0	56.0
PA14_65605,parC_5845617_G_A_S_L|1	86.4770447321	1.41368749816e-20	29.0	90.0
PA14_29720_2573611_G_A_V_I|1	86.2630459672	1.57524783297e-20	12.0	67.0
PA14_65670_5849465_C_A_A_S|1	86.2630459672	1.57524783297e-20	12.0	67.0
PA14_22110_1928152_T_C_I_V|4	86.1659764211	1.65449856368e-20	4.0	54.0
PA14_15435_1307150_T_C_N_S|1	85.9355554919	1.85896124562e-20	7.0	59.0
PA14_68360_6098543_C_A_L_M|1	85.9355554919	1.85896124562e-20	7.0	59.0
PA14_24490,pelB_2139300_G_A_G_S|1	85.9355554919	1.85896124562e-20	7.0	59.0
PA4055-PA4056,sRNA2315_989631_G_A_W_*|1	85.9355554919	1.85896124562e-20	7.0	59.0
PA14_64120_5715151_G_A_S_N|1	85.836899945	1.95405620531e-20	23.0	82.0
PA14_59150_5266388_A_G_Q_R|1	85.5731275242	2.23289374915e-20	2.0	50.0
PA14_65370,amiB_5823126_T_A_N_I|1	85.5464589441	2.26321208456e-20	9.0	62.0
PA14_36605_3259443_G_A_R_Q|1	85.5464589441	2.26321208456e-20	9.0	62.0
PA14_06120_540145_C_T_R_H|1	85.5464589441	2.26321208456e-20	9.0	62.0
PA14_41520,ppkB_3705756_C_T_L_F|1	85.4222399901	2.40994767427e-20	13.0	68.0
PA14_43910_3909468_G_A_P_S|1	85.389695315	2.44994035959e-20	11.0	65.0
PA14_32790_2859876_A_T_Q_L|1	85.3246328454	2.53189386836e-20	6.0	57.0
PA14_02610,mdcG_232519_C_T_P_S|1	85.3246328454	2.53189386836e-20	6.0	57.0
PA14_32100,xylY_2793130_G_A_V_I|1	85.3246328454	2.53189386836e-20	6.0	57.0
PA14_02020_184069_G_A_G_S|7	85.3246328454	2.53189386836e-20	6.0	57.0
PA14_66230,waaG_5900150_C_T_R_H|1	85.3246328454	2.53189386836e-20	6.0	57.0
PA14_16780_1436419_C_G_R_G|1	85.3246328454	2.53189386836e-20	6.0	57.0
PA14_21490_1864854_G_T_G_C|3	85.3246328454	2.53189386836e-20	6.0	57.0
PA14_23090,edaA_2002865_G_A_A_T|1	85.3246328454	2.53189386836e-20	6.0	57.0
PA14_57640_5133652_G_A_D_N|1	85.3246328454	2.53189386836e-20	6.0	57.0
PA14_72510,thrB_6460556_C_A_A_D|1	85.3246328454	2.53189386836e-20	6.0	57.0
PA14_36910,ligD_3289616_C_G_E_Q|1	85.3246328454	2.53189386836e-20	6.0	57.0
PA14_20520_1765345_C_G_P_A|1	85.3246328454	2.53189386836e-20	6.0	57.0
PA14_45030,ttuD_4016777_G_A_C_Y|1	85.3246328454	2.53189386836e-20	6.0	57.0
PA14_61550_5492637_G_A_A_T|1	85.3246328454	2.53189386836e-20	6.0	57.0
PA14_46490,fabF2_4137979_G_A_R_H|1	85.3246328454	2.53189386836e-20	6.0	57.0
PA14_01910,pcaG_174694_T_G_V_G|1	85.3246328454	2.53189386836e-20	6.0	57.0
PA14_16330_1395068_G_T_K_N|1	84.8094623889	3.28548248093e-20	8.0	60.0
PA14_07810_672888_C_G_E_Q|1	84.8094623889	3.28548248093e-20	8.0	60.0
PA14_28895_2496335_G_A_R_C|1	84.8094623889	3.28548248093e-20	8.0	60.0
PA14_19290,srmB_1663600_C_T_A_V|1	84.7850895258	3.32623307092e-20	5.0	55.0
PA14_55117_4896777_C_T_H_Y|1	84.7850895258	3.32623307092e-20	5.0	55.0
PA14_64800,vanA_5774982_A_G_T_A|1	84.7850895258	3.32623307092e-20	5.0	55.0
PA14_35620,pslK_3165683_T_C_H_R|1	84.7850895258	3.32623307092e-20	5.0	55.0
PA14_03220_286750_T_C_H_R|1	84.7850895258	3.32623307092e-20	5.0	55.0
PA14_41280_3684874_G_A_A_T|2	84.7850895258	3.32623307092e-20	5.0	55.0
PA14_53800,mntH2_4770526_G_A_V_M|1	84.7850895258	3.32623307092e-20	5.0	55.0
PA14_05390,chpA_471813_G_T_A_S|3	84.7850895258	3.32623307092e-20	5.0	55.0
PA14_21450_1859423_C_T_R_W|1	84.7850895258	3.32623307092e-20	5.0	55.0
PA14_68970_6152568_C_T_R_H|1	84.7850895258	3.32623307092e-20	5.0	55.0
PA14_09580_824859_C_T_R_C|7	84.7850895258	3.32623307092e-20	5.0	55.0
PA14_33530_2950861_C_T_E_K|16	84.7850895258	3.32623307092e-20	5.0	55.0
PA14_32400,mexE_2817506_T_C_Q_R|1	84.7850895258	3.32623307092e-20	5.0	55.0
PA14_02490,tonB2_224617_G_A_A_T|7	84.7850895258	3.32623307092e-20	5.0	55.0
PA14_49560,toxA_4407502_C_T_S_L|1	84.6315202418	3.59488253976e-20	14.0	69.0
PA14_57480_5122255_G_A_S_N|1	84.5534431777	3.73968364926e-20	10.0	63.0
PA14_36920_3290779_G_A_Q_*|1	84.5534431777	3.73968364926e-20	10.0	63.0
PA14_30460_2638143_G_A_A_T|1	84.5534431777	3.73968364926e-20	10.0	63.0
PA14_37420_3331118_C_T_A_T|1	84.5534431777	3.73968364926e-20	10.0	63.0
PA14_06160,fiuA_544071_C_T_R_Q|1	84.5534431777	3.73968364926e-20	10.0	63.0
PA14_66160_5893967_T_C_I_V|1	84.5534431777	3.73968364926e-20	10.0	63.0
PA14_26420_2301496_C_T_R_Q|1	84.5534431777	3.73968364926e-20	10.0	63.0
PA14_37030,cupA3_3297697_G_C_R_G|1	84.506738434	3.82907582373e-20	12.0	66.0
PA14_20520_1765766_C_T_A_V|1	84.506738434	3.82907582373e-20	12.0	66.0
PA14_22110_1928163_T_C_Q_R|1	84.3281959533	4.19095455574e-20	4.0	53.0
PA14_53310_4724878_G_A_R_H|1	84.1267168516	4.64057031306e-20	7.0	58.0
PA14_28880_2493570_T_C_S_G|1	84.1267168516	4.64057031306e-20	7.0	58.0
PA14_16190_1380225_G_A_V_I|1	84.1267168516	4.64057031306e-20	7.0	58.0
PA14_71220,cls_6345695_T_A_Y_F|1	84.1267168516	4.64057031306e-20	7.0	58.0
PA14_61820,ychF_5513326_G_A_D_N|1	84.1267168516	4.64057031306e-20	7.0	58.0
PA14_60900_5434776_A_G_L_S|1	84.1267168516	4.64057031306e-20	7.0	58.0
PA14_52130_4623243_G_A_A_V|1	83.7473537869	5.62222628753e-20	38.0	99.0
PA14_68050_6072419_C_T_R_C|1	83.6239740266	5.98429247494e-20	11.0	64.0
PA14_55840_4986611_C_A_A_S|1	83.592351669	6.08078701082e-20	18.0	74.0
PA14_72110_6425732_A_C_D_A|1	83.50609748	6.35197467277e-20	6.0	56.0
PA14_02980_261047_C_A_R_L|18	83.50609748	6.35197467277e-20	6.0	56.0
PA14_66600,aroB_5946019_G_A_S_F|1	83.50609748	6.35197467277e-20	6.0	56.0
PA14_28300_2446654_C_T_A_T|1	83.50609748	6.35197467277e-20	6.0	56.0
PA14_12670_1087429_G_A_A_V|14	83.50609748	6.35197467277e-20	6.0	56.0
PA14_32110,xylZ_2794060_C_T_H_Y|1	83.50609748	6.35197467277e-20	6.0	56.0
PA14_55400_4926837_A_G_V_A|1	83.50609748	6.35197467277e-20	6.0	56.0
PA14_06960_604416_C_G_D_E|6	83.50609748	6.35197467277e-20	6.0	56.0
PA14_00180,sun_19460_G_A_R_C|11	83.50609748	6.35197467277e-20	6.0	56.0
PA14_57480_5121923_G_T_E_D|1	83.50609748	6.35197467277e-20	6.0	56.0
PA14_64280_5728766_G_C_G_A|1	83.50609748	6.35197467277e-20	6.0	56.0
PA14_08120_696594_G_A_M_I|1	83.50609748	6.35197467277e-20	6.0	56.0
PA14_37460_3333475_C_T_G_D|1	83.50609748	6.35197467277e-20	6.0	56.0
PA14_08180_701590_A_G_Q_R|1	83.50609748	6.35197467277e-20	6.0	56.0
PA14_31310_2723359_G_A_A_T|5	83.50609748	6.35197467277e-20	6.0	56.0
PA14_35530,bkdA1_3159525_A_G_V_A|1	83.50609748	6.35197467277e-20	6.0	56.0
PA14_21020_1811983_C_T_A_T|1	83.50609748	6.35197467277e-20	6.0	56.0
PA14_08050_692391_C_G_A_G|1	83.50609748	6.35197467277e-20	6.0	56.0
PA14_54450,nadB_4828624_C_G_D_E|1	83.50609748	6.35197467277e-20	6.0	56.0
PA14_01330_129569_C_T_A_T|1	83.50609748	6.35197467277e-20	6.0	56.0
PA14_42820_3807570_A_G_Q_R|1	83.50609748	6.35197467277e-20	6.0	56.0
PA14_19710_1700783_C_T_R_C|2	83.50609748	6.35197467277e-20	6.0	56.0
PA14_51530,exoU_4581681_G_A_P_L|1	83.50609748	6.35197467277e-20	6.0	56.0
PA14_04950,mtgA_437516_C_G_G_A|1	83.50609748	6.35197467277e-20	6.0	56.0
PA14_02700_241022_A_G_K_R|1	83.50609748	6.35197467277e-20	6.0	56.0
PA14_04560_405394_T_A_V_D|6	83.50609748	6.35197467277e-20	6.0	56.0
PA14_13200_1137769_T_C_S_P|1	83.50609748	6.35197467277e-20	6.0	56.0
PA14_27755,yliJ_2407645_G_T_E_D|1	83.50609748	6.35197467277e-20	6.0	56.0
PA14_39860_3553224_G_T_G_C|1	83.50609748	6.35197467277e-20	6.0	56.0
PA14_32830_2871402_G_C_P_A|1	83.50609748	6.35197467277e-20	6.0	56.0
PA14_08120_696481_G_C_D_H|2	83.50609748	6.35197467277e-20	6.0	56.0
PA14_65050_5797256_G_A_R_C|1	83.50609748	6.35197467277e-20	6.0	56.0
PA14_21470_1861628_A_C_D_A|2	83.50609748	6.35197467277e-20	6.0	56.0
PA14_22500_1958646_T_A_T_S|1	83.50609748	6.35197467277e-20	6.0	56.0
PA14_21300_1845706_C_T_R_Q|3	83.50609748	6.35197467277e-20	6.0	56.0
PA14_66150_5893268_G_A_P_L|1	83.2537282243	7.21692843388e-20	34.0	94.0
PA14_08210_702254_A_G_I_V|1	83.012167978	8.15498501275e-20	8.0	59.0
PA14_34550_3071074_G_A_A_V|1	83.012167978	8.15498501275e-20	8.0	59.0
PA14_04550,glpQ_404820_T_C_M_V|1	83.012167978	8.15498501275e-20	8.0	59.0
PA14_38770_3458305_G_A_A_V|1	83.012167978	8.15498501275e-20	8.0	59.0
PA14_20040,hasE_1728229_G_C_V_L|1	83.012167978	8.15498501275e-20	8.0	59.0
PA14_19210_1658999_G_A_P_S|1	83.012167978	8.15498501275e-20	8.0	59.0
PA14_21070_1822348_A_G_Q_R|1	83.012167978	8.15498501275e-20	8.0	59.0
PA14_44910_4003612_A_C_K_T|1	82.9570811467	8.38544250932e-20	5.0	54.0
PA14_22090_1923991_T_C_I_V|2	82.9570811467	8.38544250932e-20	5.0	54.0
PA14_36870_3286329_C_G_W_C|1	82.9570811467	8.38544250932e-20	5.0	54.0
PA14_22120_1929676_T_C_N_S|1	82.9570811467	8.38544250932e-20	5.0	54.0
PA14_22220_1936031_C_T_G_D|1	82.9570811467	8.38544250932e-20	5.0	54.0
PA14_39880,phzG2_3555928_T_A_Q_L|1	82.9570811467	8.38544250932e-20	5.0	54.0
PA14_69870,pchP_6230786_G_C_T_S|2	82.9570811467	8.38544250932e-20	5.0	54.0
PA14_22270_1940159_G_A_A_V|1	82.9570811467	8.38544250932e-20	5.0	54.0
PA14_22250_1937988_C_T_A_T|1	82.9570811467	8.38544250932e-20	5.0	54.0
PA14_26810_2334453_C_A_Q_K|2	82.7780389116	9.18042914527e-20	10.0	62.0
PA14_00510_48003_C_G_H_Q|1	82.4911754831	1.06142955468e-19	4.0	52.0
PA14_03290_298673_T_G_V_G|1	82.4911754831	1.06142955468e-19	4.0	52.0
PA14_52130_4623134_A_C_D_E|1	82.4648718706	1.07564905277e-19	37.0	97.0
PA14_65960,waaA_5876462_G_A_L_F|1	82.3194476413	1.1577733675e-19	7.0	57.0
PA14_44680,smc_3981238_G_A_A_V|1	82.3194476413	1.1577733675e-19	7.0	57.0
PA14_38820,pqqB_3461360_G_A_A_V|2	82.3194476413	1.1577733675e-19	7.0	57.0
PA14_59530_5296642_T_C_V_A|1	82.3194476413	1.1577733675e-19	7.0	57.0
PA14_50360,flgK_4477147_G_A_L_F|1	82.3194476413	1.1577733675e-19	7.0	57.0
PA14_37490_3337557_T_G_K_T|7	82.3194476413	1.1577733675e-19	7.0	57.0
PA14_65390,yjeF_5826304_G_A_A_V|1	82.3194476413	1.1577733675e-19	7.0	57.0
PA14_55610,dnaE2_4951335_C_A_Q_K|1	82.3194476413	1.1577733675e-19	7.0	57.0
PA14_72200,prfH_6432187_G_T_F_L|1	82.3194476413	1.1577733675e-19	7.0	57.0
PA14_45470_4048844_G_C_E_Q|1	82.3194476413	1.1577733675e-19	7.0	57.0
PA14_09320,pchI_798737_C_T_A_V|3	82.3194476413	1.1577733675e-19	7.0	57.0
PA14_52130_4623172_T_C_K_E|1	82.2902038952	1.17503049679e-19	32.0	91.0
PA14_17880,paaJ_1535652_G_A_G_D|1	81.9737369098	1.37907072384e-19	9.0	60.0
PA14_69590_6208282_C_T_P_S|1	81.9737369098	1.37907072384e-19	9.0	60.0
PA14_59990_5342418_A_G_T_A|1	81.9737369098	1.37907072384e-19	9.0	60.0
PA14_19320_1666415_A_G_N_S|1	81.9737369098	1.37907072384e-19	9.0	60.0
PA14_25360,apbE_2217773_G_C_G_A|1	81.9363702693	1.40539151591e-19	13.0	66.0
PA14_49530_4406047_G_A_A_T|1	81.8937319797	1.4360400052e-19	21.0	77.0
PA14_51670_4591650_T_G_E_A|1	81.860775417	1.46018658593e-19	11.0	63.0
PA14_62650_5591077_G_C_V_L|1	81.860775417	1.46018658593e-19	11.0	63.0
PA14_00660_67308_C_T_S_N|1	81.860775417	1.46018658593e-19	11.0	63.0
PA14_67200_5998102_G_A_A_V|1	81.7035107698	1.58112377265e-19	29.0	87.0
PA14_19940_1718862_G_A_A_V|1	81.7035107698	1.58112377265e-19	29.0	87.0
PA14_36560_3252991_C_T_G_D|1	81.6888908043	1.5928633342e-19	6.0	55.0
PA14_66190_5896995_A_C_F_C|1	81.6888908043	1.5928633342e-19	6.0	55.0
PA14_10010_861943_A_G_I_V|1	81.6888908043	1.5928633342e-19	6.0	55.0
PA14_09940,pfpI_854706_T_G_T_P|1	81.6888908043	1.5928633342e-19	6.0	55.0
PA14_28880_2492634_C_G_E_Q|1	81.6888908043	1.5928633342e-19	6.0	55.0
PA14_32330_2809061_G_T_R_S|1	81.6888908043	1.5928633342e-19	6.0	55.0
PA14_08220_703000_G_A_D_N|1	81.2167452638	2.02270785849e-19	8.0	58.0
PA14_40150_3578371_G_A_V_I|1	81.2167452638	2.02270785849e-19	8.0	58.0
PA14_08300,JF1_708670_C_A_A_E|1	81.2167452638	2.02270785849e-19	8.0	58.0
PA14_16310_1393007_C_G_A_G|1	81.2167452638	2.02270785849e-19	8.0	58.0
PA14_05390,chpA_474190_G_A_R_Q|1	81.2167452638	2.02270785849e-19	8.0	58.0
PA14_11900_1030261_T_C_D_G|2	81.2167452638	2.02270785849e-19	8.0	58.0
PA14_05390,chpA_470574_G_A_G_S|1	81.2167452638	2.02270785849e-19	8.0	58.0
PA14_32790_2859797_A_G_I_V|1	81.1301435271	2.11331761649e-19	5.0	53.0
PA14_52670,astD_4670033_C_T_R_Q|1	81.1301435271	2.11331761649e-19	5.0	53.0
PA14_02930_257991_C_T_H_Y|1	81.0022354362	2.25462494727e-19	12.0	64.0
PA14_34270,metN-1_3046927_C_T_S_N|1	80.5138225959	2.88678481483e-19	7.0	56.0
PA14_48150_4286214_T_C_V_A|1	80.5138225959	2.88678481483e-19	7.0	56.0
PA14_12760_1094262_C_T_A_V|1	80.5138225959	2.88678481483e-19	7.0	56.0
PA14_70010_6245307_C_T_R_H|1	80.5138225959	2.88678481483e-19	7.0	56.0
PA14_15780_1343709_A_T_V_E|1	80.5138225959	2.88678481483e-19	7.0	56.0
PA14_43650_3885589_T_C_F_L|1	80.5138225959	2.88678481483e-19	7.0	56.0
PA14_39640,cobN_3530102_G_C_R_G|1	80.5138225959	2.88678481483e-19	7.0	56.0
PA14_34580_3072200_T_A_T_S|1	80.5138225959	2.88678481483e-19	7.0	56.0
PA14_07500_645487_G_A_A_V|2	80.5138225959	2.88678481483e-19	7.0	56.0
PA14_42980_3823958_C_T_S_N|1	80.5138225959	2.88678481483e-19	7.0	56.0
PA14_04730_419814_G_A_A_V|1	80.5138225959	2.88678481483e-19	7.0	56.0
PA14_09370_803560_C_G_D_E|5	80.5138225959	2.88678481483e-19	7.0	56.0
PA14_24445,gdhB_2130684_C_T_P_L|1	80.5138225959	2.88678481483e-19	7.0	56.0
PA14_55640,sbcD_4958208_A_G_D_G|1	80.5138225959	2.88678481483e-19	7.0	56.0
PA14_37400_3328972_G_A_A_T|6	80.5138225959	2.88678481483e-19	7.0	56.0
PA14_30690_2659558_G_C_T_R|1	80.5138225959	2.88678481483e-19	7.0	56.0
PA14_04320,ilvA1_386457_G_T_E_D|15	80.5138225959	2.88678481483e-19	7.0	56.0
PA14_29020,cpo_2509287_A_C_D_A|1	80.5138225959	2.88678481483e-19	7.0	56.0
PA14_30730_2666434_C_A_Q_H|1	80.5138225959	2.88678481483e-19	7.0	56.0
PA14_46370_4126681_T_A_L_Q|1	80.5138225959	2.88678481483e-19	7.0	56.0
PA14_23930,metZ_2080458_G_T_K_N|1	80.5138225959	2.88678481483e-19	7.0	56.0
PA14_37260,opdO_3318526_A_C_E_A|1	80.5138225959	2.88678481483e-19	7.0	56.0
PA14_49750_4426810_C_T_A_V|1	80.5138225959	2.88678481483e-19	7.0	56.0
PA14_66450_5928512_T_C_Y_H|1	80.5138225959	2.88678481483e-19	7.0	56.0
PA14_30320,ycaJ_2625792_G_A_V_I|5	80.5138225959	2.88678481483e-19	7.0	56.0
PA14_65390,yjeF_5825057_C_G_E_Q|1	80.5138225959	2.88678481483e-19	7.0	56.0
PA14_37900_3381418_G_A_A_V|1	80.5138225959	2.88678481483e-19	7.0	56.0
PA14_20050,hasF_1728682_C_T_A_V|1	80.5005207448	2.9062830578e-19	39.0	98.0
PA14_20520_1765824_A_C_E_D|1	80.197901776	3.38726700144e-19	13.0	65.0
PA14_01680_154111_C_G_L_V|1	80.197901776	3.38726700144e-19	13.0	65.0
PA14_35530,bkdA1_3159492_T_G_E_A|1	80.1905832185	3.39983614568e-19	9.0	59.0
PA14_08210_702235_C_G_I_M|1	80.1905832185	3.39983614568e-19	9.0	59.0
PA14_52600,alaS_4663040_G_C_D_E|1	80.1905832185	3.39983614568e-19	9.0	59.0
PA14_55410_4931739_G_T_D_E|1	80.165926531	3.44252676807e-19	34.0	92.0
PA14_08210_702612_A_G_E_G|1	80.1002031578	3.5589581715e-19	11.0	62.0
PA14_13940_1197343_G_A_A_T|1	80.1002031578	3.5589581715e-19	11.0	62.0
PA14_22270_1940597_T_C_K_R|1	79.8730792528	3.99249402185e-19	6.0	54.0
PA14_22160_1934836_C_T_R_K|1	79.8730792528	3.99249402185e-19	6.0	54.0
PA14_32790_2863277_C_T_H_Y|1	79.8730792528	3.99249402185e-19	6.0	54.0
PA14_67200_5998106_G_C_L_V|1	79.4747189599	4.88435409061e-19	31.0	88.0
PA14_32350_2810588_A_G_V_A|1	79.4232806323	5.01318909091e-19	8.0	57.0
PA14_08230_703162_G_A_S_N|1	79.4232806323	5.01318909091e-19	8.0	57.0
PA14_22550_1962397_C_T_P_S|1	79.4232806323	5.01318909091e-19	8.0	57.0
PA14_33280,pvdL_2916594_A_G_D_G|1	79.4232806323	5.01318909091e-19	8.0	57.0
PA14_66230,waaG_5901089_T_C_D_G|1	79.4232806323	5.01318909091e-19	8.0	57.0
PA14_08220_702993_G_T_Q_H|1	79.4232806323	5.01318909091e-19	8.0	57.0
PA14_27000_2349507_C_G_K_N|1	79.4232806323	5.01318909091e-19	8.0	57.0
PA14_41820,pabB_3736064_C_G_P_A|1	79.4232806323	5.01318909091e-19	8.0	57.0
PA14_01810_166565_G_A_A_T|5	79.4232806323	5.01318909091e-19	8.0	57.0
PA14_24270,pepN_2107102_C_T_A_V|1	79.4232806323	5.01318909091e-19	8.0	57.0
PA14_15290_1297131_C_T_R_H|1	79.4232806323	5.01318909091e-19	8.0	57.0
PA14_26670_2324495_C_G_E_Q|1	79.4232806323	5.01318909091e-19	8.0	57.0
PA14_25760,holB_2248546_C_T_P_S|2	79.4232806323	5.01318909091e-19	8.0	57.0
PA14_59690_5312281_G_A_G_S|1	79.4232806323	5.01318909091e-19	8.0	57.0
PA14_03770,speB1_338462_A_C_D_A|1	79.4232806323	5.01318909091e-19	8.0	57.0
PA14_24820_2170105_T_G_D_A|1	79.4232806323	5.01318909091e-19	8.0	57.0
PA14_53570_4751100_G_C_R_G|1	79.3043330226	5.32428084768e-19	5.0	52.0
PA14_07440_638398_C_T_V_M|1	79.2542562935	5.46095854955e-19	12.0	63.0
PA14_37420_3331052_C_T_A_T|1	79.2542562935	5.46095854955e-19	12.0	63.0
PA14_32100,xylY_2792796_G_C_Q_H|1	79.2542562935	5.46095854955e-19	12.0	63.0
PA14_37410_3330107_C_G_L_V|1	79.2542562935	5.46095854955e-19	12.0	63.0
PA14_03810,aguA_343891_C_T_A_T|1	79.2344009055	5.51611786422e-19	10.0	60.0
PA14_68930_6149882_A_G_T_A|1	79.2344009055	5.51611786422e-19	10.0	60.0
PA14_54480_4830322_C_G_A_G|1	79.1362166299	5.79718049595e-19	17.0	70.0
PA14_05440_480713_T_G_T_P|1	78.7359881527	7.09904706304e-19	15.0	67.0
PA14_58515_5211648_T_C_T_A|1	78.7099212717	7.19334000372e-19	7.0	55.0
PA14_36390_3242740_G_A_E_K|1	78.7099212717	7.19334000372e-19	7.0	55.0
PA14_43110_3841388_C_T_A_T|1	78.7099212717	7.19334000372e-19	7.0	55.0
PA14_10040_863265_T_G_K_T|1	78.7099212717	7.19334000372e-19	7.0	55.0
PA14_66140_5891814_G_A_R_C|1	78.7099212717	7.19334000372e-19	7.0	55.0
PA14_37680_3355419_C_T_P_L|1	78.46256554	8.15286608311e-19	13.0	64.0
PA14_59540_5298887_G_A_A_T|1	78.4096953991	8.37401565588e-19	9.0	58.0
PA14_35360,kguE_3143268_G_A_P_L|1	78.4096953991	8.37401565588e-19	9.0	58.0
PA14_42950_3818621_A_C_S_A|1	78.4096953991	8.37401565588e-19	9.0	58.0
PA14_43790_3899718_G_A_D_N|1	78.4096953991	8.37401565588e-19	9.0	58.0
PA14_08230_703168_C_A_A_D|1	78.4096953991	8.37401565588e-19	9.0	58.0
PA14_13520_1164131_A_G_N_S|1	78.4096953991	8.37401565588e-19	9.0	58.0
PA14_27110,ligT_2355638_G_A_P_S|1	78.4096953991	8.37401565588e-19	9.0	58.0
PA14_17760,ada_1526558_A_G_Q_R|1	78.4096953991	8.37401565588e-19	9.0	58.0
PA14_72710_6476142_A_G_Q_R|1	78.4096953991	8.37401565588e-19	9.0	58.0
PA14_45460_4047511_C_T_V_I|1	78.3423666804	8.66435168046e-19	11.0	61.0
PA14_57370,murD_5111369_A_G_V_A|1	78.3423666804	8.66435168046e-19	11.0	61.0
PA14_50830_4517193_C_G_G_A|1	78.3423666804	8.66435168046e-19	11.0	61.0
PA14_69950_6241896_C_T_V_M|1	78.3423666804	8.66435168046e-19	11.0	61.0
PA14_60020_5345193_G_A_A_T|1	78.0587337641	1.00021832178e-18	6.0	53.0
PA14_11830_1025254_C_T_A_V|4	77.6318658687	1.24150918146e-18	8.0	56.0
PA14_33720,pvdN_2992561_G_T_A_E|1	77.6318658687	1.24150918146e-18	8.0	56.0
PA14_10210_878179_C_G_R_G|1	77.6318658687	1.24150918146e-18	8.0	56.0
PA14_08230_703158_C_A_L_I|1	77.6318658687	1.24150918146e-18	8.0	56.0
PA14_36060_3212546_G_C_L_V|1	77.6318658687	1.24150918146e-18	8.0	56.0
PA14_72830_6486556_G_A_R_Q|1	77.6318658687	1.24150918146e-18	8.0	56.0
PA14_36290,yncB_3231625_C_G_Q_H|1	77.6318658687	1.24150918146e-18	8.0	56.0
PA14_16360_1399119_C_T_G_D|9	77.6318658687	1.24150918146e-18	8.0	56.0
PA14_28250_2443419_G_A_A_V|1	77.6318658687	1.24150918146e-18	8.0	56.0
PA14_05230_457703_C_T_A_V|1	77.6318658687	1.24150918146e-18	8.0	56.0
PA14_29660_2570779_C_T_P_S|1	77.6318658687	1.24150918146e-18	8.0	56.0
PA14_53530_4746818_G_C_E_Q|1	77.6318658687	1.24150918146e-18	8.0	56.0
PA14_05250,pyrC_459283_G_A_A_V|1	77.6318658687	1.24150918146e-18	8.0	56.0
PA14_66310,aceF_5910658_G_A_A_T|1	77.6318658687	1.24150918146e-18	8.0	56.0
PA14_63130_5635386_C_A_R_S|1	77.6318658687	1.24150918146e-18	8.0	56.0
PA14_05620,sahH_498554_C_T_V_M|10	77.6318658687	1.24150918146e-18	8.0	56.0
PA14_51450,cupC3_4574149_C_T_V_I|3	77.6318658687	1.24150918146e-18	8.0	56.0
PA14_00170,trkA_17563_C_A_E_D|7	77.6318658687	1.24150918146e-18	8.0	56.0
PA14_40520_3619599_G_A_A_T|3	77.6318658687	1.24150918146e-18	8.0	56.0
PA14_09240,pchD_783463_C_A_R_L|1	77.6318658687	1.24150918146e-18	8.0	56.0
PA14_33280,pvdL_2914709_C_T_R_C|1	77.5092793469	1.32100389272e-18	12.0	62.0
PA14_51420,pqsB_4569300_G_T_A_D|1	77.5092793469	1.32100389272e-18	12.0	62.0
PA14_63580,fdnH_5668961_G_A_A_V|1	77.4797100145	1.3409291763e-18	5.0	51.0
PA14_38930,glpR_3470292_G_A_A_T|1	77.4797100145	1.3409291763e-18	5.0	51.0
PA14_35900_3195474_A_C_I_L|1	77.4663750067	1.35001305717e-18	10.0	59.0
PA14_09280,pchF_794681_C_G_A_G|1	77.4663750067	1.35001305717e-18	10.0	59.0
PA14_08220_702904_G_C_E_Q|1	77.4663750067	1.35001305717e-18	10.0	59.0
PA14_02620,mdcH_233157_G_A_A_T|1	77.4663750067	1.35001305717e-18	10.0	59.0
PA14_55780_4982619_G_A_A_V|1	77.4663750067	1.35001305717e-18	10.0	59.0
PA14_08210_702705_C_T_T_M|1	77.4663750067	1.35001305717e-18	10.0	59.0
PA14_11580_1002013_C_T_H_Y|1	77.4663750067	1.35001305717e-18	10.0	59.0
PA14_39670_3535939_G_T_Q_K|1	77.4663750067	1.35001305717e-18	10.0	59.0
PA14_57200_5095662_G_A_A_V|1	77.4663750067	1.35001305717e-18	10.0	59.0
PA14_08220_702916_C_A_Q_K|1	77.4663750067	1.35001305717e-18	10.0	59.0
PA14_22370_1948234_C_T_P_S|1	77.025876481	1.68732654049e-18	15.0	66.0
PA14_40650_3630274_G_A_A_T|1	77.025876481	1.68732654049e-18	15.0	66.0
PA14_55840_4986712_G_A_A_V|1	77.025876481	1.68732654049e-18	15.0	66.0
PA14_22090_1923525_A_T_L_Q|1	76.985104246	1.72252240908e-18	4.0	49.0
PA14_59940_5339028_A_T_M_L|1	76.9078284418	1.79125680528e-18	7.0	54.0
PA14_17650_1517282_G_A_G_S|1	76.7304852031	1.95955056906e-18	13.0	63.0
PA14_34540_3070358_T_C_V_A|1	76.631176446	2.0606082113e-18	9.0	57.0
PA14_02340,atsB_210640_C_T_V_I|2	76.631176446	2.0606082113e-18	9.0	57.0
PA14_59660_5308869_C_G_P_A|1	76.631176446	2.0606082113e-18	9.0	57.0
PA14_00925_93930_C_G_G_A|2	76.631176446	2.0606082113e-18	9.0	57.0
PA14_61520_5488440_G_A_V_I|1	76.631176446	2.0606082113e-18	9.0	57.0
PA14_43420_3868463_T_C_Q_R|2	76.631176446	2.0606082113e-18	9.0	57.0
PA14_07450_639348_C_T_G_R|1	76.631176446	2.0606082113e-18	9.0	57.0
PA14_47430,czcD_4226521_A_G_K_R|1	76.631176446	2.0606082113e-18	9.0	57.0
PA14_64120_5715744_A_T_T_S|1	76.631176446	2.0606082113e-18	9.0	57.0
PA14_16340_1396181_G_T_P_T|1	76.631176446	2.0606082113e-18	9.0	57.0
PA14_26020_2273659_C_T_A_T|1	76.631176446	2.0606082113e-18	9.0	57.0
PA14_17910,lipG_1539153_G_A_E_K|1	76.631176446	2.0606082113e-18	9.0	57.0
PA14_35860_3191640_G_A_G_D|1	76.5873815812	2.10681522556e-18	11.0	60.0
PA14_09150,katA_774275_T_A_F_Y|1	76.5873815812	2.10681522556e-18	11.0	60.0
PA14_13940_1197461_C_A_T_N|1	76.5873815812	2.10681522556e-18	11.0	60.0
PA14_29360,pfeS_2542029_C_T_D_N|1	76.4697044897	2.23617302197e-18	22.0	75.0
PA14_52130_4623157_G_T_L_M|1	76.3635772315	2.35963482751e-18	31.0	86.0
PA14_08050_691667_T_G_S_A|1	76.0687858891	2.73953652653e-18	27.0	81.0
PA14_30910,trbE_2686168_G_A_A_V|1	76.0251033583	2.80081410969e-18	23.0	76.0
PA14_06120_540257_C_T_A_T|1	76.0018078498	2.83405153579e-18	14.0	64.0
PA14_66190_5896422_G_A_A_V|1	76.0018078498	2.83405153579e-18	14.0	64.0
PA14_32790_2861958_A_T_D_V|1	75.8425985857	3.07201746848e-18	8.0	55.0
PA14_08220_702992_A_C_Q_P|1	75.8425985857	3.07201746848e-18	8.0	55.0
PA14_33960_3018132_G_A_L_F|1	75.8425985857	3.07201746848e-18	8.0	55.0
PA14_36910,ligD_3289781_G_A_R_C|1	75.8425985857	3.07201746848e-18	8.0	55.0
PA14_32790_2859791_C_A_Q_K|1	75.8425985857	3.07201746848e-18	8.0	55.0
PA14_08210_702611_G_C_E_Q|1	75.7674279746	3.19122012913e-18	12.0	61.0
PA14_63080,lldP_5628545_G_A_V_M|1	75.7674279746	3.19122012913e-18	12.0	61.0
PA14_58900_5250584_C_A_R_S|1	75.7674279746	3.19122012913e-18	12.0	61.0
PA14_54480_4830319_A_G_D_G|1	75.7617667725	3.20038259633e-18	17.0	68.0
PA14_08050_691673_G_A_A_T|1	75.7276414473	3.25617340075e-18	28.0	82.0
PA14_64880,braE_5782030_G_C_A_G|1	75.7010265934	3.30035990632e-18	10.0	58.0
PA14_63480_5659779_A_G_S_P|1	75.7010265934	3.30035990632e-18	10.0	58.0
PA14_56390_5030623_G_A_H_Y|1	75.7010265934	3.30035990632e-18	10.0	58.0
PA14_54260,yecO_4814341_T_C_S_P|1	75.7010265934	3.30035990632e-18	10.0	58.0
PA14_08230_703141_C_G_A_G|1	75.7010265934	3.30035990632e-18	10.0	58.0
PA14_27840_2412256_T_C_V_A|1	75.7010265934	3.30035990632e-18	10.0	58.0
PA14_51240,purC_4553363_G_A_A_V|1	75.7010265934	3.30035990632e-18	10.0	58.0
PA14_13750,narK1_1182066_C_T_A_V|1	75.7010265934	3.30035990632e-18	10.0	58.0
PA14_09920_853128_C_T_T_I|1	75.7010265934	3.30035990632e-18	10.0	58.0
PA14_61820,ychF_5513250_C_G_D_E|1	75.7010265934	3.30035990632e-18	10.0	58.0
PA14_09210,pchA_781009_C_T_R_Q|1	75.7010265934	3.30035990632e-18	10.0	58.0
PA14_40200_3580726_G_A_V_I|1	75.7010265934	3.30035990632e-18	10.0	58.0
PA14_22080_1922173_T_C_T_A|1	75.6563392753	3.37590385015e-18	5.0	50.0
PA14_30910,trbE_2685878_T_C_K_E|1	75.3608412279	3.92089578723e-18	43.0	99.0
PA14_12590_1080525_C_T_G_S|1	75.3194885276	4.00388080019e-18	15.0	65.0
PA14_30880,trbL_2682453_C_A_L_F|1	75.2108235502	4.23041645599e-18	25.0	78.0
PA14_03220_288086_G_C_Q_E|1	75.1515704996	4.3592986649e-18	4.0	48.0
PA14_36110_3217917_G_A_A_V|1	75.0017910014	4.70287248362e-18	13.0	62.0
PA14_26470,cbiD_2305584_C_T_G_S|1	74.8551356912	5.06551214844e-18	9.0	56.0
PA14_67010_5980708_G_A_A_T|1	74.8551356912	5.06551214844e-18	9.0	56.0
PA14_55060_4891754_A_G_L_P|1	74.8551356912	5.06551214844e-18	9.0	56.0
PA14_59650_5308157_C_T_T_I|6	74.8551356912	5.06551214844e-18	9.0	56.0
PA14_23500,tyrB_2045078_C_T_A_T|2	74.8551356912	5.06551214844e-18	9.0	56.0
PA14_01550_143256_C_T_T_I|2	74.8551356912	5.06551214844e-18	9.0	56.0
PA14_43780_3897679_G_A_E_K|1	74.8551356912	5.06551214844e-18	9.0	56.0
PA14_42640,pscT_3793122_G_A_V_I|1	74.8551356912	5.06551214844e-18	9.0	56.0
PA14_06620_577515_C_A_L_M|1	74.8551356912	5.06551214844e-18	9.0	56.0
PA14_04590_408259_G_A_A_V|32	74.8551356912	5.06551214844e-18	9.0	56.0
PA14_63310,smtA_5650235_G_A_G_S|1	74.8551356912	5.06551214844e-18	9.0	56.0
PA14_17850,fadB_1533003_G_A_R_Q|1	74.8551356912	5.06551214844e-18	9.0	56.0
PA14_46320,pyc_4121463_C_G_E_D|1	74.8551356912	5.06551214844e-18	9.0	56.0
PA14_47510_4231880_T_C_Q_R|1	74.8551356912	5.06551214844e-18	9.0	56.0
PA14_21020_1814229_T_G_D_A|1	74.8551356912	5.06551214844e-18	9.0	56.0
PA14_16600_1421430_G_A_V_M|1	74.8551356912	5.06551214844e-18	9.0	56.0
PA14_09920_852980_A_T_T_S|1	74.8551356912	5.06551214844e-18	9.0	56.0
PA14_09150,katA_774294_G_C_Q_H|6	74.8353700621	5.11648045852e-18	11.0	59.0
PA14_66000_5878460_T_C_C_R|1	74.8353700621	5.11648045852e-18	11.0	59.0
PA14_38990_3474603_C_T_S_N|1	74.8353700621	5.11648045852e-18	11.0	59.0
PA14_51590_4586287_G_A_G_S|2	74.8353700621	5.11648045852e-18	11.0	59.0
PA14_39230_3493411_G_A_S_N|1	74.8353700621	5.11648045852e-18	11.0	59.0
PA14_20040,hasE_1728424_G_C_E_Q|1	74.8353700621	5.11648045852e-18	11.0	59.0
PA14_43460,paaH_3871004_A_G_S_G|1	74.8353700621	5.11648045852e-18	11.0	59.0
PA14_02420,atsK_218370_G_A_R_Q|1	74.6801351855	5.5350267628e-18	16.0	66.0
PA14_30880,trbL_2682398_G_C_Q_E|1	74.4057868538	6.36022922575e-18	23.0	75.0
PA14_23100,mutT_2003108_C_T_G_D|1	74.2862381967	6.75729354221e-18	14.0	63.0
PA14_60020_5344974_A_G_N_D|1	74.1394059869	7.2790677144e-18	20.0	71.0
PA14_58900_5248602_G_A_S_N|1	74.080678825	7.49887158962e-18	17.0	67.0
PA14_37140_3309818_C_G_T_S|1	74.080678825	7.49887158962e-18	17.0	67.0
PA14_43080_3832984_G_C_A_P|1	74.0555826937	7.59481471068e-18	8.0	54.0
PA14_08220_702952_C_A_R_S|1	74.0555826937	7.59481471068e-18	8.0	54.0
PA14_47430,czcD_4226214_C_G_R_G|1	74.0555826937	7.59481471068e-18	8.0	54.0
PA14_08220_702991_C_A_Q_K|1	74.0555826937	7.59481471068e-18	8.0	54.0
PA14_09700,pqsL_834321_G_A_R_C|1	74.0288324086	7.69843410369e-18	12.0	60.0
PA14_47850_4258213_C_A_P_T|1	74.0288324086	7.69843410369e-18	12.0	60.0
PA14_02510,exbD1_225969_G_A_V_I|1	74.0288324086	7.69843410369e-18	12.0	60.0
PA14_48440_4306563_G_A_G_D|1	74.0288324086	7.69843410369e-18	12.0	60.0
PA14_30860,trbG_2679807_T_C_I_V|2	73.9976682092	7.82093597349e-18	24.0	76.0
PA14_02560,mdcB_229422_G_C_E_Q|2	73.9384755528	8.05900851457e-18	10.0	57.0
PA14_61130_5450463_T_C_K_R|1	73.9384755528	8.05900851457e-18	10.0	57.0
PA14_23310_2022320_C_T_P_L|1	73.9384755528	8.05900851457e-18	10.0	57.0
PA14_07500_646091_C_T_E_K|3	73.9384755528	8.05900851457e-18	10.0	57.0
PA14_45710_4065664_T_C_Y_C|1	73.9384755528	8.05900851457e-18	10.0	57.0
PA14_46260_4114670_T_G_D_E|1	73.9384755528	8.05900851457e-18	10.0	57.0
PA14_17860,paaH_1533472_G_T_A_S|1	73.9384755528	8.05900851457e-18	10.0	57.0
PA14_72130_6427921_C_T_S_N|1	73.9384755528	8.05900851457e-18	10.0	57.0
PA14_16280_1391029_C_G_E_Q|1	73.9384755528	8.05900851457e-18	10.0	57.0
PA14_27840_2412286_C_T_A_V|1	73.9384755528	8.05900851457e-18	10.0	57.0
PA14_34540_3070428_T_A_D_E|1	73.9384755528	8.05900851457e-18	10.0	57.0
PA14_35300_3139343_T_C_S_G|1	73.9384755528	8.05900851457e-18	10.0	57.0
PA14_02050_186112_C_T_R_W|1	73.9384755528	8.05900851457e-18	10.0	57.0
PA14_18830_1623745_A_C_H_P|2	73.9384755528	8.05900851457e-18	10.0	57.0
PA14_67970_6065042_C_A_T_K|1	73.9384755528	8.05900851457e-18	10.0	57.0
