feature	score	p-value	#I-out-of-334	#O-out-of-92
,,tatD_2	27.6740692528	1.43574442827e-07	6.0	14.0
,,queC_3	27.6740692528	1.43574442827e-07	6.0	14.0
,,group_26373	27.6740692528	1.43574442827e-07	6.0	14.0
,,group_26372	27.6740692528	1.43574442827e-07	6.0	14.0
,,group_19114	26.8401179008	2.21001540488e-07	3.0	11.0
,,group_3413	26.3593985941	2.83436317848e-07	18.0	22.0
,,group_17715	25.4375402513	4.5693926013e-07	17.0	21.0
,,group_26367	25.1934392085	5.18583125457e-07	7.0	14.0
,,group_19102	25.1934392085	5.18583125457e-07	7.0	14.0
,,group_26368	25.1934392085	5.18583125457e-07	7.0	14.0
,,group_18041	25.1934392085	5.18583125457e-07	7.0	14.0
,,group_8408	24.0473388626	9.39960787718e-07	38.0	32.0
,,group_16325	23.712652955	1.11844789681e-06	4.0	11.0
,,group_29796	23.560637618	1.21038402005e-06	2.0	9.0
,,group_4758	23.5017323213	1.24801345863e-06	3.0	10.0
,,group_26376	22.9633618139	1.6511850136e-06	8.0	14.0
,,group_26377	22.9633618139	1.6511850136e-06	8.0	14.0
,,group_26379	22.9633618139	1.6511850136e-06	8.0	14.0
,,group_18040	22.9633618139	1.6511850136e-06	8.0	14.0
,,group_26374	22.9633618139	1.6511850136e-06	8.0	14.0
,,group_26378	22.9633618139	1.6511850136e-06	8.0	14.0
,,group_26375	22.9633618139	1.6511850136e-06	8.0	14.0
,,group_24762	21.7757094507	3.06455544251e-06	10.0	15.0
,,group_10106	21.010552265	4.56760736527e-06	5.0	11.0
,,hipB	21.010552265	4.56760736527e-06	5.0	11.0
,,intA	21.0032803957	4.5849766254e-06	63.0	42.0
,,group_18022	20.9647227285	4.67818738161e-06	22.0	22.0
,,group_14531	20.9511562886	4.71143372201e-06	9.0	14.0
,,group_17599	20.5321902778	5.8636810053e-06	4.0	10.0
,,group_7208	20.5321902778	5.8636810053e-06	4.0	10.0
,,group_17600	20.5321902778	5.8636810053e-06	4.0	10.0
,,group_14000	20.5321902778	5.8636810053e-06	4.0	10.0
,,group_17596	20.5321902778	5.8636810053e-06	4.0	10.0
,,group_14286	20.3697030491	6.38324364746e-06	38.0	30.0
,,group_7429	20.3697030491	6.38324364746e-06	38.0	30.0
,,group_22567	20.212021609	6.93159636423e-06	3.0	9.0
,,group_16976	20.212021609	6.93159636423e-06	3.0	9.0
,,group_16979	20.212021609	6.93159636423e-06	3.0	9.0
,,group_16981	20.212021609	6.93159636423e-06	3.0	9.0
,,group_14001	20.212021609	6.93159636423e-06	3.0	9.0
,,group_22569	20.212021609	6.93159636423e-06	3.0	9.0
,,group_16977	20.212021609	6.93159636423e-06	3.0	9.0
,,group_16960	20.212021609	6.93159636423e-06	3.0	9.0
,,group_22570	20.212021609	6.93159636423e-06	3.0	9.0
,,group_16978	20.212021609	6.93159636423e-06	3.0	9.0
,,group_22411	20.212021609	6.93159636423e-06	3.0	9.0
,,group_29793	20.212021609	6.93159636423e-06	3.0	9.0
,,group_14002	20.212021609	6.93159636423e-06	3.0	9.0
,,group_16982	20.212021609	6.93159636423e-06	3.0	9.0
,,group_22568	20.212021609	6.93159636423e-06	3.0	9.0
,,group_29792	20.212021609	6.93159636423e-06	3.0	9.0
,,group_16980	20.212021609	6.93159636423e-06	3.0	9.0
,,group_13987	20.212021609	6.93159636423e-06	3.0	9.0
,,group_35534	20.1449622494	7.17890755885e-06	2.0	8.0
,,group_35533	20.1449622494	7.17890755885e-06	2.0	8.0
,,group_1326	19.5280947057	9.91309480375e-06	27.0	24.0
,,spo0C	19.5123099736	9.99534714988e-06	39.0	30.0
,,group_23989	19.5123099736	9.99534714988e-06	39.0	30.0
,,group_17502	19.5123099736	9.99534714988e-06	39.0	30.0
,,group_17503	19.5123099736	9.99534714988e-06	39.0	30.0
,,group_23988	19.5123099736	9.99534714988e-06	39.0	30.0
,,group_6165	19.5123099736	9.99534714988e-06	39.0	30.0
,,group_23990	19.5123099736	9.99534714988e-06	39.0	30.0
,,group_7020	19.5123099736	9.99534714988e-06	39.0	30.0
,,group_17504	19.5123099736	9.99534714988e-06	39.0	30.0
,,group_17501	19.5123099736	9.99534714988e-06	39.0	30.0
,,group_20990	19.3831376149	1.06947212482e-05	7.0	12.0
,,group_8418	19.3831376149	1.06947212482e-05	7.0	12.0
,,group_4323	19.3083518121	1.11218802185e-05	13.0	16.0
,,group_17733	19.1295886488	1.22136660509e-05	10.0	14.0
,,group_17779	19.1295886488	1.22136660509e-05	10.0	14.0
,,group_17732	19.1295886488	1.22136660509e-05	10.0	14.0
,,group_86	19.1295886488	1.22136660509e-05	10.0	14.0
,,group_24847	19.1295886488	1.22136660509e-05	10.0	14.0
,,group_11436	18.6587515506	1.56328057737e-05	6.0	11.0
,,group_17110	18.6587515506	1.56328057737e-05	6.0	11.0
,,group_30055	18.6587515506	1.56328057737e-05	6.0	11.0
,,group_17109	18.6587515506	1.56328057737e-05	6.0	11.0
,,group_13783	18.5857876085	1.62426999279e-05	26.0	23.0
,,group_4632	18.3961617138	1.79419032723e-05	17.0	18.0
,,group_22366	18.2661297957	1.92092429208e-05	9.0	13.0
,,group_8417	17.9953137204	2.21449458673e-05	5.0	10.0
,,group_9975	17.7029499942	2.5822582723e-05	59.0	38.0
,,group_16973	17.4457764313	2.95620368899e-05	16.0	17.0
,,prsE_2	17.4457764313	2.95620368899e-05	16.0	17.0
,,group_16942	17.4209540785	2.99505971358e-05	4.0	9.0
,,clpX_2	17.4209540785	2.99505971358e-05	4.0	9.0
,,group_16975	17.4209540785	2.99505971358e-05	4.0	9.0
,,group_14006	17.4209540785	2.99505971358e-05	4.0	9.0
,,group_13986	17.4209540785	2.99505971358e-05	4.0	9.0
,,group_26850	17.4209540785	2.99505971358e-05	4.0	9.0
,,group_26851	17.4209540785	2.99505971358e-05	4.0	9.0
,,group_26852	17.4209540785	2.99505971358e-05	4.0	9.0
,,group_21584	17.4205675605	2.99566879592e-05	8.0	12.0
,,group_21582	17.4205675605	2.99566879592e-05	8.0	12.0
,,group_21583	17.4205675605	2.99566879592e-05	8.0	12.0
,,group_6401	17.1529549596	3.44872487138e-05	18.0	18.0
,,group_3854	16.9958716108	3.74611834394e-05	1.0	6.0
,,group_22515	16.9842607276	3.76909741589e-05	3.0	8.0
,,group_22368	16.9842607276	3.76909741589e-05	3.0	8.0
,,group_10067	16.9842607276	3.76909741589e-05	3.0	8.0
,,group_22562	16.9842607276	3.76909741589e-05	3.0	8.0
,,group_22561	16.9842607276	3.76909741589e-05	3.0	8.0
,,group_22372	16.9842607276	3.76909741589e-05	3.0	8.0
,,group_22566	16.9842607276	3.76909741589e-05	3.0	8.0
,,group_22571	16.9842607276	3.76909741589e-05	3.0	8.0
,,group_22574	16.9842607276	3.76909741589e-05	3.0	8.0
,,group_16974	16.9842607276	3.76909741589e-05	3.0	8.0
,,group_22373	16.9842607276	3.76909741589e-05	3.0	8.0
,,group_22576	16.9842607276	3.76909741589e-05	3.0	8.0
,,group_22577	16.9842607276	3.76909741589e-05	3.0	8.0
,,yokD	16.9842607276	3.76909741589e-05	3.0	8.0
,,group_22564	16.9842607276	3.76909741589e-05	3.0	8.0
,,group_22563	16.9842607276	3.76909741589e-05	3.0	8.0
,,group_22514	16.9842607276	3.76909741589e-05	3.0	8.0
,,group_32137	16.9842607276	3.76909741589e-05	3.0	8.0
,,group_22371	16.9842607276	3.76909741589e-05	3.0	8.0
,,group_22573	16.9842607276	3.76909741589e-05	3.0	8.0
,,group_16933	16.9842607276	3.76909741589e-05	3.0	8.0
,,group_14936	16.9842607276	3.76909741589e-05	3.0	8.0
,,group_22370	16.9842607276	3.76909741589e-05	3.0	8.0
,,nhaA_1	16.9842607276	3.76909741589e-05	3.0	8.0
,,group_33815	16.9842607276	3.76909741589e-05	3.0	8.0
,,group_22572	16.9842607276	3.76909741589e-05	3.0	8.0
,,group_1503	16.9842607276	3.76909741589e-05	3.0	8.0
,,group_22565	16.9842607276	3.76909741589e-05	3.0	8.0
,,group_22516	16.9842607276	3.76909741589e-05	3.0	8.0
,,group_32136	16.9842607276	3.76909741589e-05	3.0	8.0
,,group_12016	16.9070972961	3.92545360017e-05	13.0	15.0
,,group_7440	16.9070972961	3.92545360017e-05	13.0	15.0
,,group_10183	16.9070972961	3.92545360017e-05	13.0	15.0
,,group_16648	16.8913262719	3.95820431589e-05	58.0	37.0
,,group_35663	16.777011195	4.2039530063e-05	2.0	7.0
,,bcr_3	16.777011195	4.2039530063e-05	2.0	7.0
,,group_33240	16.777011195	4.2039530063e-05	2.0	7.0
,,group_35607	16.777011195	4.2039530063e-05	2.0	7.0
,,group_33239	16.777011195	4.2039530063e-05	2.0	7.0
,,group_26838	16.777011195	4.2039530063e-05	2.0	7.0
,,group_19113	16.777011195	4.2039530063e-05	2.0	7.0
,,group_35601	16.777011195	4.2039530063e-05	2.0	7.0
,,group_35665	16.777011195	4.2039530063e-05	2.0	7.0
,,group_35600	16.777011195	4.2039530063e-05	2.0	7.0
,,group_19112	16.777011195	4.2039530063e-05	2.0	7.0
,,group_35606	16.777011195	4.2039530063e-05	2.0	7.0
,,group_35664	16.777011195	4.2039530063e-05	2.0	7.0
,,group_8474	16.777011195	4.2039530063e-05	2.0	7.0
,,group_35599	16.777011195	4.2039530063e-05	2.0	7.0
,,tfaE	16.777011195	4.2039530063e-05	2.0	7.0
,,group_13517	16.5988674824	4.61785882508e-05	7.0	11.0
,,group_4192	16.5988674824	4.61785882508e-05	7.0	11.0
,,group_11820	16.5988674824	4.61785882508e-05	7.0	11.0
,,group_25797	16.569060367	4.69101119169e-05	10.0	13.0
,,group_25804	16.569060367	4.69101119169e-05	10.0	13.0
,,yqhD	16.569060367	4.69101119169e-05	10.0	13.0
,,group_17941	16.569060367	4.69101119169e-05	10.0	13.0
,,group_25799	16.569060367	4.69101119169e-05	10.0	13.0
,,group_17945	16.569060367	4.69101119169e-05	10.0	13.0
,,group_17940	16.569060367	4.69101119169e-05	10.0	13.0
,,group_25803	16.569060367	4.69101119169e-05	10.0	13.0
,,group_25800	16.569060367	4.69101119169e-05	10.0	13.0
,,frp	16.569060367	4.69101119169e-05	10.0	13.0
,,pucB_1	16.569060367	4.69101119169e-05	10.0	13.0
,,gabD1	16.569060367	4.69101119169e-05	10.0	13.0
,,group_25802	16.569060367	4.69101119169e-05	10.0	13.0
,,group_25801	16.569060367	4.69101119169e-05	10.0	13.0
,,pphA	16.4957210404	4.87599923931e-05	15.0	16.0
,,group_2923	16.4957210404	4.87599923931e-05	15.0	16.0
,,group_9633	16.4957210404	4.87599923931e-05	15.0	16.0
,,group_689	16.4777165038	4.92252366991e-05	61.0	38.0
,,mdtE_1	16.4777165038	4.92252366991e-05	61.0	38.0
,,group_13792	16.4777165038	4.92252366991e-05	61.0	38.0
,,acrR_2	16.4777165038	4.92252366991e-05	61.0	38.0
,,cnrA	16.4777165038	4.92252366991e-05	61.0	38.0
,,group_21796	16.4777165038	4.92252366991e-05	61.0	38.0
,,group_21791	16.4777165038	4.92252366991e-05	61.0	38.0
,,group_21795	16.4777165038	4.92252366991e-05	61.0	38.0
PA14_48500,,group_9216	16.414583594	5.08921693924e-05	75.0	2.0
,,group_14287	16.3931053914	5.14721159446e-05	43.0	30.0
,,group_950	16.2000130174	5.69937245893e-05	17.0	17.0
,,wbpD	15.9760479042	6.41489827009e-05	58.0	0.0
,,wbpE	15.9760479042	6.41489827009e-05	58.0	0.0
,,group_12677	15.9703803096	6.43413244133e-05	12.0	14.0
,,group_13791	15.8917417339	6.70707372274e-05	62.0	38.0
,,group_21793	15.8917417339	6.70707372274e-05	62.0	38.0
,,group_21794	15.8917417339	6.70707372274e-05	62.0	38.0
,,ptlF	15.8917417339	6.70707372274e-05	62.0	38.0
,,group_13790	15.8917417339	6.70707372274e-05	62.0	38.0
,,group_16647	15.8917417339	6.70707372274e-05	62.0	38.0
,,group_13512	15.8099778703	7.0032218605e-05	6.0	10.0
,,group_1176	15.8099778703	7.0032218605e-05	6.0	10.0
,,group_16329	15.8099778703	7.0032218605e-05	6.0	10.0
,,group_6386	15.8099778703	7.0032218605e-05	6.0	10.0
,,group_9638	15.8099778703	7.0032218605e-05	6.0	10.0
,,group_13750	15.8099778703	7.0032218605e-05	6.0	10.0
,,group_4891	15.8099778703	7.0032218605e-05	6.0	10.0
,,group_9807	15.8099778703	7.0032218605e-05	6.0	10.0
,,group_17023	15.8099778703	7.0032218605e-05	6.0	10.0
,,group_11622	15.7337056656	7.29132846085e-05	29.0	23.0
,,group_16561	15.7129148978	7.37191033854e-05	27.0	22.0
,,group_13350	15.7005988024	7.42006759285e-05	57.0	0.0
,,wbpB	15.7005988024	7.42006759285e-05	57.0	0.0
,,wbnH	15.7005988024	7.42006759285e-05	57.0	0.0
,,group_20682	15.7005988024	7.42006759285e-05	57.0	0.0
,,group_2123	15.6711421877	7.53653370052e-05	9.0	12.0
,,group_13691	15.6711421877	7.53653370052e-05	9.0	12.0
,,group_21587	15.6711421877	7.53653370052e-05	9.0	12.0
,,group_21586	15.6711421877	7.53653370052e-05	9.0	12.0
,,group_9974	15.5352284561	8.09819361752e-05	65.0	39.0
,,group_11310	15.4251497006	8.5838260502e-05	56.0	0.0
,,group_3009	15.3446729729	8.95731289178e-05	49.0	32.0
,,ptlG	15.3228248625	9.06150167603e-05	63.0	38.0
PA14_66160,,group_7671	15.3000666493	9.17132753439e-05	116.0	9.0
,,group_14419	15.2470710752	9.43229153273e-05	16.0	16.0
,,aldA	15.2470710752	9.43229153273e-05	16.0	16.0
,,group_16650	15.112360461	0.000101297857982	61.0	37.0
,,group_11679	15.112360461	0.000101297857982	61.0	37.0
,,mkl_1	15.112360461	0.000101297857982	61.0	37.0
,,group_16649	15.112360461	0.000101297857982	61.0	37.0
,,group_11680	15.112360461	0.000101297857982	61.0	37.0
,,group_1529	15.0679603526	0.000103708710746	5.0	9.0
,,group_22412	15.0679603526	0.000103708710746	5.0	9.0
,,group_5446	15.0679603526	0.000103708710746	5.0	9.0
,,group_14007	15.0679603526	0.000103708710746	5.0	9.0
,,group_14826	15.0679603526	0.000103708710746	5.0	9.0
,,group_1373	15.0679603526	0.000103708710746	5.0	9.0
,,group_14036	15.0679603526	0.000103708710746	5.0	9.0
,,group_14825	15.0679603526	0.000103708710746	5.0	9.0
,,group_22575	15.0679603526	0.000103708710746	5.0	9.0
,,group_8473	15.0679603526	0.000103708710746	5.0	9.0
,,group_6474	15.041176033	0.000105190895374	18.0	17.0
,,group_1024	15.041176033	0.000105190895374	18.0	17.0
,,curA_1	15.0363674824	0.000105459238453	11.0	13.0
,,group_25807	15.0363674824	0.000105459238453	11.0	13.0
,,group_17944	15.0363674824	0.000105459238453	11.0	13.0
,,pucA_1	15.0363674824	0.000105459238453	11.0	13.0
,,group_21551	15.0363674824	0.000105459238453	11.0	13.0
,,group_17525	15.0363674824	0.000105459238453	11.0	13.0
,,group_25805	15.0363674824	0.000105459238453	11.0	13.0
,,group_41851	15.0363674824	0.000105459238453	11.0	13.0
,,hsdR	15.0363674824	0.000105459238453	11.0	13.0
,,group_14307	15.0363674824	0.000105459238453	11.0	13.0
,,group_21588	14.8755507852	0.000114841834347	30.0	23.0
,,group_9947	14.8755507852	0.000114841834347	30.0	23.0
,,group_3834	14.8755507852	0.000114841834347	30.0	23.0
,,group_21593	14.8755507852	0.000114841834347	30.0	23.0
,,group_364	14.8755507852	0.000114841834347	30.0	23.0
,,group_11627	14.8755507852	0.000114841834347	30.0	23.0
,,group_13705	14.8755507852	0.000114841834347	30.0	23.0
,,group_21589	14.8755507852	0.000114841834347	30.0	23.0
,,group_16564	14.8755507852	0.000114841834347	30.0	23.0
,,group_8567	14.7920283393	0.000120041877891	26.0	21.0
,,group_885	14.7848079585	0.000120502394586	8.0	11.0
,,group_2103	14.7848079585	0.000120502394586	8.0	11.0
,,group_1379	14.7848079585	0.000120502394586	8.0	11.0
PA14_48450,,group_9220	14.7806066458	0.000120771172801	76.0	3.0
,,group_13794	14.5544602495	0.000136165931268	62.0	37.0
,,group_32023	14.5217391304	0.000138551443977	0.0	4.0
,,group_37157	14.5217391304	0.000138551443977	0.0	4.0
,,group_37158	14.5217391304	0.000138551443977	0.0	4.0
,,group_8773	14.5217391304	0.000138551443977	0.0	4.0
,,group_11674	14.5217391304	0.000138551443977	0.0	4.0
,,group_32022	14.5217391304	0.000138551443977	0.0	4.0
,,group_15999	14.3962509763	0.000148096862434	4.0	8.0
,,group_18942	14.3962509763	0.000148096862434	4.0	8.0
,,group_31541	14.3962509763	0.000148096862434	4.0	8.0
,,group_18678	14.3962509763	0.000148096862434	4.0	8.0
,,group_12015	14.3962509763	0.000148096862434	4.0	8.0
,,hcaR_6	14.3962509763	0.000148096862434	4.0	8.0
,,group_638	14.3962509763	0.000148096862434	4.0	8.0
,,group_354	14.3962509763	0.000148096862434	4.0	8.0
,,group_1334	14.3962509763	0.000148096862434	4.0	8.0
,,group_31538	14.3962509763	0.000148096862434	4.0	8.0
,,group_17723	14.3962509763	0.000148096862434	4.0	8.0
,,group_16934	14.3962509763	0.000148096862434	4.0	8.0
,,group_18943	14.3962509763	0.000148096862434	4.0	8.0
,,group_87	14.3962509763	0.000148096862434	4.0	8.0
,,rfbV	14.3233532934	0.000153943226898	52.0	0.0
,,group_11684	14.2341774872	0.000161412164238	65.0	38.0
,,group_5350	14.2341774872	0.000161412164238	65.0	38.0
,,ptlH	14.2341774872	0.000161412164238	65.0	38.0
,,group_24060	14.1057963125	0.00017281044429	10.0	12.0
,,group_9948	14.1057963125	0.00017281044429	10.0	12.0
,,group_24058	14.1057963125	0.00017281044429	10.0	12.0
,,group_24059	14.1057963125	0.00017281044429	10.0	12.0
,,group_5476	14.1057963125	0.00017281044429	10.0	12.0
,,group_26497	14.1057963125	0.00017281044429	10.0	12.0
,,cia	14.0907907505	0.000174194567315	17.0	16.0
,,group_11124	13.962021609	0.000186540960627	19.0	17.0
,,group_376	13.962021609	0.000186540960627	19.0	17.0
,,group_2745	13.9141461323	0.000191352867353	7.0	10.0
,,group_14373	13.9141461323	0.000191352867353	7.0	10.0
,,group_17643	13.9141461323	0.000191352867353	7.0	10.0
,,group_2753	13.9141461323	0.000191352867353	7.0	10.0
,,group_17598	13.9141461323	0.000191352867353	7.0	10.0
,,group_17597	13.9141461323	0.000191352867353	7.0	10.0
,,group_23458	13.9130027988	0.000191469298547	27.0	21.0
,,clpP_3	13.9025139938	0.00019254076042	49.0	31.0
PA14_66100,,group_5734	13.8848142225	0.000194362558071	116.0	10.0
,,group_28645	13.8370346264	0.00019936759084	3.0	7.0
,,group_35638	13.8370346264	0.00019936759084	3.0	7.0
,,group_35633	13.8370346264	0.00019936759084	3.0	7.0
,,group_35627	13.8370346264	0.00019936759084	3.0	7.0
,,group_35680	13.8370346264	0.00019936759084	3.0	7.0
,,group_35628	13.8370346264	0.00019936759084	3.0	7.0
,,group_35532	13.8370346264	0.00019936759084	3.0	7.0
,,group_8344	13.8370346264	0.00019936759084	3.0	7.0
,,group_35647	13.8370346264	0.00019936759084	3.0	7.0
,,group_35632	13.8370346264	0.00019936759084	3.0	7.0
,,group_35626	13.8370346264	0.00019936759084	3.0	7.0
,,group_35657	13.8370346264	0.00019936759084	3.0	7.0
,,group_35629	13.8370346264	0.00019936759084	3.0	7.0
,,group_34823	13.8370346264	0.00019936759084	3.0	7.0
,,group_35639	13.8370346264	0.00019936759084	3.0	7.0
,,group_4935	13.8370346264	0.00019936759084	3.0	7.0
,,group_35631	13.8370346264	0.00019936759084	3.0	7.0
,,group_35649	13.8370346264	0.00019936759084	3.0	7.0
,,dnaJ_2	13.8370346264	0.00019936759084	3.0	7.0
,,group_35640	13.8370346264	0.00019936759084	3.0	7.0
,,group_35646	13.8370346264	0.00019936759084	3.0	7.0
,,group_14300	13.8370346264	0.00019936759084	3.0	7.0
,,group_19073	13.8370346264	0.00019936759084	3.0	7.0
,,group_35661	13.8370346264	0.00019936759084	3.0	7.0
,,group_35630	13.8370346264	0.00019936759084	3.0	7.0
,,group_35644	13.8370346264	0.00019936759084	3.0	7.0
,,group_18973	13.8370346264	0.00019936759084	3.0	7.0
,,group_35650	13.8370346264	0.00019936759084	3.0	7.0
,,group_35656	13.8370346264	0.00019936759084	3.0	7.0
,,group_35652	13.8370346264	0.00019936759084	3.0	7.0
,,group_35634	13.8370346264	0.00019936759084	3.0	7.0
,,group_35536	13.8370346264	0.00019936759084	3.0	7.0
,,group_34824	13.8370346264	0.00019936759084	3.0	7.0
,,group_35636	13.8370346264	0.00019936759084	3.0	7.0
,,group_19072	13.8370346264	0.00019936759084	3.0	7.0
,,group_34825	13.8370346264	0.00019936759084	3.0	7.0
,,group_35658	13.8370346264	0.00019936759084	3.0	7.0
,,group_7033	13.8370346264	0.00019936759084	3.0	7.0
,,group_35662	13.8370346264	0.00019936759084	3.0	7.0
,,group_35540	13.8370346264	0.00019936759084	3.0	7.0
,,group_19042	13.8370346264	0.00019936759084	3.0	7.0
,,group_35659	13.8370346264	0.00019936759084	3.0	7.0
,,group_35655	13.8370346264	0.00019936759084	3.0	7.0
,,group_17856	13.8370346264	0.00019936759084	3.0	7.0
,,group_35642	13.8370346264	0.00019936759084	3.0	7.0
,,group_35531	13.8370346264	0.00019936759084	3.0	7.0
,,group_35641	13.8370346264	0.00019936759084	3.0	7.0
,,group_35651	13.8370346264	0.00019936759084	3.0	7.0
,,group_35645	13.8370346264	0.00019936759084	3.0	7.0
,,group_19115	13.8370346264	0.00019936759084	3.0	7.0
,,group_35530	13.8370346264	0.00019936759084	3.0	7.0
,,group_35535	13.8370346264	0.00019936759084	3.0	7.0
,,group_35608	13.8370346264	0.00019936759084	3.0	7.0
,,group_35635	13.8370346264	0.00019936759084	3.0	7.0
,,group_35654	13.8370346264	0.00019936759084	3.0	7.0
,,group_35648	13.8370346264	0.00019936759084	3.0	7.0
,,group_35653	13.8370346264	0.00019936759084	3.0	7.0
,,group_35660	13.8370346264	0.00019936759084	3.0	7.0
,,group_35637	13.8370346264	0.00019936759084	3.0	7.0
,,group_35643	13.8370346264	0.00019936759084	3.0	7.0
PA14_59290,pilQ2,tcpT	13.6677627134	0.000218167720057	143.0	15.0
PA14_59310,pilR2,tcpE	13.6677627134	0.000218167720057	143.0	15.0
PA14_59360,pilM2,group_1276	13.5782221347	0.000228824859974	148.0	16.0
,,group_1163	13.5060531112	0.000237795158356	1.0	5.0
,,group_664	13.5060531112	0.000237795158356	1.0	5.0
,,group_32165	13.5060531112	0.000237795158356	1.0	5.0
,,group_5316	13.5045189125	0.000237989651455	52.0	32.0
,,group_35619	13.4746810726	0.000241804288129	2.0	6.0
,,group_35620	13.4746810726	0.000241804288129	2.0	6.0
,,sigV	13.4746810726	0.000241804288129	2.0	6.0
,,group_35610	13.4746810726	0.000241804288129	2.0	6.0
,,group_19156	13.4746810726	0.000241804288129	2.0	6.0
,,group_35616	13.4746810726	0.000241804288129	2.0	6.0
,,group_35602	13.4746810726	0.000241804288129	2.0	6.0
,,group_35609	13.4746810726	0.000241804288129	2.0	6.0
,,group_35618	13.4746810726	0.000241804288129	2.0	6.0
,,group_35625	13.4746810726	0.000241804288129	2.0	6.0
,,group_35604	13.4746810726	0.000241804288129	2.0	6.0
,,group_35624	13.4746810726	0.000241804288129	2.0	6.0
,,group_14518	13.4746810726	0.000241804288129	2.0	6.0
,,group_40106	13.4746810726	0.000241804288129	2.0	6.0
,,nhaA_2	13.4746810726	0.000241804288129	2.0	6.0
,,group_35603	13.4746810726	0.000241804288129	2.0	6.0
,,group_35621	13.4746810726	0.000241804288129	2.0	6.0
,,group_35612	13.4746810726	0.000241804288129	2.0	6.0
,,group_35623	13.4746810726	0.000241804288129	2.0	6.0
,,group_35613	13.4746810726	0.000241804288129	2.0	6.0
,,sigL	13.4746810726	0.000241804288129	2.0	6.0
,,group_35611	13.4746810726	0.000241804288129	2.0	6.0
,,group_35614	13.4746810726	0.000241804288129	2.0	6.0
,,group_920	13.4380044259	0.00024657777307	69.0	39.0
,,group_579	13.4380044259	0.00024657777307	69.0	39.0
,,group_16553	13.4060275252	0.000250817024881	34.0	24.0
,,group_5711	13.3460036449	0.000258973920032	43.0	28.0
,,pcaR_1	13.3460036449	0.000258973920032	43.0	28.0
,,cmpD_1	13.3460036449	0.000258973920032	43.0	28.0
,,carAa	13.3460036449	0.000258973920032	43.0	28.0
,,group_8565	13.2829069134	0.000267836884709	32.0	23.0
,,group_13704	13.2829069134	0.000267836884709	32.0	23.0
,,group_21580	13.2829069134	0.000267836884709	32.0	23.0
,,group_8564	13.2829069134	0.000267836884709	32.0	23.0
,,group_9944	13.2829069134	0.000267836884709	32.0	23.0
,,group_11625	13.2829069134	0.000267836884709	32.0	23.0
,,group_9945	13.2829069134	0.000267836884709	32.0	23.0
,,group_2329	13.1796992971	0.000282998163617	9.0	11.0
,,group_7447	13.1796992971	0.000282998163617	9.0	11.0
,,group_25808	13.1796992971	0.000282998163617	9.0	11.0
,,group_11953	13.1796992971	0.000282998163617	9.0	11.0
,,group_9840	13.1796992971	0.000282998163617	9.0	11.0
,,group_14222	13.1796992971	0.000282998163617	9.0	11.0
,,group_15859	13.1796992971	0.000282998163617	9.0	11.0
,,group_17313	13.0810986722	0.000298290445843	28.0	21.0
,,group_23460	13.0810986722	0.000298290445843	28.0	21.0
,,group_5444	13.0654256704	0.000300796836452	6.0	9.0
,,luxB_2	12.9394558709	0.00032172851338	22.0	18.0
,,group_13895	12.7156990367	0.000362598727424	44.0	28.0
,,group_17526	12.7005195658	0.000365553993463	11.0	12.0
,,group_10202	12.7005195658	0.000365553993463	11.0	12.0
,,lexA_4	12.7005195658	0.000365553993463	11.0	12.0
,,group_4689	12.6706586826	0.000371438654611	46.0	0.0
,,group_13703	12.5440012831	0.00039748025099	33.0	23.0
,,group_12179	12.5440012831	0.00039748025099	33.0	23.0
,,ilvB	12.5286836535	0.000400752039928	42.0	27.0
PA14_32850,,group_21463	12.4327215135	0.000421876687806	53.0	1.0
,,group_6764	12.3957073066	0.000430321962929	80.0	5.0
,,group_2127	12.3882452486	0.000432045081794	13.0	13.0
,,tal_2	12.388070443	0.000432085530806	67.0	3.0
,,bshA_2	12.388070443	0.000432085530806	67.0	3.0
,,group_12641	12.388070443	0.000432085530806	67.0	3.0
,,group_12640	12.388070443	0.000432085530806	67.0	3.0
,,group_2908	12.2934886748	0.000454541292411	29.0	21.0
,,group_25806	12.2595678209	0.000462878698947	8.0	10.0
,,group_14132	12.2595678209	0.000462878698947	8.0	10.0
,,group_25795	12.2595678209	0.000462878698947	8.0	10.0
,,intA_3	12.2595678209	0.000462878698947	8.0	10.0
,,group_16590	12.2595678209	0.000462878698947	8.0	10.0
,,group_17946	12.2595678209	0.000462878698947	8.0	10.0
,,group_25796	12.2595678209	0.000462878698947	8.0	10.0
,,group_14799	12.2487733563	0.000465564108323	5.0	8.0
,,group_31537	12.2487733563	0.000465564108323	5.0	8.0
,,group_31534	12.2487733563	0.000465564108323	5.0	8.0
,,group_18680	12.2487733563	0.000465564108323	5.0	8.0
,,group_18681	12.2487733563	0.000465564108323	5.0	8.0
,,group_18679	12.2487733563	0.000465564108323	5.0	8.0
,,group_31540	12.2487733563	0.000465564108323	5.0	8.0
,,group_3695	12.2487733563	0.000465564108323	5.0	8.0
,,group_31539	12.2487733563	0.000465564108323	5.0	8.0
,,era_1	12.2487733563	0.000465564108323	5.0	8.0
,,group_31532	12.2487733563	0.000465564108323	5.0	8.0
,,group_31536	12.2487733563	0.000465564108323	5.0	8.0
,,group_31533	12.2487733563	0.000465564108323	5.0	8.0
,,group_2747	12.1910781136	0.000480186232062	15.0	14.0
,,group_9806	12.1910781136	0.000480186232062	15.0	14.0
,,group_17078	12.1077873896	0.000502116810589	25.0	19.0
,,group_22913	12.0766442658	0.000510574138953	17.0	15.0
,,group_24253	12.0481327906	0.000518442840491	23.0	18.0
,,group_14364	12.0481327906	0.000518442840491	23.0	18.0
,,group_16394	12.0175975281	0.000527005895541	21.0	17.0
,,group_9940	12.0018745118	0.000531470669576	36.0	24.0
PA14_59340,pilT2,pilT_3	11.9572534889	0.000544350510846	151.0	18.0
PA14_59350,pilV2,group_5323	11.9572534889	0.000544350510846	151.0	18.0
,,fabG_2	11.9127477963	0.000557511017129	43.0	27.0
,,group_16816	11.9127477963	0.000557511017129	43.0	27.0
,,group_16817	11.9127477963	0.000557511017129	43.0	27.0
,,group_22125	11.9127477963	0.000557511017129	43.0	27.0
,,fabG2	11.9127477963	0.000557511017129	43.0	27.0
,,ribX	11.9127477963	0.000557511017129	43.0	27.0
,,nadX	11.9127477963	0.000557511017129	43.0	27.0
,,group_1204	11.753691375	0.000607226889485	10.0	11.0
,,group_18013	11.753691375	0.000607226889485	10.0	11.0
,,group_881	11.6184302932	0.00065301489535	78.0	41.0
,,group_13344	11.481680907	0.00070285533377	4.0	7.0
,,group_7460	11.481680907	0.00070285533377	4.0	7.0
,,sutR_3	11.481680907	0.00070285533377	4.0	7.0
,,group_35537	11.481680907	0.00070285533377	4.0	7.0
,,group_35538	11.481680907	0.00070285533377	4.0	7.0
,,group_2592	11.4353033064	0.000720617106588	12.0	12.0
PA14_30960,traG,traG	11.4172437733	0.000727655641513	122.0	13.0
,,group_7349	11.3476389612	0.000755439474396	7.0	9.0
,,group_14038	11.3476389612	0.000755439474396	7.0	9.0
,,group_11222	11.3476389612	0.000755439474396	7.0	9.0
,,group_16940	11.3476389612	0.000755439474396	7.0	9.0
,,group_8393	11.3476389612	0.000755439474396	7.0	9.0
,,group_26766	11.3476389612	0.000755439474396	7.0	9.0
,,group_5442	11.3476389612	0.000755439474396	7.0	9.0
,,group_16820	11.3219213746	0.000765974147772	44.0	27.0
,,ribY	11.3219213746	0.000765974147772	44.0	27.0
,,group_16743	11.3219213746	0.000765974147772	44.0	27.0
,,group_24758	11.2419074894	0.000799709264116	14.0	13.0
,,group_17713	11.2419074894	0.000799709264116	14.0	13.0
,,group_1823	11.0991929185	0.000863652968207	20.0	16.0
,,group_14111	11.0937374263	0.000866197366185	18.0	15.0
,,group_9941	11.0017183025	0.000910274589973	33.0	22.0
,,group_7600	10.9697058058	0.00092613462128	47.0	28.0
,,group_31499	10.8913043478	0.000966167669827	0.0	3.0
,,group_5536	10.8913043478	0.000966167669827	0.0	3.0
,,group_18763	10.8913043478	0.000966167669827	0.0	3.0
,,group_38371	10.8913043478	0.000966167669827	0.0	3.0
,,rlmD_1	10.8913043478	0.000966167669827	0.0	3.0
,,group_38363	10.8913043478	0.000966167669827	0.0	3.0
,,group_19255	10.8913043478	0.000966167669827	0.0	3.0
,,group_18390	10.8913043478	0.000966167669827	0.0	3.0
