feature	score	p-value	#I-out-of-147	#O-out-of-279
PA14_31180_2710400_C_G_R_P|1	30.3673469388	3.57495598559e-08	16.0	0.0
PA14_30960,traG_2688715_T_C_T_A|1	28.6314428019	8.7548976762e-08	26.0	7.0
PA14_31280_2720928_T_G_K_Q|1	26.7296725142	2.34000425726e-07	16.0	1.0
PA14_33650,pvdD_2983680_G_A_A_T|1	26.4923775962	2.64580036789e-07	26.0	8.0
PA14_13990_1199882_A_G_K_R|1	26.1358008436	3.18228623247e-07	8.0	82.0
PA14_08160,lys_700869_A_T_Q_H|1	25.7582120724	3.86976929163e-07	23.0	6.0
PA14_30960,traG_2688720_G_A_P_L|1	25.4009332086	4.65692783657e-07	17.0	2.0
PA14_55840_4986611_C_A_A_S|1	24.8850311513	6.08531027935e-07	9.0	83.0
PA14_31190_2711281_G_C_H_Q|1	24.6220016543	6.97508083688e-07	21.0	5.0
PA14_05650_502648_C_T_A_V|1	24.2030697584	8.66939890883e-07	5.0	67.0
PA14_37490_3336619_G_T_L_I|1	23.9780313559	9.74412063801e-07	11.0	88.0
PA14_00620_63078_C_G_R_P|1	23.7870422919	1.07604419904e-06	65.0	51.0
PA14_26930_2343869_T_C_F_L|1	23.6978275181	1.1270969577e-06	5.0	66.0
PA14_30940,trbB_2688018_C_T_V_I|1	23.5547265501	1.21410814498e-06	16.0	2.0
PA14_65605,parC_5845617_G_A_S_L|1	23.3576951518	1.34504341471e-06	16.0	103.0
PA14_37420_3331052_C_T_A_T|1	23.3174720211	1.37346668818e-06	6.0	69.0
PA14_37410_3330107_C_G_L_V|1	23.3174720211	1.37346668818e-06	6.0	69.0
PA14_02310,atsA_207590_C_T_D_N|1	23.1932035487	1.46514223649e-06	5.0	65.0
PA14_36830_3282316_G_A_D_N|1	23.1932035487	1.46514223649e-06	5.0	65.0
PA14_32790_2863277_C_T_H_Y|1	23.1153390388	1.52568718073e-06	3.0	57.0
PA14_30860,trbG_2680050_C_A_A_S|1	22.9684587814	1.64681285242e-06	14.0	1.0
PA14_31180_2710235_G_C_P_R|1	22.9545853532	1.65874073363e-06	9.0	79.0
PA14_71580_6377396_T_C_I_V|1	22.8192919714	1.77970238157e-06	6.0	68.0
PA14_51420,pqsB_4569300_G_T_A_D|1	22.8192919714	1.77970238157e-06	6.0	68.0
PA14_26970_2347008_G_A_T_I|1	22.6892247315	1.90432759843e-06	5.0	64.0
PA14_55520,hxcU_4942104_C_T_A_V|1	22.6892247315	1.90432759843e-06	5.0	64.0
PA14_10340,cvaB_891695_T_C_I_V|1	22.5626069783	2.03405321503e-06	17.0	3.0
PA14_63080,lldP_5628545_G_A_V_M|1	22.3218982688	2.30562360163e-06	6.0	67.0
PA14_37420_3331118_C_T_A_T|1	22.3218982688	2.30562360163e-06	6.0	67.0
PA14_06580_574469_G_C_K_N|9	22.1859195291	2.47482138738e-06	5.0	63.0
PA14_21940_1908910_C_T_A_T|1	22.1859195291	2.47482138738e-06	5.0	63.0
PA14_36960_3292403_C_T_A_T|1	22.1859195291	2.47482138738e-06	5.0	63.0
PA14_52600,alaS_4663040_G_C_D_E|1	22.1859195291	2.47482138738e-06	5.0	63.0
PA14_08050_691667_T_G_S_A|1	22.1808044604	2.48142363994e-06	14.0	94.0
PA14_36910,ligD_3289616_C_G_E_Q|1	22.1022637422	2.58504723061e-06	4.0	59.0
PA14_09270,pchE_788309_C_G_P_A|1	21.9955397013	2.73284816801e-06	9.0	77.0
PA14_30360_2631242_T_C_I_V|1	21.9955397013	2.73284816801e-06	9.0	77.0
PA14_22680,yrbE_1972882_G_C_T_S|1	21.9955397013	2.73284816801e-06	9.0	77.0
PA14_21190_1833985_C_G_G_A|1	21.8253236779	2.98632548233e-06	6.0	66.0
PA14_00310_28735_G_C_K_N|3	21.8253236779	2.98632548233e-06	6.0	66.0
PA14_15230,xseA_1290560_C_T_A_T|1	21.8253236779	2.98632548233e-06	6.0	66.0
PA14_03770,speB1_338673_G_A_M_I|1	21.8253236779	2.98632548233e-06	6.0	66.0
PA14_33610_2970539_G_A_S_N|1	21.7982103236	3.02882524621e-06	10.0	80.0
PA14_40510,ccoN-2_3619525_G_A_G_S|1	21.7894946835	3.04261535793e-06	18.0	4.0
PA14_55840_4986712_G_A_A_V|1	21.7434824189	3.11646817618e-06	8.0	73.0
PA14_31280_2720688_G_T_L_M|1	21.714608424	3.16372869635e-06	15.0	2.0
PA14_28880_2493687_C_T_A_T|1	21.6833181034	3.21575649475e-06	5.0	62.0
PA14_47430,czcD_4226214_C_G_R_G|1	21.5935073301	3.3699067602e-06	4.0	58.0
PA14_02930_257991_C_T_H_Y|1	21.519524618	3.50244471919e-06	7.0	69.0
PA14_51680_4592038_G_A_H_Y|1	21.5176883657	3.50580000362e-06	9.0	76.0
PA14_20640_1777303_T_C_I_V|1	21.3303608834	3.86560549728e-06	24.0	9.0
PA14_20890,rfaD_1801119_G_T_A_S|2	21.3296028089	3.86713440052e-06	6.0	65.0
PA14_40150_3578371_G_A_V_I|1	21.1814524441	4.17788140909e-06	5.0	61.0
PA14_05390,chpA_474190_G_A_R_Q|1	21.1814524441	4.17788140909e-06	5.0	61.0
PA14_08050_691742_G_A_A_T|2	21.095174866	4.37027182819e-06	17.0	101.0
PA14_30910,trbE_2685185_T_C_T_A|2	21.0915702687	4.37850043333e-06	13.0	1.0
PA14_31190_2711458_T_A_E_D|1	21.0915702687	4.37850043333e-06	13.0	1.0
PA14_30590_2648777_C_T_A_V|1	21.0853451904	4.39274772289e-06	4.0	57.0
PA14_68050_6072419_C_T_R_C|1	21.0306810036	4.51987235578e-06	7.0	68.0
PA14_43460,paaH_3872150_G_A_G_S|1	20.8775510204	4.89599031733e-06	11.0	0.0
PA14_30960,traG_2690143_C_T_A_T|5	20.8775510204	4.89599031733e-06	11.0	0.0
PA14_31280_2720706_C_A_V_L|1	20.8775510204	4.89599031733e-06	11.0	0.0
PA14_30910,trbE_2684882_G_C_R_G|2	20.8775510204	4.89599031733e-06	11.0	0.0
PA14_30910,trbE_2684018_C_A_A_S|1	20.8775510204	4.89599031733e-06	11.0	0.0
PA14_31230_2714980_T_C_I_V|1	20.8775510204	4.89599031733e-06	11.0	0.0
PA14_42600,pscP_3790172_C_G_A_G|1	20.8561852894	4.95090881105e-06	10.0	78.0
PA14_29720_2573611_G_A_V_I|1	20.7782296259	5.15658199087e-06	8.0	71.0
PA14_46150_4104716_A_C_E_A|1	20.7694466581	5.18028545009e-06	16.0	3.0
PA14_58270_5189659_C_T_V_M|1	20.7013481409	5.36781959525e-06	11.0	81.0
PA14_67190_5997735_G_T_L_I|1	20.7013481409	5.36781959525e-06	11.0	81.0
PA14_28880_2493570_T_C_S_G|1	20.6803565098	5.42699043944e-06	5.0	60.0
PA14_22550_1962397_C_T_P_S|1	20.6803565098	5.42699043944e-06	5.0	60.0
PA14_46490,fabF2_4138284_G_A_G_S|2	20.6803565098	5.42699043944e-06	5.0	60.0
PA14_51420,pqsB_4569081_G_A_A_V|1	20.6803565098	5.42699043944e-06	5.0	60.0
PA14_68510_6111764_C_T_V_I|1	20.6803565098	5.42699043944e-06	5.0	60.0
PA14_30910,trbE_2685745_G_C_A_G|1	20.6609180204	5.48236696233e-06	17.0	100.0
PA14_40290,lasA_3599688_T_A_T_S|1	20.6129100302	5.62157482993e-06	20.0	109.0
PA14_33610_2965042_C_T_P_S|1	20.6083984415	5.63483799198e-06	34.0	19.0
PA14_30330,serS_2628316_G_A_A_T|2	20.5778070368	5.72560286934e-06	4.0	56.0
PA14_02490,tonB2_224617_G_A_A_T|7	20.5778070368	5.72560286934e-06	4.0	56.0
PA14_48640_4326208_C_T_A_V|1	20.5727452271	5.74076215458e-06	12.0	84.0
PA14_09270,pchE_788606_G_A_A_T|1	20.5655300597	5.76244005467e-06	9.0	74.0
PA14_02720_241950_A_G_Y_C|1	20.5428654461	5.83107153304e-06	7.0	67.0
PA14_30910,trbE_2685746_C_T_A_T|1	20.4672284398	6.06610420275e-06	13.0	87.0
PA14_40640,cti_3628790_G_A_P_S|1	20.3408707101	6.48015197546e-06	6.0	63.0
PA14_39670_3535939_G_T_Q_K|1	20.3408707101	6.48015197546e-06	6.0	63.0
PA14_17650_1517271_C_T_P_L|1	20.3408707101	6.48015197546e-06	6.0	63.0
PA14_43100_3835967_A_C_N_T|1	20.3408707101	6.48015197546e-06	6.0	63.0
PA14_08050_691684_C_A_S_R|1	20.2282581553	6.87301420469e-06	17.0	99.0
PA14_38820,pqqB_3461360_G_A_A_V|2	20.1800663814	7.04836029472e-06	5.0	59.0
PA14_36060_3212546_G_C_L_V|1	20.1800663814	7.04836029472e-06	5.0	59.0
PA14_53530_4746818_G_C_E_Q|1	20.1800663814	7.04836029472e-06	5.0	59.0
PA14_32790_2863284_A_T_Y_F|1	20.1800663814	7.04836029472e-06	5.0	59.0
PA14_51450,cupC3_4574149_C_T_V_I|3	20.1800663814	7.04836029472e-06	5.0	59.0
PA14_68100_6076106_G_A_G_S|1	20.1800663814	7.04836029472e-06	5.0	59.0
PA14_36870_3286329_C_G_W_C|1	20.0709245973	7.46225669256e-06	4.0	55.0
PA14_39880,phzG2_3555928_T_A_Q_L|1	20.0709245973	7.46225669256e-06	4.0	55.0
PA14_30460_2638143_G_A_A_T|1	20.0561201944	7.52024760412e-06	7.0	66.0
PA14_26420_2301496_C_T_R_Q|1	20.0561201944	7.52024760412e-06	7.0	66.0
PA14_33650,pvdD_2980497_G_A_A_T|1	20.0110891668	7.69943627518e-06	22.0	8.0
PA14_01230_120577_G_A_A_T|1	20.0110891668	7.69943627518e-06	22.0	8.0
PA14_47360_4218300_G_T_A_S|1	20.0110891668	7.69943627518e-06	22.0	8.0
PA14_30890_2682983_C_G_R_G|1	19.8817204301	8.23843060035e-06	14.0	2.0
PA14_31070_2703209_T_G_M_L|1	19.8817204301	8.23843060035e-06	14.0	2.0
PA14_31090_2704838_C_A_G_C|1	19.8817204301	8.23843060035e-06	14.0	2.0
PA14_30930,trbC_2686930_A_T_F_I|1	19.8817204301	8.23843060035e-06	14.0	2.0
PA14_56390_5030623_G_A_H_Y|1	19.8479391757	8.38530839809e-06	6.0	62.0
PA14_13430,fecA_1156482_G_A_A_V|1	19.8479391757	8.38530839809e-06	6.0	62.0
PA14_15240_1291421_T_G_M_L|1	19.8175747886	8.5195722813e-06	8.0	69.0
PA14_10600,hpaX_912802_C_G_G_A|1	19.8175747886	8.5195722813e-06	8.0	69.0
PA14_02340,atsB_210129_C_T_R_H|1	19.7769097603	8.70277020666e-06	11.0	79.0
PA14_33630,pvdJ_2972690_T_G_V_G|1	19.7718071099	8.72603544105e-06	23.0	9.0
PA14_19360_1672067_T_G_E_D|1	19.7666322602	8.74969363933e-06	29.0	133.0
PA14_70010_6245307_C_T_R_H|1	19.6806204305	9.15248574113e-06	5.0	58.0
PA14_32790_2859876_A_T_Q_L|1	19.6806204305	9.15248574113e-06	5.0	58.0
PA14_02610,mdcG_232519_C_T_P_S|1	19.6806204305	9.15248574113e-06	5.0	58.0
PA14_05870_520408_G_A_T_I|13	19.6806204305	9.15248574113e-06	5.0	58.0
PA14_02020_184069_G_A_G_S|7	19.6806204305	9.15248574113e-06	5.0	58.0
PA14_16780_1436419_C_G_R_G|1	19.6806204305	9.15248574113e-06	5.0	58.0
PA14_23030,oprB_1996988_A_G_T_A|1	19.6806204305	9.15248574113e-06	5.0	58.0
PA14_07500_645487_G_A_A_V|2	19.6806204305	9.15248574113e-06	5.0	58.0
PA14_42980_3823958_C_T_S_N|1	19.6806204305	9.15248574113e-06	5.0	58.0
PA14_23090,edaA_2002865_G_A_A_T|1	19.6806204305	9.15248574113e-06	5.0	58.0
PA14_57640_5133652_G_A_D_N|1	19.6806204305	9.15248574113e-06	5.0	58.0
PA14_09370_803560_C_G_D_E|5	19.6806204305	9.15248574113e-06	5.0	58.0
PA14_36910,ligD_3289781_G_A_R_C|1	19.6806204305	9.15248574113e-06	5.0	58.0
PA14_55640,sbcD_4958208_A_G_D_G|1	19.6806204305	9.15248574113e-06	5.0	58.0
PA14_46490,fabF2_4137979_G_A_R_H|1	19.6806204305	9.15248574113e-06	5.0	58.0
PA14_30690_2659558_G_C_T_R|1	19.6806204305	9.15248574113e-06	5.0	58.0
PA14_30320,ycaJ_2625792_G_A_V_I|5	19.6806204305	9.15248574113e-06	5.0	58.0
PA14_37900_3381418_G_A_A_V|1	19.6806204305	9.15248574113e-06	5.0	58.0
PA14_21180_1831885_G_A_R_Q|1	19.660200113	9.25081723119e-06	12.0	82.0
PA14_26130,morB_2281979_C_T_A_T|2	19.5704898447	9.69552693596e-06	7.0	65.0
PA14_55400_4925847_G_A_A_V|1	19.5704898447	9.69552693596e-06	7.0	65.0
PA14_32830_2871624_C_A_A_S|1	19.5515324409	9.79221558233e-06	2.0	46.0
PA14_50050_4449089_C_A_P_T|1	19.4830790661	1.01494797327e-05	18.0	5.0
PA14_03290_298715_C_A_A_E|1	19.4830790661	1.01494797327e-05	18.0	5.0
PA14_38270_3413321_G_A_R_H|1	19.4353617284	1.04062347703e-05	15.0	91.0
PA14_59540_5298887_G_A_A_T|1	19.3560210796	1.08476669066e-05	6.0	61.0
PA14_35360,kguE_3143268_G_A_P_L|1	19.3560210796	1.08476669066e-05	6.0	61.0
PA14_07500_646091_C_T_E_K|3	19.3560210796	1.08476669066e-05	6.0	61.0
PA14_17860,paaH_1533472_G_T_A_S|1	19.3560210796	1.08476669066e-05	6.0	61.0
PA14_13520_1164131_A_G_N_S|1	19.3560210796	1.08476669066e-05	6.0	61.0
PA14_02900,pcaK_256101_G_A_P_S|1	19.3560210796	1.08476669066e-05	6.0	61.0
PA14_27110,ligT_2355638_G_A_P_S|1	19.3560210796	1.08476669066e-05	6.0	61.0
PA14_59860_5332569_A_G_N_S|1	19.3560210796	1.08476669066e-05	6.0	61.0
PA14_67970_6065042_C_A_T_K|1	19.3560210796	1.08476669066e-05	6.0	61.0
PA14_31090_2704871_A_G_S_P|1	19.3480278611	1.08931688713e-05	34.0	20.0
PA14_48510_4312268_C_G_P_A|1	19.2663813913	1.13690681931e-05	27.0	13.0
PA14_46860_4172851_C_T_A_V|1	19.2179233976	1.1661335461e-05	12.0	1.0
PA14_47500,sseA_4230868_T_G_S_A|1	19.2062052709	1.17331372343e-05	12.0	81.0
PA14_72110_6425732_A_C_D_A|1	19.1820595043	1.18824912359e-05	5.0	57.0
PA14_43110_3841388_C_T_A_T|1	19.1820595043	1.18824912359e-05	5.0	57.0
PA14_66600,aroB_5946019_G_A_S_F|1	19.1820595043	1.18824912359e-05	5.0	57.0
PA14_28300_2446654_C_T_A_T|1	19.1820595043	1.18824912359e-05	5.0	57.0
PA14_55400_4926837_A_G_V_A|1	19.1820595043	1.18824912359e-05	5.0	57.0
PA14_36070_3213128_C_T_A_T|1	19.1820595043	1.18824912359e-05	5.0	57.0
PA14_57480_5121923_G_T_E_D|1	19.1820595043	1.18824912359e-05	5.0	57.0
PA14_08120_696594_G_A_M_I|1	19.1820595043	1.18824912359e-05	5.0	57.0
PA14_72890_6491370_G_A_A_T|1	19.1820595043	1.18824912359e-05	5.0	57.0
PA14_08180_701590_A_G_Q_R|1	19.1820595043	1.18824912359e-05	5.0	57.0
PA14_31310_2723359_G_A_A_T|5	19.1820595043	1.18824912359e-05	5.0	57.0
PA14_25305,nqrB_2213424_A_G_N_S|3	19.1820595043	1.18824912359e-05	5.0	57.0
PA14_21020_1811983_C_T_A_T|1	19.1820595043	1.18824912359e-05	5.0	57.0
PA14_02560,mdcB_229497_G_A_A_T|13	19.1820595043	1.18824912359e-05	5.0	57.0
PA14_34640,gntK_3077363_C_T_G_D|1	19.1820595043	1.18824912359e-05	5.0	57.0
PA14_08050_692391_C_G_A_G|1	19.1820595043	1.18824912359e-05	5.0	57.0
PA14_54450,nadB_4828624_C_G_D_E|1	19.1820595043	1.18824912359e-05	5.0	57.0
PA14_01330_129569_C_T_A_T|1	19.1820595043	1.18824912359e-05	5.0	57.0
PA14_11580_1002226_A_G_T_A|6	19.1820595043	1.18824912359e-05	5.0	57.0
PA14_42820_3807570_A_G_Q_R|1	19.1820595043	1.18824912359e-05	5.0	57.0
PA14_51530,exoU_4581681_G_A_P_L|1	19.1820595043	1.18824912359e-05	5.0	57.0
PA14_02700_241022_A_G_K_R|1	19.1820595043	1.18824912359e-05	5.0	57.0
PA14_62100_5542123_T_G_Q_P|2	19.1820595043	1.18824912359e-05	5.0	57.0
PA14_21870_1901805_A_T_M_K|1	19.1820595043	1.18824912359e-05	5.0	57.0
PA14_00700_70871_A_C_E_A|1	19.1820595043	1.18824912359e-05	5.0	57.0
PA14_36590,malQ_3257089_A_G_I_V|1	19.1468180821	1.21039111524e-05	9.0	71.0
PA14_16300_1392188_G_A_G_E|1	19.0860215054	1.24956771187e-05	7.0	64.0
PA14_31150_2708661_G_C_S_C|1	19.0860215054	1.24956771187e-05	7.0	64.0
PA14_22410_1950831_T_A_C_S|1	19.0860215054	1.24956771187e-05	7.0	64.0
PA14_73400,trmE_6533915_C_T_G_S|1	19.0860215054	1.24956771187e-05	7.0	64.0
PA14_47370_4220133_C_A_D_E|1	19.0860215054	1.24956771187e-05	7.0	64.0
PA14_59530_5296533_C_T_R_C|1	19.0860215054	1.24956771187e-05	7.0	64.0
PA14_39250_3495522_A_C_N_H|1	19.0860215054	1.24956771187e-05	7.0	64.0
PA14_71350_6356469_T_G_F_C|1	19.0860215054	1.24956771187e-05	7.0	64.0
PA14_37380_3327828_T_C_Q_R|1	19.0860215054	1.24956771187e-05	7.0	64.0
PA14_31110_2706390_T_A_Q_L|1	19.0452402897	1.27655777324e-05	19.0	6.0
PA14_42120_3757407_C_T_L_F|1	19.0452402897	1.27655777324e-05	19.0	6.0
PA14_31130_2707401_G_C_L_V|1	18.9879306561	1.31547921359e-05	15.0	3.0
PA14_42080,fadB_3753275_G_C_A_G|1	18.9795918367	1.32124093791e-05	10.0	0.0
PA14_30850,trbI_2679325_G_T_H_N|20	18.9795918367	1.32124093791e-05	10.0	0.0
PA14_16830_1441908_C_T_G_S|1	18.949922559	1.34194726789e-05	41.0	28.0
PA14_18340_1573309_C_T_S_N|1	18.9308249354	1.35544768103e-05	18.0	99.0
PA14_15435_1307150_T_C_N_S|1	18.8651624873	1.40291490413e-05	6.0	60.0
PA14_59660_5308869_C_G_P_A|1	18.8651624873	1.40291490413e-05	6.0	60.0
PA14_66190_5897322_T_G_D_A|1	18.8651624873	1.40291490413e-05	6.0	60.0
PA14_53340_4729395_T_C_F_L|1	18.8651624873	1.40291490413e-05	6.0	60.0
PA14_03170_280277_C_T_R_H|1	18.8651624873	1.40291490413e-05	6.0	60.0
PA14_16310_1393007_C_G_A_G|1	18.8651624873	1.40291490413e-05	6.0	60.0
PA14_48810_4339424_G_A_A_V|1	18.8651624873	1.40291490413e-05	6.0	60.0
PA14_11900_1030261_T_C_D_G|2	18.8651624873	1.40291490413e-05	6.0	60.0
PA14_39520_3519067_C_T_R_H|1	18.8651624873	1.40291490413e-05	6.0	60.0
PA14_32100,xylY_2792796_G_C_Q_H|1	18.8618857435	1.40532691336e-05	8.0	67.0
PA14_61910_5521507_C_T_A_T|1	18.8618857435	1.40532691336e-05	8.0	67.0
PA14_60760_5414610_G_T_A_E|1	18.8618857435	1.40532691336e-05	8.0	67.0
PA14_42080,fadB_3753662_G_T_A_E|1	18.8618857435	1.40532691336e-05	8.0	67.0
PA14_10600,hpaX_912803_C_T_G_S|1	18.8618857435	1.40532691336e-05	8.0	67.0
PA14_47930_4267828_A_G_Q_R|1	18.8583497915	1.40793439797e-05	11.0	77.0
PA14_39590,metE_3523460_G_A_R_C|1	18.8583497915	1.40793439797e-05	11.0	77.0
PA14_33280,pvdL_2921405_C_A_H_N|1	18.8583497915	1.40793439797e-05	11.0	77.0
PA14_52260,lemA_4638525_C_G_D_E|1	18.7537949261	1.4872710131e-05	12.0	80.0
PA14_48170_4291124_A_G_V_A|1	18.7037362137	1.52683026201e-05	20.0	7.0
PA14_36000,prpR_3204810_G_A_A_T|1	18.6844271289	1.54237034428e-05	5.0	56.0
PA14_36560_3252991_C_T_G_D|1	18.6844271289	1.54237034428e-05	5.0	56.0
PA14_66190_5896995_A_C_F_C|1	18.6844271289	1.54237034428e-05	5.0	56.0
PA14_32790_2863290_G_A_S_N|1	18.6844271289	1.54237034428e-05	5.0	56.0
PA14_28880_2492634_C_G_E_Q|1	18.6844271289	1.54237034428e-05	5.0	56.0
PA14_34000_3023955_C_T_R_Q|1	18.6844271289	1.54237034428e-05	5.0	56.0
PA14_42600,pscP_3789814_G_A_A_T|1	18.6844271289	1.54237034428e-05	5.0	56.0
PA14_00080_9710_A_G_E_G|516	18.6844271289	1.54237034428e-05	5.0	56.0
PA14_39640,cobN_3531528_C_G_M_I|1	18.671284105	1.55303871041e-05	13.0	83.0
PA14_55660,recD_4964153_G_A_A_V|1	18.602764977	1.60986886639e-05	7.0	63.0
PA14_50380,flgJ_4478955_G_A_A_V|1	18.602764977	1.60986886639e-05	7.0	63.0
PA14_03810,aguA_343891_C_T_A_T|1	18.602764977	1.60986886639e-05	7.0	63.0
PA14_11990_1036888_C_G_G_A|1	18.602764977	1.60986886639e-05	7.0	63.0
PA14_28340_2449491_G_C_V_L|1	18.602764977	1.60986886639e-05	7.0	63.0
PA14_18040_1549391_C_A_L_I|1	18.602764977	1.60986886639e-05	7.0	63.0
PA14_59070_5260959_A_C_Q_P|1	18.5707005793	1.63717618614e-05	38.0	25.0
PA14_38930,glpR_3470292_G_A_A_T|1	18.554562839	1.65109525133e-05	4.0	52.0
PA14_09370_803165_T_A_S_T|1	18.5156974618	1.68510711192e-05	19.0	101.0
PA14_38010_3391679_G_A_R_H|1	18.4555736626	1.73911445278e-05	37.0	24.0
PA14_40370_3608000_A_C_W_G|1	18.4386355209	1.75464101489e-05	21.0	8.0
PA14_51670_4591650_T_G_E_A|1	18.3860292155	1.80375670854e-05	8.0	66.0
PA14_49250,napA_4373602_C_T_A_V|1	18.3860292155	1.80375670854e-05	8.0	66.0
PA14_47230_4207245_C_T_A_T|1	18.3860292155	1.80375670854e-05	8.0	66.0
PA14_41780_3728941_G_C_D_E|1	18.3860292155	1.80375670854e-05	8.0	66.0
PA14_05390,chpA_470998_A_C_Q_P|1	18.3860292155	1.80375670854e-05	8.0	66.0
PA14_55690,recC_4969018_T_G_S_R|1	18.3860292155	1.80375670854e-05	8.0	66.0
PA14_36080,yfaV_3214660_C_T_G_D|1	18.3860292155	1.80375670854e-05	8.0	66.0
PA14_53310_4724878_G_A_R_H|1	18.3754122989	1.81383541912e-05	6.0	59.0
PA14_55060_4891754_A_G_L_P|1	18.3754122989	1.81383541912e-05	6.0	59.0
PA14_59650_5308157_C_T_T_I|6	18.3754122989	1.81383541912e-05	6.0	59.0
PA14_28040_2426950_T_C_I_V|1	18.3754122989	1.81383541912e-05	6.0	59.0
PA14_43780_3897679_G_A_E_K|1	18.3754122989	1.81383541912e-05	6.0	59.0
PA14_36630,glgX_3262553_G_A_R_Q|1	18.3754122989	1.81383541912e-05	6.0	59.0
PA14_71220,cls_6345695_T_A_Y_F|1	18.3754122989	1.81383541912e-05	6.0	59.0
PA14_61820,ychF_5513326_G_A_D_N|1	18.3754122989	1.81383541912e-05	6.0	59.0
PA14_27000_2349507_C_G_K_N|1	18.3754122989	1.81383541912e-05	6.0	59.0
PA14_04590_408259_G_A_A_V|32	18.3754122989	1.81383541912e-05	6.0	59.0
PA14_17850,fadB_1533003_G_A_R_Q|1	18.3754122989	1.81383541912e-05	6.0	59.0
PA14_01810_166565_G_A_A_T|5	18.3754122989	1.81383541912e-05	6.0	59.0
PA14_21020_1814229_T_G_D_A|1	18.3754122989	1.81383541912e-05	6.0	59.0
PA14_59940_5337434_A_T_E_D|1	18.3754122989	1.81383541912e-05	6.0	59.0
PA14_59690_5312281_G_A_G_S|1	18.3754122989	1.81383541912e-05	6.0	59.0
PA14_31100_2705469_C_T_A_T|1	18.3153829274	1.87189528745e-05	16.0	4.0
PA14_46320,pyc_4119904_G_T_A_D|1	18.3153829274	1.87189528745e-05	16.0	4.0
PA14_66410_5925018_G_T_R_L|1	18.3153829274	1.87189528745e-05	16.0	4.0
PA14_16410_1404920_G_T_A_S|1	18.3030213149	1.88408121327e-05	12.0	79.0
PA14_60650_5405777_C_T_H_Y|1	18.2079303185	1.98052459598e-05	9.0	69.0
PA14_28400,oprQ_2452698_T_C_N_D|1	18.2079303185	1.98052459598e-05	9.0	69.0
PA14_01680_154111_C_G_L_V|1	18.2079303185	1.98052459598e-05	9.0	69.0
PA14_19290,srmB_1663600_C_T_A_V|1	18.1877697315	2.00160079694e-05	5.0	55.0
PA14_02930_258019_A_G_Q_R|8	18.1877697315	2.00160079694e-05	5.0	55.0
PA14_55117_4896777_C_T_H_Y|1	18.1877697315	2.00160079694e-05	5.0	55.0
PA14_64800,vanA_5774982_A_G_T_A|1	18.1877697315	2.00160079694e-05	5.0	55.0
PA14_35620,pslK_3165683_T_C_H_R|1	18.1877697315	2.00160079694e-05	5.0	55.0
PA14_03220_286750_T_C_H_R|1	18.1877697315	2.00160079694e-05	5.0	55.0
PA14_41280_3684874_G_A_A_T|2	18.1877697315	2.00160079694e-05	5.0	55.0
PA14_53800,mntH2_4770526_G_A_V_M|1	18.1877697315	2.00160079694e-05	5.0	55.0
PA14_05390,chpA_471813_G_T_A_S|3	18.1877697315	2.00160079694e-05	5.0	55.0
PA14_21450_1859423_C_T_R_W|1	18.1877697315	2.00160079694e-05	5.0	55.0
PA14_68970_6152568_C_T_R_H|1	18.1877697315	2.00160079694e-05	5.0	55.0
PA14_09580_824859_C_T_R_C|7	18.1877697315	2.00160079694e-05	5.0	55.0
PA14_33530_2950861_C_T_E_K|16	18.1877697315	2.00160079694e-05	5.0	55.0
PA14_32400,mexE_2817506_T_C_Q_R|1	18.1877697315	2.00160079694e-05	5.0	55.0
PA14_24860,snr1_2173693_G_C_G_R|1	18.1282801877	2.06511477255e-05	15.0	88.0
PA14_27160,tesA_2360364_C_A_A_E|1	18.1207729469	2.07327244812e-05	7.0	62.0
PA14_69590_6208282_C_T_P_S|1	18.1207729469	2.07327244812e-05	7.0	62.0
PA14_34130_3034210_G_A_E_K|1	18.1207729469	2.07327244812e-05	7.0	62.0
PA14_40220_3583809_G_A_R_K|1	18.1207729469	2.07327244812e-05	7.0	62.0
PA14_59940_5338656_T_C_F_L|1	18.1026642795	2.09308355139e-05	16.0	91.0
PA14_39330,rbsA_3501610_G_A_T_I|1	18.1006762152	2.09527007128e-05	19.0	100.0
PA14_67300,proX_6010533_G_A_L_F|1	18.0820781881	2.11583609043e-05	23.0	10.0
PA14_21340,fadD2_1848162_C_G_A_G|1	18.0820781881	2.11583609043e-05	23.0	10.0
PA14_46140_4103792_A_G_T_A|1	17.9690427279	2.24526890979e-05	47.0	36.0
PA14_54660_4846198_T_G_S_A|1	17.9460783563	2.27252157044e-05	11.0	75.0
PA14_57480_5122255_G_A_S_N|1	17.911570638	2.31409938593e-05	8.0	65.0
PA14_21160_1830118_A_G_V_A|1	17.911570638	2.31409938593e-05	8.0	65.0
PA14_61870_5518248_T_G_E_A|1	17.911570638	2.31409938593e-05	8.0	65.0
PA14_67780_6052426_G_A_R_K|1	17.911570638	2.31409938593e-05	8.0	65.0
PA14_34840_3100763_G_A_S_N|3	17.911570638	2.31409938593e-05	8.0	65.0
PA14_09410,phzG1_807157_C_T_R_H|1	17.911570638	2.31409938593e-05	8.0	65.0
PA14_66160_5893967_T_C_I_V|1	17.911570638	2.31409938593e-05	8.0	65.0
PA14_29270,yaiW_2533005_A_G_I_V|1	17.911570638	2.31409938593e-05	8.0	65.0
PA14_59670_5309376_C_T_A_V|1	17.8868224709	2.34438792285e-05	6.0	58.0
PA14_33720,pvdN_2992561_G_T_A_E|1	17.8868224709	2.34438792285e-05	6.0	58.0
PA14_72830_6486556_G_A_R_Q|1	17.8868224709	2.34438792285e-05	6.0	58.0
PA14_59530_5296642_T_C_V_A|1	17.8868224709	2.34438792285e-05	6.0	58.0
PA14_40370_3607916_G_A_L_F|1	17.8868224709	2.34438792285e-05	6.0	58.0
PA14_05230_457703_C_T_A_V|1	17.8868224709	2.34438792285e-05	6.0	58.0
PA14_55060_4891628_C_T_R_Q|6	17.8868224709	2.34438792285e-05	6.0	58.0
PA14_29660_2570779_C_T_P_S|1	17.8868224709	2.34438792285e-05	6.0	58.0
PA14_72200,prfH_6432187_G_T_F_L|1	17.8868224709	2.34438792285e-05	6.0	58.0
PA14_33200_2906822_C_T_A_V|1	17.8868224709	2.34438792285e-05	6.0	58.0
PA14_09320,pchI_798737_C_T_A_V|3	17.8868224709	2.34438792285e-05	6.0	58.0
PA14_09240,pchD_783463_C_A_R_L|1	17.8868224709	2.34438792285e-05	6.0	58.0
PA14_31150_2708302_T_G_T_P|1	17.8815336704	2.35091220861e-05	30.0	17.0
PA14_35390,pvcD_3146963_T_C_N_S|2	17.8263673683	2.4200628352e-05	27.0	14.0
PA14_63310,smtA_5650071_G_A_R_H|1	17.8037385042	2.4490157484e-05	17.0	5.0
PA14_30940,trbB_2687105_C_T_S_N|1	17.8037385042	2.4490157484e-05	17.0	5.0
PA14_11140_969423_C_G_Q_H|1	17.7832560615	2.47552237397e-05	13.0	81.0
PA14_32905_2878778_C_T_P_S|1	17.7407242746	2.53148781187e-05	9.0	68.0
PA14_47610_4240376_C_G_Q_H|1	17.7407242746	2.53148781187e-05	9.0	68.0
PA14_52350_4645468_G_A_D_N|1	17.7407242746	2.53148781187e-05	9.0	68.0
PA14_53560_4749482_C_A_A_D|1	17.6961623359	2.59148907137e-05	15.0	87.0
PA14_31070_2701313_T_G_M_L|1	17.6961623359	2.59148907137e-05	15.0	87.0
PA14_01340_130011_G_C_E_Q|1	17.6933070002	2.59538205376e-05	38.0	152.0
PA14_44910_4003612_A_C_K_T|1	17.6921368876	2.59697908963e-05	5.0	54.0
PA14_22090_1923991_T_C_I_V|2	17.6921368876	2.59697908963e-05	5.0	54.0
PA14_22120_1929676_T_C_N_S|1	17.6921368876	2.59697908963e-05	5.0	54.0
PA14_22220_1936031_C_T_G_D|1	17.6921368876	2.59697908963e-05	5.0	54.0
PA14_69870,pchP_6230786_G_C_T_S|2	17.6921368876	2.59697908963e-05	5.0	54.0
PA14_22270_1940159_G_A_A_V|1	17.6921368876	2.59697908963e-05	5.0	54.0
PA14_22250_1937988_C_T_A_T|1	17.6921368876	2.59697908963e-05	5.0	54.0
PA14_55610,dnaE2_4949272_A_T_Q_L|1	17.6756555331	2.61957896771e-05	16.0	90.0
PA14_02810,pcaT_249284_A_C_E_A|1	17.6401012018	2.66900777977e-05	7.0	61.0
PA14_30600_2651771_A_T_T_S|1	17.6401012018	2.66900777977e-05	7.0	61.0
PA14_51240,purC_4553363_G_A_A_V|1	17.6401012018	2.66900777977e-05	7.0	61.0
PA14_27000_2349541_C_T_S_N|1	17.6401012018	2.66900777977e-05	7.0	61.0
PA14_08620,birA_738606_G_A_D_N|1	17.6401012018	2.66900777977e-05	7.0	61.0
PA14_40650_3630274_G_A_A_T|1	17.6025514945	2.7222286645e-05	10.0	71.0
PA14_59990_5342403_A_G_T_A|1	17.6025514945	2.7222286645e-05	10.0	71.0
PA14_08300,JF1_711208_A_G_N_S|1	17.5128922537	2.85366064146e-05	38.0	26.0
PA14_33460_2945726_C_T_T_I|1	17.4924395565	2.88452484468e-05	11.0	74.0
PA14_31260_2718494_T_A_T_S|1	17.4924395565	2.88452484468e-05	11.0	74.0
PA14_45460_4047511_C_T_V_I|1	17.4385682588	2.96743461621e-05	8.0	64.0
PA14_07700,apaH_662156_G_A_P_L|5	17.4385682588	2.96743461621e-05	8.0	64.0
PA14_55060_4891446_A_G_Y_H|1	17.4385682588	2.96743461621e-05	8.0	64.0
PA14_50010,yliI_4445904_C_T_R_Q|1	17.4385682588	2.96743461621e-05	8.0	64.0
PA14_28220_2442573_T_A_S_T|1	17.4385682588	2.96743461621e-05	8.0	64.0
PA14_52730_4674146_C_T_S_F|1	17.4385682588	2.96743461621e-05	8.0	64.0
PA14_51540_4583704_G_A_A_V|1	17.4385682588	2.96743461621e-05	8.0	64.0
PA14_14010_1201267_C_T_A_T|1	17.4382648524	2.96790828778e-05	23.0	110.0
PA14_30900,trbJ_2683294_C_A_L_F|1	17.4127715602	3.00798049308e-05	18.0	6.0
PA14_01270_124754_G_A_V_I|1	17.4066049762	3.01775497269e-05	12.0	77.0
PA14_34270,metN-1_3046927_C_T_S_N|1	17.3994482586	3.02913891276e-05	6.0	57.0
PA14_48150_4286214_T_C_V_A|1	17.3994482586	3.02913891276e-05	6.0	57.0
PA14_55260_4907825_G_A_R_C|1	17.3994482586	3.02913891276e-05	6.0	57.0
PA14_32100,xylY_2793130_G_A_V_I|1	17.3994482586	3.02913891276e-05	6.0	57.0
PA14_21490_1864854_G_T_G_C|3	17.3994482586	3.02913891276e-05	6.0	57.0
PA14_34580_3072200_T_A_T_S|1	17.3994482586	3.02913891276e-05	6.0	57.0
PA14_04730_419814_G_A_A_V|1	17.3994482586	3.02913891276e-05	6.0	57.0
PA14_72510,thrB_6460556_C_A_A_D|1	17.3994482586	3.02913891276e-05	6.0	57.0
PA14_61550_5492637_G_A_A_T|1	17.3994482586	3.02913891276e-05	6.0	57.0
PA14_32790_2859791_C_A_Q_K|1	17.3994482586	3.02913891276e-05	6.0	57.0
PA14_37400_3328972_G_A_A_T|6	17.3994482586	3.02913891276e-05	6.0	57.0
PA14_29020,cpo_2509287_A_C_D_A|1	17.3994482586	3.02913891276e-05	6.0	57.0
PA14_30730_2666434_C_A_Q_H|1	17.3994482586	3.02913891276e-05	6.0	57.0
PA14_46370_4126681_T_A_L_Q|1	17.3994482586	3.02913891276e-05	6.0	57.0
PA14_37260,opdO_3318526_A_C_E_A|1	17.3994482586	3.02913891276e-05	6.0	57.0
PA14_30890_2683040_G_A_G_S|1	17.3483285787	3.11171818334e-05	11.0	1.0
PA14_30970,bphR_2691193_T_A_S_C|1	17.3483285787	3.11171818334e-05	11.0	1.0
PA14_30910,trbE_2684404_T_G_E_A|2	17.3483285787	3.11171818334e-05	11.0	1.0
PA14_30880,trbL_2682530_C_A_A_S|2	17.3483285787	3.11171818334e-05	11.0	1.0
PA14_42410_3778401_C_T_A_T|1	17.3483285787	3.11171818334e-05	11.0	1.0
PA14_09210,pchA_781414_A_G_L_S|1	17.3483285787	3.11171818334e-05	11.0	1.0
PA14_33650,pvdD_2984391_A_G_I_V|1	17.3419151913	3.12223692311e-05	13.0	80.0
PA14_40690_3634932_C_T_H_Y|1	17.3419151913	3.12223692311e-05	13.0	80.0
PA14_72420_6452109_G_C_P_R|1	17.3419151913	3.12223692311e-05	13.0	80.0
PA14_37420_3331127_G_A_L_F|1	17.295754351	3.19900808265e-05	14.0	83.0
PA14_43020_3827177_T_G_K_T|1	17.295754351	3.19900808265e-05	14.0	83.0
PA14_07620,cca_655732_C_G_E_Q|2	17.2750886433	3.23398978572e-05	9.0	67.0
PA14_38740_3454336_G_T_S_R|1	17.2750886433	3.23398978572e-05	9.0	67.0
PA14_59600_5304029_T_G_Q_P|1	17.2750886433	3.23398978572e-05	9.0	67.0
PA14_43910_3909468_G_A_P_S|1	17.2750886433	3.23398978572e-05	9.0	67.0
PA14_34720_3084531_G_T_R_S|1	17.2750886433	3.23398978572e-05	9.0	67.0
PA14_19205_1658366_T_C_Q_R|1	17.2750886433	3.23398978572e-05	9.0	67.0
PA14_17650_1517282_G_A_G_S|1	17.2750886433	3.23398978572e-05	9.0	67.0
PA14_33250_2909967_T_C_L_S|1	17.2659209963	3.2496311052e-05	15.0	86.0
PA14_31070_2701541_T_A_M_L|1	17.250549129	3.27602853103e-05	16.0	89.0
PA14_31070_2701891_T_C_D_G|1	17.220113852	3.32893119521e-05	14.0	3.0
PA14_22110_1928152_T_C_I_V|4	17.197581591	3.3686492277e-05	5.0	53.0
PA14_32790_2859797_A_G_I_V|1	17.197581591	3.3686492277e-05	5.0	53.0
PA14_52670,astD_4670033_C_T_R_Q|1	17.197581591	3.3686492277e-05	5.0	53.0
PA14_72820_6486303_G_A_R_H|1	17.1608088589	3.43449480399e-05	7.0	60.0
PA14_02560,mdcB_229422_G_C_E_Q|2	17.1608088589	3.43449480399e-05	7.0	60.0
PA14_42950_3818621_A_C_S_A|1	17.1608088589	3.43449480399e-05	7.0	60.0
PA14_46260_4114670_T_G_D_E|1	17.1608088589	3.43449480399e-05	7.0	60.0
PA14_43790_3899718_G_A_D_N|1	17.1608088589	3.43449480399e-05	7.0	60.0
PA14_38770_3458305_G_A_A_V|1	17.1608088589	3.43449480399e-05	7.0	60.0
PA14_05540,mexB_490811_G_A_G_D|1	17.1608088589	3.43449480399e-05	7.0	60.0
PA14_24490,pelB_2140044_G_A_G_S|1	17.1608088589	3.43449480399e-05	7.0	60.0
PA14_18830_1623745_A_C_H_P|2	17.1608088589	3.43449480399e-05	7.0	60.0
PA14_72710_6476142_A_G_Q_R|1	17.1608088589	3.43449480399e-05	7.0	60.0
PA14_37380_3328407_G_A_P_L|1	17.1608088589	3.43449480399e-05	7.0	60.0
PA14_53340_4729633_G_A_R_H|1	17.1146334464	3.51901224106e-05	19.0	7.0
PA14_71090,yeiE_6333898_G_A_A_V|1	17.1146334464	3.51901224106e-05	19.0	7.0
PA14_31130_2707804_G_T_D_E|1	17.1146334464	3.51901224106e-05	19.0	7.0
PA14_31110_2705922_G_A_P_L|1	17.1146334464	3.51901224106e-05	19.0	7.0
PA14_45130_4024972_C_T_A_T|1	17.1146334464	3.51901224106e-05	19.0	7.0
PA14_31180_2710488_G_T_Q_K|1	17.0816326531	3.58069350109e-05	9.0	0.0
PA14_30850,trbI_2678830_C_T_V_M|11	17.0816326531	3.58069350109e-05	9.0	0.0
PA14_17920,glpM_1539737_G_T_T_N|1	17.0816326531	3.58069350109e-05	9.0	0.0
PA14_19940_1718914_C_T_A_T|1	17.0816326531	3.58069350109e-05	9.0	0.0
PA14_30940,trbB_2687993_C_A_R_L|2	17.0816326531	3.58069350109e-05	9.0	0.0
PA14_59200_5272099_C_A_D_E|2	17.0816326531	3.58069350109e-05	9.0	0.0
PA14_31090_2704322_C_T_A_T|1	17.0816326531	3.58069350109e-05	9.0	0.0
PA14_30860,trbG_2680668_G_C_P_A|1	17.0816326531	3.58069350109e-05	9.0	0.0
PA14_71180_6341164_C_T_R_H|1	16.9670836076	3.80335273796e-05	8.0	63.0
PA14_36605_3259443_G_A_R_Q|1	16.9670836076	3.80335273796e-05	8.0	63.0
PA14_35900_3195351_T_A_C_S|1	16.9670836076	3.80335273796e-05	8.0	63.0
PA14_20510_1763351_G_A_A_T|1	16.9670836076	3.80335273796e-05	8.0	63.0
PA14_40260_3589612_A_G_V_A|1	16.9610788597	3.81540133347e-05	12.0	76.0
PA14_05390,chpA_470752_C_T_A_V|1	16.9610788597	3.81540133347e-05	12.0	76.0
PA14_11100,cupB5_962676_T_A_S_T|1	16.9136627113	3.91190003834e-05	46.0	36.0
PA14_43080_3832984_G_C_A_P|1	16.913348482	3.91254765645e-05	6.0	56.0
PA14_58515_5211648_T_C_T_A|1	16.913348482	3.91254765645e-05	6.0	56.0
PA14_60000_5343269_G_A_D_N|1	16.913348482	3.91254765645e-05	6.0	56.0
PA14_36390_3242740_G_A_E_K|1	16.913348482	3.91254765645e-05	6.0	56.0
PA14_02980_261047_C_A_R_L|18	16.913348482	3.91254765645e-05	6.0	56.0
PA14_12670_1087429_G_A_A_V|14	16.913348482	3.91254765645e-05	6.0	56.0
PA14_32110,xylZ_2794060_C_T_H_Y|1	16.913348482	3.91254765645e-05	6.0	56.0
PA14_06960_604416_C_G_D_E|6	16.913348482	3.91254765645e-05	6.0	56.0
PA14_00180,sun_19460_G_A_R_C|11	16.913348482	3.91254765645e-05	6.0	56.0
PA14_30930,trbC_2686678_A_T_S_T|1	16.913348482	3.91254765645e-05	6.0	56.0
PA14_60130_5356293_A_G_H_R|1	16.913348482	3.91254765645e-05	6.0	56.0
PA14_64280_5728766_G_C_G_A|1	16.913348482	3.91254765645e-05	6.0	56.0
PA14_37460_3333475_C_T_G_D|1	16.913348482	3.91254765645e-05	6.0	56.0
PA14_35530,bkdA1_3159525_A_G_V_A|1	16.913348482	3.91254765645e-05	6.0	56.0
PA14_18330,arnT_1571636_C_A_R_L|1	16.913348482	3.91254765645e-05	6.0	56.0
PA14_10040_863265_T_G_K_T|1	16.913348482	3.91254765645e-05	6.0	56.0
PA14_19710_1700783_C_T_R_C|2	16.913348482	3.91254765645e-05	6.0	56.0
PA14_04950,mtgA_437516_C_G_G_A|1	16.913348482	3.91254765645e-05	6.0	56.0
PA14_04560_405394_T_A_V_D|6	16.913348482	3.91254765645e-05	6.0	56.0
PA14_13200_1137769_T_C_S_P|1	16.913348482	3.91254765645e-05	6.0	56.0
PA14_27755,yliJ_2407645_G_T_E_D|1	16.913348482	3.91254765645e-05	6.0	56.0
PA14_39860_3553224_G_T_G_C|1	16.913348482	3.91254765645e-05	6.0	56.0
PA14_32830_2871402_G_C_P_A|1	16.913348482	3.91254765645e-05	6.0	56.0
PA14_08120_696481_G_C_D_H|2	16.913348482	3.91254765645e-05	6.0	56.0
PA14_65050_5797256_G_A_R_C|1	16.913348482	3.91254765645e-05	6.0	56.0
PA14_21470_1861628_A_C_D_A|2	16.913348482	3.91254765645e-05	6.0	56.0
PA14_22500_1958646_T_A_T_S|1	16.913348482	3.91254765645e-05	6.0	56.0
PA14_21300_1845706_C_T_R_Q|3	16.913348482	3.91254765645e-05	6.0	56.0
PA14_47720,cobC_4246351_T_G_E_A|1	16.9000073148	3.94014308883e-05	20.0	100.0
PA14_59690_5311460_C_G_T_S|1	16.9000073148	3.94014308883e-05	20.0	100.0
PA14_13210_1137995_T_G_H_P|1	16.8620071685	4.019821265e-05	14.0	82.0
PA14_31200_2713383_G_A_L_F|1	16.8273999426	4.09379377987e-05	16.0	88.0
PA14_70040,dadA_6246011_C_T_V_I|1	16.8110862409	4.12913719286e-05	9.0	66.0
PA14_20820_1792855_A_T_N_Y|1	16.8110862409	4.12913719286e-05	9.0	66.0
PA14_32790_2858933_T_A_F_I|1	16.8110862409	4.12913719286e-05	9.0	66.0
PA14_29400,rhs_2547553_C_T_A_V|1	16.8110862409	4.12913719286e-05	9.0	66.0
PA14_61640,phr_5500464_G_A_E_K|1	16.8110862409	4.12913719286e-05	9.0	66.0
PA14_00510_50345_A_G_N_S|1	16.8110862409	4.12913719286e-05	9.0	66.0
PA14_35990_3203004_T_C_H_R|1	16.7225806452	4.32629940864e-05	21.0	9.0
PA14_48200_4291994_G_A_R_H|1	16.7225806452	4.32629940864e-05	21.0	9.0
PA14_22110_1928163_T_C_Q_R|1	16.704160555	4.36850881247e-05	5.0	52.0
PA14_53570_4751100_G_C_R_G|1	16.704160555	4.36850881247e-05	5.0	52.0
PA14_09920_853365_A_C_E_A|1	16.687085941	4.40800476665e-05	10.0	69.0
PA14_65670_5849465_C_A_A_S|1	16.687085941	4.40800476665e-05	10.0	69.0
PA14_30850,trbI_2679546_G_A_T_I|1	16.687085941	4.40800476665e-05	10.0	69.0
PA14_46260_4114819_T_A_I_N|2	16.687085941	4.40800476665e-05	10.0	69.0
PA14_07620,cca_655742_C_G_E_D|1	16.687085941	4.40800476665e-05	10.0	69.0
PA14_60650_5405499_A_G_K_R|1	16.687085941	4.40800476665e-05	10.0	69.0
PA14_33560_2953597_G_A_L_F|1	16.6829586184	4.4176055929e-05	7.0	59.0
PA14_47500,sseA_4231598_G_A_R_H|1	16.6829586184	4.4176055929e-05	7.0	59.0
PA14_44660,ligA_3977913_G_A_P_S|1	16.6829586184	4.4176055929e-05	7.0	59.0
PA14_51450,cupC3_4573939_C_T_E_K|1	16.6829586184	4.4176055929e-05	7.0	59.0
PA14_48540_4316549_T_A_F_I|1	16.6829586184	4.4176055929e-05	7.0	59.0
PA14_49520,pyoS3A_4403637_C_T_G_E|1	16.6829586184	4.4176055929e-05	7.0	59.0
PA14_00925_93930_C_G_G_A|2	16.6829586184	4.4176055929e-05	7.0	59.0
PA14_43420_3868463_T_C_Q_R|2	16.6829586184	4.4176055929e-05	7.0	59.0
PA14_24080,xcpY_2091027_C_T_A_V|2	16.6829586184	4.4176055929e-05	7.0	59.0
PA14_07450_639348_C_T_G_R|1	16.6829586184	4.4176055929e-05	7.0	59.0
PA14_65090_5803846_C_T_P_S|1	16.6829586184	4.4176055929e-05	7.0	59.0
PA14_40420,modC_3612200_C_G_D_E|1	16.6829586184	4.4176055929e-05	7.0	59.0
PA14_64120_5715744_A_T_T_S|1	16.6829586184	4.4176055929e-05	7.0	59.0
PA14_40130_3577693_C_T_R_Q|1	16.6829586184	4.4176055929e-05	7.0	59.0
PA14_26020_2273659_C_T_A_T|1	16.6829586184	4.4176055929e-05	7.0	59.0
PA14_59600_5304008_T_C_Y_C|1	16.6531969104	4.48746141238e-05	23.0	108.0
PA14_33700,pvdF_2990947_G_A_G_E|1	16.6473607038	4.50128968829e-05	35.0	141.0
PA14_30870,trbF_2681336_C_A_A_S|1	16.6037328344	4.60602767745e-05	15.0	4.0
PA14_31230_2715472_A_G_S_P|1	16.6037328344	4.60602767745e-05	15.0	4.0
PA14_04570_407162_G_A_V_M|1	16.6037328344	4.60602767745e-05	15.0	4.0
PA14_27410,trpC_2378324_G_C_L_V|1	16.6037328344	4.60602767745e-05	15.0	4.0
PA14_31110_2706219_T_A_Y_F|1	16.6037328344	4.60602767745e-05	15.0	4.0
PA14_30880,trbL_2682381_C_A_M_I|1	16.5904566257	4.63838374052e-05	11.0	72.0
PA14_67220_6001120_G_A_L_F|1	16.5904566257	4.63838374052e-05	11.0	72.0
PA14_08000_688688_A_G_I_M|1	16.5904566257	4.63838374052e-05	11.0	72.0
PA14_03220_288086_G_C_Q_E|1	16.5442852079	4.75270013235e-05	4.0	48.0
PA14_48190_4291694_T_G_E_D|1	16.5038436218	4.85515513871e-05	38.0	27.0
PA14_28220_2442620_T_G_D_E|1	16.4971817298	4.87224420596e-05	8.0	62.0
PA14_16310_1392974_T_C_V_A|1	16.4971817298	4.87224420596e-05	8.0	62.0
PA14_49560,toxA_4408633_C_G_A_G|1	16.4971817298	4.87224420596e-05	8.0	62.0
PA14_33650,pvdD_2982979_A_C_N_T|1	16.4970707177	4.87252948573e-05	20.0	99.0
PA14_46140_4104054_T_A_L_Q|1	16.4800150475	4.91655937691e-05	27.0	15.0
PA14_40730_3636185_T_C_C_R|1	16.4748738205	4.92990996683e-05	24.0	12.0
PA14_44900_4001924_C_T_A_V|1	16.4748738205	4.92990996683e-05	24.0	12.0
PA14_48980_4352106_T_C_D_G|1	16.4748738205	4.92990996683e-05	24.0	12.0
PA14_05390,chpA_473271_C_G_H_D|1	16.4302207131	5.04740787915e-05	14.0	81.0
PA14_22680,yrbE_1972834_G_C_A_G|1	16.4302207131	5.04740787915e-05	14.0	81.0
