feature	score	p-value	#I-out-of-148	#O-out-of-278
PA14_23260,gyrA_2015001.1|1	78.5588323935	7.7650875466e-19	18.0	222.0
PA14_65605,parC_5845617|1	51.68656753	6.51066604063e-13	4.0	115.0
PA14_18340_1573309|1	40.1825034775	2.31310670446e-10	8.0	109.0
PA14_59990_5342403|1	37.2106206926	1.06034710207e-09	2.0	79.0
PA14_22680,yrbE_1972882|1	37.0515184333	1.15048954021e-09	3.0	83.0
PA14_13990_1199882|1	36.4388100331	1.57534953729e-09	4.0	86.0
PA14_22680,yrbE_1972834|1	36.4125228978	1.59673998649e-09	5.0	90.0
PA14_31070_2701258.1|1	35.5921965131	2.43260072015e-09	8.0	100.0
PA14_31070_2701313.1|1	34.9678117601	3.3520098206e-09	7.0	95.0
PA14_30850,trbI_2679573|1	34.8532503022	3.55515559614e-09	5.0	87.0
PA14_30910,trbE_2685878|1	34.5129301964	4.23429159693e-09	16.0	126.0
PA14_30910,trbE_2686169|1	34.4564167772	4.35903345546e-09	7.0	94.0
PA14_30970,bphR_2691793|1	34.3734566401	4.5488484464e-09	6.0	90.0
PA14_30880,trbL_2681902|1	34.3457849685	4.61398549794e-09	4.0	82.0
PA14_30960,traG_2688711|1	34.3457849685	4.61398549794e-09	4.0	82.0
PA14_31070_2701541|1	34.069753618	5.31713721929e-09	8.0	97.0
PA14_22670,yrbF_1972083|1	33.9454413766	5.66793288543e-09	7.0	93.0
PA14_30910,trbE_2685746.1|1	33.9454413766	5.66793288543e-09	7.0	93.0
PA14_31200_2713383|1	33.5632300812	6.8984551527e-09	8.0	96.0
PA14_30910,trbE_2686168|1	33.434898273	7.36897487302e-09	7.0	92.0
PA14_30930,trbC_2686930.1|1	33.3439006127	7.72196277954e-09	6.0	88.0
PA14_30910,trbE_2685949|1	33.3439006127	7.72196277954e-09	6.0	88.0
PA14_30960,traG_2688616|1	33.300574984	7.89592898208e-09	4.0	80.0
PA14_30940,trbB_2687997|1	33.300574984	7.89592898208e-09	4.0	80.0
PA14_31200_2713463|1	33.2965293723	7.91237243179e-09	5.0	84.0
PA14_22680,yrbE_1972462|5	33.0572084972	8.94866597509e-09	8.0	95.0
PA14_31200_2713215|1	32.7202758127	1.0642130283e-08	9.0	98.0
PA14_30910,trbE_2685860.2|1	32.6139201447	1.12406792416e-08	16.0	122.0
PA14_22670,yrbF_1972058|2	32.5517036291	1.16063349875e-08	8.0	94.0
PA14_30940,trbB_2687838|1	32.5517036291	1.16063349875e-08	8.0	94.0
PA14_30930,trbC_2686711|1	32.4151624368	1.24511170944e-08	7.0	90.0
PA14_22680,yrbE_1972391|2	32.4151624368	1.24511170944e-08	7.0	90.0
PA14_30910,trbE_2685821|1	32.2602633643	1.34842939318e-08	5.0	82.0
PA14_30910,trbE_2685681.1|1	32.0467308251	1.50508160145e-08	8.0	93.0
PA14_31180_2710069|1	31.9059978369	1.61816727928e-08	7.0	89.0
PA14_22680,yrbE_1972786|1	31.9059978369	1.61816727928e-08	7.0	89.0
PA14_30960,traG_2688574.1|1	31.9059978369	1.61816727928e-08	7.0	89.0
PA14_22670,yrbF_1971771|1	31.9059978369	1.61816727928e-08	7.0	89.0
PA14_30940,trbB_2688007|1	31.8024670255	1.70675817703e-08	6.0	85.0
PA14_30910,trbE_2686165|1	31.7191272465	1.78158903719e-08	9.0	96.0
PA14_30860,trbG_2679807|2	31.5423060471	1.95142037599e-08	8.0	92.0
PA14_30940,trbB_2687061|1	31.397321858	2.10270743137e-08	7.0	88.0
PA14_30910,trbE_2683859|1	31.397321858	2.10270743137e-08	7.0	88.0
PA14_30970,bphR_2691475.1|1	31.2894808478	2.22280769305e-08	6.0	84.0
PA14_30910,trbE_2684033|1	31.2894808478	2.22280769305e-08	6.0	84.0
PA14_30960,traG_2688615.1|1	31.2253376949	2.29747724713e-08	5.0	80.0
PA14_59990_5342598|1	31.2253376949	2.29747724713e-08	5.0	80.0
PA14_30900,trbJ_2683647|1	31.2253376949	2.29747724713e-08	5.0	80.0
PA14_22680,yrbE_1972739|1	31.2253376949	2.29747724713e-08	5.0	80.0
PA14_30850,trbI_2679568|1	31.2194702658	2.30443174906e-08	9.0	95.0
PA14_30900,trbJ_2683294.1|1	31.0384459018	2.52967700982e-08	8.0	91.0
PA14_30910,trbE_2685859|1	30.9576218065	2.63724371545e-08	18.0	125.0
PA14_22680,yrbE_1972413.1|1	30.8891500945	2.73194861329e-08	7.0	87.0
PA14_60020_5344845|1	30.8891500945	2.73194861329e-08	7.0	87.0
PA14_30850,trbI_2679595|1	30.8891500945	2.73194861329e-08	7.0	87.0
PA14_30850,trbI_2679088|1	30.8891500945	2.73194861329e-08	7.0	87.0
PA14_30970,bphR_2691856|1	30.8891500945	2.73194861329e-08	7.0	87.0
PA14_30930,trbC_2686881|3	30.8891500945	2.73194861329e-08	7.0	87.0
PA14_31070_2701586.2|1	30.8606249033	2.77240091473e-08	19.0	128.0
PA14_52130_4623134|1	30.7286704723	2.96747868126e-08	16.0	118.0
PA14_30880,trbL_2682453|1	30.720448569	2.98007914687e-08	9.0	94.0
PA14_30960,traG_2688829|1	30.7084074053	2.99862960819e-08	5.0	79.0
PA14_30850,trbI_2679546|1	30.6918781089	3.02428296855e-08	4.0	75.0
PA14_55410_4931209|1	30.556347657	3.24309054757e-08	14.0	111.0
PA14_22680,yrbE_1972463.1|2	30.5351676739	3.27868935039e-08	8.0	90.0
PA14_22670,yrbF_1971912|4	30.5351676739	3.27868935039e-08	8.0	90.0
PA14_30910,trbE_2685080.2|1	30.5351676739	3.27868935039e-08	8.0	90.0
PA14_19940_1718862|1	30.4538341368	3.41906901807e-08	12.0	104.0
PA14_59940_5338656|1	30.4387453412	3.44576652699e-08	10.0	97.0
PA14_22670,yrbF_1971897|1	30.3814988114	3.54896942484e-08	7.0	86.0
PA14_30960,traG_2688660|1	30.3814988114	3.54896942484e-08	7.0	86.0
PA14_30970,bphR_2691855|1	30.3814988114	3.54896942484e-08	7.0	86.0
PA14_30960,traG_2688609.1|1	30.3814988114	3.54896942484e-08	7.0	86.0
PA14_31070_2701816|1	30.3814988114	3.54896942484e-08	7.0	86.0
PA14_31070_2701481|1	30.2648303961	3.76898347195e-08	6.0	82.0
PA14_22670,yrbF_1971858|1	30.2648303961	3.76898347195e-08	6.0	82.0
PA14_22680,yrbE_1972847|1	30.2648303961	3.76898347195e-08	6.0	82.0
PA14_47720,cobC_4246351|1	30.254975209	3.78818285353e-08	13.0	107.0
PA14_30880,trbL_2681665|1	30.2220808409	3.85297816694e-08	9.0	93.0
PA14_59540_5299116|1	30.2128561497	3.87134749884e-08	3.0	70.0
PA14_31070_2701472|1	30.1918492559	3.91350706131e-08	5.0	78.0
PA14_30880,trbL_2682381|1	30.1918492559	3.91350706131e-08	5.0	78.0
PA14_31070_2701554|1	30.1894125313	3.91842709678e-08	11.0	100.0
PA14_20520_1765824|1	30.1709567897	3.95589319263e-08	4.0	74.0
PA14_20520_1765766.2|1	30.1709567897	3.95589319263e-08	4.0	74.0
PA14_52130_4623243|1	30.1389664358	4.02168744496e-08	17.0	120.0
PA14_31070_2701202|1	30.032489361	4.24867809993e-08	8.0	89.0
PA14_22670,yrbF_1972041|1	30.032489361	4.24867809993e-08	8.0	89.0
PA14_30860,trbG_2680000.1|1	30.032489361	4.24867809993e-08	8.0	89.0
PA14_30900,trbJ_2683437|1	29.9452599063	4.4441699178e-08	10.0	96.0
PA14_30860,trbG_2680596|1	29.8743849809	4.60962673382e-08	7.0	85.0
PA14_31070_2701892|1	29.8743849809	4.60962673382e-08	7.0	85.0
PA14_30970,bphR_2691524|1	29.8743849809	4.60962673382e-08	7.0	85.0
PA14_22680,yrbE_1972876|1	29.8743849809	4.60962673382e-08	7.0	85.0
PA14_30910,trbE_2686102|1	29.8743849809	4.60962673382e-08	7.0	85.0
PA14_30940,trbB_2687385|1	29.7531965108	4.90696546658e-08	6.0	81.0
PA14_23120_2005266|2	29.6880347074	5.07470875342e-08	3.0	69.0
PA14_00310_28735|1	29.6880347074	5.07470875342e-08	3.0	69.0
PA14_31070_2701402.1|1	29.5304297103	5.50456548695e-08	8.0	88.0
PA14_31070_2701966|1	29.5304297103	5.50456548695e-08	8.0	88.0
PA14_22680,yrbE_1972382|1	29.5304297103	5.50456548695e-08	8.0	88.0
PA14_30870,trbF_2680774|1	29.5304297103	5.50456548695e-08	8.0	88.0
PA14_30970,bphR_2691692.1|1	29.3678263211	5.98632986324e-08	7.0	84.0
PA14_22680,yrbE_1972874|1	29.3678263211	5.98632986324e-08	7.0	84.0
PA14_30930,trbC_2686773|1	29.2420449561	6.38779401116e-08	6.0	80.0
PA14_31070_2702740.2|1	29.2273857671	6.43630429749e-08	9.0	91.0
PA14_30900,trbJ_2683196|1	29.2128866706	6.48464789292e-08	11.0	98.0
PA14_26930_2343869|1	29.1634260159	6.65231614619e-08	3.0	68.0
PA14_30910,trbE_2686060|1	29.1599045088	6.66441815272e-08	5.0	76.0
PA14_30930,trbC_2686774.1|1	29.1300183182	6.76801708018e-08	4.0	72.0
PA14_30880,trbL_2682609.1|1	29.0290082585	7.13025552673e-08	8.0	87.0
PA14_30900,trbJ_2683350.1|1	29.0020768843	7.23007418727e-08	12.0	101.0
PA14_30960,traG_2688846|1	28.8618413377	7.77292387403e-08	7.0	83.0
PA14_33610_2970539|1	28.8618413377	7.77292387403e-08	7.0	83.0
PA14_30960,traG_2690392|1	28.8618413377	7.77292387403e-08	7.0	83.0
PA14_22670,yrbF_1971895|1	28.8618413377	7.77292387403e-08	7.0	83.0
PA14_37490_3336619|1	28.7310996412	8.31575333742e-08	9.0	90.0
PA14_30910,trbE_2684300|1	28.7258490505	8.33832965682e-08	11.0	97.0
PA14_02310,atsA_207590|1	28.6390391934	8.72062060694e-08	3.0	67.0
PA14_30910,trbE_2684648|1	28.5282453738	9.23415244967e-08	8.0	86.0
PA14_31070_2701997|1	28.5282453738	9.23415244967e-08	8.0	86.0
PA14_30880,trbL_2681730.1|1	28.5198883364	9.27409489117e-08	12.0	100.0
PA14_30900,trbJ_2683722|1	28.3934089686	9.90017925141e-08	16.0	113.0
PA14_30880,trbL_2681645|1	28.3564493683	1.00910058882e-07	7.0	82.0
PA14_31070_2703143|1	28.3564493683	1.00910058882e-07	7.0	82.0
PA14_14010_1201267|1	28.2893026363	1.04471729914e-07	17.0	116.0
PA14_30860,trbG_2680589|1	28.2355500046	1.0741351691e-07	9.0	89.0
PA14_31070_2701456.1|1	28.2355500046	1.0741351691e-07	9.0	89.0
PA14_30960,traG_2689066|1	28.2355500046	1.0741351691e-07	9.0	89.0
PA14_31070_2702696|1	28.2212577428	1.08209582479e-07	6.0	78.0
PA14_30960,traG_2689078|1	28.2212577428	1.08209582479e-07	6.0	78.0
PA14_55520,hxcU_4942104|1	28.1148838861	1.14323260682e-07	3.0	66.0
PA14_30910,trbE_2686081.1|1	28.0903668592	1.15780731213e-07	4.0	70.0
PA14_36080,yfaV_3214660|1	28.0903668592	1.15780731213e-07	4.0	70.0
PA14_30960,traG_2688718|1	28.0903668592	1.15780731213e-07	4.0	70.0
PA14_05390,chpA_470998|1	28.0903668592	1.15780731213e-07	4.0	70.0
PA14_30880,trbL_2681915|1	28.0668736213	1.17194807466e-07	20.0	125.0
PA14_30880,trbL_2682332|1	28.0386040328	1.1891933832e-07	12.0	99.0
PA14_31070_2702027|1	28.0281623002	1.19562727271e-07	8.0	85.0
PA14_30880,trbL_2681656|1	28.0281623002	1.19562727271e-07	8.0	85.0
PA14_30900,trbJ_2683720|1	27.9789433954	1.22642743397e-07	10.0	92.0
PA14_30890_2683037.1|1	27.9789433954	1.22642743397e-07	10.0	92.0
PA14_31110_2706882|1	27.8631833898	1.30203860128e-07	13.0	102.0
PA14_30910,trbE_2684785|1	27.8631833898	1.30203860128e-07	13.0	102.0
PA14_57210,argJ_5097009|1	27.8631833898	1.30203860128e-07	13.0	102.0
PA14_30960,traG_2690146|1	27.8631833898	1.30203860128e-07	13.0	102.0
PA14_31070_2703128|2	27.8516706291	1.30980923206e-07	7.0	81.0
PA14_30960,traG_2690112|1	27.7543400262	1.37738855169e-07	11.0	95.0
PA14_30960,traG_2688621.2|1	27.7543400262	1.37738855169e-07	11.0	95.0
PA14_30910,trbE_2684755|1	27.7116586119	1.40811518867e-07	6.0	77.0
PA14_30930,trbC_2686772|1	27.7116586119	1.40811518867e-07	6.0	77.0
PA14_30910,trbE_2684138|1	27.7116586119	1.40811518867e-07	6.0	77.0
PA14_30880,trbL_2682415|1	27.7108119546	1.40873160127e-07	14.0	105.0
PA14_30970,bphR_2691869|1	27.6151415666	1.48015551213e-07	5.0	73.0
PA14_12860_1104122|1	27.590970308	1.49876807397e-07	3.0	65.0
PA14_21940_1908910|1	27.590970308	1.49876807397e-07	3.0	65.0
PA14_06580_574469|8	27.590970308	1.49876807397e-07	3.0	65.0
PA14_52600,alaS_4663040|1	27.590970308	1.49876807397e-07	3.0	65.0
PA14_52130_4623172|1	27.5792410238	1.50788430522e-07	15.0	108.0
PA14_57480_5122255|1	27.5710568162	1.51427812794e-07	4.0	69.0
PA14_31070_2701190|1	27.5710568162	1.51427812794e-07	4.0	69.0
PA14_30910,trbE_2684908|1	27.5582486345	1.52433895754e-07	12.0	98.0
PA14_30900,trbJ_2683752|1	27.5582486345	1.52433895754e-07	12.0	98.0
PA14_30850,trbI_2678530|1	27.5582486345	1.52433895754e-07	12.0	98.0
PA14_55840_4986611|1	27.5287812054	1.54774072132e-07	8.0	84.0
PA14_30910,trbE_2685851|1	27.5046082053	1.56720646482e-07	24.0	136.0
PA14_30890_2683013.1|1	27.4893838207	1.57959190645e-07	10.0	91.0
PA14_30910,trbE_2684204|1	27.3876679595	1.6648957437e-07	13.0	101.0
PA14_64120_5715151|1	27.2699175023	1.76942986414e-07	11.0	94.0
PA14_31070_2701241.1|1	27.2699175023	1.76942986414e-07	11.0	94.0
PA14_08050_691742|2	27.240003691	1.79701809816e-07	14.0	104.0
PA14_30900,trbJ_2683446.1|1	27.2137846884	1.82155307088e-07	31.0	156.0
PA14_59540_5299046|1	27.202614968	1.83210708199e-07	6.0	76.0
PA14_30880,trbL_2682390|1	27.202614968	1.83210708199e-07	6.0	76.0
PA14_36070_3213128|1	27.1622625178	1.87074841769e-07	2.0	60.0
PA14_30930,trbC_2686678.1|1	27.1622625178	1.87074841769e-07	2.0	60.0
PA14_30960,traG_2689222|1	27.0788477078	1.95323516035e-07	12.0	97.0
PA14_30880,trbL_2681741|1	27.0788477078	1.95323516035e-07	12.0	97.0
PA14_15460,merA_1309232.1|1	27.0673092829	1.96492864972e-07	3.0	64.0
PA14_28880_2493687|1	27.0673092829	1.96492864972e-07	3.0	64.0
PA14_30930,trbC_2686700|1	27.0521096636	1.98043969564e-07	4.0	68.0
PA14_31100_2705500|1	27.0521096636	1.98043969564e-07	4.0	68.0
PA14_05650_502648|1	27.0521096636	1.98043969564e-07	4.0	68.0
PA14_30970,bphR_2691920.1|1	27.0521096636	1.98043969564e-07	4.0	68.0
PA14_15230,xseA_1290560|1	27.0521096636	1.98043969564e-07	4.0	68.0
PA14_21190_1833985.1|1	27.0521096636	1.98043969564e-07	4.0	68.0
PA14_30890_2683058.1|1	27.0301252316	2.00309194378e-07	8.0	83.0
PA14_30880,trbL_2681654|1	27.0301252316	2.00309194378e-07	8.0	83.0
PA14_30850,trbI_2679517|1	27.0006805367	2.03383842566e-07	10.0	90.0
PA14_30890_2682984.1|1	27.0006805367	2.03383842566e-07	10.0	90.0
PA14_30540_2643917|1	26.9988109305	2.03580658425e-07	29.0	10.0
PA14_52130_4623157|1	26.770247835	2.29138162717e-07	14.0	103.0
PA14_30970,bphR_2691577|1	26.753552606	2.31126419798e-07	9.0	86.0
PA14_30960,traG_2690233|1	26.6941473848	2.3834234633e-07	6.0	75.0
PA14_22670,yrbF_1971876|1	26.6941473848	2.3834234633e-07	6.0	75.0
PA14_55840_4986712|1	26.6941473848	2.3834234633e-07	6.0	75.0
PA14_31070_2702147.1|1	26.6941473848	2.3834234633e-07	6.0	75.0
PA14_40650_3630274|1	26.6941473848	2.3834234633e-07	6.0	75.0
PA14_30960,traG_2690443.1|1	26.6941473848	2.3834234633e-07	6.0	75.0
PA14_31260_2718386|1	26.6636826755	2.42130039259e-07	22.0	128.0
PA14_30940,trbB_2687604.1|1	26.6478556266	2.4412157863e-07	15.0	106.0
PA14_30590_2648777|1	26.6345534118	2.45808107975e-07	2.0	59.0
PA14_35950_3200290|1	26.6345534118	2.45808107975e-07	2.0	59.0
PA14_35940_3199199.1|1	26.6345534118	2.45808107975e-07	2.0	59.0
PA14_66190_5897322|1	26.5439122903	2.57615228594e-07	3.0	63.0
PA14_05390,chpA_474190|1	26.5439122903	2.57615228594e-07	3.0	63.0
PA14_30860,trbG_2679975|1	26.5439122903	2.57615228594e-07	3.0	63.0
PA14_71180_6341164|1	26.533540735	2.5900199464e-07	4.0	67.0
PA14_31180_2710230.1|1	26.5322185495	2.59179319106e-07	8.0	82.0
PA14_30930,trbC_2686911|1	26.5322185495	2.59179319106e-07	8.0	82.0
PA14_30880,trbL_2681657|1	26.5322185495	2.59179319106e-07	8.0	82.0
PA14_02340,atsB_210129|1	26.5322185495	2.59179319106e-07	8.0	82.0
PA14_31070_2702000|1	26.5128594913	2.61789631e-07	10.0	89.0
PA14_30900,trbJ_2683746|1	26.3015716039	2.92050922964e-07	14.0	102.0
PA14_08050_691684|1	26.3015716039	2.92050922964e-07	14.0	102.0
PA14_30910,trbE_2684453|1	26.3015716039	2.92050922964e-07	14.0	102.0
PA14_30940,trbB_2688009|1	26.3015716039	2.92050922964e-07	14.0	102.0
PA14_30880,trbL_2681554|1	26.2493037071	3.00062991819e-07	21.0	124.0
PA14_02930_258019|8	26.1069998056	3.23010892516e-07	2.0	58.0
PA14_30330,serS_2628316|2	26.1069998056	3.23010892516e-07	2.0	58.0
PA14_22160_1934836|1	26.1069998056	3.23010892516e-07	2.0	58.0
PA14_37420_3331052|1	26.0745673731	3.28482431528e-07	5.0	70.0
PA14_30880,trbL_2681506|1	26.0745673731	3.28482431528e-07	5.0	70.0
PA14_30910,trbE_2685902|1	26.0745673731	3.28482431528e-07	5.0	70.0
PA14_30880,trbL_2681507|1	26.0745673731	3.28482431528e-07	5.0	70.0
PA14_60760_5414610|1	26.0745673731	3.28482431528e-07	5.0	70.0
PA14_30880,trbL_2681647|1	26.0350864161	3.35268644598e-07	8.0	81.0
PA14_47090_4195513|1	26.0259476919	3.36859386384e-07	10.0	88.0
PA14_30910,trbE_2684882|1	26.0259476919	3.36859386384e-07	10.0	88.0
PA14_49530_4406047|1	26.0259476919	3.36859386384e-07	10.0	88.0
PA14_30880,trbL_2682398|1	26.0259476919	3.36859386384e-07	10.0	88.0
PA14_71220,cls_6345695|1	26.0207915165	3.37760237888e-07	3.0	62.0
PA14_21020_1814229|1	26.0207915165	3.37760237888e-07	3.0	62.0
PA14_22670,yrbF_1972011|1	26.0207915165	3.37760237888e-07	3.0	62.0
PA14_46490,fabF2_4138284|1	26.0207915165	3.37760237888e-07	3.0	62.0
PA14_22550_1962397|1	26.0207915165	3.37760237888e-07	3.0	62.0
PA14_51420,pqsB_4569081|1	26.0207915165	3.37760237888e-07	3.0	62.0
PA14_63540,selA_5665867|1	26.0207915165	3.37760237888e-07	3.0	62.0
PA14_36830_3282316|1	26.0153662398	3.38710712328e-07	4.0	66.0
PA14_50380,flgJ_4478955|1	26.0153662398	3.38710712328e-07	4.0	66.0
PA14_66150_5893268|1	26.0018175493	3.41096083105e-07	17.0	111.0
PA14_30910,trbE_2685849|1	25.8391259965	3.71089379339e-07	7.0	77.0
PA14_08050_692894|1	25.8100877406	3.76714420844e-07	21.0	123.0
PA14_59990_5342689|1	25.7696806809	3.84684238967e-07	9.0	84.0
PA14_30940,trbB_2687295|1	25.7696806809	3.84684238967e-07	9.0	84.0
PA14_59990_5342682|1	25.6790279032	4.03184873156e-07	6.0	73.0
PA14_22680,yrbE_1972940|1	25.6790279032	4.03184873156e-07	6.0	73.0
PA14_22250_1937988|1	25.5796096059	4.2450159445e-07	2.0	57.0
PA14_39880,phzG2_3555928|1	25.5796096059	4.2450159445e-07	2.0	57.0
PA14_60020_5345193|1	25.5796096059	4.2450159445e-07	2.0	57.0
PA14_22090_1923991|2	25.5796096059	4.2450159445e-07	2.0	57.0
PA14_22270_1940159|1	25.5796096059	4.2450159445e-07	2.0	57.0
PA14_22160_1934441|1	25.5796096059	4.2450159445e-07	2.0	57.0
PA14_31200_2713391.1|1	25.5620615268	4.28379813243e-07	5.0	69.0
PA14_71580_6377396|1	25.5620615268	4.28379813243e-07	5.0	69.0
PA14_30970,bphR_2691922|1	25.5620615268	4.28379813243e-07	5.0	69.0
PA14_00660_67308|1	25.5620615268	4.28379813243e-07	5.0	69.0
PA14_45710_4066553|1	25.5399732596	4.33311972302e-07	10.0	87.0
PA14_30940,trbB_2686986.1|1	25.5399732596	4.33311972302e-07	10.0	87.0
PA14_59990_5342688|1	25.5399732596	4.33311972302e-07	10.0	87.0
PA14_31190_2711151|1	25.5387552366	4.33585598734e-07	8.0	80.0
PA14_30910,trbE_2685934|1	25.5387552366	4.33585598734e-07	8.0	80.0
PA14_32790_2863284|1	25.4979599091	4.42850938366e-07	3.0	61.0
PA14_38820,pqqB_3461360|2	25.4979599091	4.42850938366e-07	3.0	61.0
PA14_59890_5333533|1	25.4979599091	4.42850938366e-07	3.0	61.0
PA14_68100_6076106|1	25.4979599091	4.42850938366e-07	3.0	61.0
PA14_40640,cti_3628790|1	25.4976033274	4.42932793314e-07	4.0	65.0
PA14_39670_3535939.1|1	25.4976033274	4.42932793314e-07	4.0	65.0
PA14_43100_3835967|1	25.4976033274	4.42932793314e-07	4.0	65.0
PA14_17650_1517271|1	25.4976033274	4.42932793314e-07	4.0	65.0
PA14_30860,trbG_2680029|1	25.4976033274	4.42932793314e-07	4.0	65.0
PA14_55060_4892000|1	25.4976033274	4.42932793314e-07	4.0	65.0
PA14_26970_2347008|1	25.4976033274	4.42932793314e-07	4.0	65.0
PA14_31070_2701421|1	25.4959441783	4.43313858096e-07	13.0	97.0
PA14_63880_5693551|1	25.4349666213	4.57549242643e-07	19.0	116.0
PA14_08050_692983|1	25.3721746851	4.72687315975e-07	21.0	122.0
PA14_31070_2702252|1	25.367571661	4.73816582119e-07	14.0	100.0
PA14_30880,trbL_2682230.1|1	25.367571661	4.73816582119e-07	14.0	100.0
PA14_31070_2701904.1|1	25.2790633533	4.96064208234e-07	9.0	83.0
PA14_30970,bphR_2691756|1	25.2790633533	4.96064208234e-07	9.0	83.0
PA14_59150_5266389|1	25.2343008816	5.07711553884e-07	1.0	52.0
PA14_30970,bphR_2691804|1	25.1724225609	5.24265352432e-07	6.0	72.0
PA14_37030,cupA3_3297697.1|1	25.1724225609	5.24265352432e-07	6.0	72.0
PA14_31260_2718080.1|1	25.1724225609	5.24265352432e-07	6.0	72.0
PA14_30890_2683025.1|1	25.1713341296	5.24561323562e-07	12.0	93.0
PA14_55410_4931739|1	25.0951431905	5.45701285909e-07	17.0	109.0
PA14_11140_969871.1|1	25.0549654871	5.57190842971e-07	10.0	86.0
PA14_22110_1928152|4	25.052391265	5.5793520331e-07	2.0	56.0
PA14_30910,trbE_2686015|1	25.0501000162	5.58598577844e-07	5.0	68.0
PA14_37420_3331118|1	25.0501000162	5.58598577844e-07	5.0	68.0
PA14_30900,trbJ_2683609|1	25.0501000162	5.58598577844e-07	5.0	68.0
PA14_66160_5893967|1	25.0501000162	5.58598577844e-07	5.0	68.0
PA14_30900,trbJ_2683602|1	25.04325263	5.60585786246e-07	8.0	79.0
PA14_30960,traG_2689375|1	25.0257399833	5.65700509338e-07	13.0	96.0
PA14_31110_2706886.1|1	24.990612512	5.76101280096e-07	19.0	115.0
PA14_36960_3292403|1	24.9802701559	5.79199890082e-07	4.0	64.0
PA14_31260_2718438|1	24.9802701559	5.79199890082e-07	4.0	64.0
PA14_31180_2710520.1|1	24.9802701559	5.79199890082e-07	4.0	64.0
PA14_61820,ychF_5513250|1	24.9802701559	5.79199890082e-07	4.0	64.0
PA14_31180_2710514|1	24.9802701559	5.79199890082e-07	4.0	64.0
PA14_31280_2721118|1	24.9802701559	5.79199890082e-07	4.0	64.0
PA14_31260_2718440|1	24.9802701559	5.79199890082e-07	4.0	64.0
PA14_28895_2496335|1	24.9802701559	5.79199890082e-07	4.0	64.0
PA14_02610,mdcG_232519|1	24.975431238	5.8065538112e-07	3.0	60.0
PA14_20520_1765345|1	24.975431238	5.8065538112e-07	3.0	60.0
PA14_57640_5133652|1	24.975431238	5.8065538112e-07	3.0	60.0
PA14_55640,sbcD_4958208|1	24.975431238	5.8065538112e-07	3.0	60.0
PA14_66230,waaG_5900150|1	24.975431238	5.8065538112e-07	3.0	60.0
PA14_23090,edaA_2002865|1	24.975431238	5.8065538112e-07	3.0	60.0
PA14_02020_184069|7	24.975431238	5.8065538112e-07	3.0	60.0
PA14_55260_4907825|1	24.975431238	5.8065538112e-07	3.0	60.0
PA14_30910,trbE_2685914|1	24.975431238	5.8065538112e-07	3.0	60.0
PA14_08050_692897|1	24.957451665	5.86095630727e-07	20.0	118.0
PA14_30910,trbE_2686148|1	24.902307286	6.03102000128e-07	14.0	99.0
PA14_30900,trbJ_2683488|1	24.902307286	6.03102000128e-07	14.0	99.0
PA14_31200_2713434.1|1	24.8621903558	6.15784041469e-07	11.0	89.0
PA14_22670,yrbF_1971959|1	24.8371324035	6.23840850738e-07	7.0	75.0
PA14_30960,traG_2690079|1	24.8371324035	6.23840850738e-07	7.0	75.0
PA14_30950_2688146|1	24.7987630685	6.36382936238e-07	15.0	102.0
PA14_30960,traG_2689374|1	24.7987630685	6.36382936238e-07	15.0	102.0
PA14_16410_1404920.1|1	24.789363757	6.39493722907e-07	9.0	82.0
PA14_51860_4605693|1	24.789363757	6.39493722907e-07	9.0	82.0
PA14_30940,trbB_2687100|1	24.6971237978	6.70842133155e-07	12.0	92.0
PA14_30900,trbJ_2683380|1	24.6971237978	6.70842133155e-07	12.0	92.0
PA14_30940,trbB_2687298|1	24.666486537	6.81591682502e-07	6.0	71.0
PA14_23100,mutT_2003108|1	24.666486537	6.81591682502e-07	6.0	71.0
PA14_30910,trbE_2685877|1	24.5810315875	7.1249639096e-07	27.0	138.0
PA14_30880,trbL_2682356|1	24.5566870828	7.21554997727e-07	13.0	95.0
PA14_30960,traG_2689606|1	24.5566870828	7.21554997727e-07	13.0	95.0
PA14_30890_2683089|1	24.5486074999	7.24586867514e-07	8.0	78.0
PA14_51070,opdD_4538276|1	24.5486074999	7.24586867514e-07	8.0	78.0
PA14_31180_2710373|1	24.5387055221	7.28320018644e-07	5.0	67.0
PA14_26140,cifR_2282153|1	24.5387055221	7.28320018644e-07	5.0	67.0
PA14_06160,fiuA_544941|2	24.5387055221	7.28320018644e-07	5.0	67.0
PA14_26130,morB_2281979|1	24.5387055221	7.28320018644e-07	5.0	67.0
PA14_55400_4925847|1	24.5387055221	7.28320018644e-07	5.0	67.0
PA14_22110_1928163|1	24.5253538279	7.3338430225e-07	2.0	55.0
PA14_08060_693938|1	24.4925717581	7.45968791791e-07	22.0	123.0
PA14_27110,ligT_2355638|1	24.4633859673	7.57354822905e-07	4.0	63.0
PA14_31090_2704733.1|1	24.4633859673	7.57354822905e-07	4.0	63.0
PA14_30910,trbE_2686016|1	24.4633859673	7.57354822905e-07	4.0	63.0
PA14_02900,pcaK_256101|1	24.4633859673	7.57354822905e-07	4.0	63.0
PA14_35530,bkdA1_3159525|1	24.4532201614	7.61361517088e-07	3.0	59.0
PA14_11580_1002226|6	24.4532201614	7.61361517088e-07	3.0	59.0
PA14_55400_4926837|1	24.4532201614	7.61361517088e-07	3.0	59.0
PA14_10040_863265|1	24.4532201614	7.61361517088e-07	3.0	59.0
PA14_02700_241022|1	24.4532201614	7.61361517088e-07	3.0	59.0
PA14_18330,arnT_1571636|1	24.4532201614	7.61361517088e-07	3.0	59.0
PA14_25305,nqrB_2213424|3	24.4532201614	7.61361517088e-07	3.0	59.0
PA14_00700_70871|1	24.4532201614	7.61361517088e-07	3.0	59.0
PA14_32830_2871402|1	24.4532201614	7.61361517088e-07	3.0	59.0
PA14_21870_1901805|1	24.4532201614	7.61361517088e-07	3.0	59.0
PA14_72110_6425732|1	24.4532201614	7.61361517088e-07	3.0	59.0
PA14_54450,nadB_4828624|1	24.4532201614	7.61361517088e-07	3.0	59.0
PA14_39860_3553224|1	24.4532201614	7.61361517088e-07	3.0	59.0
PA14_66600,aroB_5946019|1	24.4532201614	7.61361517088e-07	3.0	59.0
PA14_43110_3841388|1	24.4532201614	7.61361517088e-07	3.0	59.0
PA14_42820_3807570|1	24.4532201614	7.61361517088e-07	3.0	59.0
PA14_02560,mdcB_229497|13	24.4532201614	7.61361517088e-07	3.0	59.0
PA14_08120_696594|1	24.4532201614	7.61361517088e-07	3.0	59.0
PA14_57480_5121923|1	24.4532201614	7.61361517088e-07	3.0	59.0
PA14_01330_129569|1	24.4532201614	7.61361517088e-07	3.0	59.0
PA14_30960,traG_2688610.1|1	24.3837254521	7.89326999071e-07	11.0	88.0
PA14_59690_5311460|1	24.2585261521	8.42333832965e-07	16.0	104.0
PA14_31070_2702741|1	24.2240428597	8.57550473429e-07	12.0	91.0
PA14_30950_2688299.1|1	24.2240428597	8.57550473429e-07	12.0	91.0
PA14_30850,trbI_2679663|1	24.2240428597	8.57550473429e-07	12.0	91.0
PA14_30850,trbI_2678441.1|1	24.1612462519	8.85972691434e-07	6.0	70.0
PA14_43910_3909468|1	24.1612462519	8.85972691434e-07	6.0	70.0
PA14_31260_2718097.1|1	24.1612462519	8.85972691434e-07	6.0	70.0
PA14_26050_2276218.1|1	24.1612462519	8.85972691434e-07	6.0	70.0
PA14_30930,trbC_2686677|1	24.1612462519	8.85972691434e-07	6.0	70.0
PA14_30970,bphR_2691613|1	24.1612462519	8.85972691434e-07	6.0	70.0
PA14_65810_5861287|1	24.1431344789	8.94344376554e-07	18.0	110.0
PA14_11140_969423|1	24.0879733246	9.20333029789e-07	10.0	84.0
PA14_08050_693285|1	24.0813369219	9.23510316367e-07	24.0	128.0
PA14_30960,traG_2688491|1	24.0807150782	9.23808597301e-07	20.0	116.0
PA14_08050_692607|1	24.067618148	9.30113319183e-07	23.0	125.0
PA14_60750,pra_5413473|1	24.067618148	9.30113319183e-07	23.0	125.0
PA14_08050_692915|1	24.0624392378	9.32618279222e-07	22.0	122.0
PA14_08050_693105|1	24.0624392378	9.32618279222e-07	22.0	122.0
PA14_30960,traG_2688871|1	24.0548501104	9.36301250257e-07	8.0	77.0
PA14_60020_5344953|1	24.0279020027	9.49497294859e-07	5.0	66.0
PA14_36605_3259443|1	24.0279020027	9.49497294859e-07	5.0	66.0
PA14_65370,amiB_5823126|1	24.0279020027	9.49497294859e-07	5.0	66.0
PA14_06120_540145.1|1	24.0279020027	9.49497294859e-07	5.0	66.0
PA14_22410_1950831|1	24.0279020027	9.49497294859e-07	5.0	66.0
PA14_71350_6356469|1	24.0279020027	9.49497294859e-07	5.0	66.0
PA14_00510_48003|1	23.9985069859	9.64104323186e-07	2.0	54.0
PA14_31070_2702281|1	23.9754060886	9.75741631464e-07	14.0	97.0
PA14_30900,trbJ_2683118|1	23.9754060886	9.75741631464e-07	14.0	97.0
PA14_31180_2710338|1	23.94697117	9.90259600212e-07	4.0	62.0
PA14_11900_1030261|2	23.94697117	9.90259600212e-07	4.0	62.0
PA14_15435_1307150|1	23.94697117	9.90259600212e-07	4.0	62.0
PA14_02340,atsB_210640|2	23.94697117	9.90259600212e-07	4.0	62.0
PA14_30950_2688200|1	23.94697117	9.90259600212e-07	4.0	62.0
PA14_59660_5308869|1	23.94697117	9.90259600212e-07	4.0	62.0
PA14_16310_1393007|1	23.94697117	9.90259600212e-07	4.0	62.0
PA14_31180_2710529.1|1	23.94697117	9.90259600212e-07	4.0	62.0
PA14_11970_1035325.1|1	23.9313422988	9.98331255785e-07	3.0	58.0
PA14_42600,pscP_3789814|1	23.9313422988	9.98331255785e-07	3.0	58.0
PA14_66190_5896995|1	23.9313422988	9.98331255785e-07	3.0	58.0
PA14_10010_861943|1	23.9313422988	9.98331255785e-07	3.0	58.0
PA14_20520_1764304|1	23.9313422988	9.98331255785e-07	3.0	58.0
PA14_34000_3023955|1	23.9313422988	9.98331255785e-07	3.0	58.0
PA14_37950,cynT_3387698|1	23.9313422988	9.98331255785e-07	3.0	58.0
PA14_30960,traG_2690340|1	23.9313422988	9.98331255785e-07	3.0	58.0
PA14_01870_171335.1|10	23.9313422988	9.98331255785e-07	3.0	58.0
PA14_63100_5630549|1	23.9313422988	9.98331255785e-07	3.0	58.0
PA14_00080_9710|500	23.9313422988	9.98331255785e-07	3.0	58.0
PA14_31690_2754618|2	23.9313422988	9.98331255785e-07	3.0	58.0
PA14_28880_2492634|1	23.9313422988	9.98331255785e-07	3.0	58.0
PA14_12150_1050531|1	23.9313422988	9.98331255785e-07	3.0	58.0
PA14_24510,pelD_2143371|1	23.9313422988	9.98331255785e-07	3.0	58.0
PA14_32790_2863290|1	23.9313422988	9.98331255785e-07	3.0	58.0
PA14_30970,bphR_2691742|1	23.9313422988	9.98331255785e-07	3.0	58.0
PA14_36000,prpR_3204810|1	23.9313422988	9.98331255785e-07	3.0	58.0
PA14_22670,yrbF_1971855|1	23.8382765409	1.04778068653e-06	7.0	73.0
PA14_30960,traG_2688715|1	23.8382765409	1.04778068653e-06	7.0	73.0
PA14_36590,malQ_3258262|1	23.8382765409	1.04778068653e-06	7.0	73.0
PA14_30860,trbG_2679973|1	23.8382765409	1.04778068653e-06	7.0	73.0
PA14_30890_2683086|1	23.8128414972	1.06171770217e-06	9.0	80.0
PA14_17150_1472583|1	23.6930563657	1.12989465819e-06	49.0	32.0
PA14_68050_6072419|1	23.6567295353	1.15142556804e-06	6.0	69.0
PA14_42080,fadB_3753662|1	23.6567295353	1.15142556804e-06	6.0	69.0
PA14_55410_4930921|1	23.6444358027	1.15880486313e-06	20.0	115.0
PA14_60750,pra_5413201|1	23.6424920736	1.15997591815e-06	23.0	124.0
PA14_08060_693937|1	23.6337366697	1.16526559205e-06	22.0	121.0
PA14_55410_4931252|1	23.6337366697	1.16526559205e-06	22.0	121.0
PA14_55610,dnaE2_4949272|1	23.6221655006	1.17229357252e-06	13.0	93.0
PA14_30960,traG_2690040|1	23.6060539537	1.18215010196e-06	10.0	83.0
PA14_51860_4605569|1	23.6060539537	1.18215010196e-06	10.0	83.0
PA14_30860,trbG_2680115|1	23.5620121663	1.2095196623e-06	8.0	76.0
PA14_18040_1549391|1	23.5177147857	1.23768918028e-06	5.0	65.0
PA14_28340_2449491|1	23.5177147857	1.23768918028e-06	5.0	65.0
PA14_30960,traG_2690227|1	23.5177147857	1.23768918028e-06	5.0	65.0
PA14_31090_2704868.2|1	23.5177147857	1.23768918028e-06	5.0	65.0
PA14_30950_2688053|1	23.5177147857	1.23768918028e-06	5.0	65.0
PA14_11990_1036888|1	23.5177147857	1.23768918028e-06	5.0	65.0
PA14_31130_2707238.1|1	23.5177147857	1.23768918028e-06	5.0	65.0
PA14_55060_4892001|1	23.5177147857	1.23768918028e-06	5.0	65.0
PA14_31260_2718302.1|1	23.4310474282	1.29471985564e-06	4.0	61.0
PA14_59690_5312281|1	23.4310474282	1.29471985564e-06	4.0	61.0
PA14_59660_5308968.1|1	23.4310474282	1.29471985564e-06	4.0	61.0
PA14_33280,pvdL_2916594.1|1	23.4310474282	1.29471985564e-06	4.0	61.0
PA14_31090_2704228.1|1	23.4310474282	1.29471985564e-06	4.0	61.0
PA14_26670_2324495|1	23.4310474282	1.29471985564e-06	4.0	61.0
PA14_31080_2703704|1	23.4310474282	1.29471985564e-06	4.0	61.0
PA14_55060_4891754|1	23.4310474282	1.29471985564e-06	4.0	61.0
PA14_59650_5308157|5	23.4310474282	1.29471985564e-06	4.0	61.0
PA14_16190_1380225|1	23.4310474282	1.29471985564e-06	4.0	61.0
PA14_61820,ychF_5513326|1	23.4310474282	1.29471985564e-06	4.0	61.0
PA14_24820_2170105|1	23.4310474282	1.29471985564e-06	4.0	61.0
PA14_32350_2810588|1	23.4310474282	1.29471985564e-06	4.0	61.0
PA14_30910,trbE_2685952|1	23.4310474282	1.29471985564e-06	4.0	61.0
PA14_01810_166565|5	23.4310474282	1.29471985564e-06	4.0	61.0
PA14_25760,holB_2248546|2	23.4310474282	1.29471985564e-06	4.0	61.0
PA14_30850,trbI_2679542|1	23.4301302341	1.29533729172e-06	11.0	86.0
PA14_30910,trbE_2684452|1	23.424856985	1.29889286781e-06	15.0	99.0
PA14_30960,traG_2689590.1|1	23.424856985	1.29889286781e-06	15.0	99.0
PA14_30910,trbE_2685270|1	23.424856985	1.29889286781e-06	15.0	99.0
PA14_02490,tonB2_224617|6	23.4098143107	1.30908952143e-06	3.0	57.0
PA14_55117_4896777.1|1	23.4098143107	1.30908952143e-06	3.0	57.0
PA14_32400,mexE_2817506|1	23.4098143107	1.30908952143e-06	3.0	57.0
PA14_03220_286750|1	23.4098143107	1.30908952143e-06	3.0	57.0
PA14_22270_1940597|1	23.4098143107	1.30908952143e-06	3.0	57.0
PA14_33530_2950861|16	23.4098143107	1.30908952143e-06	3.0	57.0
PA14_68970_6152568|1	23.4098143107	1.30908952143e-06	3.0	57.0
PA14_41280_3684874|2	23.4098143107	1.30908952143e-06	3.0	57.0
PA14_19290,srmB_1663600|1	23.4098143107	1.30908952143e-06	3.0	57.0
PA14_31110_2706661|1	23.4098143107	1.30908952143e-06	3.0	57.0
PA14_21450_1859423|1	23.4098143107	1.30908952143e-06	3.0	57.0
PA14_30960,traG_2690139|1	23.4098143107	1.30908952143e-06	3.0	57.0
PA14_35620,pslK_3165683|1	23.4098143107	1.30908952143e-06	3.0	57.0
PA14_64800,vanA_5774982|1	23.4098143107	1.30908952143e-06	3.0	57.0
PA14_05390,chpA_471813.1|1	23.4098143107	1.30908952143e-06	3.0	57.0
PA14_30850,trbI_2679076.1|1	23.4098143107	1.30908952143e-06	3.0	57.0
PA14_09580_824859|7	23.4098143107	1.30908952143e-06	3.0	57.0
PA14_15910_1354685|2	23.4098143107	1.30908952143e-06	3.0	57.0
PA14_53800,mntH2_4770526|1	23.4098143107	1.30908952143e-06	3.0	57.0
PA14_36670_3266371.1|1	23.4098143107	1.30908952143e-06	3.0	57.0
PA14_32790_2863277.1|1	23.4098143107	1.30908952143e-06	3.0	57.0
PA14_30850,trbI_2679004|1	23.353262786	1.34814635593e-06	16.0	102.0
PA14_45250_4034669|1	23.34009973	1.35740372659e-06	7.0	72.0
PA14_25360,apbE_2217773|1	23.34009973	1.35740372659e-06	7.0	72.0
PA14_31070_2701944.1|1	23.34009973	1.35740372659e-06	7.0	72.0
PA14_29720_2573611|1	23.34009973	1.35740372659e-06	7.0	72.0
PA14_70690,glcD_6295670|1	23.3260842186	1.36733070991e-06	9.0	79.0
PA14_30940,trbB_2687293|1	23.3260842186	1.36733070991e-06	9.0	79.0
PA14_31180_2709782.1|1	23.3260842186	1.36733070991e-06	9.0	79.0
PA14_31180_2710235.1|1	23.3260842186	1.36733070991e-06	9.0	79.0
PA14_55530,hxcW_4942770|1	23.2814033494	1.39946620691e-06	12.0	89.0
PA14_30540_2643511|1	23.2582831032	1.4163911094e-06	23.0	7.0
PA14_08050_692604|1	23.2394477931	1.43033091521e-06	24.0	126.0
PA14_08050_693282|1	23.2394477931	1.43033091521e-06	24.0	126.0
PA14_23470,wbpM_2041865|2	23.2394477931	1.43033091521e-06	24.0	126.0
PA14_08060_693954|1	23.2394477931	1.43033091521e-06	24.0	126.0
PA14_30900,trbJ_2683382|1	23.226737612	1.43981525515e-06	19.0	111.0
PA14_23210_2011021.1|1	23.2188351503	1.4457438479e-06	23.0	123.0
PA14_33280,pvdL_2914709|1	23.1529657209	1.49612279723e-06	6.0	68.0
