feature	score	p-value	#I-out-of-102	#O-out-of-324
PA14_31260	536.479370875	1.09987301347e-118	1139.0	7442.0
PA14_15445,merE	489.520876753	1.8116069599e-108	1656.0	9408.0
PA14_46610	485.495592618	1.36122214651e-107	740.0	5437.0
PA14_15420	426.787925793	8.12833784843e-95	1777.0	9566.0
PA14_15450,merD	417.513254656	8.48632346719e-93	1747.0	9393.0
PA14_35830,tnpT	392.731892021	2.10448732137e-87	2556.0	12445.0
PA14_15475,merT	390.805051735	5.52862307259e-87	2781.0	13302.0
PA14_35840	384.468885518	1.32443118123e-85	1764.0	9275.0
PA14_46570	384.433498566	1.34813523803e-85	1165.0	6824.0
PA14_31190	383.210714446	2.48854724438e-85	2286.0	11333.0
PA14_15460,merA	381.507814391	5.84370182201e-85	3037.0	14220.0
PA14_15430,tnpR	381.453443209	6.00517114239e-85	1879.0	9717.0
PA14_46620	375.17895602	1.39506907282e-83	1170.0	6798.0
PA14_35740,tpnA	358.859908819	4.98696836475e-80	2894.0	13518.0
PA14_31160	341.320593347	3.29056507095e-76	2240.0	10888.0
PA14_35850	330.626239825	7.02088523879e-74	1722.0	8793.0
PA14_15410	328.114311168	2.47455104722e-73	2003.0	9882.0
PA14_15480,merR	318.859068909	2.56697772234e-71	3067.0	13886.0
PA14_55090	312.658687292	5.75513353285e-70	1139.0	1885.0
PA14_15435	295.096693606	3.85536607385e-66	2077.0	9956.0
PA14_46580	279.423796357	1.00267768138e-62	827.0	4877.0
PA14_32850	277.232572401	3.0107665465e-62	2222.0	4606.0
PA14_31180	276.975009003	3.42615231911e-62	2556.0	11655.0
PA14_46600	274.464889884	1.20735480677e-61	1044.0	5750.0
PA14_15470,merP	267.579042515	3.82432714357e-60	2396.0	10983.0
PA14_35820,tnpS	266.676513707	6.01540602707e-60	2937.0	13004.0
PA14_46590	265.479416297	1.09693550767e-59	1041.0	5689.0
PA14_30850,trbI	261.856336607	6.75903226405e-59	3396.0	14663.0
PA14_33350	258.791387396	3.14751017992e-58	3265.0	7409.0
PA14_01220	256.044302202	1.24965117108e-57	764.0	1172.0
PA14_10830	252.465521536	7.53258573912e-57	2900.0	12755.0
PA14_48920	245.775713509	2.16472675481e-55	1909.0	3929.0
PA14_30860,trbG	239.27353557	5.66380348612e-54	2667.0	11786.0
PA14_30940,trbB	237.999908485	1.07354982814e-53	2603.0	11538.0
PA14_33300	236.074623815	2.82254987972e-53	3421.0	7947.0
PA14_39925,phzD2	233.304725501	1.13411970867e-52	4775.0	11676.0
PA14_40100	231.482871861	2.83111415226e-52	3595.0	15130.0
PA14_48900	229.276353195	8.57351562031e-52	1405.0	2728.0
PA14_09450,phzD1	229.226402938	8.79128608217e-52	4879.0	11993.0
PA14_31130	225.578951751	5.48958388068e-51	1248.0	6288.0
PA14_07300	221.027514314	5.39832266178e-50	3554.0	8393.0
PA14_10840	220.320916088	7.69810510529e-50	2612.0	11432.0
PA14_40110	213.923831805	1.91352299729e-48	3234.0	13661.0
PA14_28810	212.842661113	3.29379893245e-48	1633.0	7699.0
PA14_33320	211.514933271	6.4173515087e-48	3666.0	8756.0
PA14_31150	210.129937764	1.28681794807e-47	1972.0	8966.0
PA14_31280	206.574375584	7.67836264336e-47	2808.0	12041.0
PA14_31170	205.408121789	1.37954278822e-46	1649.0	7709.0
PA14_63440	205.173092103	1.55244942917e-46	2236.0	4940.0
PA14_09480,phzA1	203.437104366	3.71372629382e-46	5253.0	13230.0
PA14_39970,phzA2	202.688231801	5.41026602008e-46	4739.0	11791.0
PA14_33330	201.712586456	8.83313699495e-46	3488.0	8328.0
PA14_46070,gbuA	201.083526437	1.21167261423e-45	5472.0	21535.0
PA14_23350,orfA	196.366219022	1.29670090644e-44	1833.0	3927.0
PA14_33310	195.923626333	1.61969300341e-44	3824.0	9290.0
PA14_14560	194.485218315	3.33705338896e-44	937.0	1700.0
PA14_02370	193.991627966	4.2765268415e-44	5916.0	15186.0
PA14_30960,traG	192.725444881	8.08066289283e-44	2711.0	11568.0
PA14_60320,pilE	192.011924191	1.15660030572e-43	2129.0	4719.0
PA14_33340	191.006248063	1.91730764109e-43	3676.0	8913.0
PA1781.1,P11	187.859007277	9.32560696324e-43	2284.0	5149.0
PA14_35750,tpnC	187.549085172	1.08975947039e-42	1765.0	8021.0
PA14_30900,trbJ	186.924118773	1.49196158827e-42	2630.0	11222.0
PA14_31100	186.650406636	1.71201812783e-42	1620.0	7467.0
PA14_09460,phzC1	184.90963954	4.10699796448e-42	5265.0	13412.0
PA14_37745	179.849773396	5.22662032881e-41	4954.0	12572.0
PA14_23370,orfK	177.849871801	1.42855120425e-40	1994.0	4429.0
PA14_69540	168.677976339	1.43852062175e-38	1864.0	4129.0
PA14_39945,phzC2	168.50220078	1.57148073906e-38	5351.0	13796.0
PA14_53670	168.205914467	1.82399886886e-38	2604.0	10964.0
PA14_46560	165.044381907	8.94571090523e-38	522.0	3021.0
PA14_35770	161.841955488	4.47937262298e-37	2996.0	12323.0
PA14_35800	160.008900788	1.12642847886e-36	3100.0	12679.0
PA14_48540	159.258686939	1.64292823045e-36	5022.0	12938.0
PA14_28790	158.492892638	2.41514161804e-36	446.0	2669.0
PA14_31060	155.972007396	8.58587379177e-36	2415.0	10168.0
PA14_31010	155.82885407	9.2271326226e-36	2231.0	9496.0
PA14_08140,XR2	154.973990734	1.41865765774e-35	3253.0	13177.0
PA14_18960	153.851802314	2.49526130434e-35	2456.0	10298.0
PA14_09470,phzB1	153.501979227	2.97554978443e-35	5231.0	13587.0
PA14_08000	152.755243298	4.33275761961e-35	4282.0	16800.0
PA14_22080	151.873495968	6.75265362872e-35	1103.0	5255.0
PA14_28770	151.602178899	7.74058070557e-35	697.0	3663.0
PA14_31040	150.8612925	1.12384175848e-34	2080.0	8901.0
PA14_69520	150.803598061	1.15695201545e-34	3041.0	7421.0
PA14_22230	149.182518502	2.61604304681e-34	913.0	4502.0
PA14_30910,trbE	148.050536321	4.62470594188e-34	3165.0	12793.0
PA14_08130,gpU	147.457965204	6.23187556277e-34	4211.0	16490.0
PA14_40520	145.580648071	1.6033139006e-33	2633.0	6328.0
PA14_23380,orfH	144.757797129	2.42612297101e-33	1954.0	4486.0
PA14_31070	144.134195616	3.32086387359e-33	2613.0	10776.0
PA14_31000	143.011378502	5.84444205513e-33	1818.0	7873.0
PA14_12170	142.119666789	9.15620659771e-33	2374.0	5639.0
PA14_28820	141.360045258	1.34218748602e-32	1113.0	5222.0
PA14_08030	140.825798869	1.75644388009e-32	4813.0	18519.0
PA14_08010,gpV	140.613394598	1.95470194025e-32	4588.0	17731.0
PA14_69510	139.623707795	3.21736931705e-32	2834.0	6922.0
PA14_22240	139.571097399	3.3037397019e-32	770.0	3882.0
PA14_39880,phzG2	139.079586359	4.23147245645e-32	5152.0	13495.0
PA14_08090,gpFII	138.947342773	4.52284339125e-32	4459.0	17260.0
PA14_30970,bphR	137.497713856	9.38512439481e-32	2996.0	12083.0
PA14_31030	137.250798945	1.06277599668e-31	1999.0	8488.0
PA14_35760	136.495978916	1.55428066442e-31	2984.0	12030.0
PA14_28800	136.352365209	1.67086022629e-31	629.0	3303.0
PA14_09410,phzG1	136.071695534	1.92454409181e-31	5368.0	14147.0
PA14_22220	135.851353782	2.15041056854e-31	918.0	4436.0
PA14_39890,phzF2	135.441305571	2.64368254161e-31	5230.0	13755.0
PA14_22270	135.103999197	3.13320052211e-31	1366.0	6133.0
PA14_22190	134.978144722	3.33823284237e-31	1053.0	4949.0
PA14_08250	133.514980406	6.97543721983e-31	3654.0	9266.0
PA14_36560	133.504506286	7.01233491352e-31	4341.0	16782.0
PA14_30870,trbF	133.37387993	7.48923226925e-31	2430.0	10015.0
PA14_08070,gpFI	132.820688569	9.89579586149e-31	5136.0	19541.0
PA14_09420,phzF1	132.722998113	1.03949257545e-30	5202.0	13701.0
PA14_31110	132.367630872	1.24326048548e-30	1693.0	7325.0
PA14_48940,coaB	130.576862816	3.06433951459e-30	2844.0	7012.0
PA14_63770	130.549408277	3.10701640307e-30	2702.0	6617.0
PA14_48550	130.542732439	3.11748323152e-30	4197.0	10835.0
PA14_48970	129.852302394	4.41431765813e-30	2288.0	5478.0
PA14_19100,rhlA	129.130446973	6.35045703863e-30	5330.0	14107.0
PA14_39220	128.657172072	8.06047676182e-30	2757.0	6783.0
PA14_33680,fpvA	128.120915116	1.05608974452e-29	2577.0	10492.0
PA14_39960,phzB2	127.227147905	1.65682675485e-29	5422.0	14393.0
PA14_08200	127.163391553	1.71091648784e-29	4050.0	10445.0
PA14_23360,wzz	126.649878572	2.21616488703e-29	2457.0	5964.0
PA14_48960	124.650552824	6.06949407552e-29	1590.0	3615.0
PA14_08110	124.620581192	6.16186474467e-29	4101.0	15836.0
PA14_08150,gpD	123.343353289	1.17289996943e-28	4780.0	18183.0
PA14_48910	122.911863856	1.45782972582e-28	2838.0	7050.0
PA14_22100	122.438709313	1.85044169905e-28	839.0	4043.0
PA14_08100	122.161969562	2.12741547089e-28	4259.0	16357.0
PA14_48230	121.79298938	2.56225208889e-28	1555.0	3536.0
PA14_30950	121.732108114	2.6420979506e-28	2135.0	8842.0
PA14_36330,hcnA	119.124464409	9.83600188722e-28	5323.0	14191.0
PA14_08260	117.991018821	1.7417489625e-27	4151.0	10817.0
PA14_22180	117.225099931	2.56267668554e-27	695.0	3450.0
PA14_46100	116.451719838	3.78481721776e-27	5506.0	20597.0
PA14_36620	115.386165762	6.47724133587e-27	4289.0	16376.0
PA14_22250	115.285006034	6.81622510332e-27	774.0	3745.0
PA14_49000	114.041702986	1.27596549814e-26	731.0	1436.0
PA14_08120	113.588991023	1.6032205097e-26	4877.0	18389.0
PA14_31240	112.90665474	2.26176200836e-26	2340.0	9493.0
PA14_39910,phzE2	112.361737152	2.97719257095e-26	5575.0	14999.0
PA14_35790	112.221009697	3.19619301122e-26	3692.0	14257.0
PA14_22260	110.918714174	6.16472948806e-26	698.0	3422.0
PA14_08040,gpI	110.81984142	6.47998910127e-26	4839.0	18220.0
PA14_53640	110.580416787	7.31183191921e-26	2654.0	6625.0
PA14_19110,rhlB	109.676489508	1.15362023349e-25	5621.0	15164.0
PA14_18970,pldA	109.633302799	1.17902976154e-25	3349.0	13026.0
PA14_38190	109.2746286	1.41289215768e-25	4289.0	16297.0
PA14_63740	108.995275931	1.62673106071e-25	3051.0	7757.0
PA14_08280	107.847433452	2.90285231778e-25	4362.0	11523.0
PA14_37780	107.175989712	4.07341936754e-25	5158.0	13841.0
PA14_24870	106.305049701	6.32151839056e-25	2101.0	5113.0
PA14_35710	106.211116851	6.62837652465e-25	1096.0	2396.0
PA14_21010	105.738290508	8.41456122149e-25	5231.0	14070.0
PA14_08020,gpW	105.566993464	9.17431930727e-25	4140.0	15732.0
PA14_46430	105.377514913	1.00948908406e-24	4527.0	12026.0
PA14_06170,fiuR	105.247819718	1.0777726294e-24	5146.0	19199.0
PA14_22140	104.96862217	1.24085331664e-24	852.0	3975.0
PA14_20530	104.015943529	2.00694549278e-24	1358.0	3100.0
PA14_22210	103.937113938	2.08840541737e-24	905.0	4169.0
PA14_05775	103.352899678	2.80463768569e-24	3068.0	7852.0
PA4704-PA4705,prrH	103.264020543	2.93332368533e-24	2780.0	10953.0
PA14_30880,trbL	103.188847762	3.04676360717e-24	2189.0	8856.0
PA14_14540	102.600332531	4.1006449686e-24	1970.0	4775.0
PA14_53580	102.356642227	4.63741110221e-24	1034.0	2251.0
PA14_51880,oprD	101.856063379	5.97062212323e-24	8727.0	24445.0
PA14_31050	101.486281668	7.19600762342e-24	2548.0	10114.0
PA14_37040,cupA2	99.863313083	1.63286065644e-23	4064.0	10742.0
PA14_09440,phzE1	99.38586009	2.07800933893e-23	5712.0	15553.0
PA14_53630	99.3091577878	2.1600689911e-23	3173.0	8186.0
PA14_48950	98.5562157237	3.15927708422e-23	2924.0	7483.0
PA14_48990	97.7531253217	4.73934999043e-23	1534.0	3609.0
PA14_40310	97.2812134696	6.01483129795e-23	4738.0	12727.0
PA14_15530,trbK	96.49215144	8.95983133339e-23	482.0	884.0
PA14_44530,ygdE	96.065331922	1.11154265846e-22	3530.0	9239.0
PA14_48620	95.7305844574	1.31631117885e-22	4441.0	11879.0
PA14_35810	95.3328054037	1.60924198107e-22	3518.0	13441.0
PA14_30930,trbC	94.9379197536	1.96450433288e-22	1908.0	7769.0
PA14_12180	92.2774812548	7.53366861853e-22	3569.0	9388.0
PA14_39250	91.7877336797	9.64907191576e-22	3415.0	8949.0
PA14_08050	90.7447232426	1.6345657402e-21	5352.0	19687.0
PA14_08060	90.3713692858	1.97402055832e-21	4824.0	17876.0
PA14_20150,nosL	90.3198940097	2.02605163158e-21	5546.0	20342.0
PA14_09400,phzS	89.9587189356	2.43181450175e-21	5752.0	15790.0
PA14_22130	89.6192134062	2.887066941e-21	701.0	3293.0
PA14_20960	89.4603485725	3.12846300698e-21	5143.0	14004.0
PA14_15630	88.7999124201	4.36835278508e-21	2677.0	6863.0
PA14_39260	88.2737532632	5.69947111141e-21	3918.0	10439.0
PA14_54930	87.6013633201	8.00694347393e-21	1030.0	2308.0
PA14_37770	86.9448569299	1.11589503183e-20	4876.0	13251.0
PA14_63720	86.9102406476	1.1355983758e-20	3429.0	9037.0
PA14_71120	86.5393572038	1.36983874759e-20	3330.0	8755.0
PA14_64260	86.1038605156	1.70729215848e-20	3264.0	8569.0
PA14_26340	85.5173734963	2.29674767959e-20	3870.0	10329.0
PA14_15660	85.162931031	2.74764975504e-20	2741.0	7077.0
PA14_10110	84.4726150142	3.89573592903e-20	976.0	2180.0
PA14_37850,yejE	84.4099458658	4.02119832558e-20	4120.0	11069.0
PA14_30890	82.6390200538	9.8493415205e-20	1019.0	2303.0
PA14_46080	82.3862886548	1.11927552991e-19	5331.0	19482.0
PA14_37760	82.1930996765	1.23420003605e-19	5494.0	15131.0
PA14_61510	81.6308038026	1.64037386146e-19	4151.0	11191.0
PA14_51520,spcU	81.5518663248	1.70721854774e-19	2611.0	10109.0
PA14_39730	81.0225130195	2.23160846548e-19	3813.0	10212.0
PA14_10890	80.0398572779	3.66932878134e-19	3612.0	9638.0
PA14_20180,nosF	79.1399470488	5.78624448725e-19	6236.0	22496.0
PA14_09490,phzM	77.6055597975	1.25815467647e-18	5743.0	15931.0
PA14_59600	77.4173267641	1.38395780375e-18	788.0	3534.0
PA14_49510,pyoS3I	77.0729837794	1.6475568067e-18	1796.0	7188.0
PA14_32720	76.8160273803	1.87648547063e-18	5040.0	18401.0
PA14_15620	76.7851270929	1.9060765854e-18	2435.0	6277.0
PA14_20470	76.5718548366	2.12344484029e-18	5075.0	18516.0
PA14_53890	76.5608537434	2.13530675793e-18	4874.0	17832.0
PA14_21000	75.6853998664	3.32658266286e-18	5240.0	14468.0
PA14_22090	75.2173670992	4.21641927024e-18	1045.0	4467.0
PA14_22160	75.2149813819	4.22151714012e-18	642.0	2968.0
PA14_22120	75.1223023088	4.42440222661e-18	1069.0	4554.0
PA14_48890	75.0069072461	4.6907013563e-18	3871.0	10449.0
PA14_72370	74.9213435255	4.89845756462e-18	5948.0	21447.0
PA14_08270	74.841065472	5.10174169736e-18	4586.0	12549.0
PA14_09220,pCHB	74.7423978993	5.36318936752e-18	4055.0	15008.0
PA14_20920	74.1675949867	7.17586299441e-18	5503.0	15268.0
PA14_20980	73.5850928273	9.63899061627e-18	5424.0	15042.0
PA14_06420	73.2644965074	1.13389300315e-17	4849.0	13345.0
PA14_48930	73.0320600125	1.27560829875e-17	2048.0	5208.0
PA14_28300	72.3727888913	1.7815359132e-17	3339.0	8927.0
PA14_09880	71.8975244301	2.26668132406e-17	2945.0	7789.0
PA14_48640	71.5968463639	2.63978246472e-17	3668.0	9895.0
PA14_46120,ilvG	70.9023224821	3.75355833121e-17	5470.0	19759.0
PA14_15490	70.6619011083	4.24002165386e-17	397.0	753.0
PA14_62680	70.5146201357	4.56868055364e-17	5669.0	20425.0
PA14_06840,norD	70.4650354262	4.68496843051e-17	5942.0	21346.0
PA14_32985,gcvH2	70.3253866978	5.02863747507e-17	5813.0	20908.0
PA14_48610	69.3397240378	8.28833274432e-17	5082.0	14088.0
PA14_59120	69.2247239622	8.78597251854e-17	629.0	1340.0
PA14_42000	69.1516664566	9.11752941585e-17	2645.0	6950.0
PA14_48560	69.1202258846	9.26404141413e-17	6023.0	16889.0
PA14_41510,nasA	69.0205464241	9.7442968574e-17	3434.0	9241.0
PA14_52250,pirR	68.8963111146	1.03778758606e-16	5448.0	19649.0
PA14_10130	68.5892458073	1.21263601957e-16	6095.0	17112.0
PA14_15540,trbL	68.2051574136	1.47339878258e-16	791.0	1768.0
PA14_36850	67.5139327218	2.09203476336e-16	4814.0	17478.0
PA14_20900	65.9378927184	4.65358290111e-16	5562.0	15564.0
PA14_16100	65.6068087453	5.50482530069e-16	6032.0	16971.0
PA14_22110	65.5053671789	5.79559146938e-16	901.0	3857.0
PA14_46400,yqhC	65.4199716256	6.0522433446e-16	5421.0	15152.0
PA0976.1,tRNA-Lys	65.3551361758	6.25467001783e-16	3045.0	8148.0
PA14_15560	64.865419495	8.01920978924e-16	581.0	1234.0
PA14_20170,nosY	63.9435307975	1.28037057552e-15	6202.0	22098.0
PA14_60100,dtd	63.8197007204	1.36343273977e-15	750.0	3287.0
PA14_35700	63.5327870957	1.57719751864e-15	594.0	1273.0
PA14_14550	63.3700890122	1.71299467254e-15	2327.0	6090.0
PA14_46420	63.1564958859	1.90918838374e-15	4693.0	13022.0
PA14_20460	62.9230212452	2.14945168933e-15	5122.0	18440.0
PA14_48600	62.8186011387	2.26648174486e-15	5926.0	16699.0
PA14_40270	62.769358158	2.3238626366e-15	3901.0	10686.0
PA14_19720	62.5129457866	2.64698942724e-15	3662.0	9986.0
PA14_10870	62.3195987826	2.92004555961e-15	4631.0	12850.0
PA14_36590,malQ	61.7690859802	3.86190047456e-15	4678.0	16918.0
PA14_36000,prpR	61.1391098662	5.31811244028e-15	5424.0	19426.0
PA14_26580	60.8098419471	6.28628567003e-15	2753.0	7348.0
PA14_51530,exoU	60.7648318854	6.43167083483e-15	2802.0	10503.0
PA14_59770,rcsB	60.7553882804	6.46259861544e-15	209.0	1182.0
PA14_72360	60.6246405756	6.90640779169e-15	6458.0	22891.0
PA14_36780	60.5447799954	7.19235651024e-15	4784.0	17255.0
PA14_22600,grtA	60.4508876546	7.54373393294e-15	4443.0	12319.0
PA14_10790,ampC	60.3287896879	8.02648077643e-15	4510.0	16324.0
PA14_28110	60.2727282425	8.25837195699e-15	4850.0	13530.0
PA14_08230	59.8533042847	1.02197628102e-14	4027.0	11096.0
PA14_10900,ydjL	59.2275601656	1.40452882038e-14	3688.0	10104.0
PA14_37000,cupA5	59.1519500864	1.45954636794e-14	4037.0	11135.0
PA14_40330	58.7936818267	1.75102645426e-14	4459.0	12390.0
PA14_56670	58.7415268435	1.79806203155e-14	5338.0	19091.0
PA14_37340	58.4280638624	2.10861606546e-14	5327.0	19048.0
PA14_20970,cyp23	58.2617402495	2.29463517149e-14	5959.0	16873.0
PA14_11230	58.1582886593	2.41853036827e-14	3451.0	9420.0
PA14_49750	58.1450413602	2.43487155289e-14	5616.0	15848.0
PA14_20950,fabH2	57.6671900683	3.10438056272e-14	5987.0	16967.0
PA14_35720	57.5390818935	3.31329992171e-14	1045.0	2513.0
PA14_09350,fptB	57.3179786415	3.70750615123e-14	3423.0	12580.0
PA14_42520,pcr3	57.1574280148	4.02285583541e-14	4230.0	11734.0
PA14_29750	56.9951089993	4.36897123462e-14	3751.0	13692.0
PA14_48570	56.5811524935	5.39262484859e-14	5776.0	16353.0
PA14_28840	55.8410433479	7.85738973832e-14	1915.0	7366.0
PA14_39720	55.7365642496	8.28626632219e-14	4368.0	12164.0
PA14_36580,glgB	55.512747244	9.28549276314e-14	5198.0	18558.0
PA14_32140,antC	55.433220406	9.66885321059e-14	2442.0	6502.0
PA14_46110	55.2594168209	1.05627055121e-13	5516.0	19622.0
PA14_23420	54.7491196035	1.36940535782e-13	1996.0	5220.0
PA14_00640,phzH	54.7017715419	1.40279783391e-13	5876.0	16685.0
PA14_34870,CHiC	54.6853996223	1.41453279143e-13	5049.0	14209.0
PA14_63450	54.6200931935	1.46232828299e-13	840.0	1970.0
PA14_40060	54.4380606258	1.60425430391e-13	3478.0	9547.0
PA14_08240	54.3358605764	1.68989582547e-13	4603.0	12884.0
PA14_20200,nosZ	53.9450865852	2.06171950085e-13	7069.0	24791.0
PA14_09230,pCHC	53.9430694754	2.06383717938e-13	4515.0	16227.0
PA14_28830	53.2880438697	2.88054425784e-13	988.0	4063.0
PA14_06430	53.1122854142	3.1501604527e-13	5199.0	14683.0
PA14_34640,gntK	52.8576373837	3.5862147752e-13	4793.0	17144.0
PA14_15650	52.8043997438	3.68474915133e-13	2972.0	8079.0
PA14_07480	52.4791755968	4.34834806076e-13	3522.0	12839.0
PA14_21020	52.3309206604	4.68932451101e-13	6480.0	18544.0
PA14_49020	52.3241617448	4.70549193928e-13	4019.0	11177.0
PA14_59780,rcsC	52.2701852709	4.83662198999e-13	374.0	1787.0
PA14_68930	52.1687663055	5.0929796274e-13	6747.0	19352.0
PA14_26160	52.1677233055	5.09568545948e-13	4756.0	13374.0
PA14_28600	51.9919323814	5.57291369706e-13	6566.0	23069.0
PA14_36650	51.8504691187	5.98923630777e-13	4316.0	15517.0
PA14_06810,norC	51.6438919331	6.65373221544e-13	6394.0	22487.0
PA14_49720	51.3660325707	7.66534261284e-13	2814.0	7633.0
PA14_29660	51.3362857307	7.78237805812e-13	5656.0	20012.0
PA14_37980	51.1615263179	8.50697000337e-13	3766.0	10443.0
PA14_03166	50.8614446946	9.91216268154e-13	821.0	1940.0
PA14_55580,nemO	50.8556587123	9.94142516252e-13	4486.0	16072.0
PA14_09240,pCHD	50.4844984229	1.20109772852e-12	4822.0	17196.0
PA14_36920	50.454856002	1.21937710806e-12	4577.0	16371.0
PA14_00230,smf	50.0074302705	1.53164887254e-12	4636.0	13050.0
PA14_09300,pCHH	49.6000522211	1.8850868843e-12	4856.0	17293.0
PA14_15270	49.591863928	1.89297103942e-12	3356.0	9251.0
PA14_62690	49.4007947764	2.08661092025e-12	7015.0	24507.0
PA14_35970	48.8736220366	2.72997636178e-12	3811.0	13757.0
PA14_35880	48.8049675685	2.82722830482e-12	4169.0	14965.0
PA14_06180,fiuI	48.8040048452	2.82861640929e-12	4532.0	16188.0
PA14_48590	48.6040304543	3.13224841578e-12	6033.0	17267.0
PA14_33000,gcvP2	48.6021907158	3.13518811422e-12	7216.0	25157.0
PA14_55440,hxcR	48.3459958961	3.57272982417e-12	4524.0	12742.0
PA14_03380	48.2656307584	3.72219307988e-12	1314.0	5171.0
PA14_36900	47.8011743748	4.7170939456e-12	3351.0	12180.0
PA14_36990	47.6361565845	5.13133071435e-12	3866.0	10791.0
PA14_48340	47.4098413426	5.75928146462e-12	5233.0	14882.0
PA14_35780	47.3642231045	5.89488322819e-12	3774.0	13605.0
PA14_55430,hxcS	47.2859587941	6.13501193975e-12	3317.0	9167.0
PA14_31200	47.1234006518	6.66551154779e-12	3165.0	11537.0
PA14_35160	47.0781634282	6.82114277659e-12	5665.0	16187.0
PA14_06830,norB	46.7330301351	8.13463075472e-12	6539.0	22860.0
PA14_47940	46.6670430504	8.41320878753e-12	3305.0	9140.0
PA14_49610	46.556412729	8.90184578909e-12	4256.0	11970.0
PA14_35570,pslN	46.3500151347	9.89067398047e-12	5140.0	18180.0
PA14_36570,glgA	46.1118389751	1.11691478535e-11	5252.0	18550.0
PA14_19650	45.9406242541	1.21891892802e-11	4325.0	12186.0
PA14_37530	45.748089657	1.34480437254e-11	4595.0	12997.0
PA14_46540	45.706394772	1.37373574774e-11	661.0	1535.0
PA14_36530	45.6287850698	1.4292570144e-11	4217.0	15067.0
PA14_14400	45.3623085798	1.63755632305e-11	1751.0	4605.0
PA14_39630	45.3606414468	1.63895082008e-11	2680.0	7313.0
PA14_11020,fabG	44.9459501362	2.02548681612e-11	3755.0	10501.0
PA14_02070	44.8845917146	2.08995981782e-11	4342.0	12254.0
PA14_39520	44.695705447	2.30161594851e-11	5171.0	18249.0
PA14_36660	44.6394369259	2.36872089592e-11	4759.0	16868.0
PA14_39480	44.5353734948	2.49802769026e-11	1036.0	2576.0
PA14_28780	44.469684769	2.58326457483e-11	1028.0	4118.0
PA14_10120	44.2586401537	2.87731620185e-11	1264.0	3221.0
PA14_20230,nosR	44.2573545245	2.87920648948e-11	6953.0	24178.0
PA14_35990	43.9953843142	3.29151136806e-11	3316.0	11996.0
PA14_13490	43.9690019542	3.33617732812e-11	4665.0	13237.0
PA14_29650	43.7690692854	3.69498695064e-11	5700.0	19996.0
PA14_07370	43.6982304547	3.83118031769e-11	5577.0	19584.0
PA14_18680,bfd	43.6942472893	3.83898578199e-11	4955.0	17505.0
PA14_13200	43.5331647159	4.16834828055e-11	2381.0	8807.0
PA14_09370	43.4440534905	4.36255348967e-11	4290.0	15270.0
PA14_20600	43.3860335431	4.49384187762e-11	2804.0	10248.0
PA14_21670	43.3374448516	4.60682695384e-11	4896.0	17300.0
PA14_36820	43.2421057927	4.83685250117e-11	4329.0	15397.0
PA14_34660,gntR	43.0883720659	5.23222972411e-11	6669.0	23206.0
PA14_20190,nosD	43.0761169689	5.2651063954e-11	6500.0	22644.0
PA14_48530	42.9356123531	5.65714204623e-11	5327.0	15246.0
PA14_54030	42.8817661243	5.81501327997e-11	3681.0	10312.0
PA14_28250	42.8813796121	5.81616228676e-11	4399.0	12458.0
PA14_39750	42.7154679492	6.33096875764e-11	3969.0	11174.0
PA14_68940	42.7050085006	6.36491119208e-11	6369.0	18398.0
PA14_61850,iutA	42.3546931514	7.6133423184e-11	7332.0	25388.0
PA14_39780,hvn	42.3479643957	7.63958071705e-11	4972.0	14188.0
PA14_70940,betA	41.960342162	9.31434375114e-11	7651.0	22305.0
PA14_36910,ligD	41.6102253378	1.11409047422e-10	4921.0	17347.0
PA14_48630	41.3886631016	1.24778942347e-10	5538.0	15912.0
PA14_39670	41.3109282931	1.29840959022e-10	2828.0	7802.0
PA14_20330,phnE	41.2814685502	1.31812621428e-10	3888.0	10955.0
PA14_03330	41.2698157357	1.32600760423e-10	2012.0	5405.0
PA14_29640,fhp	41.1716254443	1.39432021559e-10	6426.0	22352.0
PA14_42490,pcrR	41.118084305	1.43304257516e-10	4667.0	13293.0
PA14_33040,gcvT2	41.0598781266	1.47636110016e-10	6634.0	23040.0
PA14_58600	41.0164772075	1.50951211722e-10	5814.0	20313.0
PA14_31290,pa1L	41.0063609312	1.51734573424e-10	4807.0	13716.0
PA14_19130,rhlI	40.847043709	1.64622099621e-10	5947.0	17159.0
PA14_64280	40.6224210196	1.84675423099e-10	4494.0	12782.0
PA14_09270,pCHE	40.5752538895	1.89187513143e-10	5057.0	17779.0
PA14_19520,ssuB	40.535401405	1.93085779931e-10	3899.0	11000.0
PA14_03100	40.4448154394	2.0224841116e-10	4456.0	12671.0
PA14_08220	40.4410184594	2.02641833828e-10	4433.0	12602.0
PA14_09540,mexG	40.4244360872	2.04369008824e-10	5633.0	16218.0
PA14_55460,hxcZ	40.2142906333	2.27577385277e-10	2904.0	8042.0
PA14_15190	40.0673469916	2.4535618438e-10	4531.0	12903.0
PA14_52820,dctQ	39.7127814343	2.94193862953e-10	3735.0	10523.0
PA14_20610,lecB	39.6783542037	2.9942581503e-10	4941.0	14144.0
PA14_18520,algK	39.6207374623	3.08391138663e-10	3782.0	10665.0
PA14_20350,phnF	39.5933018832	3.12754153144e-10	4445.0	12653.0
PA14_34610	39.5753760663	3.15638177071e-10	3744.0	13359.0
PA14_47030	39.4496442241	3.36629061822e-10	4102.0	11626.0
PA14_47180,cyoC	39.2175863206	3.79110079278e-10	5538.0	15955.0
PA14_68430,fdhD	39.1522332307	3.92014605567e-10	5481.0	15784.0
PA14_38180	39.0900744789	4.04696213057e-10	2870.0	7957.0
PA14_55480,hxcX	38.7350920816	4.85403377213e-10	3721.0	10497.0
PA14_53880	38.5354871544	5.37670983532e-10	7099.0	24517.0
PA14_20940	38.4335435659	5.66502679814e-10	5584.0	16110.0
PA14_22550	38.4090169302	5.73667247629e-10	2619.0	9537.0
PA14_06800	38.2143294695	6.33852365099e-10	5539.0	19332.0
PA14_59790,pvrR	38.2125238215	6.34439171716e-10	231.0	1142.0
PA14_51590	38.1663441041	6.496330863e-10	5053.0	17712.0
PA14_33360	38.1620080265	6.51078305476e-10	4756.0	13615.0
PA14_40610	37.9490176098	7.26176266224e-10	3707.0	10468.0
PA14_59845	37.6695564653	8.3802281034e-10	5386.0	18810.0
PA14_20400,phnK	37.5893476183	8.73200508281e-10	4306.0	12271.0
PA14_59540	37.5130054857	9.0805478077e-10	4218.0	14908.0
PA14_59630	37.5082050764	9.10292404001e-10	1615.0	6088.0
PA14_59560	37.4674338807	9.29521098195e-10	1080.0	2755.0
PA14_61520	37.3271057362	9.98866070278e-10	5281.0	15216.0
PA14_41540,nirD	37.261739307	1.03291334363e-09	3359.0	9439.0
PA14_31340	37.2402122309	1.0443785503e-09	3954.0	11220.0
PA14_37870	37.1278799566	1.10630605149e-09	4023.0	11429.0
PA14_71150	37.0495300185	1.15166335823e-09	4813.0	13808.0
PA14_39540	36.9901364815	1.1872833841e-09	4703.0	16518.0
PA14_38395	36.834670331	1.28583158339e-09	5792.0	20140.0
PA14_63780	36.7365425266	1.352208377e-09	4075.0	11592.0
PA14_59830	36.7048723817	1.37435508005e-09	5656.0	19685.0
PA14_33580	36.5786663833	1.46627695345e-09	4535.0	15948.0
PA14_64490	36.5597481388	1.48057683293e-09	6380.0	22084.0
PA14_60080	36.4532013199	1.56376079938e-09	382.0	1705.0
PA14_50050	36.3339478063	1.66242795378e-09	3683.0	10423.0
PA14_20480	36.2757684064	1.71280275572e-09	6544.0	22620.0
PA14_10070	36.15356928	1.82364158325e-09	1080.0	2766.0
PA14_62050,5S-rRNA	36.0805424142	1.89327906309e-09	3809.0	10805.0
PA14_71100,yeiH	35.9680541819	2.0057921299e-09	5053.0	14554.0
PA14_07460	35.8652815104	2.11443091956e-09	5456.0	19000.0
PA14_53620	35.8514469889	2.12949820538e-09	3883.0	11031.0
PA14_34630,gnuT	35.8237469317	2.15999046867e-09	4913.0	17192.0
PA14_59430	35.822547461	2.16132067895e-09	3878.0	13734.0
PA14_59610	35.8209089195	2.16313914334e-09	1507.0	5692.0
PA14_35950	35.7571777254	2.23506987992e-09	3695.0	13119.0
PA14_42630,pscS	35.6490118156	2.36267703785e-09	5119.0	14760.0
PA14_09210,pCHA	35.5334078568	2.50713529676e-09	4660.0	16342.0
PA14_13880	35.4370789934	2.63424079777e-09	1401.0	3693.0
PA14_01670	35.226824458	2.93453542243e-09	4512.0	12935.0
PA14_71190	35.2064482948	2.96540033873e-09	4769.0	13711.0
PA14_55240	35.1686153674	3.02357274333e-09	4276.0	15052.0
PA14_60280,fimU	35.1188616541	3.10181792337e-09	5127.0	14795.0
PA14_55550	34.6494826609	3.94743462122e-09	4382.0	12554.0
PA14_58580,piuC	34.6341172709	3.978715812e-09	6076.0	21027.0
PA14_59840	34.605176824	4.038309074e-09	5812.0	20151.0
PA14_09380	34.3929404613	4.50353822484e-09	5008.0	17475.0
PA14_08610,5S-rRNA	33.9606953907	5.62366990118e-09	3965.0	11311.0
PA14_13340	33.8778647031	5.86825663129e-09	5666.0	16455.0
PA14_34700	33.8717109854	5.88684720566e-09	4009.0	11445.0
PA14_18510,algE	33.7962977033	6.11952119182e-09	3823.0	10887.0
PA14_06790,nirO	33.7604459525	6.23334339992e-09	6046.0	20905.0
PA14_49010	33.6774329844	6.50509836492e-09	724.0	1782.0
PA14_36605	33.6141034975	6.7203687746e-09	5325.0	18510.0
PA14_70870,5S-rRNA	33.5810307802	6.83561117028e-09	3848.0	10966.0
PA14_37880	33.526293202	7.03071013055e-09	4355.0	12494.0
PA14_58950	33.5190649358	7.05688700722e-09	3123.0	11153.0
PA14_53870	33.492313774	7.15461722685e-09	4505.0	15779.0
PA14_27420,trpB	33.344283835	7.720441273e-09	4588.0	13201.0
PA14_12910	33.18832724	8.36511801174e-09	3638.0	10342.0
PA14_49760,rhlC	33.1867100695	8.37207786971e-09	5892.0	17157.0
PA14_09320,pCHI	33.0168007442	9.13659241446e-09	5481.0	19013.0
PA14_36740	33.0067996073	9.18371227436e-09	5627.0	19497.0
PA14_33160	32.8067364624	1.0179147981e-08	5815.0	20115.0
PA14_46280	32.7438277533	1.05139627327e-08	4846.0	16897.0
PA14_36630,glgX	32.7296961416	1.05906789762e-08	5624.0	19480.0
PA14_55390	32.7015095239	1.07453740556e-08	5114.0	14806.0
PA14_09290,pCHG	32.6441506317	1.1067198016e-08	4338.0	15203.0
PA14_54880	32.5846836604	1.14110467273e-08	548.0	1303.0
PA14_63640,fadH2	32.5660087537	1.15212207264e-08	4376.0	12576.0
PA14_10330,ompK	32.4982730219	1.19298495761e-08	5460.0	15860.0
PA14_10080	32.484145741	1.20168878355e-08	952.0	2433.0
PA14_21460	32.4356533978	1.23205168995e-08	6657.0	19504.0
PA14_10090	32.4147228759	1.24539337977e-08	1341.0	3550.0
PA14_42530,pcr2	32.3467652639	1.28971725985e-08	4067.0	11648.0
PA14_18565,alg8	32.3060515199	1.31702526474e-08	4320.0	12412.0
PA14_21620,oprP	32.287601548	1.32959021333e-08	4540.0	13077.0
PA14_04650,pfpI	32.1969849354	1.39306766247e-08	6588.0	22656.0
PA14_36450	32.1952968167	1.39427856165e-08	5773.0	19960.0
PA14_59520	31.9990995584	1.5424405821e-08	2799.0	10033.0
PA14_10050	31.9261014515	1.6015063402e-08	814.0	2047.0
PA14_28750	31.9182741224	1.60797274108e-08	3246.0	11535.0
PA14_09340,fptA	31.903574121	1.620187634e-08	5881.0	20310.0
PA14_36550	31.6232822108	1.87172061593e-08	5248.0	18205.0
PA14_10780	31.5095835639	1.98458350464e-08	4817.0	16771.0
PA14_47210,cyoA	31.4552634782	2.04088621023e-08	6030.0	17617.0
PA14_17640,potA	31.3794859612	2.12211256462e-08	5410.0	15733.0
PA14_36500	31.3570918738	2.14673114738e-08	4965.0	17259.0
PA14_31090	31.356361527	2.14753884195e-08	1500.0	5606.0
PA14_36375	31.260969441	2.25569312596e-08	5088.0	17665.0
PA4704.1,prrF1	31.0348762927	2.53433359938e-08	4386.0	15326.0
PA14_04060	31.0072785158	2.57062619542e-08	4653.0	13445.0
PA14_07470	30.9540513984	2.64209975494e-08	3649.0	10415.0
PA14_54980	30.9363480523	2.66631035502e-08	440.0	1019.0
PA14_58720	30.8882039624	2.73328081881e-08	1539.0	4142.0
PA14_35920	30.8620193525	2.77040953277e-08	4643.0	16177.0
PA14_13460,fecI	30.7728064786	2.90074474827e-08	5259.0	18220.0
