feature	score	p-value	#I-out-of-147	#O-out-of-279
PA14_58090_5171451_G_T_G_G|1	31.6067779145	1.88769576949e-08	34.0	12.0
PA14_31180_2710400_C_G_R_P|1	30.3673469388	3.57495598559e-08	16.0	0.0
PA14_30910,trbE_2684409_G_A_F_F|1	29.8225806452	4.73445483084e-08	21.0	3.0
PA14_30960,traG_2688715_T_C_T_A|1	28.6314428019	8.7548976762e-08	26.0	7.0
intergenic_2686505_T_G_none_none|1	28.4693877551	9.51917339881e-08	15.0	0.0
intergenic_3480883_C_G_none_none|1	27.9967656067	1.21518389549e-07	20.0	3.0
PA14_31230_2715008_A_G_Y_Y|1	27.9967656067	1.21518389549e-07	20.0	3.0
PA14_30870,trbF_2681253_C_G_L_L|1	27.473074391	1.5929689143e-07	24.0	6.0
PA14_30970,bphR_2691464_A_G_P_P|1	27.4069703978	1.64836022781e-07	29.0	10.0
PA14_45330,ccmE_4040145_G_A_G_G|1	26.8302851709	2.22128847593e-07	11.0	94.0
PA14_31280_2720928_T_G_K_Q|1	26.7296725142	2.34000425726e-07	16.0	1.0
PA14_33650,pvdD_2983680_G_A_A_T|1	26.4923775962	2.64580036789e-07	26.0	8.0
PA14_31280_2720923_G_T_A_A|1	26.3623810337	2.82998989899e-07	22.0	5.0
PA14_64470_5744065_A_G_E_E|1	26.2297333195	3.03119280588e-07	5.0	71.0
PA14_13990_1199882_A_G_K_R|1	26.1358008436	3.18228623247e-07	8.0	82.0
PA14_45340_4040278_G_A_L_L|1	26.0931921807	3.25329061495e-07	10.0	89.0
PA14_33610_2965491_C_T_D_D|1	26.0601458735	3.30945170813e-07	39.0	20.0
PA14_55840_4986612_C_G_R_R|1	25.8559055743	3.67877447427e-07	9.0	85.0
PA14_08160,lys_700869_A_T_Q_H|1	25.7582120724	3.86976929163e-07	23.0	6.0
intergenic_813390_G_A_none_none|1	25.7582120724	3.86976929163e-07	23.0	6.0
PA14_57450,mraW_5118533_G_A_G_G|1	25.722258796	3.94253512445e-07	5.0	70.0
PA14_67630_6042492_G_A_S_S|1	25.722258796	3.94253512445e-07	5.0	70.0
PA14_31000_2693398_C_T_A_A|1	25.548409041	4.3142163622e-07	29.0	11.0
PA14_30960,traG_2688720_G_A_P_L|1	25.4009332086	4.65692783657e-07	17.0	2.0
PA14_33650,pvdD_2983967_C_T_R_R|1	25.4009332086	4.65692783657e-07	17.0	2.0
intergenic_2690833_G_C_none_none|1	25.259409487	5.01144854146e-07	24.0	7.0
PA14_68370,cysQ_6100722_G_A_L_L|1	25.2153087913	5.12735834857e-07	5.0	69.0
PA14_55840_4986611_C_A_A_S|1	24.8850311513	6.08531027935e-07	9.0	83.0
PA14_30880,trbL_2681790_C_G_S_S|1	24.8479811279	6.20339799101e-07	15.0	1.0
intergenic_2705663_C_A_none_none|1	24.8468157546	6.2071493675e-07	25.0	8.0
PA14_31130_2707257_G_A_L_L|1	24.8468157546	6.2071493675e-07	25.0	8.0
intergenic_1608484_A_G_none_none|1	24.7123107307	6.65576748098e-07	36.0	18.0
PA14_29050_2512088_G_A_I_I|1	24.7089048611	6.66753964014e-07	5.0	68.0
PA14_30910,trbE_2685453_G_A_R_R|1	24.6734693878	6.79126545637e-07	13.0	0.0
intergenic_2708155_G_A_none_none|1	24.6734693878	6.79126545637e-07	13.0	0.0
PA14_30960,traG_2689940_G_A_N_N|1	24.6734693878	6.79126545637e-07	13.0	0.0
PA14_31190_2711281_G_C_H_Q|1	24.6220016543	6.97508083688e-07	21.0	5.0
intergenic_2686555_G_C_none_none|1	24.6220016543	6.97508083688e-07	21.0	5.0
PA14_30970,bphR_2691092_T_A_A_A|1	24.5056522148	7.40921666678e-07	26.0	9.0
PA14_15430,tnpR_1306551_A_C_R_R|1	24.5012986417	7.42597690045e-07	19.0	115.0
PA14_31070_2701923_C_G_A_A|1	24.3657481426	7.96727473096e-07	18.0	3.0
PA14_05650_502648_C_T_A_V|1	24.2030697584	8.66939890883e-07	5.0	67.0
PA14_07930,gph_683579_C_T_R_R|1	24.2030697584	8.66939890883e-07	5.0	67.0
PA14_71170_6340030_C_T_Y_Y|1	24.2030697584	8.66939890883e-07	5.0	67.0
PA14_37120_3307948_A_G_L_L|1	24.1426999302	8.94546206571e-07	4.0	63.0
PA14_36590,malQ_3257478_G_T_A_A|3	24.1426999302	8.94546206571e-07	4.0	63.0
PA14_05560,rhlE_492913_G_A_G_G|1	24.0564281012	9.35534258953e-07	22.0	6.0
PA14_30970,bphR_2691425_C_T_R_R|4	24.0564281012	9.35534258953e-07	22.0	6.0
PA14_37490_3336619_G_T_L_I|1	23.9780313559	9.74412063801e-07	11.0	88.0
PA14_15670,cumA_1333264_A_G_E_E|1	23.9178406847	1.00535737245e-06	9.0	81.0
PA14_08480,argC_726626_T_C_C_C|1	23.8164073779	1.05975264552e-06	6.0	70.0
PA14_14140_1210355_C_T_Y_Y|1	23.8164073779	1.05975264552e-06	6.0	70.0
PA14_57390,murF_5114620_G_A_S_S|1	23.8164073779	1.05975264552e-06	6.0	70.0
intergenic_2135099_G_C_none_none|1	23.8098412556	1.06337388135e-06	12.0	91.0
PA14_00620_63078_C_G_R_P|1	23.7870422919	1.07604419904e-06	65.0	51.0
PA14_67510,estA_6027253_G_C_R_R|1	23.6978275181	1.1270969577e-06	5.0	66.0
PA14_67880,hisF1_6061504_G_A_G_G|1	23.6978275181	1.1270969577e-06	5.0	66.0
PA14_55890,cpaF2_4989434_G_A_R_R|1	23.6978275181	1.1270969577e-06	5.0	66.0
PA14_26930_2343869_T_C_F_L|1	23.6978275181	1.1270969577e-06	5.0	66.0
PA14_21150_1829131_G_A_I_I|1	23.6978275181	1.1270969577e-06	5.0	66.0
PA14_32790_2863276_A_G_Q_Q|1	23.6864836257	1.1337601799e-06	8.0	77.0
PA14_08050_691639_G_A_A_A|1	23.6661867641	1.1457809664e-06	13.0	94.0
intergenic_1983492_C_CC_none_none|1	23.631828489	1.1664216474e-06	4.0	62.0
PA14_08050_691720_G_C_R_R|1	23.6281511627	1.16865276999e-06	19.0	113.0
PA14_49840,dgt_4432044_G_C_G_G|1	23.5948831145	1.18903281306e-06	20.0	116.0
PA14_35900_3195479_C_G_V_V|1	23.5945870821	1.18921575367e-06	23.0	7.0
PA14_31240_2716788_A_T_A_A|1	23.5547265501	1.21410814498e-06	16.0	2.0
PA14_30940,trbB_2688018_C_T_V_I|2	23.5547265501	1.21410814498e-06	16.0	2.0
PA14_30960,traG_2689226_G_A_F_F|1	23.5547265501	1.21410814498e-06	16.0	2.0
PA14_30850,trbI_2678456_G_A_F_F|1	23.5547265501	1.21410814498e-06	16.0	2.0
PA14_31240_2715933_A_G_P_P|1	23.5547265501	1.21410814498e-06	16.0	2.0
PA14_31250_2717493_C_T_A_A|1	23.5547265501	1.21410814498e-06	16.0	2.0
PA14_30910,trbE_2684292_C_T_K_K|1	23.5475379493	1.21865263764e-06	19.0	4.0
intergenic_2708220_C_G_none_none|1	23.5379465048	1.22474273864e-06	31.0	14.0
PA14_57610_5130795_G_A_none_none|1	23.4844086022	1.25930172784e-06	7.0	73.0
PA14_65605,parC_5845617_G_A_S_L|1	23.3576951518	1.34504341471e-06	16.0	103.0
PA14_46400,yqhC_4128474_G_A_R_R|1	23.3436084111	1.35492991203e-06	12.0	90.0
PA14_33650,pvdD_2981222_G_T_G_G|1	23.339404579	1.35789438392e-06	34.0	17.0
PA14_37410_3330107_C_G_L_V|1	23.3174720211	1.37346668818e-06	6.0	69.0
PA14_47230_4208509_A_G_G_G|1	23.3174720211	1.37346668818e-06	6.0	69.0
PA14_47530_4233738_C_T_L_L|1	23.3174720211	1.37346668818e-06	6.0	69.0
PA14_48490_4310425_G_A_A_A|1	23.3174720211	1.37346668818e-06	6.0	69.0
PA14_37420_3331052_C_T_A_T|1	23.3174720211	1.37346668818e-06	6.0	69.0
PA14_68680,envZ_6124226_G_T_A_A|1	23.3174720211	1.37346668818e-06	6.0	69.0
intergenic_1899581_A_G_none_none|2	23.2202590367	1.444673813e-06	10.0	83.0
PA14_27840_2412395_G_A_K_K|1	23.2202590367	1.444673813e-06	10.0	83.0
PA14_28980_2505958_C_T_C_C|1	23.1992643448	1.46053189626e-06	8.0	76.0
PA14_10850_939979_T_C_E_E|1	23.1992643448	1.46053189626e-06	8.0	76.0
PA14_02310,atsA_207590_C_T_D_N|4	23.1932035487	1.46514223649e-06	5.0	65.0
PA14_61390_5479190_G_A_D_D|2	23.1932035487	1.46514223649e-06	5.0	65.0
PA14_21190_1832463_C_T_E_E|2	23.1932035487	1.46514223649e-06	5.0	65.0
PA14_36830_3282316_G_A_D_N|1	23.1932035487	1.46514223649e-06	5.0	65.0
PA14_06330_560412_C_T_Q_Q|1	23.1932035487	1.46514223649e-06	5.0	65.0
PA14_42400,exsB_3778082_C_T_G_G|1	23.1932035487	1.46514223649e-06	5.0	65.0
PA14_71150_6338105_G_A_G_G|1	23.1932035487	1.46514223649e-06	5.0	65.0
intergenic_5569548_C_A_none_none|1	23.1644031567	1.48725046065e-06	20.0	115.0
intergenic_5569514_G_A_none_none|1	23.1460509012	1.50151254472e-06	21.0	118.0
PA14_32790_2863277_C_T_H_Y|1	23.1153390388	1.52568718073e-06	3.0	57.0
PA14_34330_3053592_G_A_K_K|1	22.9918334014	1.62691044495e-06	7.0	72.0
PA14_31070_2702487_G_C_A_A|1	22.9684587814	1.64681285242e-06	14.0	1.0
PA14_30960,traG_2690471_G_A_N_N|1	22.9684587814	1.64681285242e-06	14.0	1.0
PA14_31280_2720395_G_A_S_S|1	22.9684587814	1.64681285242e-06	14.0	1.0
PA14_30860,trbG_2680050_C_A_A_S|1	22.9684587814	1.64681285242e-06	14.0	1.0
PA14_30960,traG_2688490_G_A_L_L|1	22.9684587814	1.64681285242e-06	14.0	1.0
intergenic_2708791_A_T_none_none|1	22.9684587814	1.64681285242e-06	14.0	1.0
PA14_30910,trbE_2686122_C_T_L_L|1	22.9684587814	1.64681285242e-06	14.0	1.0
PA14_30910,trbE_2684277_G_T_I_I|1	22.9684587814	1.64681285242e-06	14.0	1.0
PA14_31180_2710235_G_C_P_R|1	22.9545853532	1.65874073363e-06	9.0	79.0
PA14_67090,mdoG_5989315_A_G_L_L|1	22.9114827998	1.69635446473e-06	16.0	102.0
PA14_00960_95408_C_T_A_A|1	22.8942286592	1.71165012116e-06	20.0	5.0
PA14_61890_5520274_C_T_L_L|1	22.8785765344	1.72564524137e-06	12.0	89.0
PA14_71580_6377396_T_C_I_V|1	22.8192919714	1.77970238157e-06	6.0	68.0
PA14_10220,ygiM_879637_A_G_E_E|1	22.8192919714	1.77970238157e-06	6.0	68.0
PA14_54660_4846098_C_T_N_N|1	22.8192919714	1.77970238157e-06	6.0	68.0
PA14_03930,spuE_355001_C_T_Y_Y|1	22.8192919714	1.77970238157e-06	6.0	68.0
PA14_58650_5226711_G_C_L_L|1	22.8192919714	1.77970238157e-06	6.0	68.0
PA14_48490_4310632_G_A_S_S|2	22.8192919714	1.77970238157e-06	6.0	68.0
PA14_51420,pqsB_4569299_G_A_A_A|2	22.8192919714	1.77970238157e-06	6.0	68.0
PA14_26940_2344695_A_C_A_A|1	22.8192919714	1.77970238157e-06	6.0	68.0
intergenic_2709473_C_T_none_none|1	22.7755102041	1.82071121539e-06	12.0	0.0
PA14_30940,trbB_2687596_G_T_A_A|1	22.7755102041	1.82071121539e-06	12.0	0.0
PA14_31130_2707464_G_A_L_L|1	22.7755102041	1.82071121539e-06	12.0	0.0
PA4421.1,rnpB_5120058_C_G_V_V|1	22.7755102041	1.82071121539e-06	12.0	0.0
PA14_42080,fadB_3754369_G_A_D_D|1	22.7755102041	1.82071121539e-06	12.0	0.0
PA14_31180_2709667_C_T_S_S|1	22.7755102041	1.82071121539e-06	12.0	0.0
PA14_30880,trbL_2681679_G_C_S_S|2	22.7755102041	1.82071121539e-06	12.0	0.0
PA14_31110_2706152_G_C_G_G|1	22.7755102041	1.82071121539e-06	12.0	0.0
PA14_08030_690425_G_A_Q_Q|1	22.7162606978	1.87772166662e-06	22.0	120.0
intergenic_3316940_G_A_none_none|1	22.7130007852	1.880909854e-06	8.0	75.0
PA14_55520,hxcU_4942104_C_T_A_V|1	22.6892247315	1.90432759843e-06	5.0	64.0
intergenic_3052561_T_C_none_none|1	22.6892247315	1.90432759843e-06	5.0	64.0
PA14_47500,sseA_4231137_T_C_D_D|1	22.6892247315	1.90432759843e-06	5.0	64.0
PA14_47500,sseA_4231296_T_C_D_D|1	22.6892247315	1.90432759843e-06	5.0	64.0
PA14_50410,flgI_4479186_C_G_A_A|1	22.6892247315	1.90432759843e-06	5.0	64.0
PA14_36560_3252945_G_A_R_R|1	22.6892247315	1.90432759843e-06	5.0	64.0
PA14_46440_4130626_C_A_R_R|1	22.6892247315	1.90432759843e-06	5.0	64.0
PA14_26970_2347008_G_A_T_I|1	22.6892247315	1.90432759843e-06	5.0	64.0
PA14_57440,ftsL_5118045_G_A_S_S|1	22.6892247315	1.90432759843e-06	5.0	64.0
PA14_31090_2704398_G_A_G_G|1	22.6585716724	1.93495082916e-06	26.0	10.0
PA14_37210_3315645_T_C_Q_Q|1	22.6115865701	1.98285189555e-06	4.0	60.0
PA14_31280_2720851_C_T_Q_Q|1	22.5626069783	2.03405321503e-06	17.0	3.0
PA14_10340,cvaB_891695_T_C_I_V|1	22.5626069783	2.03405321503e-06	17.0	3.0
PA14_30970,bphR_2691758_G_A_G_G|1	22.3691756272	2.24955661016e-06	21.0	6.0
intergenic_220197_A_G_none_none|1	22.3218982688	2.30562360163e-06	6.0	67.0
PA14_63080,lldP_5628545_G_A_V_M|1	22.3218982688	2.30562360163e-06	6.0	67.0
PA14_31540,acdA_2742977_C_T_G_G|1	22.3218982688	2.30562360163e-06	6.0	67.0
PA14_68680,envZ_6124451_G_A_D_D|1	22.3218982688	2.30562360163e-06	6.0	67.0
PA14_51420,pqsB_4569230_T_C_G_G|1	22.3218982688	2.30562360163e-06	6.0	67.0
PA14_37420_3331118_C_T_A_T|1	22.3218982688	2.30562360163e-06	6.0	67.0
PA14_29990,nuoD_2597751_G_A_Y_Y|1	22.3218982688	2.30562360163e-06	6.0	67.0
PA14_67510,estA_6027436_G_A_D_D|1	22.3218982688	2.30562360163e-06	6.0	67.0
PA14_20230,nosR_1743478_C_T_Q_Q|1	22.2967741935	2.33598691388e-06	28.0	12.0
PA14_33610_2970345_T_C_H_H|1	22.2871406627	2.34773547996e-06	13.0	91.0
PA14_09130,rplQ_772686_C_T_L_L|1	22.2710646825	2.36747307735e-06	10.0	81.0
PA14_37410_3330211_C_T_D_D|1	22.2710646825	2.36747307735e-06	10.0	81.0
PA14_00650_66967_G_A_R_R|30	22.1859195291	2.47482138738e-06	5.0	63.0
intergenic_4382229_C_A_none_none|1	22.1859195291	2.47482138738e-06	5.0	63.0
PA14_21940_1908910_C_T_A_T|1	22.1859195291	2.47482138738e-06	5.0	63.0
PA14_00310_29449_C_T_S_S|1	22.1859195291	2.47482138738e-06	5.0	63.0
PA14_02050_187239_C_T_R_R|1	22.1859195291	2.47482138738e-06	5.0	63.0
PA14_58750,pilB_5234812_A_C_A_A|1	22.1859195291	2.47482138738e-06	5.0	63.0
PA14_68440_6105737_C_T_R_R|1	22.1859195291	2.47482138738e-06	5.0	63.0
PA14_60210,rluD_5364133_G_A_A_A|1	22.1859195291	2.47482138738e-06	5.0	63.0
PA14_64980,nadE_5791351_G_A_V_V|1	22.1859195291	2.47482138738e-06	5.0	63.0
PA14_47500,sseA_4231365_T_C_G_G|1	22.1859195291	2.47482138738e-06	5.0	63.0
PA14_56260_5023138_C_T_Q_Q|1	22.1859195291	2.47482138738e-06	5.0	63.0
PA14_36960_3292403_C_T_A_T|1	22.1859195291	2.47482138738e-06	5.0	63.0
PA14_52600,alaS_4663040_G_C_D_E|1	22.1859195291	2.47482138738e-06	5.0	63.0
PA14_52600,alaS_4664486_G_A_S_S|1	22.1859195291	2.47482138738e-06	5.0	63.0
PA14_26400_2300810_G_A_L_L|1	22.1859195291	2.47482138738e-06	5.0	63.0
PA14_08050_691667_T_G_S_A|1	22.1808044604	2.48142363994e-06	14.0	94.0
PA14_33630,pvdJ_2977488_G_T_P_P|1	22.1022637422	2.58504723061e-06	4.0	59.0
PA14_36910,ligD_3289616_C_G_E_Q|1	22.1022637422	2.58504723061e-06	4.0	59.0
PA14_21860_1899975_C_T_R_R|1	22.098215585	2.59050434362e-06	11.0	84.0
PA14_55400_4929167_A_G_D_D|1	22.0934903915	2.59688875518e-06	15.0	97.0
PA14_23190_2009076_C_T_L_L|1	22.0232306493	2.69370369278e-06	16.0	100.0
PA14_44660,ligA_3978202_A_G_D_D|1	22.0105904915	2.71150179853e-06	31.0	15.0
PA14_00680_68730_C_T_R_R|1	22.0105904915	2.71150179853e-06	31.0	15.0
PA14_51420,pqsB_4569323_A_G_P_P|1	22.0093562352	2.71324601618e-06	7.0	70.0
intergenic_3145376_G_A_none_none|1	22.0093562352	2.71324601618e-06	7.0	70.0
PA14_33610_2970945_G_T_P_P|1	22.0093562352	2.71324601618e-06	7.0	70.0
PA14_25130_2199868_C_T_L_L|1	21.9955397013	2.73284816801e-06	9.0	77.0
PA14_30360_2631242_T_C_I_V|1	21.9955397013	2.73284816801e-06	9.0	77.0
PA14_09270,pchE_788309_C_G_P_A|1	21.9955397013	2.73284816801e-06	9.0	77.0
PA14_35630,pslJ_3167063_G_A_G_G|1	21.9955397013	2.73284816801e-06	9.0	77.0
PA14_22680,yrbE_1972882_G_C_T_S|1	21.9955397013	2.73284816801e-06	9.0	77.0
intergenic_2135197_C_T_none_none|1	21.9522612564	2.79517363927e-06	12.0	87.0
intergenic_2690693_A_T_none_none|1	21.9458430758	2.80453713891e-06	22.0	7.0
PA14_30970,bphR_2691194_G_A_A_A|1	21.9458430758	2.80453713891e-06	22.0	7.0
intergenic_2690983_C_A_none_none|1	21.9458430758	2.80453713891e-06	22.0	7.0
PA14_67310,hutT_6011079_G_A_L_L|1	21.9375094951	2.81674199569e-06	34.0	18.0
PA14_42230,bglX_3767493_A_G_K_K|1	21.8817270799	2.89982118742e-06	20.0	112.0
PA14_18340_1573578_C_T_P_P|1	21.8300683255	2.97895007127e-06	13.0	90.0
PA14_11730_1016241_G_A_P_P|1	21.8300683255	2.97895007127e-06	13.0	90.0
intergenic_859043_A_G_none_none|2	21.8253236779	2.98632548233e-06	6.0	66.0
intergenic_419077_C_T_none_none|1	21.8253236779	2.98632548233e-06	6.0	66.0
PA14_15230,xseA_1290560_C_T_A_T|1	21.8253236779	2.98632548233e-06	6.0	66.0
intergenic_2538404_C_A_none_none|1	21.8253236779	2.98632548233e-06	6.0	66.0
PA14_12990_1114377_C_A_V_V|4	21.8253236779	2.98632548233e-06	6.0	66.0
PA14_64230,retS_5724377_G_A_P_P|1	21.8253236779	2.98632548233e-06	6.0	66.0
PA14_00310_28735_G_C_K_N|4	21.8253236779	2.98632548233e-06	6.0	66.0
PA14_10230,adh_880294_C_T_V_V|1	21.8253236779	2.98632548233e-06	6.0	66.0
PA14_31890_2776310_T_C_G_G|1	21.8253236779	2.98632548233e-06	6.0	66.0
PA14_03770,speB1_338673_G_A_M_I|1	21.8253236779	2.98632548233e-06	6.0	66.0
PA14_21190_1833985_C_G_G_A|1	21.8253236779	2.98632548233e-06	6.0	66.0
PA14_42400,exsB_3777989_T_C_A_A|1	21.7982103236	3.02882524621e-06	10.0	80.0
PA14_33610_2958612_C_T_G_G|1	21.7982103236	3.02882524621e-06	10.0	80.0
PA14_33610_2970539_G_A_S_N|1	21.7982103236	3.02882524621e-06	10.0	80.0
PA14_40510,ccoN-2_3619525_G_A_G_S|1	21.7894946835	3.04261535793e-06	18.0	4.0
PA14_55840_4986712_G_A_A_V|1	21.7434824189	3.11646817618e-06	8.0	73.0
intergenic_4745948_T_C_none_none|1	21.7434824189	3.11646817618e-06	8.0	73.0
PA14_36590,malQ_3257247_T_G_G_G|1	21.7434824189	3.11646817618e-06	8.0	73.0
PA14_31280_2720688_G_T_L_M|1	21.714608424	3.16372869635e-06	15.0	2.0
PA14_31130_2707228_G_A_C_C|1	21.714608424	3.16372869635e-06	15.0	2.0
PA14_30870,trbF_2681244_C_T_A_A|1	21.714608424	3.16372869635e-06	15.0	2.0
PA14_30960,traG_2689271_C_T_L_L|7	21.714608424	3.16372869635e-06	15.0	2.0
PA14_33650,pvdD_2980784_C_T_R_R|1	21.714608424	3.16372869635e-06	15.0	2.0
intergenic_5408666_G_A_none_none|1	21.6833181034	3.21575649475e-06	5.0	62.0
PA14_39980,qscR_3562421_G_A_V_V|1	21.6833181034	3.21575649475e-06	5.0	62.0
PA14_58515_5211049_G_A_I_I|1	21.6833181034	3.21575649475e-06	5.0	62.0
PA14_39860_3553775_C_T_I_I|1	21.6833181034	3.21575649475e-06	5.0	62.0
PA14_29050_2512013_G_C_L_L|1	21.6833181034	3.21575649475e-06	5.0	62.0
PA14_28880_2493687_C_T_A_T|1	21.6833181034	3.21575649475e-06	5.0	62.0
PA14_49840,dgt_4432944_T_C_E_E|1	21.6833181034	3.21575649475e-06	5.0	62.0
PA14_46400,yqhC_4128483_C_A_R_R|1	21.6833181034	3.21575649475e-06	5.0	62.0
PA14_62260_5555814_G_A_Q_Q|1	21.6312897156	3.30417392802e-06	11.0	83.0
PA14_52750,aotP_4675430_T_C_E_E|1	21.6312897156	3.30417392802e-06	11.0	83.0
PA14_15410_1306115_G_A_none_none|1	21.6306949579	3.30519863958e-06	2.0	50.0
PA14_56480_5036823_G_A_A_A|1	21.5935073301	3.3699067602e-06	4.0	58.0
intergenic_40901_T_TT_none_none|1	21.5935073301	3.3699067602e-06	4.0	58.0
PA14_59940_5337188_C_T_A_A|1	21.5935073301	3.3699067602e-06	4.0	58.0
PA14_47430,czcD_4226214_C_G_R_G|1	21.5935073301	3.3699067602e-06	4.0	58.0
PA14_58360_5197885_A_G_T_T|1	21.5935073301	3.3699067602e-06	4.0	58.0
intergenic_1767043_A_G_none_none|1	21.5935073301	3.3699067602e-06	4.0	58.0
PA14_08050_691714_G_C_L_L|1	21.5309884322	3.48157024107e-06	17.0	102.0
PA14_29560_2563997_G_T_S_S|1	21.5309884322	3.48157024107e-06	17.0	102.0
PA14_02930_257991_C_T_H_Y|1	21.519524618	3.50244471919e-06	7.0	69.0
PA14_50520,braC_4487852_C_T_G_G|1	21.519524618	3.50244471919e-06	7.0	69.0
PA14_70370,pyrE_6274825_C_A_A_A|1	21.519524618	3.50244471919e-06	7.0	69.0
PA14_09270,pchE_788383_G_A_L_L|1	21.519524618	3.50244471919e-06	7.0	69.0
PA14_52750,aotP_4675658_G_A_A_A|1	21.5176883657	3.50580000362e-06	9.0	76.0
PA14_51680_4592038_G_A_H_Y|1	21.5176883657	3.50580000362e-06	9.0	76.0
PA14_20640_1777303_T_C_I_V|1	21.3303608834	3.86560549728e-06	24.0	9.0
PA14_30970,bphR_2691434_A_T_V_V|1	21.3303608834	3.86560549728e-06	24.0	9.0
PA14_21175_1831070_C_T_P_P|1	21.3296028089	3.86713440052e-06	6.0	65.0
PA14_56300,fumA_5025420_C_G_T_T|1	21.3296028089	3.86713440052e-06	6.0	65.0
PA14_31470_2735421_C_T_T_T|1	21.3296028089	3.86713440052e-06	6.0	65.0
PA14_55740,chrA_4975386_A_G_K_K|1	21.3296028089	3.86713440052e-06	6.0	65.0
intergenic_5346376_T_C_none_none|1	21.3296028089	3.86713440052e-06	6.0	65.0
PA14_20890,rfaD_1801119_G_T_A_S|2	21.3296028089	3.86713440052e-06	6.0	65.0
PA14_61720_5508446_C_T_L_L|1	21.3296028089	3.86713440052e-06	6.0	65.0
PA14_00300,plcB_28281_G_A_A_A|1	21.3296028089	3.86713440052e-06	6.0	65.0
intergenic_5365469_A_G_none_none|1	21.3296028089	3.86713440052e-06	6.0	65.0
PA14_62530,cbrA_5577450_C_T_A_A|1	21.3296028089	3.86713440052e-06	6.0	65.0
PA14_64060,ctpL_5709531_A_G_E_E|1	21.3296028089	3.86713440052e-06	6.0	65.0
intergenic_2569333_G_A_none_none|2	21.2603028308	4.00949456487e-06	8.0	72.0
PA14_19340_1670015_G_C_G_G|1	21.2603028308	4.00949456487e-06	8.0	72.0
PA14_46010_4091862_G_A_L_L|1	21.2603028308	4.00949456487e-06	8.0	72.0
PA14_05390,chpA_474190_G_A_R_Q|1	21.1814524441	4.17788140909e-06	5.0	61.0
intergenic_3545568_T_C_none_none|1	21.1814524441	4.17788140909e-06	5.0	61.0
PA14_64470_5744029_G_T_L_L|1	21.1814524441	4.17788140909e-06	5.0	61.0
PA14_40150_3578371_G_A_V_I|1	21.1814524441	4.17788140909e-06	5.0	61.0
PA14_39020_3479141_G_A_P_P|1	21.1814524441	4.17788140909e-06	5.0	61.0
PA14_58540_5212622_T_C_E_E|1	21.1814524441	4.17788140909e-06	5.0	61.0
intergenic_3841642_G_A_none_none|1	21.1814524441	4.17788140909e-06	5.0	61.0
intergenic_4137016_C_A_none_none|2	21.1814524441	4.17788140909e-06	5.0	61.0
intergenic_1925429_A_G_none_none|1	21.1814524441	4.17788140909e-06	5.0	61.0
PA14_16960_1453440_A_G_A_A|3	21.1814524441	4.17788140909e-06	5.0	61.0
PA14_22590_1965298_C_T_D_D|1	21.1806378465	4.17965753595e-06	19.0	5.0
PA14_20010,hasR_1723787_C_T_S_S|1	21.1656532193	4.21246512388e-06	11.0	82.0
PA14_55650,sbcC_4959771_C_G_P_P|1	21.1656532193	4.21246512388e-06	11.0	82.0
PA14_43180_3847227_G_A_D_D|1	21.1656532193	4.21246512388e-06	11.0	82.0
PA14_61890_5520625_G_A_P_P|1	21.1407859126	4.26748129901e-06	16.0	98.0
PA14_03630_327414_G_T_A_A|1	21.1117903383	4.33254206808e-06	25.0	10.0
PA14_08050_691729_T_G_V_V|4	21.095174866	4.37027182819e-06	17.0	101.0
PA14_31190_2711764_C_T_T_T|1	21.0915702687	4.37850043333e-06	13.0	1.0
intergenic_2682807_A_T_none_none|1	21.0915702687	4.37850043333e-06	13.0	1.0
PA14_30910,trbE_2686233_C_A_L_L|1	21.0915702687	4.37850043333e-06	13.0	1.0
PA14_30910,trbE_2684763_G_T_A_A|1	21.0915702687	4.37850043333e-06	13.0	1.0
PA14_31190_2712475_G_C_R_R|1	21.0915702687	4.37850043333e-06	13.0	1.0
PA14_31190_2711458_T_A_E_D|1	21.0915702687	4.37850043333e-06	13.0	1.0
PA14_30910,trbE_2684634_A_C_G_G|3	21.0915702687	4.37850043333e-06	13.0	1.0
PA14_42050_3750268_C_T_S_S|1	21.0915702687	4.37850043333e-06	13.0	1.0
PA14_22330_1945225_C_T_V_V|1	21.0915702687	4.37850043333e-06	13.0	1.0
intergenic_3489925_G_A_none_none|1	21.0853451904	4.39274772289e-06	4.0	57.0
PA14_35330,kguT_3141002_C_T_P_P|1	21.0853451904	4.39274772289e-06	4.0	57.0
PA14_30590_2648777_C_T_A_V|1	21.0853451904	4.39274772289e-06	4.0	57.0
PA14_33780_3001823_C_G_V_V|1	21.0410044202	4.49558507531e-06	9.0	75.0
PA14_55600_4948512_C_T_Y_Y|1	21.0410044202	4.49558507531e-06	9.0	75.0
PA14_15410_1306148_C_T_none_none|1	21.0354678222	4.5085943661e-06	21.0	113.0
intergenic_3354677_C_A_none_none|1	21.0312015727	4.51864449741e-06	12.0	85.0
intergenic_2870109_C_T_none_none|1	21.0306810036	4.51987235578e-06	7.0	68.0
intergenic_3601300_G_A_none_none|1	21.0306810036	4.51987235578e-06	7.0	68.0
PA14_28050_2428486_C_T_G_G|1	21.0306810036	4.51987235578e-06	7.0	68.0
PA14_58600_5221089_A_G_E_E|1	21.0306810036	4.51987235578e-06	7.0	68.0
PA14_45130_4025084_G_A_F_F|1	21.0306810036	4.51987235578e-06	7.0	68.0
intergenic_3382964_G_A_none_none|1	21.0306810036	4.51987235578e-06	7.0	68.0
PA14_69350_6186905_C_A_G_G|1	21.0306810036	4.51987235578e-06	7.0	68.0
PA14_68050_6072419_C_T_R_C|1	21.0306810036	4.51987235578e-06	7.0	68.0
PA14_49250,napA_4375439_G_A_A_A|1	21.0306810036	4.51987235578e-06	7.0	68.0
PA14_19130,rhlI_1652303_G_C_V_V|1	20.9398134145	4.73941286217e-06	26.0	11.0
intergenic_2708078_G_A_none_none|1	20.9200707431	4.78850983747e-06	13.0	88.0
PA14_43460,paaH_3872150_G_A_G_S|1	20.8775510204	4.89599031733e-06	11.0	0.0
PA14_30910,trbE_2685795_G_A_V_V|1	20.8775510204	4.89599031733e-06	11.0	0.0
PA14_31230_2714980_T_C_I_V|1	20.8775510204	4.89599031733e-06	11.0	0.0
PA14_30880,trbL_2682207_C_T_K_K|4	20.8775510204	4.89599031733e-06	11.0	0.0
PA14_30910,trbE_2686091_G_A_L_L|1	20.8775510204	4.89599031733e-06	11.0	0.0
PA14_30950_2688084_G_T_P_P|2	20.8775510204	4.89599031733e-06	11.0	0.0
PA14_31190_2712810_G_A_L_L|1	20.8775510204	4.89599031733e-06	11.0	0.0
PA14_46030_4095391_G_A_L_L|1	20.8775510204	4.89599031733e-06	11.0	0.0
PA14_30910,trbE_2684018_C_A_A_S|1	20.8775510204	4.89599031733e-06	11.0	0.0
PA14_30910,trbE_2686281_C_A_L_L|14	20.8775510204	4.89599031733e-06	11.0	0.0
PA14_30860,trbG_2679898_G_T_G_G|2	20.8775510204	4.89599031733e-06	11.0	0.0
PA14_34320_3051855_T_C_V_V|1	20.8561852894	4.95090881105e-06	10.0	78.0
PA14_20050,hasF_1729631_C_T_A_A|1	20.8561852894	4.95090881105e-06	10.0	78.0
PA14_60020_5344844_G_C_A_A|1	20.8561852894	4.95090881105e-06	10.0	78.0
PA14_63660_5676930_G_A_E_E|1	20.8561852894	4.95090881105e-06	10.0	78.0
PA14_65690,icc_5850405_G_A_H_H|1	20.8561852894	4.95090881105e-06	10.0	78.0
PA14_42600,pscP_3790172_C_G_A_G|1	20.8561852894	4.95090881105e-06	10.0	78.0
PA14_44780_3991926_A_T_P_P|1	20.8561852894	4.95090881105e-06	10.0	78.0
PA14_55930_4993472_G_T_G_G|1	20.8561852894	4.95090881105e-06	10.0	78.0
PA14_33460_2946000_G_A_A_A|1	20.8347722499	5.00656923787e-06	6.0	64.0
PA14_25970,cobN_2265238_G_A_A_A|1	20.8347722499	5.00656923787e-06	6.0	64.0
intergenic_6275831_C_T_none_none|1	20.8347722499	5.00656923787e-06	6.0	64.0
PA14_67970_6065028_G_A_P_P|1	20.8347722499	5.00656923787e-06	6.0	64.0
PA14_50590_4496108_A_G_L_L|1	20.8347722499	5.00656923787e-06	6.0	64.0
PA14_51420,pqsB_4569278_C_T_G_G|1	20.8347722499	5.00656923787e-06	6.0	64.0
PA14_61940_5523234_G_A_G_G|1	20.8347722499	5.00656923787e-06	6.0	64.0
PA14_19850_1710500_G_C_G_G|1	20.8347722499	5.00656923787e-06	6.0	64.0
PA14_41020,adi_3659303_C_G_A_A|1	20.8347722499	5.00656923787e-06	6.0	64.0
intergenic_413626_A_G_none_none|1	20.8347722499	5.00656923787e-06	6.0	64.0
PA14_12860_1104285_C_T_G_G|1	20.8347722499	5.00656923787e-06	6.0	64.0
PA14_29740_2575372_G_A_Q_Q|1	20.8347722499	5.00656923787e-06	6.0	64.0
PA14_14780,hscA_1257860_C_T_C_C|1	20.8295954941	5.02011954776e-06	14.0	91.0
PA14_30970,bphR_2691776_G_A_T_T|1	20.8072618626	5.07900168699e-06	27.0	12.0
PA14_59540_5298916_C_T_D_D|1	20.7782296259	5.15658199087e-06	8.0	71.0
PA14_39720_3539852_G_A_V_V|5	20.7782296259	5.15658199087e-06	8.0	71.0
PA14_29720_2573611_G_A_V_I|1	20.7782296259	5.15658199087e-06	8.0	71.0
PA14_46150_4104716_A_C_E_A|1	20.7694466581	5.18028545009e-06	16.0	3.0
PA14_31150_2708344_G_A_L_L|1	20.7694466581	5.18028545009e-06	16.0	3.0
PA14_33650,pvdD_2980317_C_T_L_L|2	20.7694466581	5.18028545009e-06	16.0	3.0
intergenic_2678434_C_G_none_none|1	20.7694466581	5.18028545009e-06	16.0	3.0
PA14_45400_4043807_C_T_L_L|1	20.7575018169	5.21269776148e-06	15.0	94.0
intergenic_5465037_G_C_none_none|1	20.7552815848	5.21874475304e-06	32.0	144.0
PA14_33610_2967942_A_G_G_G|1	20.7036831711	5.36127780125e-06	36.0	21.0
PA14_58270_5189659_C_T_V_M|1	20.7013481409	5.36781959525e-06	11.0	81.0
PA14_67190_5997735_G_T_L_I|1	20.7013481409	5.36781959525e-06	11.0	81.0
PA14_20970,cyp23_1805612_C_T_P_P|1	20.6981313617	5.37684481018e-06	20.0	6.0
PA14_37560,asnB_3341476_G_A_S_S|1	20.6981313617	5.37684481018e-06	20.0	6.0
PA14_09490,phzM_814304_C_T_H_H|1	20.6981313617	5.37684481018e-06	20.0	6.0
PA14_28880_2493570_T_C_S_G|1	20.6803565098	5.42699043944e-06	5.0	60.0
PA14_25090,fadA_2195140_C_T_N_N|1	20.6803565098	5.42699043944e-06	5.0	60.0
intergenic_4385779_C_T_none_none|1	20.6803565098	5.42699043944e-06	5.0	60.0
PA14_20130,yeiE_1734940_G_A_C_C|1	20.6803565098	5.42699043944e-06	5.0	60.0
PA14_37040,cupA2_3300018_G_A_N_N|1	20.6803565098	5.42699043944e-06	5.0	60.0
PA14_20960_1804854_C_T_P_P|1	20.6803565098	5.42699043944e-06	5.0	60.0
PA14_22550_1962397_C_T_P_S|1	20.6803565098	5.42699043944e-06	5.0	60.0
PA14_39520_3518364_G_A_T_T|1	20.6803565098	5.42699043944e-06	5.0	60.0
PA14_72780,pdxY_6482131_C_T_N_N|1	20.6803565098	5.42699043944e-06	5.0	60.0
PA14_41530,nirB_3708140_C_T_G_G|1	20.6803565098	5.42699043944e-06	5.0	60.0
intergenic_3444241_G_A_none_none|1	20.6803565098	5.42699043944e-06	5.0	60.0
PA14_68510_6111764_C_T_V_I|1	20.6803565098	5.42699043944e-06	5.0	60.0
PA14_20050,hasF_1729340_C_T_R_R|1	20.6803565098	5.42699043944e-06	5.0	60.0
PA14_46490,fabF2_4138284_G_A_G_S|2	20.6803565098	5.42699043944e-06	5.0	60.0
PA14_61560_5493157_C_A_P_P|1	20.6803565098	5.42699043944e-06	5.0	60.0
PA14_50790,yeaG_4512738_T_C_Q_Q|2	20.6803565098	5.42699043944e-06	5.0	60.0
PA14_56590_5044294_C_A_A_A|1	20.6803565098	5.42699043944e-06	5.0	60.0
PA14_38640,scoB_3447554_G_A_G_G|1	20.6803565098	5.42699043944e-06	5.0	60.0
PA14_57600_5130059_G_A_K_K|1	20.6803565098	5.42699043944e-06	5.0	60.0
PA14_55610,dnaE2_4950434_C_T_Y_Y|1	20.6803565098	5.42699043944e-06	5.0	60.0
PA14_53510,ycbL_4744529_C_T_K_K|1	20.6803565098	5.42699043944e-06	5.0	60.0
PA14_51420,pqsB_4569081_G_A_A_V|1	20.6803565098	5.42699043944e-06	5.0	60.0
PA14_55820_4986474_G_A_R_R|1	20.679501508	5.42941433029e-06	31.0	141.0
PA14_30910,trbE_2685745_G_C_A_G|1	20.6609180204	5.48236696233e-06	17.0	100.0
PA14_08050_691708_C_G_A_A|2	20.6609180204	5.48236696233e-06	17.0	100.0
PA14_60710,gdhA_5411019_G_A_D_D|1	20.6500488759	5.51357792004e-06	35.0	20.0
PA14_20380,phnI_1753603_C_G_L_L|1	20.6500488759	5.51357792004e-06	35.0	20.0
PA14_15430,tnpR_1306851_T_G_T_T|1	20.6129100302	5.62157482993e-06	20.0	109.0
PA14_42250,pscL_3769116_G_A_L_L|1	20.6129100302	5.62157482993e-06	20.0	109.0
PA14_40290,lasA_3599688_T_A_T_S|1	20.6129100302	5.62157482993e-06	20.0	109.0
PA14_33610_2965042_C_T_P_S|1	20.6083984415	5.63483799198e-06	34.0	19.0
intergenic_2690868_G_A_none_none|1	20.5935922756	5.67858621e-06	30.0	15.0
PA14_31150_2708432_C_T_G_G|1	20.5935922756	5.67858621e-06	30.0	15.0
intergenic_4892440_C_G_none_none|1	20.5778070368	5.72560286934e-06	4.0	56.0
PA14_02490,tonB2_224617_G_A_A_T|17	20.5778070368	5.72560286934e-06	4.0	56.0
PA14_30330,serS_2628316_G_A_A_T|4	20.5778070368	5.72560286934e-06	4.0	56.0
intergenic_4401284_G_T_none_none|1	20.5778070368	5.72560286934e-06	4.0	56.0
PA14_21860_1900044_C_A_G_G|1	20.5727452271	5.74076215458e-06	12.0	84.0
PA14_48640_4326208_C_T_A_V|1	20.5727452271	5.74076215458e-06	12.0	84.0
PA14_48930_4349924_C_G_G_G|1	20.5706488498	5.74705224993e-06	31.0	16.0
PA14_30950_2688435_A_G_L_L|1	20.5669188018	5.75826121707e-06	32.0	17.0
PA14_09270,pchE_788606_G_A_A_T|1	20.5655300597	5.76244005467e-06	9.0	74.0
PA14_07930,gph_683397_C_T_L_L|1	20.5655300597	5.76244005467e-06	9.0	74.0
intergenic_2880056_T_C_none_none|1	20.5655300597	5.76244005467e-06	9.0	74.0
PA14_40260_3591450_A_G_G_G|1	20.5655300597	5.76244005467e-06	9.0	74.0
PA14_58000,sodM_5161588_G_A_H_H|1	20.5655300597	5.76244005467e-06	9.0	74.0
PA14_03000_265361_C_T_R_R|3	20.5655300597	5.76244005467e-06	9.0	74.0
PA14_28140_2437004_C_T_G_G|1	20.5655300597	5.76244005467e-06	9.0	74.0
PA14_37880_3380220_C_T_L_L|1	20.5428654461	5.83107153304e-06	7.0	67.0
PA14_10900,ydjL_943234_G_A_L_L|1	20.5428654461	5.83107153304e-06	7.0	67.0
PA14_04710_418780_C_T_G_G|1	20.5428654461	5.83107153304e-06	7.0	67.0
PA14_07010_608245_C_A_A_A|1	20.5428654461	5.83107153304e-06	7.0	67.0
PA14_49280_4377879_C_T_Q_Q|1	20.5428654461	5.83107153304e-06	7.0	67.0
PA14_58750,pilB_5234617_G_A_Q_Q|1	20.5428654461	5.83107153304e-06	7.0	67.0
PA14_57450,mraW_5118296_C_T_E_E|1	20.5428654461	5.83107153304e-06	7.0	67.0
PA14_58750,pilB_5234975_T_C_L_L|1	20.5428654461	5.83107153304e-06	7.0	67.0
PA14_02720_241950_A_G_Y_C|1	20.5428654461	5.83107153304e-06	7.0	67.0
PA14_64050_5707744_G_A_Q_Q|1	20.5428654461	5.83107153304e-06	7.0	67.0
intergenic_1251143_GGCGC_GGCGCGC_none_none|1	20.5412691763	5.83593606501e-06	3.0	52.0
PA14_33630,pvdJ_2976744_C_T_S_S|1	20.5412691763	5.83593606501e-06	3.0	52.0
PA14_19670_1698315_G_A_L_L|1	20.522377372	5.89381796154e-06	45.0	31.0
PA14_30910,trbE_2685746_C_T_A_T|1	20.4672284398	6.06610420275e-06	13.0	87.0
PA14_49330_4383268_T_C_Y_Y|1	20.4672284398	6.06610420275e-06	13.0	87.0
PA14_65960,waaA_5875605_C_T_P_P|1	20.3870992965	6.32547815096e-06	10.0	77.0
PA14_30900,trbJ_2683648_C_G_A_A|1	20.3870992965	6.32547815096e-06	10.0	77.0
PA14_33610_2970573_G_A_G_G|1	20.3870992965	6.32547815096e-06	10.0	77.0
PA14_62260_5555170_C_T_L_L|1	20.382133995	6.34191207502e-06	14.0	90.0
PA14_28895_2495286_G_A_L_L|1	20.3408707101	6.48015197546e-06	6.0	63.0
intergenic_4413526_G_T_none_none|1	20.3408707101	6.48015197546e-06	6.0	63.0
PA14_62710,pnp_5596746_C_T_E_E|1	20.3408707101	6.48015197546e-06	6.0	63.0
intergenic_3480774_G_A_none_none|1	20.3408707101	6.48015197546e-06	6.0	63.0
PA14_39670_3535939_G_T_Q_K|1	20.3408707101	6.48015197546e-06	6.0	63.0
PA14_19850_1710674_T_C_R_R|2	20.3408707101	6.48015197546e-06	6.0	63.0
intergenic_1952296_T_G_none_none|1	20.3408707101	6.48015197546e-06	6.0	63.0
PA14_55430,hxcS_4933515_G_T_A_A|2	20.3408707101	6.48015197546e-06	6.0	63.0
PA14_44380,ccoO_3952432_T_C_R_R|1	20.3408707101	6.48015197546e-06	6.0	63.0
PA14_43100_3835967_A_C_N_T|1	20.3408707101	6.48015197546e-06	6.0	63.0
PA14_02750_245163_T_C_R_R|1	20.3408707101	6.48015197546e-06	6.0	63.0
PA14_17650_1517271_C_T_P_L|3	20.3408707101	6.48015197546e-06	6.0	63.0
PA14_62020_5533830_G_A_T_T|1	20.3408707101	6.48015197546e-06	6.0	63.0
PA14_33650,pvdD_2983817_A_T_T_T|1	20.3408707101	6.48015197546e-06	6.0	63.0
PA14_64470_5743966_G_A_Q_Q|1	20.3408707101	6.48015197546e-06	6.0	63.0
PA14_31470_2735850_G_A_P_P|1	20.3408707101	6.48015197546e-06	6.0	63.0
intergenic_2092394_C_T_none_none|1	20.3408707101	6.48015197546e-06	6.0	63.0
PA14_63070,pdhR_5626552_G_A_S_S|1	20.3408707101	6.48015197546e-06	6.0	63.0
intergenic_3869877_T_C_none_none|1	20.3408707101	6.48015197546e-06	6.0	63.0
PA14_55710_4972530_G_A_R_R|1	20.3408707101	6.48015197546e-06	6.0	63.0
PA14_56570_5043790_A_G_E_E|1	20.3408707101	6.48015197546e-06	6.0	63.0
PA14_40640,cti_3628790_G_A_P_S|1	20.3408707101	6.48015197546e-06	6.0	63.0
PA14_57440,ftsL_5117973_G_A_R_R|1	20.3408707101	6.48015197546e-06	6.0	63.0
intergenic_1275764_C_T_none_none|1	20.3408707101	6.48015197546e-06	6.0	63.0
PA14_29770_2579513_C_T_F_F|1	20.3151927438	6.56770080034e-06	15.0	93.0
PA14_33630,pvdJ_2978019_G_A_E_E|1	20.3151927438	6.56770080034e-06	15.0	93.0
PA14_30970,bphR_2691725_G_A_L_L|1	20.3149001536	6.56870519542e-06	21.0	7.0
PA14_20240_1744873_G_A_Y_Y|1	20.3149001536	6.56870519542e-06	21.0	7.0
PA14_30690_2659749_A_G_S_S|1	20.3149001536	6.56870519542e-06	21.0	7.0
PA14_55600_4947882_G_A_R_R|1	20.3149001536	6.56870519542e-06	21.0	7.0
PA14_30870,trbF_2681292_C_G_V_V|1	20.3149001536	6.56870519542e-06	21.0	7.0
PA14_67110,pap_5990865_C_G_P_P|1	20.2973053572	6.62938838259e-06	8.0	70.0
PA14_03950,spuG_357016_T_C_R_R|1	20.2973053572	6.62938838259e-06	8.0	70.0
PA14_38130,ycjJ_3401367_C_A_A_A|1	20.2973053572	6.62938838259e-06	8.0	70.0
PA14_48630_4325184_C_T_Y_Y|1	20.2973053572	6.62938838259e-06	8.0	70.0
PA14_71630,adhA_6380531_C_T_T_T|1	20.2973053572	6.62938838259e-06	8.0	70.0
PA14_29340_2538886_T_C_R_R|1	20.2644597009	6.74418056087e-06	16.0	96.0
PA14_13690_1176615_C_T_V_V|1	20.2384183734	6.83660876667e-06	11.0	80.0
PA14_30180,idh_2612545_C_T_A_A|1	20.2384183734	6.83660876667e-06	11.0	80.0
PA14_08050_691660_A_G_P_P|1	20.2282581553	6.87301420469e-06	17.0	99.0
PA14_08050_691684_C_A_S_R|1	20.2282581553	6.87301420469e-06	17.0	99.0
intergenic_2705837_C_G_none_none|1	20.2051349572	6.95659483985e-06	18.0	102.0
PA14_44380,ccoO_3952303_T_G_V_V|1	20.1800663814	7.04836029472e-06	5.0	59.0
PA14_53510,ycbL_4744571_G_A_H_H|3	20.1800663814	7.04836029472e-06	5.0	59.0
PA14_23840,truA_2073367_A_G_V_V|2	20.1800663814	7.04836029472e-06	5.0	59.0
PA14_39160_3488882_G_A_E_E|2	20.1800663814	7.04836029472e-06	5.0	59.0
PA14_71690_6387058_C_T_V_V|1	20.1800663814	7.04836029472e-06	5.0	59.0
PA14_35020_3118267_T_C_L_L|1	20.1800663814	7.04836029472e-06	5.0	59.0
PA14_32790_2863284_A_T_Y_F|1	20.1800663814	7.04836029472e-06	5.0	59.0
PA14_25480_2228017_A_G_E_E|1	20.1800663814	7.04836029472e-06	5.0	59.0
intergenic_3417607_C_T_none_none|1	20.1800663814	7.04836029472e-06	5.0	59.0
PA14_31540,acdA_2742896_C_T_A_A|3	20.1800663814	7.04836029472e-06	5.0	59.0
PA14_25360,apbE_2218395_C_T_G_G|1	20.1800663814	7.04836029472e-06	5.0	59.0
PA14_36060_3212546_G_C_L_V|1	20.1800663814	7.04836029472e-06	5.0	59.0
PA14_47500,sseA_4231281_A_C_G_G|1	20.1800663814	7.04836029472e-06	5.0	59.0
PA14_21450_1859578_T_C_V_V|1	20.1800663814	7.04836029472e-06	5.0	59.0
intergenic_2866703_A_G_none_none|1	20.1800663814	7.04836029472e-06	5.0	59.0
PA14_73140_6513374_G_A_C_C|1	20.1800663814	7.04836029472e-06	5.0	59.0
PA14_56560_5042900_G_T_P_P|1	20.1800663814	7.04836029472e-06	5.0	59.0
PA14_69340_6184953_C_T_S_S|1	20.1800663814	7.04836029472e-06	5.0	59.0
PA14_12920_1108162_T_C_D_D|1	20.1800663814	7.04836029472e-06	5.0	59.0
PA14_68100_6076106_G_A_G_S|1	20.1800663814	7.04836029472e-06	5.0	59.0
PA14_00050,gyrB_4595_C_T_D_D|11	20.1800663814	7.04836029472e-06	5.0	59.0
PA14_02900,pcaK_256039_C_T_S_S|1	20.1800663814	7.04836029472e-06	5.0	59.0
PA14_19370,asnB_1673358_G_A_G_G|12	20.1800663814	7.04836029472e-06	5.0	59.0
PA14_40260_3591453_G_A_A_A|1	20.1800663814	7.04836029472e-06	5.0	59.0
PA14_43920,braB_3910701_G_C_V_V|2	20.1800663814	7.04836029472e-06	5.0	59.0
PA14_22650_1970572_GCCGGCGGCCAGG_G_none_none|1	20.1800663814	7.04836029472e-06	5.0	59.0
intergenic_3686421_G_A_none_none|1	20.1157294157	7.28947075523e-06	12.0	83.0
PA14_66580_5945228_G_A_L_L|1	20.1157294157	7.28947075523e-06	12.0	83.0
PA14_57410,murE_5115223_G_A_L_L|1	20.1157294157	7.28947075523e-06	12.0	83.0
PA14_22680,yrbE_1972887_G_A_G_G|1	20.0913095372	7.38313993468e-06	9.0	73.0
PA14_21040_1818305_G_A_R_R|1	20.0913095372	7.38313993468e-06	9.0	73.0
PA14_32060,xylS_2790737_C_G_A_A|1	20.0913095372	7.38313993468e-06	9.0	73.0
PA14_26280_2293990_C_T_A_A|1	20.0913095372	7.38313993468e-06	9.0	73.0
PA14_39880,phzG2_3555928_T_A_Q_L|1	20.0709245973	7.46225669256e-06	4.0	55.0
PA14_25210_2203862_T_A_G_G|1	20.0709245973	7.46225669256e-06	4.0	55.0
PA14_47430,czcD_4226216_G_A_R_R|1	20.0709245973	7.46225669256e-06	4.0	55.0
PA14_36870_3286329_C_G_W_C|1	20.0709245973	7.46225669256e-06	4.0	55.0
PA14_71150_6338141_A_G_D_D|1	20.0561201944	7.52024760412e-06	7.0	66.0
PA14_17130,dxr_1468921_C_T_L_L|1	20.0561201944	7.52024760412e-06	7.0	66.0
PA14_26420_2301496_C_T_R_Q|1	20.0561201944	7.52024760412e-06	7.0	66.0
PA14_37610_3346314_C_T_A_A|1	20.0561201944	7.52024760412e-06	7.0	66.0
