-3.855842932816385371e+01 6.891857483456305999e+00 4.000000000000000000e+00
1.033280217363113351e+01 -3.182349162867932080e+01 9.000000000000000000e+00
-1.391487031172579059e+01 3.413942124383630272e+01 1.000000000000000000e+00
-1.307787487337229138e+01 -4.033783828719476361e+01 2.000000000000000000e+00
-2.248831421504622696e+01 -2.164009622004402900e+01 6.000000000000000000e+00
8.359885908934971965e+00 -6.113744210490473563e+01 2.000000000000000000e+00
6.677458986131415308e+00 -4.988001571391563260e+01 8.000000000000000000e+00
1.094431115915537944e+01 -5.130036888870921530e+01 8.000000000000000000e+00
-4.472328431171488816e+00 3.804971842344013311e+01 3.000000000000000000e+00
-1.695708719231125272e+01 -2.316090488460878660e+01 2.000000000000000000e+00
2.371590721873727503e+01 -2.198345074873779481e+01 3.000000000000000000e+00
-4.096257992561695715e+01 -3.399307030931408491e+01 1.000000000000000000e+00
2.840029626135975249e+01 -3.337678627939865095e+01 4.000000000000000000e+00
-1.481873978932677005e+01 2.743234319298953494e+01 3.000000000000000000e+00
9.964358115201214616e+00 -1.206624739467998175e+01 3.000000000000000000e+00
-2.796372687392280731e+00 3.568211649392580398e+01 7.000000000000000000e+00
2.653948926116762763e+01 -4.486823347571713327e+01 2.000000000000000000e+00
-3.031388109090342908e+01 2.025685933623795165e+01 7.000000000000000000e+00
-1.335195606618850483e+01 6.852221190067023571e+00 3.000000000000000000e+00
-2.374104887345393067e+01 3.398345080893906101e+01 1.000000000000000000e+01
-3.435703353461300935e+01 -1.575677518924700493e+01 1.000000000000000000e+00
2.105039980843021041e+01 -3.434092236955331856e+01 2.000000000000000000e+00
3.667955591084369615e+01 -4.873095418333702078e+00 3.000000000000000000e+00
3.320939713844536101e+01 -4.404082479704585751e+01 4.000000000000000000e+00
-9.601706568007697840e+00 -4.780213659023104356e+01 8.000000000000000000e+00
1.269019529325880136e+01 3.448782856662484164e+01 8.000000000000000000e+00
-2.226392284323169335e+01 -1.739254523257722340e+01 7.000000000000000000e+00
-5.223426083926393204e+01 9.399035836480397421e+00 7.000000000000000000e+00
3.786356773429923805e+01 -1.010319339056194465e+01 8.000000000000000000e+00
2.694082381188384190e+01 -2.538829169317511258e+01 2.000000000000000000e+00
-7.159256574391483774e+00 2.666623838451677386e+01 4.000000000000000000e+00
2.053827158196374825e+01 1.931621748330533705e+01 1.000000000000000000e+01
2.134953955177105200e+01 -5.720407366286134021e+01 2.000000000000000000e+00
-2.351390804114824462e+01 1.407598155645911042e+01 1.000000000000000000e+00
1.036401830767655774e+01 -6.610974426387468839e+01 6.000000000000000000e+00
4.810108995240383933e+00 -3.590598761924636761e+01 2.000000000000000000e+00
-4.481545072744196290e+01 -1.579706491704166460e+01 1.000000000000000000e+01
2.006008651272071930e+01 -2.148656164184406236e+01 5.000000000000000000e+00
2.787765209377527142e+01 -2.814621186677532449e+01 4.000000000000000000e+00
-3.139034906199655239e+01 1.104624110287341310e+01 1.000000000000000000e+00
2.232041998807179439e+01 -5.031556539623274205e+01 8.000000000000000000e+00
2.658547457629612865e+01 -5.654805758161291607e+01 8.000000000000000000e+00
1.536071966042140957e+01 -1.137002013452570814e+01 1.000000000000000000e+01
1.893228793908698915e-01 1.956465597633599174e+01 1.000000000000000000e+00
1.757508909997868685e+01 -4.891642281329761488e+01 2.000000000000000000e+00
9.842579141209636617e+00 -2.674891528540818086e+01 9.000000000000000000e+00
4.637171765093119902e+00 -9.748216029872725841e+00 7.000000000000000000e+00
-5.419293921511284395e+01 -5.493224233229408782e+00 4.000000000000000000e+00
1.416216315709046647e+01 -5.216022372437453924e+01 8.000000000000000000e+00
-9.407696540353205350e+00 1.983171429507315509e+01 5.000000000000000000e+00
1.990390567954040435e+01 -2.131944762256221892e+01 5.000000000000000000e+00
-3.278158847741742221e+01 3.676538229845551342e+01 3.000000000000000000e+00
-2.977815212099643727e-01 -4.489049921307429258e+01 3.000000000000000000e+00
-1.663104547266551236e+01 -6.527858862923832106e+00 4.000000000000000000e+00
-7.995488788897938015e+00 1.479047183018435696e+01 2.000000000000000000e+00
1.806125477218927244e+01 -1.107062367466879849e+01 3.000000000000000000e+00
-2.334889655870464509e+01 4.308511391005849234e+00 7.000000000000000000e+00
-1.568680752616200991e+01 1.448926665775282885e+01 7.000000000000000000e+00
-6.913010127149044948e+00 3.414458074327571069e+01 3.000000000000000000e+00
1.422790302771041304e+01 -3.758753514979483867e+01 2.000000000000000000e+00
-3.412059848178946453e+01 -6.610020816717429248e+00 4.000000000000000000e+00
-3.314687765892596616e+01 -3.400410915141475954e+01 1.000000000000000000e+00
-1.599928130927904135e+01 9.149579883827078097e-01 5.000000000000000000e+00
-2.154788163837631032e+01 -2.528864860949685323e+00 2.000000000000000000e+00
5.239277880395057707e+00 -1.847105482417028099e+01 9.000000000000000000e+00
-4.140717971261866914e-01 -8.093182959847691649e+00 8.000000000000000000e+00
-1.945869656698590022e+00 -2.429984833506566844e+01 4.000000000000000000e+00
9.549190924771963296e+00 -2.619651251942907066e+01 5.000000000000000000e+00
7.693328895465306516e+00 -2.621430930089596600e+01 9.000000000000000000e+00
-1.460947470049391939e+01 3.204599835531075058e+01 3.000000000000000000e+00
-1.414071064545092238e+00 2.296950531874531265e+01 5.000000000000000000e+00
-4.415376947553866671e+00 1.483365798660412338e+01 4.000000000000000000e+00
-1.017639724222203768e+01 8.886682812894264316e+00 6.000000000000000000e+00
-3.329968184425194266e+01 -1.418142519549393477e+01 1.000000000000000000e+01
7.943622008072822815e+00 1.143015377972875513e+01 7.000000000000000000e+00
-4.659585919810434973e+01 -8.068914857237560412e+00 1.000000000000000000e+00
-4.534777264611518177e+01 2.130775382445702526e+00 9.000000000000000000e+00
-2.753541241381910609e+01 -8.846524909895361333e+00 4.000000000000000000e+00
-2.239834489339286350e+01 -1.574021451917789527e+00 4.000000000000000000e+00
-3.532031778065591965e+01 1.143920409559626528e+01 4.000000000000000000e+00
-4.443489906970088299e+01 -2.017088834639973349e+00 1.000000000000000000e+00
2.539363788709289693e+01 -2.981464260968706625e+01 3.000000000000000000e+00
-4.402204022998012078e+01 -1.153711353196076850e+01 2.000000000000000000e+00
-4.193354157473737587e+01 -1.029463535671541941e+01 5.000000000000000000e+00
-3.991696679517267654e+01 4.659625249231950761e+00 4.000000000000000000e+00
-3.417275714479116289e+01 -2.197951013824094346e+01 1.000000000000000000e+00
-4.532970694211716278e+01 -1.542733324428258079e+01 1.000000000000000000e+00
7.204308032479174173e+00 -4.201614481801036760e+01 4.000000000000000000e+00
-1.456408617631275604e+01 -2.182086752848323030e+01 9.000000000000000000e+00
9.158879094137157395e+00 -4.365229957330998900e+01 7.000000000000000000e+00
-1.238360106435974384e+00 -5.191990650844164179e+01 2.000000000000000000e+00
-2.797518761454971425e+01 2.933134967518783753e+01 4.000000000000000000e+00
2.264769507231757117e+01 -8.006308412713114109e+00 3.000000000000000000e+00
-3.162426146459922904e+01 5.728969391248423193e+00 7.000000000000000000e+00
-1.426850120720230208e+00 -3.304494717147978378e+01 4.000000000000000000e+00
-3.101501802172574074e+01 -1.436063227181211310e+01 3.000000000000000000e+00
-3.549636796137505002e+01 1.893089205217120652e+00 1.000000000000000000e+00
2.229336441673529734e+00 -6.413040822248456152e+01 2.000000000000000000e+00
1.411818102445394274e+01 -4.494031117297134870e+01 2.000000000000000000e+00
2.267027271913232500e+00 -5.371845758128138471e+01 2.000000000000000000e+00
1.026349066655088293e+01 3.802802764737121066e+01 2.000000000000000000e+00
2.372407653539602990e+01 -4.310437665925803685e+01 2.000000000000000000e+00
-3.948316654810179926e+01 -3.551135025272350276e+01 3.000000000000000000e+00
1.648255578410134348e+01 3.729052689517764918e+01 8.000000000000000000e+00
-6.218746901775387137e+00 -4.039155008254720514e+01 4.000000000000000000e+00
-9.724488946301856895e-01 -1.905355498753569421e+01 3.000000000000000000e+00
-3.977729918257249153e+01 2.763584223980626753e+00 4.000000000000000000e+00
-3.755137736383160529e+01 -3.033839626541800527e+01 1.000000000000000000e+00
-9.469813137853932972e-01 -1.732730684098727636e+01 5.000000000000000000e+00
-3.459040038790027438e+01 -3.883394417326191217e+01 1.000000000000000000e+00
-3.095225657875301906e+00 -1.185649942593136053e-01 1.000000000000000000e+00
-2.773110793311679245e+01 -3.228056222102395623e+01 7.000000000000000000e+00
-2.224519099620312801e+01 1.119198677072282422e+01 7.000000000000000000e+00
1.816647626275582539e+01 -3.798389504845314235e+01 2.000000000000000000e+00
-2.920561588271250741e+01 -3.371319026576262701e+01 4.000000000000000000e+00
-7.886314358048153395e+00 -5.008372085013888864e+01 2.000000000000000000e+00
3.182563452534001858e-01 -3.442727460272185880e+01 4.000000000000000000e+00
3.179460612515998363e+01 -5.175211436813467714e+01 8.000000000000000000e+00
1.890054681238256507e+01 2.155726911076554586e+01 5.000000000000000000e+00
-1.378071381141651131e+01 3.556426368457699283e+01 1.000000000000000000e+00
8.616064309431070711e+00 -2.314034105984752188e+01 7.000000000000000000e+00
-2.944581820644196490e-01 5.675864931366640498e+00 1.000000000000000000e+01
-2.887795899451656112e+01 -3.877852809119751054e+00 1.000000000000000000e+01
-1.430967996150084076e+01 2.111214114304464218e+01 3.000000000000000000e+00
3.952514518527919307e+01 -6.175240742105051339e+01 2.000000000000000000e+00
-4.900074404205226131e+01 -7.397319147700923914e+00 1.000000000000000000e+00
2.160423469704245036e+01 -2.556099364171909016e+01 1.000000000000000000e+01
-3.198819493973314110e+01 -3.851775118133211606e+01 7.000000000000000000e+00
1.722852719349724993e+01 -1.959841217338252761e+01 7.000000000000000000e+00
1.943815853233157043e+01 -4.572258139087219320e+01 2.000000000000000000e+00
-2.844335021047336909e+01 -1.303874448828617005e+01 4.000000000000000000e+00
-7.439364233496117862e+00 -2.114512543071993989e+01 2.000000000000000000e+00
-4.687790025218168921e+01 -1.670755308889199853e+01 1.000000000000000000e+00
1.418285591806183810e+01 -3.193736156118707115e+01 1.000000000000000000e+00
-2.388102893811778671e+01 1.731085221881831870e+01 2.000000000000000000e+00
-1.919992423777338431e+01 1.414684435350422831e+01 4.000000000000000000e+00
2.376598271799169737e+01 -5.402079227460612287e+01 8.000000000000000000e+00
2.093428389058068717e+01 -1.695061640299762473e+01 7.000000000000000000e+00
4.220381106031865670e+00 -2.868300486844730557e+01 4.000000000000000000e+00
-2.106463426677324691e+01 4.190810311419305378e+00 4.000000000000000000e+00
3.585411274984213748e+00 -4.083635142519643324e+00 1.000000000000000000e+01
1.831450025694402584e+01 -3.401137941462468461e+01 2.000000000000000000e+00
9.812567797970491057e+00 -2.806485786566966212e+01 5.000000000000000000e+00
2.890537750832369923e+01 -2.891683620585089187e+01 4.000000000000000000e+00
4.056906620983302503e+01 -7.461206353362639376e+00 2.000000000000000000e+00
-3.483912784674338781e+01 3.626258459261536871e+01 4.000000000000000000e+00
-2.593700837066006670e+01 2.999864915447113134e+01 7.000000000000000000e+00
-1.355739888972260765e+01 -3.207696552422493852e+01 5.000000000000000000e+00
-2.700510607998219825e+01 -6.339735123183837473e+00 4.000000000000000000e+00
-1.486090872014009001e+01 -2.014102914784269771e+01 8.000000000000000000e+00
1.370788718471584744e+01 -7.203118146635877572e+00 5.000000000000000000e+00
6.658088638312463559e+00 3.720170145937732542e+01 8.000000000000000000e+00
-9.412123295602556894e+00 -1.542106359641724644e+01 2.000000000000000000e+00
-2.285694964774223514e+00 9.104112622954870560e+00 7.000000000000000000e+00
2.478176791752218833e+01 1.751707046335092244e+01 7.000000000000000000e+00
-3.260312246199893593e+01 4.798969266652439813e+01 8.000000000000000000e+00
-1.407969276373390777e+01 -2.425856087803963490e+01 2.000000000000000000e+00
-2.590363581436830032e+01 1.285443801017249221e+01 5.000000000000000000e+00
-1.183846951056531438e+01 -2.274842395316926158e+01 2.000000000000000000e+00
-3.278485789865196409e+01 -2.575834364904820006e+01 2.000000000000000000e+00
-1.254814990918628226e+01 -1.927219445142920051e+01 2.000000000000000000e+00
-4.919240281259255454e+01 -1.370842660681375058e+01 9.000000000000000000e+00
1.768662618667197606e+01 -5.660166229966794305e+01 6.000000000000000000e+00
1.990788599507028422e+01 2.110196770672185096e+01 5.000000000000000000e+00
-2.132941908336001191e+01 -1.226231367236804815e+01 2.000000000000000000e+00
-2.817935651916749862e+01 -3.163462507467563256e+01 5.000000000000000000e+00
-4.709173510389576478e+01 3.950052519416264563e+00 5.000000000000000000e+00
-2.224988584614781928e+01 2.350585862741505494e+01 6.000000000000000000e+00
-2.770795721944784518e+01 1.622510142625560192e+01 1.000000000000000000e+00
3.632071556874360851e+01 -8.685434378597843619e+00 3.000000000000000000e+00
-4.757402017240151793e+01 -3.337839634952564083e+00 1.000000000000000000e+00
-3.707660339043757602e+01 1.907073593092558284e+01 4.000000000000000000e+00
-1.962515186044425874e+01 -1.730112572777238000e+01 8.000000000000000000e+00
-2.241316519533670260e+01 -9.739617602927106432e-01 7.000000000000000000e+00
1.892627692559757335e+01 -1.001579320440307619e+01 3.000000000000000000e+00
-5.478919346847007654e-01 1.283493713960922022e+01 9.000000000000000000e+00
8.567796385085465261e+00 -4.178548513893555594e+01 9.000000000000000000e+00
-5.016052132099851235e+01 -9.170576010326941585e+00 1.000000000000000000e+00
-3.475290221818373482e+01 -2.865368081165267355e+01 1.000000000000000000e+00
-5.163951059016693534e+01 1.160097261785061740e+01 4.000000000000000000e+00
-1.858184078324928024e+01 -1.437878866815962109e+00 4.000000000000000000e+00
-1.275762240833139849e+01 -1.373695601916964115e+01 2.000000000000000000e+00
1.700237217406412427e+01 1.861039898015989635e+01 6.000000000000000000e+00
-2.868582875553741030e+00 -4.227693221412003766e+01 8.000000000000000000e+00
-2.160839081480669321e+01 2.281108218531629106e+01 6.000000000000000000e+00
-1.720126584128529501e+01 5.745264737709387504e+00 7.000000000000000000e+00
1.201675189635596297e+01 -4.077407355115235532e+01 2.000000000000000000e+00
-4.932155862488192710e+00 -1.656857423582999189e+01 2.000000000000000000e+00
-8.184583157078307636e+00 -3.315716788254875524e+01 3.000000000000000000e+00
-1.374833732678920661e+01 -3.620330616703104631e+00 9.000000000000000000e+00
-8.753029863179976999e+00 -7.421671168399108787e+00 9.000000000000000000e+00
-3.009588524978575919e+01 2.263971246021439754e+01 5.000000000000000000e+00
-4.772112840358895625e+01 -3.963461199467369411e+00 8.000000000000000000e+00
8.622805578598674359e+00 -9.989994494097119926e+00 4.000000000000000000e+00
-7.857660725307981764e+00 -7.300228984137663701e+01 6.000000000000000000e+00
2.190655182176989513e+01 -4.950238972659828818e+01 2.000000000000000000e+00
9.098096780589211008e+00 -2.581693551033754730e+01 9.000000000000000000e+00
1.946038198238098005e+01 2.529494567928880500e+00 8.000000000000000000e+00
-4.852917476789257023e+01 -9.429175664725530481e+00 1.000000000000000000e+00
7.649851263430434756e+00 -5.336802729163368753e+01 7.000000000000000000e+00
-1.630021737898400147e+01 -1.674292080666068117e+01 2.000000000000000000e+00
3.491865286147729108e+01 -4.273870726746400450e+00 3.000000000000000000e+00
3.013717153677285054e+01 1.552524368517659514e+00 2.000000000000000000e+00
-1.852704636119413806e+01 -2.006031595428258640e+01 2.000000000000000000e+00
-1.379940042960701518e+01 1.106868352482889684e+01 3.000000000000000000e+00
-4.653700431087924194e+00 3.629120530081006279e+01 3.000000000000000000e+00
-4.781925347021037709e+01 -1.565071787839180750e+01 3.000000000000000000e+00
3.814774219009513700e+01 -1.031005279737197000e+01 2.000000000000000000e+00
1.838244857714720482e+01 2.565131986277673448e+01 7.000000000000000000e+00
-2.863847337327878151e+01 -3.653746703498980253e+01 4.000000000000000000e+00
1.157684022939471902e+01 6.785647165434214756e+00 5.000000000000000000e+00
-3.496623687729427843e+01 1.918195514808078173e+01 1.000000000000000000e+01
2.176317820247572854e+01 -4.120758002381303697e+01 2.000000000000000000e+00
-3.664552001052857833e+01 7.507890572604070556e+00 9.000000000000000000e+00
9.782038615429867079e+00 -5.038251767872033327e+01 6.000000000000000000e+00
-1.658458045837915051e+01 2.759695040512160702e+01 2.000000000000000000e+00
-3.085319763621194156e+01 -2.982566625912605573e+01 3.000000000000000000e+00
1.769649935848237021e+01 4.063478287179298576e+01 8.000000000000000000e+00
-1.532235342948893830e+01 -3.425322386751289372e+01 9.000000000000000000e+00
3.990985352268059927e+01 -2.880427663132273253e+01 6.000000000000000000e+00
2.526237307967537760e+01 -9.614241046664783852e+00 4.000000000000000000e+00
2.516769253839618514e+01 -4.990738090998556231e+01 2.000000000000000000e+00
-4.306855361307006547e+01 -5.260720140085343388e+00 9.000000000000000000e+00
2.490597876223955609e+01 -3.664385745872517930e+01 2.000000000000000000e+00
7.203944343723049926e+00 1.352023757671954662e+01 7.000000000000000000e+00
-3.285931265494324549e+01 -8.105047558945285502e+00 5.000000000000000000e+00
3.936105377923107085e+01 2.489029865392034857e+00 2.000000000000000000e+00
1.668176654332571829e+01 -6.181405481268635072e+01 2.000000000000000000e+00
-2.404091321367762379e+00 -8.390512886578385121e+00 2.000000000000000000e+00
2.375347989877285126e+00 3.574534569502624493e+01 2.000000000000000000e+00
-3.660632641739183413e+01 8.163643513947773656e+00 4.000000000000000000e+00
3.901916426530173254e+01 -2.740034965057309790e+01 2.000000000000000000e+00
-7.879384498368927403e+00 2.385630032465905614e+01 1.000000000000000000e+01
-3.562182782786281621e+01 -3.113578992007485269e+01 1.000000000000000000e+00
2.470016751621130879e+01 -2.444428362052836334e+01 5.000000000000000000e+00
-1.436974765048239888e+01 -1.527644523418863542e+01 2.000000000000000000e+00
-3.420148742655261742e+01 -5.515508629702698951e-01 1.000000000000000000e+00
-2.064453015356793597e-01 -8.247118327192566767e+00 2.000000000000000000e+00
-4.036111593309882295e+01 -9.645570613256211345e+00 1.000000000000000000e+01
1.446990412718026953e+01 2.361633283278951723e+01 2.000000000000000000e+00
-1.386486940804171653e+01 1.553997623516805149e+01 3.000000000000000000e+00
-2.082576636797329428e+01 -1.064136970625404288e+01 7.000000000000000000e+00
1.370736145822702134e+01 3.118166247249414980e+01 4.000000000000000000e+00
2.166290255423530908e+01 -9.519893465117444720e+00 7.000000000000000000e+00
-1.246916490932956911e+01 -3.726260693769015830e+01 1.000000000000000000e+00
-1.687569569964888672e+01 -9.426891279571428583e+00 3.000000000000000000e+00
-4.504052902432386674e+01 -3.223915506378376961e+01 5.000000000000000000e+00
1.326940356666175802e+01 -3.252976445683358975e+01 6.000000000000000000e+00
-1.295301668564532882e+01 3.872034227146195384e+00 3.000000000000000000e+00
3.479217714000334638e+01 -5.578151690708017441e+01 8.000000000000000000e+00
1.207633547474575941e+01 -5.351344530209137673e+01 8.000000000000000000e+00
4.272398206625432238e+00 1.038285759936984753e+01 4.000000000000000000e+00
1.269473851532982955e+01 3.432167519402406697e+01 8.000000000000000000e+00
-3.410563250753261855e+01 3.358919292259299638e+00 3.000000000000000000e+00
1.407622818442926693e+01 -2.279242460760367095e+01 4.000000000000000000e+00
-2.907162963491882124e+01 -6.237740943078498468e+00 4.000000000000000000e+00
1.932874816401178819e+01 -4.293141361358571828e+01 2.000000000000000000e+00
-7.572963380810123546e+00 -4.271987678324021154e+00 5.000000000000000000e+00
-3.048799681333021638e+01 -1.520136598448665133e+01 1.000000000000000000e+00
-4.141584954769842852e+01 -2.273829429300528204e+01 4.000000000000000000e+00
9.822351693361008884e+00 -1.185868341517085156e+01 5.000000000000000000e+00
-1.203364994699427548e+01 -1.375138855092075341e+00 9.000000000000000000e+00
1.309228517519426660e+01 1.069401960227414250e+01 4.000000000000000000e+00
1.775210359036282526e+01 1.212686391082413451e+01 3.000000000000000000e+00
-1.025566776475917408e+01 -4.824090213472224775e+01 8.000000000000000000e+00
-2.374075122275588967e+01 1.630212732813981802e+01 8.000000000000000000e+00
-1.024731252690476424e+01 -1.803152505165999742e+01 2.000000000000000000e+00
3.145770326703381414e+01 -2.997021403356852431e+01 2.000000000000000000e+00
2.984728632201154142e+01 -2.340209074271267120e+00 7.000000000000000000e+00
-2.436540048659967894e+01 8.329157697027525842e+00 2.000000000000000000e+00
1.552891133813187352e+01 -2.362280001429805765e+00 3.000000000000000000e+00
-8.523769224811577061e+00 3.132441359873322284e+00 2.000000000000000000e+00
-1.989197017838489456e+00 -3.229331177791414120e+01 9.000000000000000000e+00
-6.015363397978604532e+00 3.235462297773373130e+00 5.000000000000000000e+00
2.766416054366362687e+01 -6.833313425013560760e+00 1.000000000000000000e+01
-3.533828451546234817e+01 -1.463139252185412076e+01 3.000000000000000000e+00
-1.816160555058610626e+00 9.987520635523972956e+00 3.000000000000000000e+00
6.619462125212125514e+00 -2.460971288065976381e+01 4.000000000000000000e+00
-1.874384894621702813e+01 1.047297467796625092e+01 3.000000000000000000e+00
1.762609445306488354e+01 -4.911091288514001718e+01 8.000000000000000000e+00
-5.139514597793807127e+01 -1.291914896521143774e+01 1.000000000000000000e+00
-3.547337648679112476e+01 2.015347703262781565e+01 1.000000000000000000e+01
-1.185907335548270680e+01 6.278877587073870004e+00 3.000000000000000000e+00
-9.016242719408220196e+00 -2.705919712425247070e+01 2.000000000000000000e+00
-7.986532517957818378e-01 -2.268462092306530309e+01 5.000000000000000000e+00
1.008473104694032152e+01 3.566355092253120063e+01 8.000000000000000000e+00
1.513545633116092581e+01 3.978912636709273087e+00 8.000000000000000000e+00
4.123411387400351913e+01 -1.561124313692290544e+00 2.000000000000000000e+00
2.692994426841683264e+01 -6.333196458085266656e+00 5.000000000000000000e+00
-1.586945582897556495e+00 -6.351982354010671905e+00 6.000000000000000000e+00
-3.979095687058590869e+01 1.515599869261230026e+01 7.000000000000000000e+00
-8.433669989106311604e-01 -4.587139130357772210e+00 9.000000000000000000e+00
3.076078550244378373e+00 -6.174649298709498524e+00 2.000000000000000000e+00
-2.588481810110167558e+01 -3.560707782811247224e+00 4.000000000000000000e+00
-1.614007325270334192e+01 -2.461226882392156412e+01 2.000000000000000000e+00
-1.173712561070253457e+00 2.250527605741293513e+01 3.000000000000000000e+00
2.277544891835926322e+01 -5.180816972604466741e+01 2.000000000000000000e+00
-3.278450542649258637e+01 -1.896582185112369956e+01 3.000000000000000000e+00
-6.247239145683816552e+00 -3.616346041117128873e-01 3.000000000000000000e+00
1.946705241574792211e+01 1.604696509377211910e+01 7.000000000000000000e+00
1.047847460871632030e+01 -1.935517877245607465e+01 9.000000000000000000e+00
8.391643532221474189e+00 3.231120350718668277e+01 8.000000000000000000e+00
-9.162448613676932752e+00 -2.261453926475983423e+01 2.000000000000000000e+00
-3.699176970926220065e+01 1.128758328084925289e+01 2.000000000000000000e+00
-1.250239141378026098e+01 -4.748697139139806467e+01 8.000000000000000000e+00
-2.400180060931426240e+01 3.634300438382234688e+01 3.000000000000000000e+00
-3.572714408612507953e+01 -6.546444656685361352e+00 5.000000000000000000e+00
3.016269555135365987e+00 -5.963105107976431185e+01 2.000000000000000000e+00
-5.184971247017837470e+01 2.176842104304269654e+01 6.000000000000000000e+00
1.346486324666662071e+01 -5.551054897401839838e+01 2.000000000000000000e+00
1.897422069162781444e+00 1.981830572759667675e+01 3.000000000000000000e+00
6.428885874988222504e+00 -4.214823584233839426e+01 7.000000000000000000e+00
8.868870789395268517e+00 -3.935583207438716258e+00 2.000000000000000000e+00
-3.379191988194764917e+01 2.334614650969771077e+01 6.000000000000000000e+00
-3.089800097385054301e+01 -6.710172898507622552e-01 1.000000000000000000e+01
2.358655233418818753e+01 2.389648099715145690e+01 5.000000000000000000e+00
2.360578495979176239e+01 -2.120928894935342868e+01 5.000000000000000000e+00
-5.070035197012068551e+01 -4.701279336069589476e+00 1.000000000000000000e+00
-4.446347580351114459e+01 -4.244499773515122421e-01 4.000000000000000000e+00
-1.797217943489857817e+01 2.003695112425219094e+01 2.000000000000000000e+00
3.179178443255879927e+01 -3.118632205359306298e+01 3.000000000000000000e+00
-2.613169300127309924e+01 -9.391073971105615925e+00 1.000000000000000000e+00
1.783026586687433834e+01 -5.719814897700934608e+01 2.000000000000000000e+00
-5.077054381133148553e+01 5.907727550824876106e-01 1.000000000000000000e+00
8.450686468099988247e+00 -6.211418056068644233e+01 3.000000000000000000e+00
-1.222421974821748591e+01 3.444932823269613209e+01 1.000000000000000000e+00
2.137871929795132075e+00 -4.928753991502946263e+01 2.000000000000000000e+00
1.435192712155676631e+01 -2.013943339645825503e+01 3.000000000000000000e+00
-4.685472087909952954e+00 1.107471700890775779e+01 7.000000000000000000e+00
-2.804862994264619047e+01 3.046734743842561599e+00 4.000000000000000000e+00
1.910620837792923865e+01 -2.440975436578660052e+01 4.000000000000000000e+00
-3.458990247078654789e+01 1.508810623362284531e+01 4.000000000000000000e+00
2.420567968061054032e+01 -4.686977372599654501e+01 2.000000000000000000e+00
-5.110488040944597188e+00 3.449848929248857132e+01 3.000000000000000000e+00
-3.505190131381564811e+01 2.540818265132630671e+01 2.000000000000000000e+00
3.773692415319870719e+01 -8.721698686711947257e-01 9.000000000000000000e+00
9.987778140101706725e+00 -1.919283945887149656e+01 5.000000000000000000e+00
7.979732424549002001e-01 -1.386343537648089264e+00 3.000000000000000000e+00
1.775574538049288620e+01 -6.042282177311476765e+00 3.000000000000000000e+00
-2.280445001380305925e+01 9.490959581538668033e+00 4.000000000000000000e+00
2.785354914909014212e+01 -4.433764376578469779e+01 2.000000000000000000e+00
3.886016390495546347e+01 -2.500988007661655743e+00 2.000000000000000000e+00
1.927047459056524303e+01 6.377156964862590982e+00 4.000000000000000000e+00
2.212629699134838290e+01 2.362194957850430654e+01 4.000000000000000000e+00
7.705369541328050964e+00 -2.701176083300917341e+01 9.000000000000000000e+00
2.000671334179106253e+01 -3.920698575540713904e+01 8.000000000000000000e+00
-8.437901658889376932e+00 -3.749830169398858715e+01 4.000000000000000000e+00
2.414693594964606405e+01 -3.453538054356004494e+01 2.000000000000000000e+00
2.368138884073820094e+01 -5.062442145837017904e+01 2.000000000000000000e+00
3.437089222253131027e+01 -4.464228726686815207e+01 2.000000000000000000e+00
-3.678564533344430743e+01 -3.685507356885739227e+01 5.000000000000000000e+00
8.212930551142028079e+00 3.022507625211507687e+01 1.000000000000000000e+00
2.184986009990183931e+01 -3.835271570826012777e+01 1.000000000000000000e+01
-2.518936478499042764e+01 -2.935584281129507289e+01 2.000000000000000000e+00
3.767260116901400835e+01 8.481145016227591427e-01 2.000000000000000000e+00
6.190408739625020473e+00 8.211847940213217178e-01 4.000000000000000000e+00
-2.714220598087727865e+00 -2.184927410102707412e+01 3.000000000000000000e+00
-2.338866426634650608e+01 -8.729500906973198582e+00 3.000000000000000000e+00
-1.550651800767862376e+01 -8.443727906191137222e+00 4.000000000000000000e+00
5.916013655679558392e-01 7.696686702481108533e+00 4.000000000000000000e+00
-9.549495532953493182e+00 3.058219462623859286e+01 4.000000000000000000e+00
-4.185289124544489425e+01 7.109668472913784676e+00 9.000000000000000000e+00
2.159285149207391541e+01 -1.925015130683419073e+01 3.000000000000000000e+00
-3.526147106385538166e+01 -3.166878134061173355e+01 8.000000000000000000e+00
2.073087861101492635e+01 5.383324098265992674e+00 6.000000000000000000e+00
4.049772585401046854e+01 -3.680786163701415870e+00 5.000000000000000000e+00
1.862795216654397379e+01 -2.493468208783882289e+01 5.000000000000000000e+00
-3.313400205808674226e+00 2.204030492297397004e+01 9.000000000000000000e+00
-7.451560393330897369e+00 1.492594123602745704e+01 1.000000000000000000e+00
-2.278798889232931657e+01 -1.712061697901502200e+01 4.000000000000000000e+00
-2.647226111622025613e+01 -3.429927378243639424e+01 1.000000000000000000e+00
-1.997525377096517829e+01 3.654797918839190807e+00 4.000000000000000000e+00
1.597572154020214796e+00 1.560559357456655860e+01 5.000000000000000000e+00
-1.464285858208003388e+00 -5.544826485381246073e+01 8.000000000000000000e+00
-2.914817709437413384e+01 -2.693320962080753489e+01 6.000000000000000000e+00
1.738827931907038860e+01 -1.861670117831976867e+01 9.000000000000000000e+00
-8.575317684144497576e+00 5.051141888190281648e+00 7.000000000000000000e+00
1.383396743963415076e+01 -4.476287696583244724e+01 8.000000000000000000e+00
-4.158509342642346951e+00 -3.556599453873862871e+01 9.000000000000000000e+00
2.283620373007607895e+01 -5.477129381782884820e+01 8.000000000000000000e+00
1.574157649742968523e+01 -8.048840368120590227e+00 4.000000000000000000e+00
2.150050707510403392e+00 -5.802764344865534696e+01 6.000000000000000000e+00
-5.174668095475553287e+01 -1.122892669639967167e+01 6.000000000000000000e+00
2.166752645681902578e+01 -1.855263875111237226e+01 3.000000000000000000e+00
-1.301395917822521398e+01 -1.379080173534327969e+01 2.000000000000000000e+00
-3.098135312475958969e+01 -2.087045206162437161e+00 4.000000000000000000e+00
-3.402494737850432927e+01 -4.322054038301001988e+00 4.000000000000000000e+00
-1.526930953750514419e+01 -3.910343262514317964e+00 3.000000000000000000e+00
2.572771489277235091e+00 -5.243136803273993252e+01 6.000000000000000000e+00
-4.342004243314678291e+01 -4.259942393828886509e+00 5.000000000000000000e+00
-2.653804167732940655e+01 1.282263534344567724e+01 5.000000000000000000e+00
-1.263889605735531063e+01 3.287978465566812503e+01 9.000000000000000000e+00
-3.588392007006387940e-01 3.047404669688089029e+01 9.000000000000000000e+00
-1.323408835741895384e+00 -3.573092913741816545e+01 7.000000000000000000e+00
-1.376262829962537637e+01 2.589197540271304732e+01 4.000000000000000000e+00
1.067256290971892341e+01 -4.976141569985347246e+01 2.000000000000000000e+00
-5.215678121816034718e+01 2.078224924028113207e+01 3.000000000000000000e+00
-2.928764412920312310e+01 7.039685796834303844e+00 3.000000000000000000e+00
9.857148506799171983e+00 6.460206139804295589e+00 3.000000000000000000e+00
-1.510824734069434605e+01 2.045031805694447513e+01 4.000000000000000000e+00
-4.351571262139219698e+01 1.139383014251756876e+01 9.000000000000000000e+00
-3.199070024328420914e+01 1.528418278939393282e+01 3.000000000000000000e+00
-6.142302743819047173e+00 9.537422555015387715e+00 6.000000000000000000e+00
6.299459493483199779e+00 -2.851957990735882831e+01 5.000000000000000000e+00
-5.342262858193409869e+01 -1.005669857459783501e+01 3.000000000000000000e+00
1.819417321361931172e+01 -3.950372621925735928e+01 2.000000000000000000e+00
1.681848373627977722e+01 -1.538598493623953090e+01 4.000000000000000000e+00
-6.874993817918089167e-01 -4.381576661962351693e+01 2.000000000000000000e+00
-3.610656358964892121e-02 -4.140414056806697829e+01 2.000000000000000000e+00
1.444048308747274767e+01 8.114336598251986388e+00 2.000000000000000000e+00
-1.858634108643059335e+01 -4.134701333364953157e+00 3.000000000000000000e+00
4.584174184360540139e+00 -4.890779625072434555e+01 2.000000000000000000e+00
-1.108149721349977668e+01 -2.740804771915653149e+01 2.000000000000000000e+00
-1.009879019891840457e+01 -5.486716312084878666e+01 2.000000000000000000e+00
-1.949894208532466777e+01 1.640991016111831868e+01 3.000000000000000000e+00
-3.469614080285229107e+01 2.690714739238174502e+01 4.000000000000000000e+00
-1.669342489858657785e+01 -2.684812782006050114e+01 2.000000000000000000e+00
-2.598434662719992971e+01 1.931961735608206610e+01 3.000000000000000000e+00
-1.299197564072992783e+01 -5.339102240730459670e+01 2.000000000000000000e+00
-3.211274037985167240e+01 -3.078992678581429843e+01 5.000000000000000000e+00
2.158427181289113150e+00 -2.426312281954006522e+01 4.000000000000000000e+00
-1.227618883546088213e+01 1.926124074278888187e+01 4.000000000000000000e+00
-7.017128023743847365e+00 -3.210952541061871557e+01 7.000000000000000000e+00
-1.099513411901204218e+00 2.654244296845036999e+01 9.000000000000000000e+00
-3.961714576726716786e+01 1.096629401123900394e+01 1.000000000000000000e+01
3.124700508170066726e+01 -4.603946576382202238e+01 2.000000000000000000e+00
