feature	score	p-value	#I-out-of-1	#O-out-of-425
PA14_30980	77.7147202922	1.19050797038e-18	6.45676965557	190.913636438
PA14_30990	59.3862621442	1.29570461584e-14	4.49980967033	122.445928984
PA14_03380	29.9490877516	4.43540514978e-08	7.14203657471	498.482685018
PA14_51560	22.9805479188	1.63648920836e-06	5.39362754635	372.118870573
PA14_13950	20.365890966	6.39597250875e-06	8.39705739018	847.285656139
PA14_13910	16.3949171387	5.1422940219e-05	4.81218435537	388.893633959
PA14_13890	16.3138636345	5.36698602651e-05	5.04342511692	422.245772873
PA14_32820	15.8466069899	6.86895884646e-05	7.53101633208	828.215910689
PA14_35850	15.1130650914	0.000101260055842	7.46794233229	840.328532723
PA14_35840	14.888895742	0.000114032252924	7.64348290708	879.357034063
PA14_24360	12.5913549487	0.000387535098033	6.6039438246	769.171278274
PA14_38180	12.5495086693	0.000396310490838	7.49498623395	938.796912634
PA14_51530,exoU	11.1262168595	0.000851160172689	9.34136863438	1394.03011914
PA14_31060	11.1025248534	0.000862102697774	7.49886973398	1003.20129267
PA14_48880,intT	10.9684129833	0.000926780964641	5.83188247728	684.570474831
PA14_51520,spcU	10.6084240618	0.00112573595787	8.21093973338	1177.51772603
PA14_13880	10.2952105057	0.00133375937552	3.43398720449	302.487656484
PA14_04710	10.273691055	0.00134940572929	6.12029741895	765.547795683
PA14_13900	9.46733133531	0.00209163436988	5.06259503303	596.203989025
PA14_31270	9.08808022967	0.00257280795573	3.98898404656	418.255141174
PA14_31050	8.65019502749	0.00327026350208	6.21060007702	857.535116332
PA14_31030	7.99711366461	0.00468519751885	5.15905529921	673.663431541
PA14_43100	7.84971133178	0.00508288225411	7.3238305662	1148.75100176
PA14_35830,tnpT	7.81477987284	0.00518206595706	7.69712131728	1237.58079844
PA14_31040	7.81165933769	0.00519102177189	5.16478597392	683.247591107
PA14_03390	7.80996003435	0.00519590533938	2.56494935746	223.626544576
PA14_31240	7.54263924237	0.00602557166167	5.7333412769	814.82216801
PA14_31010	6.7699428833	0.00927058017539	6.02344759296	924.080473125
PA14_35760	6.69021851829	0.00969433216063	7.83557924667	1358.84327528
PA14_13870	6.67974781175	0.0097514419978	5.00394630595	705.975291974
PA14_35800	6.65535082532	0.00988585054155	7.99125392984	1400.3824093
PA14_20600	6.53220661327	0.0105938455099	5.75257263883	878.259751453
PA14_22550	6.43710178239	0.011176084013	5.18738580584	758.863596291
PA2570.1a,tRNA-Leu	6.22781731425	0.0125758655547	4.21950770518	565.406683994
PA14_35770	6.15054436429	0.0131371658693	7.53369370985	1331.16752632
PA14_32810	5.97832029924	0.0144827890121	5.86078622347	940.329057087
PA14_15650	5.80511301731	0.0159796407315	4.8751973232	727.630585992
PA14_35810	5.70095809058	0.0169556549431	8.00336305863	1493.85119846
PA14_30690	5.58693515044	0.0180949300588	6.0185932145	1006.98867287
PA14_35820,tnpS	5.57822028905	0.0181851935883	7.26682734752	1316.72379509
PA14_15660	5.45290738595	0.0195357888848	4.47733681448	661.000483474
PA14_31260	5.38197477513	0.0203458355162	3.49650756147	458.280265495
PA14_49020	5.37117135627	0.0204722250978	6.736966958	1202.06782395
PA14_55060	4.99166136869	0.025469743818	6.52795791762	1184.69083742
PA14_31000	4.98150083254	0.0256197480911	3.82864139649	547.138558887
PA14_40470	4.95543889007	0.0260087221858	4.68213122712	738.679901309
PA14_48500	4.65414163381	0.0309787176918	5.45958551414	947.432580827
PA14_35790	4.65394931462	0.0309821882892	8.98582087448	1883.98860391
PA14_28980	4.51786429971	0.0335426778679	2.77258872224	352.464273925
PA14_03400	4.46115561014	0.0346740323525	1.60943791243	149.230202864
PA14_14300	4.44105578627	0.0350845444577	4.39444915467	708.037799764
PA14_15435	4.40896545102	0.0357505161852	5.17614973257	898.551295072
PA14_13940	4.35742287479	0.0368480090185	8.58914169073	1813.46594485
PA14_48950	4.30449593322	0.0380117584297	5.03695260241	873.179933035
PA14_13920	4.249816497	0.0392545718518	2.3978952728	291.064536723
PA14_22520	4.17893032505	0.0409295258496	3.80666248977	590.472465687
PA14_48450	4.12454418537	0.0422654051938	4.56434819147	772.637225545
PA14_10840	4.07274017201	0.0435805236183	4.49980967033	761.186234773
PA14_43090	4.06668844799	0.0437369392893	3.13549421593	448.793317149
PA14_31160	4.06084261706	0.0438885943058	4.80402104473	836.634721978
PA14_15630	3.95977379178	0.0465999651618	4.07753744391	668.808994989
PA14_15420	3.86354853543	0.0493458582061	4.06044301055	672.043273779
PA14_48940,coaB	3.84935791215	0.0497650385338	4.18965474203	704.129986125
PA14_15445,merE	3.83358120604	0.0502354903271	3.43398720449	528.497885936
PA14_03210	3.80731919823	0.0510290615206	0.0	1618.11065925
PA14_54050	3.75391202334	0.0526840714316	3.93182563272	649.780848279
PA14_15480,merR	3.71766349952	0.0538396612121	6.86275791305	1416.84787438
PA14_31230	3.69042427011	0.0547256940432	2.7080502011	378.094196198
PA14_30970,bphR	3.65945363835	0.0557519126287	5.94542060861	1172.81439878
PA14_36345,exoY	3.63051385792	0.0567292985038	0.69314718056	2091.15547353
PA14_31180	3.62141544419	0.0570403243003	4.75359019111	863.967232183
PA14_08270	3.55134786914	0.0594971016258	0.0	1509.32284438
PA14_01130	3.53585997097	0.0600551837425	4.51085950652	810.458984039
PA14_35780	3.43245559577	0.0639269837523	7.6624678152	1685.11310312
PA14_27990	3.41430958093	0.0646334448733	0.0	1451.0815719
PA14_14310	3.41089661043	0.0647672468291	4.20469261939	744.909970178
PA14_64430	3.35368440116	0.0670547711848	4.93447393313	937.907190397
PA14_15430,tnpR	3.3236673223	0.0682893383624	5.23110861685	1019.88011202
PA14_18960	3.31521531548	0.0686413284948	4.61512051684	858.595705175
PA14_31170	3.31219434382	0.0687676094979	2.77258872224	413.165100822
PA14_31350	3.3066720368	0.0689990928577	0.0	1405.33561564
PA14_18970,pldA	3.29587444486	0.0694541174373	6.49375383985	1370.8496499
PA14_22530	3.25671166369	0.0711316360096	3.33220451018	545.005978785
PA14_08200	3.24745511365	0.0715344440987	0.0	1380.1684233
PA14_15620	3.17746746223	0.0746603638617	3.17805383035	514.533209531
PA14_10830	3.17090650849	0.0749608297798	5.0106352941	978.344766398
PA14_48460	3.1447498712	0.0761716789126	4.04305126783	728.693068659
PA14_08280	3.07699096655	0.079407310873	0.0	1307.72116078
PA14_31090	3.06063841985	0.0802101487821	2.48490664979	364.845364432
PA14_42530,pcr2	3.04680636214	0.0808960734165	5.40717177146	1101.0665091
PA14_31280	3.03561432056	0.0814557109577	4.81218435537	940.709442155
PA14_08210	2.92832862972	0.0870375564638	0.69314718056	1785.59686835
PA14_22510	2.83404350595	0.0922857356058	2.56494935746	396.663852719
PA14_33310	2.71952686436	0.0991273946943	0.0	1155.79891735
PA14_20550	2.7058076974	0.0999834329108	0.0	1149.9682714
PA14_10980	2.6994726965	0.100381441239	4.2341065046	824.444823654
PA14_53650	2.68543796	0.101269379462	0.0	1141.311133
PA14_58940	2.63922281416	0.1042545334	3.04452243772	524.605083634
PA14_30850,trbI	2.60755046957	0.106355929555	5.36597601502	1149.3273926
PA14_72650	2.60216199006	0.106718045266	6.84374994901	1582.72336269
