feature	score	p-value	#I-out-of-5	#O-out-of-421
PA14_49040_4356317_G_A_A_T	187.952969121	8.8954125554e-43	3.0	1.0
PA14_63960_5699641_G_A_D_D	187.952969121	8.8954125554e-43	3.0	1.0
intergenic_5411483_G_T,C_none_none	168.4	1.65436717855e-38	2.0	0.0
PA14_35270_3137216_GAGGGCGGAGAGGGCG_GAGGGCGGAGAGGGCGGAGAGGGCG_none_none	168.4	1.65436717855e-38	2.0	0.0
intergenic_1540000_A_T_none_none	168.4	1.65436717855e-38	2.0	0.0
PA14_28830_2488273_G_A,C_none_none	168.4	1.65436717855e-38	2.0	0.0
PA14_55400_4923448_T_G_S_R	168.4	1.65436717855e-38	2.0	0.0
PA14_09300,pchH_796619_C_G_P_A	168.4	1.65436717855e-38	2.0	0.0
PA14_58970_5255398_T_TACGCAAAAGCCCACCGTTTA,TACGCAAAA_none_none	168.4	1.65436717855e-38	2.0	0.0
PA14_28820_2486310_C_A_R_R	168.4	1.65436717855e-38	2.0	0.0
intergenic_4045252_C_CCACGCCCACAC_none_none	168.4	1.65436717855e-38	2.0	0.0
PA14_59940_5338533_A_G_T_A	168.4	1.65436717855e-38	2.0	0.0
PA14_40240_3585895_TGGGGG_TGGGG_none_none	168.4	1.65436717855e-38	2.0	0.0
PA14_57760,algW_5143842_G_A_E_K	168.4	1.65436717855e-38	2.0	0.0
intergenic_1539999_A_T_none_none	168.4	1.65436717855e-38	2.0	0.0
PA14_39560_3521075_G_T_R_R	168.4	1.65436717855e-38	2.0	0.0
PA14_28820_2486309_A_G_A_A	168.4	1.65436717855e-38	2.0	0.0
PA14_39560_3521060_C_G_T_T	168.4	1.65436717855e-38	2.0	0.0
intergenic_1540001_A_T_none_none	168.4	1.65436717855e-38	2.0	0.0
PA14_59540_5298058_G_T_S_S	168.4	1.65436717855e-38	2.0	0.0
intergenic_3609962_CC_C_none_none	168.4	1.65436717855e-38	2.0	0.0
PA14_28840_2490295_A_G_Q_R	149.169501188	2.63323890292e-34	3.0	2.0
PA14_28840_2489985_A_C_R_R	149.169501188	2.63323890292e-34	3.0	2.0
PA14_28840_2489862_C_G_L_V	149.169501188	2.63323890292e-34	3.0	2.0
PA14_28830_2488582_T_C_R_R	149.169501188	2.63323890292e-34	3.0	2.0
PA14_28830_2488595_C_G_Q_E	149.169501188	2.63323890292e-34	3.0	2.0
PA14_28830_2488597_A_G_Q_Q	149.169501188	2.63323890292e-34	3.0	2.0
PA14_28840_2489847_A_G_T_A	149.169501188	2.63323890292e-34	3.0	2.0
PA14_28820_2487675_C_T_L_F	149.169501188	2.63323890292e-34	3.0	2.0
PA14_28830_2488594_C_T_A_A	149.169501188	2.63323890292e-34	3.0	2.0
PA14_28840_2489870_A_T_V_V	149.169501188	2.63323890292e-34	3.0	2.0
PA14_28840_2489858_T_A_A_A	123.317814727	1.18809417739e-28	3.0	3.0
PA14_28820_2486379_C_A_L_M	123.317814727	1.18809417739e-28	3.0	3.0
PA14_28840_2489840_C_T_N_N	123.317814727	1.18809417739e-28	3.0	3.0
PA14_28840_2489443_C_G_T_R	123.317814727	1.18809417739e-28	3.0	3.0
PA14_28840_2489444_A_T_T_T	123.317814727	1.18809417739e-28	3.0	3.0
PA14_28820_2486342_T_C_G_G	123.317814727	1.18809417739e-28	3.0	3.0
PA14_28820_2486294_C_T_S_S	123.317814727	1.18809417739e-28	3.0	3.0
intergenic_4321008_G_A_none_none	123.317814727	1.18809417739e-28	3.0	3.0
PA14_28820_2486372_C_T_Y_Y	123.317814727	1.18809417739e-28	3.0	3.0
PA14_28820_2486354_G_A_P_P	123.317814727	1.18809417739e-28	3.0	3.0
PA14_28820_2486303_T_G_P_P	123.317814727	1.18809417739e-28	3.0	3.0
PA14_28820_2486381_G_C_L_L	123.317814727	1.18809417739e-28	3.0	3.0
PA14_28840_2489789_G_T_P_P	123.317814727	1.18809417739e-28	3.0	3.0
PA14_59540_5298040_C_T_A_A	123.317814727	1.18809417739e-28	3.0	3.0
PA14_28820_2486351_C_G_A_A	123.317814727	1.18809417739e-28	3.0	3.0
PA14_28820_2486357_T_C_H_H	123.317814727	1.18809417739e-28	3.0	3.0
PA14_28820_2486360_C_G_A_A	123.317814727	1.18809417739e-28	3.0	3.0
PA14_28840_2489852_C_G_S_R	123.317814727	1.18809417739e-28	3.0	3.0
PA14_17780_1527729_C_G_A_A	110.937292162	6.10722789261e-26	2.0	1.0
PA14_61200_5459728_C_T_Q_Q	110.937292162	6.10722789261e-26	2.0	1.0
intergenic_386211_G_A_none_none	110.937292162	6.10722789261e-26	2.0	1.0
PA14_15230,xseA_1290888_C_T_K_K	110.937292162	6.10722789261e-26	2.0	1.0
PA14_17660_1518572_G_A_L_L	110.937292162	6.10722789261e-26	2.0	1.0
PA14_17420,ispF_1495432_C_T_H_Y	110.937292162	6.10722789261e-26	2.0	1.0
PA14_04510_401459_C_T_R_H	110.937292162	6.10722789261e-26	2.0	1.0
PA14_11050,moaF_956218_C_A_A_S	110.937292162	6.10722789261e-26	2.0	1.0
PA14_16200_1384229_C_A_G_G	110.937292162	6.10722789261e-26	2.0	1.0
intergenic_5052305_C_CAGC_none_none	110.937292162	6.10722789261e-26	2.0	1.0
PA14_46180,yjiJ_4107145_G_A_R_H	110.937292162	6.10722789261e-26	2.0	1.0
PA14_38740_3454380_C_CGGTACGCGTTCTAGAG,CGCGTTCTAGAG,CGTTCTAGAG_none_none	110.937292162	6.10722789261e-26	2.0	1.0
PA14_68730,gshA_6129706_G_A_A_T	110.937292162	6.10722789261e-26	2.0	1.0
intergenic_3002846_C_A_none_none	110.937292162	6.10722789261e-26	2.0	1.0
PA14_49040_4356260_G_A_E_K	110.937292162	6.10722789261e-26	2.0	1.0
intergenic_1730957_C_T_none_none	110.937292162	6.10722789261e-26	2.0	1.0
PA14_27220,ohr_2365211_C_T_A_T	110.937292162	6.10722789261e-26	2.0	1.0
intergenic_5195018_A_G_none_none	110.937292162	6.10722789261e-26	2.0	1.0
PA14_50220,fleQ_4462185_A_G_C_R	110.937292162	6.10722789261e-26	2.0	1.0
intergenic_299869_T_C_none_none	110.937292162	6.10722789261e-26	2.0	1.0
intergenic_4090687_G_A_none_none	110.937292162	6.10722789261e-26	2.0	1.0
PA14_06930_600359_C_T_A_A	110.937292162	6.10722789261e-26	2.0	1.0
PA14_14930,engA_1267694_C_T_L_L	110.937292162	6.10722789261e-26	2.0	1.0
PA14_13680_1175425_C_T_G_D	110.937292162	6.10722789261e-26	2.0	1.0
PA14_28840_2489651_G_C,A_none_none	110.937292162	6.10722789261e-26	2.0	1.0
PA14_60770_5416002_C_T_L_L	110.937292162	6.10722789261e-26	2.0	1.0
PA14_50010,yliI_4446103_G_A_P_S	110.937292162	6.10722789261e-26	2.0	1.0
PA14_07300_628861_C_T_R_R	110.937292162	6.10722789261e-26	2.0	1.0
PA14_46450,aceK_4131864_C_T_D_D	110.937292162	6.10722789261e-26	2.0	1.0
PA14_38630,atoB_3446333_T_G_K_Q	110.937292162	6.10722789261e-26	2.0	1.0
intergenic_5421399_C_A_none_none	110.937292162	6.10722789261e-26	2.0	1.0
PA14_23510,uvrB_2046766_G_A_G_S	110.937292162	6.10722789261e-26	2.0	1.0
intergenic_1284153_C_T_none_none	110.937292162	6.10722789261e-26	2.0	1.0
intergenic_6177868_C_A_none_none	110.937292162	6.10722789261e-26	2.0	1.0
PA14_21490_1864926_G_A_A_T	110.937292162	6.10722789261e-26	2.0	1.0
PA14_09630_828003_C_T_G_D	110.937292162	6.10722789261e-26	2.0	1.0
PA14_42050_3750125_G_A_A_V	110.937292162	6.10722789261e-26	2.0	1.0
intergenic_1620174_G_T_none_none	110.937292162	6.10722789261e-26	2.0	1.0
intergenic_2926694_C_T_none_none	110.937292162	6.10722789261e-26	2.0	1.0
intergenic_1351367_A_G_none_none	110.937292162	6.10722789261e-26	2.0	1.0
PA14_46300_4119106_G_A_D_N	110.937292162	6.10722789261e-26	2.0	1.0
PA14_36400_3242872_CCAC_CCACGCTCCCCAC_none_none	110.937292162	6.10722789261e-26	2.0	1.0
intergenic_1077936_G_A_none_none	110.937292162	6.10722789261e-26	2.0	1.0
PA14_33050_2893868_G_A_N_N	110.937292162	6.10722789261e-26	2.0	1.0
PA14_37915_3384656_CTGCTCGCCA_C_none_none	110.937292162	6.10722789261e-26	2.0	1.0
PA14_45880_4076479_C_T_V_V	110.937292162	6.10722789261e-26	2.0	1.0
PA14_12670_1087607_C_T_G_S	110.937292162	6.10722789261e-26	2.0	1.0
intergenic_5362562_T_C_none_none	110.937292162	6.10722789261e-26	2.0	1.0
intergenic_2053711_T_C_none_none	110.937292162	6.10722789261e-26	2.0	1.0
PA14_22075_1919076_G_A_G_G	110.937292162	6.10722789261e-26	2.0	1.0
intergenic_1991937_G_A_none_none	110.937292162	6.10722789261e-26	2.0	1.0
