feature	score	p-value	#I-out-of-6	#O-out-of-420
PA14_31010	66.3319227327	3.81037413598e-16	42.3697168572	887.734203861
PA14_13950	56.9181156479	4.54341191772e-14	38.0577943045	817.624919225
PA14_31000	49.9620870474	1.56745529287e-12	27.3113199396	523.655880344
PA14_31030	46.7060143622	8.24754958182e-12	30.5432812454	648.279205595
PA14_31050	45.4872311279	1.53637161237e-11	35.5230411492	828.22267526
PA14_31040	45.482454023	1.54012335923e-11	30.5474320952	657.864944986
PA14_35750,tpnC	41.7968179319	1.01268094584e-10	26.463537297	551.766330029
PA14_35760	41.7913414702	1.01552137385e-10	47.4112294877	1319.26762504
PA14_35800	40.4291051605	2.03881205638e-10	47.9550423399	1360.41862089
PA14_31060	39.90143044	2.671075159e-10	37.8996448314	972.800517571
PA14_08320	39.5506669676	3.19657234261e-10	37.8721345375	975.810129169
PA14_35740,tpnA	38.9525792863	4.34226193847e-10	48.8868147986	1420.46466236
PA14_13920	37.4124352205	9.56105726355e-10	16.4806565983	276.981775397
PA14_46570	36.2020978025	1.77878973056e-09	24.1388344559	517.808236209
PA14_35770	35.14075023	3.06714810573e-09	44.4136029202	1294.28761711
PA14_35810	35.0623468783	3.19315856534e-09	48.1940276621	1453.66053385
PA14_35820,tnpS	32.9766634216	9.32717421134e-09	43.270501051	1280.72012138
PA14_35850	32.5473246196	1.16325154076e-08	31.5154506881	816.281024367
PA14_35830,tnpT	31.4862096515	2.00861727984e-08	40.8728469425	1204.40507282
PA14_13900	31.4361946542	2.0610281638e-08	24.6694452536	576.597138805
PA14_31240	31.3271012391	2.18014959325e-08	30.4502866771	790.10522261
PA14_35840	30.2370667191	3.82332242472e-08	31.7914153758	855.209101595
PA14_46620	28.0064451384	1.20912069324e-07	22.1048466568	518.171723989
PA14_35790	26.2317232096	3.02807101547e-07	52.9205071282	1840.05391766
PA14_46600	25.9516984622	3.50067307157e-07	17.0243133397	361.960464068
PA14_13910	25.130535306	5.35777187316e-07	17.2664976041	376.43932071
PA14_30970,bphR	24.5357570538	7.29435344371e-07	36.6424977206	1142.11732167
PA14_13890	24.4224686971	7.73611587235e-07	18.0559379134	409.233260076
PA14_15460,merA	22.9253627547	1.68414955875e-06	40.24799741	1332.90586756
PA14_69510	22.1038486048	2.58291390141e-06	27.1493143372	781.725959564
PA14_08330	21.5981117726	3.36182637574e-06	30.7025333214	938.610212534
PA14_46590	19.5913790423	9.59009518511e-06	18.1907794102	461.921264001
PA14_35780	19.2791315033	1.12933976104e-05	45.129871905	1647.64569903
PA14_46610	19.0188068119	1.29436408628e-05	13.5564159424	301.405022659
PA14_69520	18.9080787719	1.3717054065e-05	27.5969667459	852.498818315
PA14_31280	18.5704923642	1.63735502237e-05	28.9320666939	916.589559817
PA14_48950	18.3919776656	1.7981344138e-05	27.3455949179	850.87129072
PA14_30870,trbF	18.3217101213	1.8656886829e-05	20.9860904877	586.414638304
PA14_30860,trbG	17.1286193235	3.49319473246e-05	26.0643731125	818.317138152
PA14_13870	16.9755251303	3.78647937346e-05	22.9596471254	688.019591154
PA14_13880	16.9481683333	3.84143654171e-05	12.7938593104	293.127784378
PA14_30900,trbJ	16.8622245345	4.01936091969e-05	25.352225472	792.268969265
PA14_03190	16.4984372689	4.86901888208e-05	8.63479843349	2202.40687331
PA14_30910,trbE	15.7818220987	7.10821799134e-05	29.7858346243	1012.14076396
PA14_51520,spcU	15.5956469639	7.84349512254e-05	32.7249237159	1153.00374205
PA14_48940,coaB	14.6501739309	0.000129422700319	21.9803527921	686.339288075
PA14_15430,tnpR	14.6444460092	0.000129816617961	0.0	1025.11122064
PA14_51530,exoU	14.3246871221	0.00015383419434	36.473607152	1366.89788063
PA14_07300	14.2439294031	0.000160577928516	25.7860406938	863.423735626
PA14_27990	13.9980854781	0.00018299687074	37.232416595	1413.8491553
PA14_10270,acoX	13.842949058	0.000198741064541	25.0764093051	839.85661609
PA14_31230	13.7517628493	0.000208624937936	13.8908703177	366.911376081
PA14_08310	13.6397565784	0.000221446143203	38.5450554023	1490.06141153
PA14_32850	12.9889231859	0.000313339117146	16.2280185431	470.631088338
PA14_53660	12.213249848	0.000474513037264	35.0570399723	1361.36365678
PA14_03200	12.1099454198	0.000501536034233	14.0154264232	2416.4543437
PA14_31180	11.9140290334	0.000557127696236	24.2238738709	844.496948503
PA14_20600	11.5086878735	0.000692716587001	24.3367960009	859.675528091
PA14_24360	11.1838910375	0.00082510556353	21.902689301	753.872532798
PA14_04710	11.0238299015	0.000899480376433	0.0	771.668093102
PA14_03210	10.99862903	0.000911793070447	7.06987412846	1611.04078512
PA14_08200	10.0823298729	0.00149697929426	33.3397077346	1346.82871556
PA14_53620	10.0057298786	0.00156053931762	27.2282004635	1040.9966586
PA14_30940,trbB	9.96018797632	0.00159961721142	20.3945502809	712.693099854
PA14_30880,trbL	9.90706401595	0.00164645569818	19.043942655	651.270185936
PA14_31150	9.87923721442	0.00167154219414	15.9694100106	513.024746077
PA14_59380	9.87175609332	0.00167835240781	42.9104277491	1857.70645273
PA14_29330	9.72002501185	0.00182271036086	1.38629436112	864.683255063
PA14_10260,acoA	9.58367072046	0.00196315518942	32.9200984535	1343.48498269
PA14_10830	9.52807260008	0.0020235251963	25.2564723143	958.098929377
PA14_31100	9.39077365561	0.00218080156398	13.5076257782	414.874806477
PA14_49540	9.0680080593	0.00260120272254	21.0016989978	764.154296932
PA14_30690	8.92087224937	0.0028192983002	25.4698380574	987.537428027
PA14_30960,traG	8.87103865468	0.00289730249997	24.1594168407	923.884980865
PA14_30850,trbI	8.86307673962	0.00290996679697	28.184384984	1126.50898363
PA14_13940	8.81482767979	0.00298792427155	40.5968229754	1781.45826357
PA14_30890	8.81395639113	0.00298935137363	4.56434819147	84.7543460732
PA14_31220	8.72821861877	0.00313322467911	7.49554194388	183.280181025
PA14_32810	8.69355732237	0.00319336770335	2.63905732962	943.550785981
PA14_50330	8.68882335637	0.003201672475	1.38629436112	791.466151804
PA14_50320	8.57493849186	0.00340821470276	0.69314718056	694.49555303
PA14_53650	8.50930633748	0.00353334727353	27.6876803877	1113.62345261
PA14_50310	8.3901273177	0.00377264482997	0.69314718056	681.492364078
PA14_28750	8.2280609144	0.00412475773017	3.04452243772	956.548780299
PA14_31170	8.2105799099	0.00416468388855	12.7446690662	403.193020478
PA14_58980	7.89313052097	0.00496229012068	26.8009772684	1090.39996673
PA14_58920	7.72922119632	0.00543341805958	33.1229235991	1429.13854144
PA14_08250	7.66628533426	0.0056262166508	22.8975094369	899.33102814
PA14_08240	7.66554731646	0.00562851842271	36.248842817	1600.31619106
PA14_10840	7.62460946631	0.00575771362937	19.788089744	745.8979547
PA14_30950	7.55056355546	0.00599913097753	14.3830945155	490.328491067
PA14_08280	7.44300226702	0.00636835671209	30.0443938472	1277.67676694
PA14_69540	7.40883052877	0.00649045001555	11.7125956601	373.130515578
PA14_59630	7.39199826942	0.00655146641684	0.69314718056	611.215584114
PA14_49510,pyoS3I	7.38944648563	0.0065607675436	1.79175946923	748.324501628
PA14_10280	7.30736683179	0.00686724831017	22.8295930676	908.03423768
PA14_10250,acoB	7.22474549422	0.0071905366192	30.6295869746	1318.16130762
PA14_55410	7.11544761506	0.00764225200517	3.98898404656	978.921063128
PA14_31070	7.00021599308	0.00814998816361	22.1835241599	885.814052516
PA14_58970	6.99610356704	0.00816873315542	33.1900798419	1466.35328653
