feature	score	p-value	#I-out-of-8	#O-out-of-468
CAAA	0.000471853719665	0.982669559559	0.0686409970624	3.69325422974
GGGGGGGGG	0.000381772371361	0.984411128528	9.45755848648e-05	0.0325227723628
GGGGGGGG	0.00032306664961	0.985659551256	0.000188759290128	0.0378575817008
CCATTAGTC	0.000257930620418	0.987186350403	9.12947043597e-05	0.00110036069606
TAAA	0.000252415927228	0.987324060175	0.0306624050696	1.63683413562
CTAA	0.000243340179645	0.987554012502	0.0204750350792	1.07302417545
CCAA	0.000234628089688	0.987778821675	0.189322193012	10.6889388985
GGGGGGG	0.000218902844204	0.988195436867	0.000775895752131	0.0769361578436
AATC	0.000210616388948	0.988421004157	0.114166719628	6.39554549475
CAAG	0.000200427937522	0.988704520208	0.303968768655	17.327497752
AAAC	0.000200149386497	0.988712371537	0.115203674886	6.46190877588
TTAA	0.000190333997593	0.988992607078	0.0207210360704	1.10045002885
ACCATTAGT	0.000177790195676	0.989361482882	7.3626270517e-05	0.000986532014271
GGTTTATAC	0.000173287041731	0.989497067786	6.20603418611e-05	0.00075411220141
AAAT	0.000172948009727	0.989507346593	0.0854341414849	4.77611688748
CAAAC	0.00016280248165	0.989819741921	0.0194017729337	1.0348029769
TCAAA	0.000161479681425	0.989861182278	0.0134631753885	0.705200949953
AAAG	0.000159249279542	0.989931442076	0.112863551739	6.35701038053
TTTA	0.000157246639309	0.989994947637	0.0304095472355	1.65446342953
CGTGTAAGA	0.000152643547829	0.990142467021	2.94632510172e-05	0.000222781500113
GTAA	0.000151222641596	0.990188452159	0.047223557905	2.60927839923
GCAAA	0.000150990890181	0.990195972849	0.0281266965658	1.52816552135
AAAA	0.000148566111811	0.990275009478	0.100524337003	5.65697941032
TTTACACGG	0.000148160465727	0.990288294492	8.88389830017e-05	0.00149360972967
TGGTTTATA	0.000147983523693	0.990294095086	5.58116355817e-05	0.000702614353863
TTACACGGT	0.000143561203218	0.990440213019	8.87876016788e-05	0.00151921859965
TACACGTAA	0.000140577918574	0.990540058721	7.87444147262e-05	0.00127273522295
CCTAGATTA	0.000134520945568	0.99074608981	2.18355797237e-05	0.00014197937966
ACCGTGTAA	0.000132843217149	0.990803975103	0.000103005550062	0.00199141701796
GCAA	0.000130949233926	0.990869762722	0.324599836403	18.608254894
ATGTTAAAG	0.000130322078734	0.990891651735	4.77518855452e-05	0.000589437148909
ACTAGGATA	0.000128335566968	0.990961335027	4.08999677926e-05	0.000457763265597
CGTGTAAAA	0.00012831581104	0.990962030729	0.000109091283218	0.00220975072814
TTACTAACG	0.000128026223375	0.990972234658	4.60853188391e-05	0.000561969596196
GGCG	0.000127459383151	0.990992241338	1.42913370113	84.404325495
TAAC	0.000127398727935	0.990994384803	0.0386008730536	2.13099136103
TCCTAACAT	0.000126235816601	0.991035579477	4.55001478218e-05	0.000555332932742
CCAAG	0.000124331773568	0.991103439703	0.0698399062547	3.91538134231
TTTTACACG	0.000123594057329	0.991129871524	8.82408533014e-05	0.001633662799
TAAT	0.000122421273503	0.991172054428	0.0298882998469	1.63913595504
CTCC	0.00012202538928	0.991186339249	0.303318023132	17.3887251339
CAAT	0.000121084375547	0.991220387455	0.110242767101	6.23716077894
ATACTACGC	0.000120127548968	0.991255143758	4.57456796744e-05	0.00057967244202
TAATACAGT	0.00011824845873	0.991323806149	3.93394120235e-05	0.0004540028417
CACA	0.000117657235323	0.991345522267	0.113244236134	6.4128473719
TCAA	0.000117211171264	0.991361942704	0.18066865136	10.3010275824
TGTATACTA	0.000115582075601	0.991422179774	3.60333299491e-05	0.000396938341203
ATACTATGT	0.000115099201498	0.991440115874	3.14755987678e-05	0.000314666387188
CCAAA	0.00011405654802	0.991478973469	0.0146039212263	0.781449270137
CTAAA	0.000113585004446	0.991496605269	0.00541949319004	0.273954800362
ACCACAGAA	0.000113557781613	0.991497624293	9.61420391806e-05	0.00194341069994
ATTA	0.000112833939415	0.991524764594	0.0301952654316	1.66077396205
CAAAT	0.000112375090892	0.991542014124	0.0121518760921	0.645149946343
ACAA	0.00011139856804	0.99157884226	0.133457449022	7.58301353074
TAAG	0.00011016685297	0.991625525603	0.0289892035751	1.59360771685
CAAAG	0.000109256456458	0.991660198599	0.0218610570449	1.19083244922
AAGC	0.000109172476014	0.991663404311	0.308285743901	17.6956237219
AATG	0.000107096625181	0.991743039587	0.111677359122	6.33219800353
TAAAT	0.000106692427026	0.991758635243	0.00669305743033	0.344711258917
CCCC	0.0001051944634	0.991816692163	0.233265538293	13.3568422893
ACTAGAGAG	0.000104470704829	0.991844891151	6.91907300988e-05	0.00122992710902
GTATTAGAC	0.000103935432815	0.991865809244	2.20915052892e-05	0.000181031798267
CACT	0.000103549322792	0.991880931643	0.127114592392	7.22516473111
TCCTAAGTG	0.000103389398802	0.991887203489	4.22875874594e-05	0.000562017227604
TTACTAAC	0.000102174312492	0.991935015669	6.82030128823e-05	0.00121760150621
ATTTAGATC	0.000102083215939	0.991938611637	6.00098884692e-05	0.000997523078834
TACGTTAGG	0.000100868237458	0.991986726303	4.68123780345e-05	0.000674887030378
CCGTGTAAA	0.00010066704082	0.991994721854	9.76210187035e-05	0.00210734561651
CTAAC	0.000100261354964	0.992010868142	0.00546514231428	0.278873028882
CTAAGTGAT	9.91249698091e-05	0.992056270984	4.64328406385e-05	0.000673334498289
TTAG	9.89080394248e-05	0.992064967699	0.0193756985655	1.05464675364
GAAA	9.66634587486e-05	0.992155518734	0.214202458221	12.265196187
AGCAA	9.61755384879e-05	0.992175341119	0.064907221633	3.65245273286
TCTG	9.5823472104e-05	0.992189675517	0.213425933072	12.2213989723
CAAAA	9.51105458311e-05	0.992218783228	0.0152262909917	0.822467244987
ACTAA	9.42328696211e-05	0.99225476768	0.00369637196215	0.184065412818
GCTAGTACC	9.28158798286e-05	0.992313219386	4.55619022358e-05	0.000680222828416
GTTAGGGCG	9.26863397329e-05	0.992318585187	7.39728091131e-05	0.00145145621685
TATTCGTAA	9.24004340911e-05	0.99233044124	5.12389335781e-05	0.000823278812233
CTAATTCGT	9.14293952838e-05	0.99237084625	4.90687759533e-05	0.000773279900418
ATTACTAAC	9.13842326475e-05	0.992372730681	4.95991310546e-05	0.00078688281754
GCAAAC	9.13171313653e-05	0.992375531371	0.00819617227395	0.431036391048
CTCA	9.10545647591e-05	0.992386500349	0.167821451294	9.58957541001
ACTTTAGAT	9.02505317801e-05	0.992420188355	5.74505394481e-05	0.000999067063316
TTTACACGT	8.98334324904e-05	0.992437723434	5.79059657375e-05	0.00101403573588
TTACAGTAC	8.92123890505e-05	0.992463908047	5.52068424267e-05	0.00094493810844
CCCAA	8.88937379762e-05	0.992477378489	0.0302094299848	1.67313536371
CTTTAGATG	8.85162599532e-05	0.992493367024	5.70496906941e-05	0.000998970479373
CGTGTAAA	8.83273311961e-05	0.992501382131	0.000132814549542	0.00346061551305
TTTG	8.71355135833e-05	0.992552142613	0.0676354007416	3.81597125071
CAAGC	8.70185219273e-05	0.992557144044	0.101168251916	5.74581860824
TAAGACGTA	8.66022949476e-05	0.9925749652	3.19012377436e-05	0.000395213986059
CATCTTAAG	8.65907342338e-05	0.992575460793	2.93137089917e-05	0.000342487971686
TGCACTTAT	8.61009063793e-05	0.992596489597	6.53451773702e-05	0.00124935996161
ATAA	8.48866406266e-05	0.992648878673	0.0397211524906	2.21780734882
CAAACA	8.47947206601e-05	0.99265285974	0.00372306826633	0.187038013458
CGTCA	8.42001063762e-05	0.992678664868	0.0681883461459	3.85009272469
CTAGACATC	8.3966599443e-05	0.992688823534	4.90168251839e-05	0.000811519176074
CGTAA	8.37860351586e-05	0.992696688631	0.0120933861778	0.650475629579
CTAG	8.33334902213e-05	0.992716438101	0.0301948429088	1.67521770999
