feature	score	p-value	#I-out-of-1	#O-out-of-425
PA14_22230	26.1485984024	3.16126489156e-07	5.38907172982	337.704104534
PA14_22080	24.8538186074	6.18464112841e-07	6.38856140555	470.572359929
PA14_49510,pyoS3I	24.5265717711	7.32920877801e-07	8.32482129877	741.791439798
PA14_22210	24.0301788185	9.48375199026e-07	4.93447393313	308.371080285
PA14_22270	23.7599800407	1.09128046601e-06	7.32909373625	612.685455694
PA14_22190	23.334750915	1.36118365692e-06	5.73979291218	409.678715714
PA14_46570	22.0274456117	2.68779486734e-06	6.55961523749	535.387455427
PA14_22250	20.8215232956	5.0413222456e-06	4.63472898823	307.580624023
PA14_22220	19.8466560135	8.39093900236e-06	4.59511985013	313.896090501
PA14_22240	19.5498642332	9.80077016585e-06	4.63472898823	322.103839694
PA14_46610	19.0577230859	1.26823473923e-05	4.48863636973	310.472802231
PA14_46620	18.7403593352	1.49778639111e-05	6.13772705409	534.138843592
PA14_22120	18.4897318362	1.70822143082e-05	5.4161004022	437.092536542
PA14_22100	18.2946218368	1.89240675576e-05	4.46590811865	317.011822545
PA14_59630	18.2447059614	1.9426513077e-05	6.54965074223	605.359080553
PA14_22090	17.6829057565	2.60961293258e-05	4.94875989038	386.984856014
PA14_59610	17.2778830936	3.22923711679e-05	6.00881318544	544.027062799
PA14_29330	17.1398528214	3.47259596399e-05	7.92912648731	858.140422936
PA14_59620	16.9501046681	3.8375203988e-05	6.20455776257	580.715109792
PA14_22180	16.6623273703	4.46591337463e-05	3.66356164613	240.928935079
PA14_22110	15.8354985992	6.90940050141e-05	4.56434819147	364.286066693
PA14_22140	14.6701520493	0.0001280581694	4.36944785247	356.672393258
PA14_46600	12.9254810333	0.000324139347407	4.27666611902	374.708111288
PA14_22260	12.5556692377	0.000395006110221	3.49650756147	272.481840221
PA14_43100	12.3348937425	0.000444569410165	8.49269555982	1147.58213676
PA14_46590	10.37988039	0.00127395947516	4.54329478227	475.568748629
PA14_51520,spcU	9.07081337613	0.00259721518323	7.80220931625	1177.92645645
PA14_22160	8.51505961334	0.00352219385673	2.7080502011	231.089604907
PA14_30690	8.02670505826	0.00460926136538	6.74170069465	1006.26556539
PA14_13220	7.71658985268	0.00547156525145	4.39444915467	536.171047048
PA14_04710	7.64925041035	0.00567959163046	5.52942908751	766.138664014
PA14_20600	7.50217536387	0.00616245132532	6.0161571597	877.996166932
PA14_46580	7.44980682423	0.00634432577553	2.83321334406	271.735924788
PA14_22550	7.27969351579	0.00697384335877	5.40267738187	758.648304715
PA14_22130	7.23230166912	0.00716033476134	2.8903717579	286.032741261
PA14_15445,merE	7.22382499276	0.00719422472611	4.24849524205	527.683377898
PA14_13200	6.9766496537	0.00825800632376	4.85981240436	660.665979586
PA14_51530,exoU	6.8539369084	0.00884461661197	8.0404468813	1395.3310409
PA14_54050	6.58459426013	0.0102865059253	4.70953020131	649.00314371
PA14_59780,rcsC	6.48919277066	0.0108532249417	1.94591014906	159.577996198
PA14_24360	6.38037893402	0.0115388792967	5.22574667371	770.549475425
PA14_31260	6.27449967264	0.0122487700699	3.68887945411	458.087893602
PA14_01130	6.24679205537	0.0124418435163	5.36597601502	809.60386753
PA14_59400	5.89337348529	0.0151979592983	0.0	2504.68373125
PA14_14310	5.87829462958	0.015328661615	4.96981329958	744.144849498
PA14_47640	5.79865667748	0.0160384233433	8.67897184698	1660.41817711
PA14_33980	5.63859484314	0.0175692826277	5.17048399504	804.505587204
PA14_15435	5.63857054387	0.0175695261371	5.57594910315	898.151495702
PA14_07480	5.44620550894	0.019610876808	9.28859686994	1864.86850978
PA14_43090	5.17505586336	0.0229134347554	3.40119738166	448.527613983
PA14_59800	5.1646275777	0.0230513995356	1.38629436112	105.288064138
PA14_15450,merD	5.01571098224	0.0251183124974	4.35670882669	660.823985173
PA14_18960	4.9950115604	0.0254204837337	5.20400668708	858.006819005
PA14_18970,pldA	4.90676632898	0.0267516785453	7.21155673331	1370.131847
PA14_28250	4.6232052845	0.0315422435962	6.133398043	1119.50646407
PA14_40110	4.60756450951	0.0318312104421	5.88332238849	1057.43022441
PA14_13210	4.58940515392	0.0321701772536	2.07944154168	222.263761244
PA14_40100	4.55117876604	0.0328960918333	7.20860033796	1408.72935394
PA14_01770	4.53494286716	0.0332095653797	3.73766961828	552.812772159
PA14_15475,merT	4.5337596315	0.0332325322535	6.32793678373	1178.45038428
PA14_33970	4.52681305514	0.033367701913	5.5568280617	982.74389435
PA14_49520,pyoS3A	4.25906090502	0.0390414985466	9.15725600088	1989.69638556
PA14_53570	4.2202332715	0.0399446688348	4.66343909411	788.914669681
PA14_40470	4.18030071228	0.0408964437369	4.44265125649	738.919381279
PA14_14300	4.15102933804	0.0416092224913	4.3040650932	708.128183826
PA14_59470	4.08987510372	0.0431408298577	0.0	1738.19691908
PA14_48500	4.07462019263	0.0435320516307	5.25227342805	947.639892913
PA14_59430	4.04665227401	0.0442590327657	0.0	1719.82721645
PA14_15470,merP	3.99885790668	0.0455311062641	5.4161004022	996.766462952
PA14_48450	3.93252701447	0.0473607264871	4.49980967033	772.701764066
PA14_59140	3.9207563407	0.0476934185305	0.0	1666.3214448
PA14_10830	3.89494646415	0.0484315827166	5.30330490806	978.052096784
PA14_34170	3.83436847432	0.0502119034126	5.40267738187	1009.86762512
PA14_01340	3.80988232443	0.0509510299704	5.99396142731	1168.43541052
PA14_59320,pilS2	3.80530899312	0.0510903484063	0.0	1617.25632208
PA14_22530	3.80104016348	0.0512207542446	3.49650756147	544.841675734
PA14_59150	3.79325088977	0.0514596119256	0.0	1612.13162815
PA14_31190	3.74027316658	0.0531157609197	5.80814248998	1126.71596578
PA14_48460	3.72558048663	0.0535849990492	4.24849524205	728.487624685
PA14_59180	3.70715005978	0.0541798258043	0.0	1575.53877541
PA14_59440	3.69636123343	0.054531269127	0.0	1570.95352421
PA14_22500	3.67019483676	0.0553937084229	3.21887582487	490.477784274
PA14_28240	3.55396163955	0.0594034636797	4.94164242261	918.916392282
PA14_58970	3.52833733263	0.0603282567806	0.0	1499.54336637
PA14_46560	3.52180381509	0.0605664965275	1.38629436112	135.888672564
PA14_59250,pilN2	3.51984460042	0.0606381327518	0.0	1495.93395518
PA14_58990	3.46422255278	0.0627099804732	0.0	1472.29458493
PA14_59735,cupD3	3.46248635259	0.0627758528837	1.09861228867	93.6027702874
PA14_59350,pilV2	3.4341764603	0.0638604158641	0.0	1459.52499563
PA14_55940	3.36943392752	0.0664165723987	5.28826703069	1029.94738771
PA14_24500,pelC	3.24949578315	0.0714454327254	3.85014760171	670.950634823
PA14_59270,pilO2	3.20077064797	0.0736035796545	0.0	1360.32752539
PA14_59500	3.19678265219	0.0737832876545	0.0	1358.63262718
PA14_10840	3.19153639768	0.0740204132483	4.18965474203	761.496389702
PA14_59380	3.19042453103	0.0740707735246	0.69314718056	1899.92373329
PA14_59480	3.18830996487	0.0741666510508	0.0	1355.03173507
PA14_35820,tnpS	3.11527205279	0.0775615255408	0.0	1323.99062243
PA14_59210	3.04217158953	0.0811273220132	0.0	1292.92292555
PA14_15460,merA	3.03486656716	0.0814932495365	6.34738920966	1366.80647576
PA14_46540	3.01150528777	0.0826754814815	1.60943791243	189.47453895
