feature	score	p-value	#I-out-of-1	#O-out-of-425
,,aofH_2	425.0	1.99137139773e-94	1.0	0.0
,,group_35975	425.0	1.99137139773e-94	1.0	0.0
,,aofH_1	425.0	1.99137139773e-94	1.0	0.0
,,group_35965	425.0	1.99137139773e-94	1.0	0.0
,,group_35977	425.0	1.99137139773e-94	1.0	0.0
,,group_35962	425.0	1.99137139773e-94	1.0	0.0
,,group_35971	425.0	1.99137139773e-94	1.0	0.0
,,group_35969	425.0	1.99137139773e-94	1.0	0.0
,,group_35972	425.0	1.99137139773e-94	1.0	0.0
,,group_35974	425.0	1.99137139773e-94	1.0	0.0
,,ywrD_3	425.0	1.99137139773e-94	1.0	0.0
,,group_35961	425.0	1.99137139773e-94	1.0	0.0
,,group_35976	425.0	1.99137139773e-94	1.0	0.0
,,group_35966	425.0	1.99137139773e-94	1.0	0.0
,,group_35968	425.0	1.99137139773e-94	1.0	0.0
,,group_35967	425.0	1.99137139773e-94	1.0	0.0
,,group_35963	425.0	1.99137139773e-94	1.0	0.0
PA14_31900,,mdtC	211.501176471	6.46185297787e-48	1.0	1.0
,,group_34123	211.501176471	6.46185297787e-48	1.0	1.0
,,group_13761	211.501176471	6.46185297787e-48	1.0	1.0
,,group_3139	140.336470588	2.24717043132e-32	1.0	2.0
,,group_18986	83.4075294118	6.67672055823e-20	1.0	4.0
,,group_11716	83.4075294118	6.67672055823e-20	1.0	4.0
,,puuB_11	83.4075294118	6.67672055823e-20	1.0	4.0
,,group_9996	69.1764705882	9.00358054148e-17	1.0	5.0
,,group_32165	69.1764705882	9.00358054148e-17	1.0	5.0
,,group_3854	59.0121008403	1.56705299416e-14	1.0	6.0
,,group_12501	59.0121008403	1.56705299416e-14	1.0	6.0
,,group_35612	51.3894117647	7.57459731405e-13	1.0	7.0
,,group_35611	51.3894117647	7.57459731405e-13	1.0	7.0
,,group_35619	51.3894117647	7.57459731405e-13	1.0	7.0
,,group_35624	51.3894117647	7.57459731405e-13	1.0	7.0
,,group_40106	51.3894117647	7.57459731405e-13	1.0	7.0
,,group_35621	51.3894117647	7.57459731405e-13	1.0	7.0
,,group_35614	51.3894117647	7.57459731405e-13	1.0	7.0
,,group_35613	51.3894117647	7.57459731405e-13	1.0	7.0
,,group_35602	51.3894117647	7.57459731405e-13	1.0	7.0
,,sigE	51.3894117647	7.57459731405e-13	1.0	7.0
,,group_35620	51.3894117647	7.57459731405e-13	1.0	7.0
,,nhaA_1	51.3894117647	7.57459731405e-13	1.0	7.0
,,group_35610	51.3894117647	7.57459731405e-13	1.0	7.0
,,group_35616	51.3894117647	7.57459731405e-13	1.0	7.0
,,group_35604	51.3894117647	7.57459731405e-13	1.0	7.0
,,group_35603	51.3894117647	7.57459731405e-13	1.0	7.0
,,group_35618	51.3894117647	7.57459731405e-13	1.0	7.0
,,group_35625	51.3894117647	7.57459731405e-13	1.0	7.0
,,group_35623	51.3894117647	7.57459731405e-13	1.0	7.0
,,sigL	51.3894117647	7.57459731405e-13	1.0	7.0
,,group_35609	51.3894117647	7.57459731405e-13	1.0	7.0
,,tetR_2	45.4611764706	1.55694558699e-11	1.0	8.0
,,group_26838	45.4611764706	1.55694558699e-11	1.0	8.0
,,group_26308	45.4611764706	1.55694558699e-11	1.0	8.0
,,group_33240	45.4611764706	1.55694558699e-11	1.0	8.0
,,group_35607	45.4611764706	1.55694558699e-11	1.0	8.0
,,group_35606	45.4611764706	1.55694558699e-11	1.0	8.0
,,group_8474	45.4611764706	1.55694558699e-11	1.0	8.0
,,group_35601	45.4611764706	1.55694558699e-11	1.0	8.0
,,group_19113	45.4611764706	1.55694558699e-11	1.0	8.0
,,group_2356	45.4611764706	1.55694558699e-11	1.0	8.0
,,group_35663	45.4611764706	1.55694558699e-11	1.0	8.0
,,group_35600	45.4611764706	1.55694558699e-11	1.0	8.0
,,bcr_3	45.4611764706	1.55694558699e-11	1.0	8.0
,,group_19112	45.4611764706	1.55694558699e-11	1.0	8.0
,,group_35664	45.4611764706	1.55694558699e-11	1.0	8.0
,,group_14348	45.4611764706	1.55694558699e-11	1.0	8.0
,,group_35665	45.4611764706	1.55694558699e-11	1.0	8.0
,,group_33239	45.4611764706	1.55694558699e-11	1.0	8.0
,,group_19116	45.4611764706	1.55694558699e-11	1.0	8.0
,,group_19117	45.4611764706	1.55694558699e-11	1.0	8.0
,,group_35599	45.4611764706	1.55694558699e-11	1.0	8.0
,,group_35656	40.7190588235	1.75764524096e-10	1.0	9.0
,,group_35658	40.7190588235	1.75764524096e-10	1.0	9.0
,,group_35650	40.7190588235	1.75764524096e-10	1.0	9.0
,,group_7436	40.7190588235	1.75764524096e-10	1.0	9.0
,,group_35631	40.7190588235	1.75764524096e-10	1.0	9.0
,,group_19073	40.7190588235	1.75764524096e-10	1.0	9.0
,,group_18973	40.7190588235	1.75764524096e-10	1.0	9.0
,,group_35648	40.7190588235	1.75764524096e-10	1.0	9.0
,,group_19072	40.7190588235	1.75764524096e-10	1.0	9.0
,,group_19115	40.7190588235	1.75764524096e-10	1.0	9.0
,,group_35630	40.7190588235	1.75764524096e-10	1.0	9.0
,,group_34823	40.7190588235	1.75764524096e-10	1.0	9.0
,,group_34824	40.7190588235	1.75764524096e-10	1.0	9.0
,,group_8344	40.7190588235	1.75764524096e-10	1.0	9.0
,,group_35626	40.7190588235	1.75764524096e-10	1.0	9.0
,,group_35627	40.7190588235	1.75764524096e-10	1.0	9.0
,,group_35649	40.7190588235	1.75764524096e-10	1.0	9.0
,,group_35660	40.7190588235	1.75764524096e-10	1.0	9.0
,,group_35634	40.7190588235	1.75764524096e-10	1.0	9.0
,,group_35629	40.7190588235	1.75764524096e-10	1.0	9.0
,,group_35644	40.7190588235	1.75764524096e-10	1.0	9.0
,,group_35654	40.7190588235	1.75764524096e-10	1.0	9.0
,,group_35662	40.7190588235	1.75764524096e-10	1.0	9.0
,,group_35645	40.7190588235	1.75764524096e-10	1.0	9.0
,,group_35636	40.7190588235	1.75764524096e-10	1.0	9.0
,,group_35643	40.7190588235	1.75764524096e-10	1.0	9.0
,,group_35640	40.7190588235	1.75764524096e-10	1.0	9.0
,,group_35647	40.7190588235	1.75764524096e-10	1.0	9.0
,,group_35637	40.7190588235	1.75764524096e-10	1.0	9.0
,,group_35632	40.7190588235	1.75764524096e-10	1.0	9.0
