feature	score	p-value	#I-out-of-50	#O-out-of-376
PA14_50520,braC_4487852_C_T_G_G	73.6468113102	9.34226422876e-18	33.0	43.0
PA14_18340_1573578_C_T_P_P	73.0076946912	1.2914535642e-17	40.0	63.0
PA14_58515_5211049_G_A_I_I	70.5977294379	4.38020906868e-17	30.0	37.0
PA14_39860_3553775_C_T_I_I	70.5977294379	4.38020906868e-17	30.0	37.0
PA14_36960_3292721_G_A_L_L	70.5977294379	4.38020906868e-17	30.0	37.0
PA14_28880_2493687_C_T_A_T	70.5977294379	4.38020906868e-17	30.0	37.0
PA14_36590,malQ_3257478_G_T_A_A	70.5977294379	4.38020906868e-17	30.0	37.0
PA14_36660_3265170_C_T_Y_Y	70.5977294379	4.38020906868e-17	30.0	37.0
PA14_12860_1104122_A_T_E_V	68.8238423029	1.07663179211e-16	30.0	38.0
PA14_55880_4989312_G_A_A_A	68.8238423029	1.07663179211e-16	30.0	38.0
PA14_00650_66967_G_A_R_R	68.8238423029	1.07663179211e-16	30.0	38.0
PA14_31470_2735538_C_T_G_G	68.8238423029	1.07663179211e-16	30.0	38.0
PA14_57425,ftsI_5117875_G_A_A_A	68.8238423029	1.07663179211e-16	30.0	38.0
PA14_22840,ypuG_1982784_C_T_D_D	68.8238423029	1.07663179211e-16	30.0	38.0
PA14_02690_239049_G_A_T_T	68.8238423029	1.07663179211e-16	30.0	38.0
PA14_36960_3292403_C_T_A_T	68.8238423029	1.07663179211e-16	30.0	38.0
intergenic_1177542_A_T_none_none	68.8238423029	1.07663179211e-16	30.0	38.0
PA14_21940_1908910_C_T_A_T	68.8238423029	1.07663179211e-16	30.0	38.0
PA14_22840,ypuG_1983449_A_G_D_G	68.8238423029	1.07663179211e-16	30.0	38.0
PA14_29940,nuoG_2592631_C_A_K_N	68.8238423029	1.07663179211e-16	30.0	38.0
PA14_44830_3995771_C_T_T_T	68.8238423029	1.07663179211e-16	30.0	38.0
PA14_58270_5190215_G_A_N_N	68.8238423029	1.07663179211e-16	30.0	38.0
PA14_06190,psfA_547463_C_T_L_L	68.8238423029	1.07663179211e-16	30.0	38.0
PA14_21160_1830213_C_T_E_E	68.8238423029	1.07663179211e-16	30.0	38.0
PA14_06580_574469_G_C_K_N	68.8238423029	1.07663179211e-16	30.0	38.0
intergenic_4571951_G_A_none_none	68.8238423029	1.07663179211e-16	30.0	38.0
PA14_02690_239634_C_T_I_I	68.8238423029	1.07663179211e-16	30.0	38.0
intergenic_1620379_C_A_none_none	68.8238423029	1.07663179211e-16	30.0	38.0
PA14_61000_5441540_G_A_D_N	68.8238423029	1.07663179211e-16	30.0	38.0
PA14_55880_4989353_G_A_L_L	68.8238423029	1.07663179211e-16	30.0	38.0
intergenic_67771_A_G_none_none	68.8238423029	1.07663179211e-16	30.0	38.0
PA14_51090_4540068_G_A_I_I	68.8238423029	1.07663179211e-16	30.0	38.0
PA14_37420_3331031_C_A_A_S	68.8238423029	1.07663179211e-16	30.0	38.0
PA14_26570_2315405_C_A_P_P	68.8238423029	1.07663179211e-16	30.0	38.0
PA14_11960_1034628_C_T_L_L	68.8238423029	1.07663179211e-16	30.0	38.0
PA14_26390_2299973_C_G_E_Q	68.8238423029	1.07663179211e-16	30.0	38.0
PA14_07140_618266_C_T_R_R	68.8238423029	1.07663179211e-16	30.0	38.0
PA14_73060,cynT_6505944_G_A_D_N	68.8238423029	1.07663179211e-16	30.0	38.0
PA14_30710_2664332_G_A_P_P	68.8238423029	1.07663179211e-16	30.0	38.0
PA14_71180_6341992_G_A_A_V	68.8238423029	1.07663179211e-16	30.0	38.0
PA14_26140,cifR_2282153_A_G_T_A	68.1702393617	1.49972219362e-16	31.0	41.0
PA14_27980,yjbN_2421308_G_A_N_N	68.1702393617	1.49972219362e-16	31.0	41.0
PA14_26130,morB_2281979_C_T_A_T	68.1702393617	1.49972219362e-16	31.0	41.0
PA14_51420,pqsB_4569081_G_A_A_V	67.8255450082	1.78620288255e-16	29.0	36.0
PA14_57440,ftsL_5117973_G_A_R_R	67.105226642	2.57395099973e-16	30.0	39.0
PA14_57440,ftsL_5118045_G_A_S_S	67.105226642	2.57395099973e-16	30.0	39.0
PA14_55520,hxcU_4942104_C_T_A_V	67.105226642	2.57395099973e-16	30.0	39.0
intergenic_1837186_C_T_none_none	67.105226642	2.57395099973e-16	30.0	39.0
PA14_40640,cti_3628790_G_A_P_S	67.105226642	2.57395099973e-16	30.0	39.0
intergenic_1517009_A_G_none_none	67.105226642	2.57395099973e-16	30.0	39.0
PA14_47970_4271039_C_G_L_L	67.105226642	2.57395099973e-16	30.0	39.0
PA14_31470_2735850_G_A_P_P	67.105226642	2.57395099973e-16	30.0	39.0
intergenic_3630873_T_C_none_none	67.105226642	2.57395099973e-16	30.0	39.0
intergenic_1952296_T_G_none_none	67.105226642	2.57395099973e-16	30.0	39.0
PA14_26970_2347008_G_A_T_I	67.105226642	2.57395099973e-16	30.0	39.0
PA14_46440_4130626_C_A_R_R	67.105226642	2.57395099973e-16	30.0	39.0
intergenic_3052561_T_C_none_none	67.105226642	2.57395099973e-16	30.0	39.0
PA14_19850_1710674_T_C_R_R	67.105226642	2.57395099973e-16	30.0	39.0
PA14_34130_3034210_G_A_E_K	67.105226642	2.57395099973e-16	30.0	39.0
PA14_17650_1517271_C_T_P_L	67.105226642	2.57395099973e-16	30.0	39.0
PA14_61870_5518313_G_T_R_R	66.5382803847	3.43164266752e-16	31.0	42.0
PA14_35920_3197265_G_A_L_L	66.5382803847	3.43164266752e-16	31.0	42.0
PA14_25360,apbE_2218422_C_T_Y_Y	66.5382803847	3.43164266752e-16	31.0	42.0
PA14_67780_6052426_G_A_R_K	66.5382803847	3.43164266752e-16	31.0	42.0
PA14_25330,nqrD_2215573_C_T_D_D	66.5382803847	3.43164266752e-16	31.0	42.0
intergenic_6116659_T_TT_none_none	66.5382803847	3.43164266752e-16	31.0	42.0
PA14_21160_1830118_A_G_V_A	66.5382803847	3.43164266752e-16	31.0	42.0
PA14_61870_5518955_G_A_R_R	66.5382803847	3.43164266752e-16	31.0	42.0
PA14_37610_3346314_C_T_A_A	66.5382803847	3.43164266752e-16	31.0	42.0
PA14_61870_5518475_C_T_L_L	66.5382803847	3.43164266752e-16	31.0	42.0
PA14_61870_5518248_T_G_E_A	66.5382803847	3.43164266752e-16	31.0	42.0
PA14_67780_6052784_G_A_L_L	66.5382803847	3.43164266752e-16	31.0	42.0
intergenic_3145376_G_A_none_none	66.1008040895	4.28440961248e-16	32.0	45.0
intergenic_1983492_C_CC_none_none	66.0661798839	4.36033744902e-16	29.0	37.0
PA14_18340_1573284_G_T_R_R	65.5514835058	5.66154880145e-16	40.0	69.0
PA14_19850_1710500_G_C_G_G	65.4395136778	5.99252519829e-16	30.0	40.0
PA14_61940_5523234_G_A_G_G	65.4395136778	5.99252519829e-16	30.0	40.0
PA14_11990_1036888_C_G_G_A	65.4395136778	5.99252519829e-16	30.0	40.0
PA14_36830_3282316_G_A_D_N	65.4395136778	5.99252519829e-16	30.0	40.0
intergenic_6092919_T_G_none_none	65.4395136778	5.99252519829e-16	30.0	40.0
PA14_61390_5479193_G_A_A_A	65.4395136778	5.99252519829e-16	30.0	40.0
PA14_60770_5416131_G_A_V_V	65.4395136778	5.99252519829e-16	30.0	40.0
PA14_24560,pelG_2147346_C_T_L_L	65.4395136778	5.99252519829e-16	30.0	40.0
PA14_18040_1549391_C_A_L_I	65.4395136778	5.99252519829e-16	30.0	40.0
PA14_65880,dmsR_5870035_G_A_A_A	65.4395136778	5.99252519829e-16	30.0	40.0
PA14_12860_1104285_C_T_G_G	65.4395136778	5.99252519829e-16	30.0	40.0
intergenic_6092897_C_T_none_none	65.4395136778	5.99252519829e-16	30.0	40.0
PA14_40540_3620274_G_A_P_P	65.4395136778	5.99252519829e-16	30.0	40.0
PA14_61390_5479190_G_A_D_D	65.4395136778	5.99252519829e-16	30.0	40.0
intergenic_6275831_C_T_none_none	65.4395136778	5.99252519829e-16	30.0	40.0
PA14_24560,pelG_2147285_G_C_L_L	65.4395136778	5.99252519829e-16	30.0	40.0
PA14_71150_6338105_G_A_G_G	65.4395136778	5.99252519829e-16	30.0	40.0
PA14_06330_560412_C_T_Q_Q	65.4395136778	5.99252519829e-16	30.0	40.0
PA14_21190_1832463_C_T_E_E	65.4395136778	5.99252519829e-16	30.0	40.0
PA14_42400,exsB_3778082_C_T_G_G	65.4395136778	5.99252519829e-16	30.0	40.0
PA14_50380,flgJ_4478955_G_A_A_V	65.4395136778	5.99252519829e-16	30.0	40.0
PA14_25970,cobN_2265238_G_A_A_A	65.4395136778	5.99252519829e-16	30.0	40.0
PA14_34130_3036024_C_T_G_G	65.4395136778	5.99252519829e-16	30.0	40.0
PA14_02310,atsA_207590_C_T_D_N	65.4395136778	5.99252519829e-16	30.0	40.0
PA14_22840,ypuG_1983345_G_A_Q_Q	65.4395136778	5.99252519829e-16	30.0	40.0
