feature	score	p-value	#I-out-of-1	#O-out-of-425
,,group_37449	425.0	1.99137139773e-94	1.0	0.0
,,group_37496	425.0	1.99137139773e-94	1.0	0.0
,,group_37457	425.0	1.99137139773e-94	1.0	0.0
,,group_37438	425.0	1.99137139773e-94	1.0	0.0
,,group_37425	425.0	1.99137139773e-94	1.0	0.0
,,group_3472	425.0	1.99137139773e-94	1.0	0.0
,,group_37475	425.0	1.99137139773e-94	1.0	0.0
,,group_37430	425.0	1.99137139773e-94	1.0	0.0
,,group_9466	425.0	1.99137139773e-94	1.0	0.0
,,group_37533	425.0	1.99137139773e-94	1.0	0.0
,,group_37454	425.0	1.99137139773e-94	1.0	0.0
,,group_37479	425.0	1.99137139773e-94	1.0	0.0
,,group_9134	425.0	1.99137139773e-94	1.0	0.0
,,group_37509	425.0	1.99137139773e-94	1.0	0.0
,,group_8020	425.0	1.99137139773e-94	1.0	0.0
,,group_37429	425.0	1.99137139773e-94	1.0	0.0
,,group_37419	425.0	1.99137139773e-94	1.0	0.0
,,group_37463	425.0	1.99137139773e-94	1.0	0.0
,,group_37427	425.0	1.99137139773e-94	1.0	0.0
,,group_37445	425.0	1.99137139773e-94	1.0	0.0
,,group_11121	425.0	1.99137139773e-94	1.0	0.0
,,group_37516	425.0	1.99137139773e-94	1.0	0.0
,,group_37428	425.0	1.99137139773e-94	1.0	0.0
,,group_37414	425.0	1.99137139773e-94	1.0	0.0
,,group_37499	425.0	1.99137139773e-94	1.0	0.0
,,group_37467	425.0	1.99137139773e-94	1.0	0.0
,,group_37477	425.0	1.99137139773e-94	1.0	0.0
,,group_37484	425.0	1.99137139773e-94	1.0	0.0
,,yhdJ	425.0	1.99137139773e-94	1.0	0.0
,,group_37411	425.0	1.99137139773e-94	1.0	0.0
,,group_37470	425.0	1.99137139773e-94	1.0	0.0
,,group_37502	425.0	1.99137139773e-94	1.0	0.0
,,group_37492	425.0	1.99137139773e-94	1.0	0.0
,,group_37422	425.0	1.99137139773e-94	1.0	0.0
,,group_37510	425.0	1.99137139773e-94	1.0	0.0
,,group_37459	425.0	1.99137139773e-94	1.0	0.0
,,group_6819	425.0	1.99137139773e-94	1.0	0.0
,,group_3724	425.0	1.99137139773e-94	1.0	0.0
,,group_37521	425.0	1.99137139773e-94	1.0	0.0
,,group_37531	425.0	1.99137139773e-94	1.0	0.0
,,group_37495	425.0	1.99137139773e-94	1.0	0.0
PA14_47450,ycgL,ycgL	425.0	1.99137139773e-94	1.0	0.0
,,group_3262	425.0	1.99137139773e-94	1.0	0.0
,,group_4510	425.0	1.99137139773e-94	1.0	0.0
,,pfdA	425.0	1.99137139773e-94	1.0	0.0
,,group_37464	425.0	1.99137139773e-94	1.0	0.0
,,group_37527	425.0	1.99137139773e-94	1.0	0.0
,,group_7531	425.0	1.99137139773e-94	1.0	0.0
,,group_37423	425.0	1.99137139773e-94	1.0	0.0
,,group_5709	425.0	1.99137139773e-94	1.0	0.0
,,group_37524	425.0	1.99137139773e-94	1.0	0.0
,,group_37420	425.0	1.99137139773e-94	1.0	0.0
,,group_8907	425.0	1.99137139773e-94	1.0	0.0
,,group_37472	425.0	1.99137139773e-94	1.0	0.0
,,group_37478	425.0	1.99137139773e-94	1.0	0.0
,,group_37440	425.0	1.99137139773e-94	1.0	0.0
,,group_37468	425.0	1.99137139773e-94	1.0	0.0
,,group_37497	425.0	1.99137139773e-94	1.0	0.0
,,group_10609	425.0	1.99137139773e-94	1.0	0.0
,,group_37526	425.0	1.99137139773e-94	1.0	0.0
,,group_37518	425.0	1.99137139773e-94	1.0	0.0
,,group_37471	425.0	1.99137139773e-94	1.0	0.0
,,group_2370	425.0	1.99137139773e-94	1.0	0.0
,,group_37451	425.0	1.99137139773e-94	1.0	0.0
,,group_6556	425.0	1.99137139773e-94	1.0	0.0
,,group_37504	425.0	1.99137139773e-94	1.0	0.0
,,group_37530	425.0	1.99137139773e-94	1.0	0.0
,,rclC_1	425.0	1.99137139773e-94	1.0	0.0
,,group_37535	425.0	1.99137139773e-94	1.0	0.0
,,group_37512	425.0	1.99137139773e-94	1.0	0.0
,,group_37426	425.0	1.99137139773e-94	1.0	0.0
,,group_37528	425.0	1.99137139773e-94	1.0	0.0
,,group_6615	425.0	1.99137139773e-94	1.0	0.0
,,group_37461	425.0	1.99137139773e-94	1.0	0.0
,,group_37448	425.0	1.99137139773e-94	1.0	0.0
,,group_37466	425.0	1.99137139773e-94	1.0	0.0
,,group_37507	425.0	1.99137139773e-94	1.0	0.0
,,group_37418	425.0	1.99137139773e-94	1.0	0.0
,,group_37511	425.0	1.99137139773e-94	1.0	0.0
,,group_37482	425.0	1.99137139773e-94	1.0	0.0
,,group_37494	425.0	1.99137139773e-94	1.0	0.0
,,group_6638	425.0	1.99137139773e-94	1.0	0.0
,,group_37500	425.0	1.99137139773e-94	1.0	0.0
,,group_37439	425.0	1.99137139773e-94	1.0	0.0
,,group_3534	425.0	1.99137139773e-94	1.0	0.0
,,group_2665	425.0	1.99137139773e-94	1.0	0.0
,,group_37416	425.0	1.99137139773e-94	1.0	0.0
,,group_37481	425.0	1.99137139773e-94	1.0	0.0
,,group_8065	425.0	1.99137139773e-94	1.0	0.0
,,group_37436	425.0	1.99137139773e-94	1.0	0.0
,,group_37437	425.0	1.99137139773e-94	1.0	0.0
,,group_37444	425.0	1.99137139773e-94	1.0	0.0
,,group_37501	425.0	1.99137139773e-94	1.0	0.0
,,group_37443	425.0	1.99137139773e-94	1.0	0.0
,,group_2953	425.0	1.99137139773e-94	1.0	0.0
,,group_37529	425.0	1.99137139773e-94	1.0	0.0
,,group_37505	425.0	1.99137139773e-94	1.0	0.0
,,group_37424	425.0	1.99137139773e-94	1.0	0.0
,,group_37498	425.0	1.99137139773e-94	1.0	0.0
,,znuC_3	425.0	1.99137139773e-94	1.0	0.0
