feature	score	p-value	#I-out-of-1	#O-out-of-475
TTTG	0.000292484848247	0.986355093074	0.00661568390172	3.87699096755
GTGACTAGT	0.000279729342088	0.986655914182	1.15729210922e-05	0.000199635228984
CAAA	0.0002345437444	0.987781018366	0.00654309044267	3.75535213636
CGCC	0.000214972212346	0.988301890979	0.181536882837	83.3101753291
TTGG	0.000175508860633	0.989429953903	0.0211698658479	11.0148726751
GATT	0.000171697645381	0.98954534265	0.0124731694533	6.66258586482
CTAA	0.0001665683252	0.989702679872	0.0016793286861	1.09181988184
TGAG	0.000163484996653	0.989798426109	0.0191098247988	9.95735190836
CCCCCCCCC	0.00016199745466	0.98984494146	0.000586747964665	0.165616281953
CCCCCCCC	0.000153006932016	0.990130741142	0.000603332304132	0.173949729726
TAAA	0.000151126955634	0.990191556617	0.00277629651179	1.66472024418
GATG	0.00014416049461	0.990420281252	0.0523979587447	26.2305815506
TTTT	0.000133952445963	0.990765663635	0.0110938937313	5.88193796216
CCCCCCC	0.000132828523014	0.990804483693	0.000682378515101	0.209086147839
GGGG	0.000132567175258	0.990813534101	0.0279694531792	14.2331255886
TTAA	0.000131088690964	0.990864902513	0.00180031778452	1.11937074714
TAAG	0.000129918550603	0.99090576356	0.00274403275221	1.61985288768
CAAT	0.000123033541201	0.991150007183	0.0120553537668	6.33534819227
ATTT	0.000119077802744	0.991293434961	0.00930486826265	4.94941101932
AATG	0.000117743273013	0.991342358646	0.0122763605199	6.43159900213
TTTA	0.000112172562631	0.991549638988	0.00291019111405	1.68196278565
ATTG	0.000112040235013	0.99155462463	0.0121860219931	6.37121455172
TGTG	0.000111655379336	0.991569141403	0.0129651917869	6.75770855309
CTTG	0.000106465872947	0.991767389569	0.0351416869337	17.6376780903
CTTT	0.000106366954689	0.991771214813	0.0126296486873	6.57604789464
AAAG	0.000104968200373	0.991825497341	0.0123989628063	6.45747496946
CTTTG	0.000104926997654	0.991827101794	0.00208907843276	1.24124647739
TATG	0.000104499343347	0.991843773488	0.00684636978272	3.67980479208
CGTG	0.00010217476429	0.991934997838	0.0384584014185	19.234898405
GTTT	9.99081066239e-05	0.992024954045	0.0131652270963	6.82306384291
AGTG	9.96968776439e-05	0.992033388777	0.0146590391648	7.56204487062
TTTGG	9.95599677378e-05	0.992038860596	0.00127603169136	0.800883985988
TCAA	9.89828097694e-05	0.992061969088	0.0205455621001	10.4611506717
GTGG	9.88265204798e-05	0.99206823825	0.0478310235762	23.7772866238
ATGA	9.82640296378e-05	0.992090842321	0.0219167718822	11.1320023633
GTGT	9.79477410979e-05	0.992103581012	0.0146800106086	7.56692026441
AAAAAAAAA	9.74732872349e-05	0.992122728531	0.000162931985875	0.0363029775833
TTGA	9.67729754807e-05	0.992151076357	0.0206584852586	10.5084776449
CGCCC	9.6441944509e-05	0.992164511817	0.0323637772339	14.5553220021
TTTGA	9.55523973354e-05	0.992200730292	0.00115988215687	0.733555067528
TAGGTAACT	9.1498042008e-05	0.992367982826	1.57597006774e-05	0.000963163536276
TCTG	8.89150521482e-05	0.992476476716	0.0246011166792	12.4102237887
CCAAA	8.44334873559e-05	0.992668525748	0.00129700313509	0.794756188228
CTTA	8.43267537655e-05	0.992673160994	0.00285856909872	1.6121626309
TTGT	8.34785730203e-05	0.992710100729	0.0154478880865	7.89791023315
TTGC	8.24964274085e-05	0.992753110139	0.0387649071345	19.2834789461
CCAA	8.21865637122e-05	0.992766732541	0.0214844375038	10.856776654
TCAAA	8.0521035828e-05	0.992840397521	0.00116149534485	0.717502629997
TGGG	7.92334327991e-05	0.9928978709	0.0358434237046	17.8459911732
GTGC	7.82028346502e-05	0.992944209964	0.0489683211014	24.2092169513
CGCCG	7.74001074684e-05	0.992980515151	0.0798689368384	36.7737327359
ATTA	7.71265953822e-05	0.992992928336	0.00302956702449	1.68793966046
CCGC	7.7112799063e-05	0.992993555056	0.12745636903	59.0692632337
GCCTTAGGT	7.63412741652e-05	0.993028692528	1.04324264577e-05	0.000529711179125
GCTT	7.62406081876e-05	0.993033290219	0.0363967471813	18.0988593808
ATAA	7.44485904598e-05	0.993115650462	0.00414911948189	2.25337938183
TTTGC	7.38739449787e-05	0.993142270349	0.00291180430203	1.62188366337
TATAGCTTA	7.38261128569e-05	0.993144490785	8.90044303851e-06	0.000407310935549
TTAG	7.37993546678e-05	0.993145733253	0.00184871342389	1.07217373878
CAAAC	7.23524692659e-05	0.993213255445	0.00181483647633	1.05238991335
ATGG	7.22112256953e-05	0.993219882926	0.0355562762443	17.6684968338
TTGGG	7.16757391856e-05	0.993245068276	0.00319411219835	1.76237797721
CTAG	7.1284134377e-05	0.993263546103	0.00307796266386	1.70233459024
TTTTG	7.0710595992e-05	0.993290700296	0.00143251092532	0.849501148165
GTAA	7.05421970187e-05	0.993298694049	0.00495410028339	2.65154785685
GAGT	6.89138853605e-05	0.993376486262	0.0167819945451	8.49943476983
GGTG	6.87998902432e-05	0.993381966605	0.0710899678569	34.8357961623
GTAGTATAG	6.87104976042e-05	0.993386267355	5.6638809944e-06	0.000186433221006
TGATT	6.85973018899e-05	0.993391717305	0.0019325991988	1.10817227581
GTTG	6.8259189421e-05	0.993408022989	0.042097753499	20.8188543667
AAAAAAAA	6.78174782992e-05	0.993429385749	0.000221006753118	0.0606842106841
TTTC	6.77060655914e-05	0.993434785053	0.0255738690305	12.7895690037
CATT	6.66608671851e-05	0.993485655587	0.0125586684162	6.41655583454
GTATATTGG	6.65205625705e-05	0.993492514587	1.02239206879e-05	0.000570981147546
AAAT	6.61934091912e-05	0.99350853612	0.00939198041352	4.85215904855
TGTT	6.61770952616e-05	0.99350933609	0.0242220175041	12.1233982436
CCCCCC	6.60950378184e-05	0.993513361355	0.00120021185635	0.450955756624
TTAC	6.59722368651e-05	0.993519389933	0.0050992872015	2.71406905784
ATATACTCT	6.58945264181e-05	0.993523207815	1.03121826589e-05	0.000584279460633
GTGA	6.55277219276e-05	0.993541259237	0.0256932449409	12.8370321462
TTAT	6.55100811284e-05	0.99354212866	0.00423784482073	2.27955745438
GCCTAAAGT	6.51091306535e-05	0.993561921066	1.07144225641e-05	0.000631770371626
TGAT	6.51015022099e-05	0.993562298224	0.0320379132622	15.9203616003
GCGCC	6.42675513294e-05	0.993603663749	0.0611672485983	28.1268133452
CAAAT	6.39371208383e-05	0.993620127914	0.00108406232186	0.656217760113
CTAT	6.37087383539e-05	0.993631532271	0.00976462683666	5.02867368836
TATC	6.32849910681e-05	0.99365274652	0.0128151653049	6.53071326104
TAAT	6.32222348117e-05	0.993655894346	0.00303601977641	1.66598823511
GTTTG	6.28446739512e-05	0.993674865698	0.00192937282284	1.09762324542
CTAGTAAAC	6.25084293246e-05	0.993691809062	8.58283835429e-06	0.000437499597141
TAAC	6.20964085247e-05	0.993712633046	0.00402651719549	2.16556571689
CAAAG	6.20865198797e-05	0.993713133677	0.00215037957596	1.21054312669
TAAAC	6.19846809276e-05	0.99371829178	0.000487182769647	0.330064438258
TGTTAGACT	6.09704175205e-05	0.993769896913	5.74455720369e-06	0.000212809337875
TGAC	6.07366823561e-05	0.993781849946	0.026304643185	13.1103278405
GCAAA	6.02088398419e-05	0.993808928311	0.00282630533914	1.55346591258
ATGC	6.00055993518e-05	0.993819386202	0.0391133557379	19.3216997264
CTTGG	5.98235306581e-05	0.993828769732	0.00767716159188	3.98341825388
GTATATTAG	5.91616728945e-05	0.993863001711	8.387240532e-06	0.000438835471909
GCTAA	5.89646674907e-05	0.993873227979	0.000671086199248	0.428388967367
