feature	score	p-value	#I-out-of-2	#O-out-of-424
,,group_36177	212.0	5.02958444225e-48	1.0	0.0
,,group_9347	212.0	5.02958444225e-48	1.0	0.0
,,group_36180	212.0	5.02958444225e-48	1.0	0.0
,,group_36176	212.0	5.02958444225e-48	1.0	0.0
,,group_36178	212.0	5.02958444225e-48	1.0	0.0
,,group_35076	212.0	5.02958444225e-48	1.0	0.0
,,group_9774	212.0	5.02958444225e-48	1.0	0.0
,,group_11405	212.0	5.02958444225e-48	1.0	0.0
,,group_36170	212.0	5.02958444225e-48	1.0	0.0
,,group_36169	212.0	5.02958444225e-48	1.0	0.0
,,group_36183	212.0	5.02958444225e-48	1.0	0.0
,,group_36171	212.0	5.02958444225e-48	1.0	0.0
,,group_36168	212.0	5.02958444225e-48	1.0	0.0
,,group_19061	212.0	5.02958444225e-48	1.0	0.0
,,group_36175	212.0	5.02958444225e-48	1.0	0.0
,,group_9646	212.0	5.02958444225e-48	1.0	0.0
,,group_36185	212.0	5.02958444225e-48	1.0	0.0
,,group_36173	212.0	5.02958444225e-48	1.0	0.0
,,group_36181	212.0	5.02958444225e-48	1.0	0.0
,,group_13232	212.0	5.02958444225e-48	1.0	0.0
,,group_36184	212.0	5.02958444225e-48	1.0	0.0
,,group_20962	212.0	5.02958444225e-48	1.0	0.0
,,group_36182	212.0	5.02958444225e-48	1.0	0.0
,,group_36172	212.0	5.02958444225e-48	1.0	0.0
,,group_36186	212.0	5.02958444225e-48	1.0	0.0
,,group_36179	212.0	5.02958444225e-48	1.0	0.0
,,group_36233	212.0	5.02958444225e-48	1.0	0.0
,,group_36174	212.0	5.02958444225e-48	1.0	0.0
,,group_35077	212.0	5.02958444225e-48	1.0	0.0
,,group_36197	212.0	5.02958444225e-48	1.0	0.0
,,group_36196	212.0	5.02958444225e-48	1.0	0.0
,,group_36234	212.0	5.02958444225e-48	1.0	0.0
,,group_13477	212.0	5.02958444225e-48	1.0	0.0
,,group_5408	105.002358491	1.21990549728e-24	1.0	1.0
,,clpA_1	105.002358491	1.21990549728e-24	1.0	1.0
,,group_9292	105.002358491	1.21990549728e-24	1.0	1.0
,,group_36191	105.002358491	1.21990549728e-24	1.0	1.0
,,group_36192	105.002358491	1.21990549728e-24	1.0	1.0
,,fdm_1	105.002358491	1.21990549728e-24	1.0	1.0
,,group_35594	105.002358491	1.21990549728e-24	1.0	1.0
,,group_36188	105.002358491	1.21990549728e-24	1.0	1.0
,,group_3966	105.002358491	1.21990549728e-24	1.0	1.0
,,group_11632	105.002358491	1.21990549728e-24	1.0	1.0
,,eryA	105.002358491	1.21990549728e-24	1.0	1.0
,,aguA_3	105.002358491	1.21990549728e-24	1.0	1.0
,,group_36190	105.002358491	1.21990549728e-24	1.0	1.0
,,group_26168	105.002358491	1.21990549728e-24	1.0	1.0
,,group_36189	105.002358491	1.21990549728e-24	1.0	1.0
,,group_36193	105.002358491	1.21990549728e-24	1.0	1.0
,,group_36195	105.002358491	1.21990549728e-24	1.0	1.0
,,group_36187	105.002358491	1.21990549728e-24	1.0	1.0
,,group_5795	105.002358491	1.21990549728e-24	1.0	1.0
,,group_36194	105.002358491	1.21990549728e-24	1.0	1.0
,,group_10007	105.002358491	1.21990549728e-24	1.0	1.0
,,group_4253	105.002358491	1.21990549728e-24	1.0	1.0
,,group_16742	105.002358491	1.21990549728e-24	1.0	1.0
,,group_16586	103.021226415	3.31576511817e-24	2.0	6.0
,,group_2742	103.021226415	3.31576511817e-24	2.0	6.0
,,group_9176	91.1367924528	1.34075370452e-21	2.0	7.0
,,group_13459	69.3396226415	8.28875885491e-17	1.0	2.0
,,group_392	69.3396226415	8.28875885491e-17	1.0	2.0
,,group_4208	69.3396226415	8.28875885491e-17	1.0	2.0
,,group_32643	69.3396226415	8.28875885491e-17	1.0	2.0
,,group_14861	69.3396226415	8.28875885491e-17	1.0	2.0
,,group_32642	69.3396226415	8.28875885491e-17	1.0	2.0
,,group_3781	69.3396226415	8.28875885491e-17	1.0	2.0
,,group_19134	69.3396226415	8.28875885491e-17	1.0	2.0
,,group_2524	69.3396226415	8.28875885491e-17	1.0	2.0
PA14_19270,,naiP	61.8900580552	3.63178570297e-15	2.0	11.0
,,group_13718	61.8900580552	3.63178570297e-15	2.0	11.0
,,btr_7	51.5106132075	7.12110913933e-13	1.0	3.0
,,group_1379	41.1243793446	1.42843456289e-10	2.0	17.0
,,group_6779	40.8150943396	1.67335587268e-10	1.0	4.0
,,group_1825	33.6863207547	6.47544469183e-09	1.0	5.0
,,group_11758	33.6863207547	6.47544469183e-09	1.0	5.0
,,group_2966	33.6863207547	6.47544469183e-09	1.0	5.0
,,group_3445	33.6863207547	6.47544469183e-09	1.0	5.0
,,group_21140	33.6863207547	6.47544469183e-09	1.0	5.0
,,group_36232	33.6863207547	6.47544469183e-09	1.0	5.0
,,cusS_5	33.6863207547	6.47544469183e-09	1.0	5.0
,,group_8389	33.6863207547	6.47544469183e-09	1.0	5.0
,,group_12498	30.3398113208	3.62606619336e-08	2.0	23.0
,,pcaI	28.5956873315	8.91805857057e-08	1.0	6.0
,,group_5952	28.5956873315	8.91805857057e-08	1.0	6.0
,,group_25070	28.5956873315	8.91805857057e-08	1.0	6.0
,,group_21661	28.5956873315	8.91805857057e-08	1.0	6.0
,,pcaH_2	28.5956873315	8.91805857057e-08	1.0	6.0
PA14_02790,pcaF,pcaF_2	28.5956873315	8.91805857057e-08	1.0	6.0
,,group_21660	28.5956873315	8.91805857057e-08	1.0	6.0
,,group_6831	28.5956873315	8.91805857057e-08	1.0	6.0
,,group_21648	28.5956873315	8.91805857057e-08	1.0	6.0
,,group_25068	28.5956873315	8.91805857057e-08	1.0	6.0
,,group_21646	28.5956873315	8.91805857057e-08	1.0	6.0
PA14_46890,,ped	28.5956873315	8.91805857057e-08	1.0	6.0
,,group_25052	28.5956873315	8.91805857057e-08	1.0	6.0
,,group_25055	28.5956873315	8.91805857057e-08	1.0	6.0
,,citE_2	28.5956873315	8.91805857057e-08	1.0	6.0
,,group_25071	28.5956873315	8.91805857057e-08	1.0	6.0
,,group_25054	28.5956873315	8.91805857057e-08	1.0	6.0
,,group_21654	28.5956873315	8.91805857057e-08	1.0	6.0
