feature	score	p-value	#I-out-of-12	#O-out-of-464
TCTTAGCTG	0.000764804430697	0.977937236809	0.000619499130174	0.00799397329018
CTTAGCTGC	0.000684634765071	0.979125312513	0.00058604047962	0.00777912728721
GGGGGGGGG	0.000673520439006	0.979295406779	8.75313813126e-05	0.0325298165663
TTCTTAGCT	0.000635537590154	0.97988756363	0.000548039291899	0.0073018551791
GGGGGGGG	0.000601507416802	0.980433325606	0.000209223396917	0.037837117594
TTAGCTGCC	0.000506062643201	0.982052433448	0.000509734446463	0.00732665593089
CCCCCCC	0.000479317887445	0.982533045591	0.00371638315958	0.206052143194
TCTTAGCT	0.000456799545375	0.982948215722	0.000500653819979	0.00748337697342
TGCCTACAC	0.000453090504619	0.983017573365	0.000493500555261	0.00735551816806
ACACGGCAG	0.000451588639639	0.983045738419	0.000543941740927	0.00847981659783
CCCCCCCC	0.000445390126587	0.983162480306	0.00301827890125	0.171534783129
CAAA	0.000444904200346	0.983171666423	0.0884244286734	3.67347079813
CCCCCCCCC	0.00040624773258	0.983919256224	0.00290186855247	0.163301161365
AGCTGCCTA	0.000402317134648	0.983997228417	0.000522426262205	0.00841154081902
CTGCCTACA	0.000391154338196	0.984220769324	0.000468804451616	0.00729254846334
TACACGGCA	0.000370145030126	0.984650323343	0.000467243683919	0.00743317722914
CTTAGCTG	0.000346216714246	0.985154698672	0.000516645022015	0.00880564284484
TGTTAGTTA	0.000341275921994	0.985260994396	7.00392600752e-05	0.000351015899537
TTTCTTAGC	0.0003400496017	0.985287496347	0.000492146548229	0.00828617808277
GCCTACACG	0.000322996347923	0.985661111467	0.000573765292526	0.0104512842594
CTGG	0.000314200394528	0.985857679266	1.34395301861	51.1674560172
CCCCCC	0.000310914098726	0.985931824896	0.00954019978976	0.442615768691
TTTG	0.000308658508032	0.985982942761	0.0924785553746	3.79112809608
TCTAGTGTA	0.000307741540098	0.986003777165	5.25490107191e-05	0.000222565020227
GGGGGGG	0.000297100414981	0.986247863124	0.00120587854236	0.0765061750534
CCTACACGG	0.000288704056261	0.986443561517	0.000525995908247	0.00966990435105
GCAGTGAAC	0.000285462953174	0.986519863914	0.000604531045051	0.0117143745818
CCCC	0.000281674288448	0.986609608447	0.332908743486	13.2571990841
CACG	0.000279876639272	0.986652401672	0.459613580397	18.2213510305
TAGCTGCCT	0.000278956756027	0.986674352761	0.000522310521047	0.0096970097497
TTTCTTAG	0.000273804319397	0.986797979866	0.000606368241238	0.0119270247443
CACGGCAGT	0.000268472560718	0.986927140859	0.000513883708556	0.00961568593638
TTGA	0.000263318312636	0.987053226986	0.257186119691	10.2719500105
TTAGCTGC	0.000254214005238	0.987278995749	0.000516129959489	0.00985855533268
CTTG	0.000234424055972	0.987784136213	0.43544314376	17.2373766335
CAGC	0.000231649392384	0.987856639808	1.30336503216	51.0817772091
CTACACGGC	0.000225928313625	0.988007519007	0.000535876920441	0.0107786269781
TTAA	0.00020114082321	0.9886844514	0.0259106961356	1.09526036879
CCAAA	0.000197497271557	0.988787400333	0.0181029718727	0.777950219491
TTCTTAGC	0.000192538371892	0.988929052971	0.000589492602939	0.012807000716
TCTT	0.000185716176107	0.989126947486	0.265279497209	10.5359772127
AAAAAAAAA	0.000182145143875	0.989231984399	0.000515295975078	0.0359506135941
GCTGG	0.00018057762821	0.989278415734	0.542857681062	20.6062185418
CCTG	0.000177708374922	0.989363930993	1.2378809734	47.287292304
ACGGCAGTG	0.000176997483515	0.989385224924	0.000818104719088	0.0197646643868
CGGCAGTGA	0.000176343346248	0.989404856668	0.000872315357038	0.021404798447
CGTTAGAGT	0.000176068203031	0.98941312505	5.42307917483e-05	0.000379179646356
TTTGA	0.000174784734475	0.989451780468	0.0167457721038	0.717969177581
TTAGTCTCT	0.00017150219676	0.98955129443	5.48767441287e-05	0.000394887501707
AGAGACTAA	0.000170400921604	0.989584893931	6.55678784737e-05	0.000539168276594
CCTGG	0.000168114112226	0.989655012294	0.524021957088	19.8978329512
CTTAGCT	0.000167049728391	0.989687811166	0.000778110197259	0.0188322302719
CCCCC	0.000164834890299	0.98975639786	0.0540438252203	2.20981521305
GCTGCCTAC	0.000164681848446	0.989761154068	0.0008248859307	0.0202979971787
CCATACTTA	0.000163145200743	0.989809032793	7.70239607418e-05	0.000726644959738
AATC	0.000162908625195	0.989816423992	0.159005393744	6.35070682064
GGCAGTGAA	0.000162369065826	0.989833301254	0.00085214839849	0.0211868077699
CTTT	0.000162360097749	0.98983358201	0.160973900599	6.42770364273
CCAGC	0.000160613891157	0.989888397517	0.507024978897	19.9615017054
CCTACACG	0.00015796705165	0.989972056375	0.000901575654001	0.0228230175443
GGCG	0.000154584873164	0.990079984075	2.18192608792	83.6515331082
TAGTACTAA	0.000152858107214	0.990135541816	4.36848787566e-05	0.00028832018163
CATA	0.000152579188659	0.990144545253	0.086952935051	3.50781025979
ATTTCTTAG	0.000149122001657	0.990256833369	0.000209869678825	0.00349377207832
ATACGTTAG	0.00014804945333	0.990291933346	5.05136504582e-05	0.000381176075236
TCTATACAT	0.00014563854988	0.990371299174	4.88955944373e-05	0.000364625920628
ACGC	0.000144901464759	0.990395694607	0.613543703783	24.095768817
TTAGTACAT	0.000142607294972	0.990472024969	5.16747736278e-05	0.000407272586883
ACACGGCA	0.000141941135182	0.990494303922	0.00106990483279	0.0286072218681
CAAAG	0.00014193229043	0.990494600076	0.0285154627659	1.1841780435
GCCCC	0.000141672798151	0.990503292917	0.125951277141	5.03831210033
TATGTTAGT	0.000140796077717	0.990532721595	4.27069268755e-05	0.000295138285257
ATTAGTATG	0.000140695407808	0.990536106617	4.81896133066e-05	0.000364662747146
ACTGTTTAG	0.000140626325519	0.990538430208	7.58120358062e-05	0.000777433482248
CAGTGAAC	0.000136237250046	0.99068724592	0.0010036026498	0.0267209218234
TTTA	0.000134185959343	0.990757618594	0.0401186797083	1.64475429706
GCAC	0.000132366722865	0.990820481765	0.582682671114	22.8769083891
TAAA	0.000131689773612	0.990843983744	0.0397147175016	1.62778182319
TTGG	0.000131560850502	0.990848466474	0.272246282513	10.7637962584
ATAG	0.000129690858468	0.990913735881	0.121216532996	4.84484734296
CAGCTAAGA	0.000129346529164	0.990925805395	0.000394147521064	0.00855151300737
CAAAA	0.000128051017714	0.990971360552	0.0194947329703	0.818198803009
ATTG	0.000127320731126	0.990997141844	0.156456983415	6.22694359029
CCAC	0.000126796875897	0.99101568107	0.56832733812	22.3102406406
CTATTAAGT	0.000126192767472	0.991037108073	6.32637231569e-05	0.000620122235097
AAAAAAAA	0.000125815068981	0.991050530655	0.00110147910002	0.0598037383372
CTAC	0.000124870553698	0.991084185135	0.34527677734	13.0959499183
CTGGC	0.000124013967805	0.991114816804	0.523943713566	19.9458568671
TCTTG	0.000123139277124	0.991146205282	0.0662614155807	2.67638312155
ATAA	0.000122875355086	0.991155698066	0.0543015745918	2.20322692672
CATACTTAA	0.000122615746217	0.991165045666	5.69091474888e-05	0.000530978478442
CTGCTAACT	0.000122209861108	0.991179680012	8.7905868259e-05	0.00106496645688
CTTTG	0.000121427464352	0.991207958377	0.0294184208023	1.21391713503
GCCTACAC	0.00012127695291	0.99121340879	0.00166746653116	0.0490530636283
GGAG	0.000118826509765	0.991302626294	0.471434498865	17.9379668277
TGGAG	0.000118580188595	0.991311645216	0.16109061027	6.05994619726
TCAAA	0.000117292255017	0.991358955541	0.0166783194923	0.701985805849
GCCC	0.000117006909907	0.991369472369	0.889380750594	34.7911704898
GAATTAACT	0.000116114310008	0.991402453571	7.43898769439e-05	0.000844858179091
AATCA	0.000113884402046	0.991485406062	0.0253564469065	1.04923890983
