feature	score	p-value	#I-out-of-20	#O-out-of-406
PA14_48970_4351809_G_A_A_A	63.3698522167	1.71320060623e-15	4.0	1.0
PA14_48910_4348621_G_A_H_H	61.0937751903	5.44199332112e-15	6.0	5.0
PA14_28790_2479013_T_C_P_P	60.9	6.00488407117e-15	3.0	0.0
PA14_28790_2479041_C_T_L_F	60.9	6.00488407117e-15	3.0	0.0
PA14_60860,nfxB_5428548_GGAG_G_none_none	60.9	6.00488407117e-15	3.0	0.0
intergenic_4750138_T_TCTGGCCTGCAAATGTCGAC_none_none	60.9	6.00488407117e-15	3.0	0.0
PA14_30880,trbL_2682077_A_T_S_T	60.9	6.00488407117e-15	3.0	0.0
PA14_30880,trbL_2682076_G_T_S_Y	60.9	6.00488407117e-15	3.0	0.0
intergenic_4994741_CC_C_none_none	60.9	6.00488407117e-15	3.0	0.0
intergenic_2869132_GGACCA_GTTGGTGCAAAAGGAGTTCAAAAACTTCCTGACCA_none_none	60.9	6.00488407117e-15	3.0	0.0
PA14_48890_4346711_G_C,T_none_none	60.9	6.00488407117e-15	3.0	0.0
PA14_28780_2478750_T_C_I_T	60.9	6.00488407117e-15	3.0	0.0
PA14_39620_3528421_C_T_V_M	59.7429187192	1.08093400418e-14	5.0	3.0
PA14_09460,phzC1_811118_C_T_A_T	52.0320197044	5.46029359716e-13	5.0	4.0
PA14_18670,bfrB_1607631_G_T_L_L	52.0320197044	5.46029359716e-13	5.0	4.0
intergenic_1837133_C_T_none_none	52.0320197044	5.46029359716e-13	5.0	4.0
PA14_05640,bfrG_501085_G_A_L_L	52.0320197044	5.46029359716e-13	5.0	4.0
intergenic_499690_C_T_none_none	52.0320197044	5.46029359716e-13	5.0	4.0
PA14_39945,phzC2_3559721_C_T_A_T	52.0320197044	5.46029359716e-13	5.0	4.0
PA14_13040,cioB_1120049_G_A_L_L	52.0320197044	5.46029359716e-13	5.0	4.0
PA14_34610_3075468_A_G_P_P	51.4995073892	7.16150664256e-13	4.0	2.0
PA14_28790_2479026_T_G_S_A	51.4995073892	7.16150664256e-13	4.0	2.0
intergenic_2424869_GG_GGTG_none_none	51.4995073892	7.16150664256e-13	4.0	2.0
PA14_28790_2479037_T_A_D_E	51.4995073892	7.16150664256e-13	4.0	2.0
PA14_28780_2478760_T_C_G_G	51.4995073892	7.16150664256e-13	4.0	2.0
PA14_34610_3075479_G_A_R_C	51.4995073892	7.16150664256e-13	4.0	2.0
PA14_05640,bfrG_501123_G_A_R_Q	47.0366995074	6.96698491797e-12	7.0	11.0
PA14_70580_6288533_C_T_N_N	47.0366995074	6.96698491797e-12	7.0	11.0
intergenic_3515762_C_T_none_none	45.8731527094	1.26163183565e-11	5.0	5.0
PA14_48090,aprF_4279454_G_A_L_L	45.8731527094	1.26163183565e-11	5.0	5.0
intergenic_4285657_G_A_none_none	45.8731527094	1.26163183565e-11	5.0	5.0
intergenic_3511680_T_C_none_none	45.8731527094	1.26163183565e-11	5.0	5.0
PA14_28220_2442485_G_A_L_L	45.8731527094	1.26163183565e-11	5.0	5.0
intergenic_775223_A_G_none_none	45.8731527094	1.26163183565e-11	5.0	5.0
intergenic_3515796_C_T_none_none	45.8731527094	1.26163183565e-11	5.0	5.0
intergenic_3511664_C_T_none_none	45.8731527094	1.26163183565e-11	5.0	5.0
PA14_42430,exsC_3778581_G_A_L_L	45.8731527094	1.26163183565e-11	5.0	5.0
PA14_45850_4074610_A_G_I_V	45.5680506685	1.47426781563e-11	6.0	8.0
PA14_31130_2707573_C_T_R_R	44.1873152709	2.98408728153e-11	3.0	1.0
PA14_34580_3072933_G_C_S_S	44.1873152709	2.98408728153e-11	3.0	1.0
PA14_21080,toxR_1823172_C_G_V_L	44.1873152709	2.98408728153e-11	3.0	1.0
PA14_48890_4346836_C_G_L_L	44.1873152709	2.98408728153e-11	3.0	1.0
PA14_06480_568181_C_T_A_V	44.1873152709	2.98408728153e-11	3.0	1.0
PA14_36110_3218389_C_T_V_I	44.1873152709	2.98408728153e-11	3.0	1.0
PA14_67220_6001386_A_G_I_T	44.1873152709	2.98408728153e-11	3.0	1.0
PA14_31180_2710435_C_T_W_*	44.1873152709	2.98408728153e-11	3.0	1.0
PA14_31190_2712959_T_A_N_I	44.1873152709	2.98408728153e-11	3.0	1.0
intergenic_3108517_C_A_none_none	44.1873152709	2.98408728153e-11	3.0	1.0
PA14_62400,yfdZ_5566446_T_C_E_E	44.1873152709	2.98408728153e-11	3.0	1.0
intergenic_4806445_G_A_none_none	44.1873152709	2.98408728153e-11	3.0	1.0
PA14_36450_3246191_G_C_A_P	44.1873152709	2.98408728153e-11	3.0	1.0
PA14_31180_2710434_C_A_A_S	44.1873152709	2.98408728153e-11	3.0	1.0
PA14_65850,rocE_5866456_C_A_A_S	44.1873152709	2.98408728153e-11	3.0	1.0
intergenic_3763265_C_T_none_none	44.1873152709	2.98408728153e-11	3.0	1.0
PA14_00640,phzH_65986_G_A_R_H	44.1873152709	2.98408728153e-11	3.0	1.0
intergenic_276121_T_TGTCGAGGGT_none_none	44.1873152709	2.98408728153e-11	3.0	1.0
PA14_36940_3291622_GCTG_G_none_none	44.1873152709	2.98408728153e-11	3.0	1.0
PA14_29560_2563561_T_A_L_Q	44.1873152709	2.98408728153e-11	3.0	1.0
PA14_31280_2720313_T_A_I_F	44.1873152709	2.98408728153e-11	3.0	1.0
intergenic_54437_T_G_none_none	44.1873152709	2.98408728153e-11	3.0	1.0
PA14_58860_5242155_G_A_V_I	44.1873152709	2.98408728153e-11	3.0	1.0
PA14_66880,phaI_5973471_T_A_T_S	44.1873152709	2.98408728153e-11	3.0	1.0
PA14_73070,pyrQ_6506782_C_T_R_R	44.1873152709	2.98408728153e-11	3.0	1.0
PA14_31150_2708689_T_A_I_F	44.1873152709	2.98408728153e-11	3.0	1.0
PA14_71850_6403715_C_T_T_T	44.1873152709	2.98408728153e-11	3.0	1.0
PA14_34010_3025470_G_A_L_L	44.1873152709	2.98408728153e-11	3.0	1.0
PA14_30880,trbL_2682684_C_T_T_T	44.1873152709	2.98408728153e-11	3.0	1.0
intergenic_161229_A_C_none_none	44.1873152709	2.98408728153e-11	3.0	1.0
PA14_14780,hscA_1258557_G_C_D_H	44.1873152709	2.98408728153e-11	3.0	1.0
PA14_36100,pdxA_3217413_C_T_K_K	44.1873152709	2.98408728153e-11	3.0	1.0
PA14_27090,lipH_2353855_C_T_L_L	44.1873152709	2.98408728153e-11	3.0	1.0
PA14_31280_2720801_G_T_T_N	44.1873152709	2.98408728153e-11	3.0	1.0
PA14_60870,morA_5431751_G_A_R_Q	44.1873152709	2.98408728153e-11	3.0	1.0
PA14_31280_2720016_T_G_M_L	44.1873152709	2.98408728153e-11	3.0	1.0
intergenic_1391614_A_G_none_none	44.1873152709	2.98408728153e-11	3.0	1.0
intergenic_1896521_T_C_none_none	44.1873152709	2.98408728153e-11	3.0	1.0
PA14_36020_3206491_A_T_L_Q	44.1873152709	2.98408728153e-11	3.0	1.0
PA14_37460_3334275_C_T_Q_Q	44.1873152709	2.98408728153e-11	3.0	1.0
PA14_32830_2871529_G_T_T_T	44.1873152709	2.98408728153e-11	3.0	1.0
PA14_72380,algB_6447415_A_T_D_V	44.1873152709	2.98408728153e-11	3.0	1.0
intergenic_4576891_G_A_none_none	44.1873152709	2.98408728153e-11	3.0	1.0
PA14_69850,betT_6230063_T_C_V_A	44.1873152709	2.98408728153e-11	3.0	1.0
PA14_29300_2535435_G_C_A_A	44.1873152709	2.98408728153e-11	3.0	1.0
PA14_00890_88205_C_T_G_D	44.1873152709	2.98408728153e-11	3.0	1.0
PA14_57390,murF_5113433_G_A_A_V	44.1873152709	2.98408728153e-11	3.0	1.0
PA14_03120_274293_C_T_E_K	44.1873152709	2.98408728153e-11	3.0	1.0
PA14_60390,mviN_5383991_T_C_T_A	44.1873152709	2.98408728153e-11	3.0	1.0
PA14_31070_2703012_A_C,G_none_none	44.1873152709	2.98408728153e-11	3.0	1.0
PA14_34250_3045573_T_A_D_V	44.1873152709	2.98408728153e-11	3.0	1.0
PA14_51880,oprD_4606274_C_T_Q_*	44.1873152709	2.98408728153e-11	3.0	1.0
PA14_63970_5701409_C_A_T_N	44.1873152709	2.98408728153e-11	3.0	1.0
PA14_44080_3924749_G_A_T_T	44.1873152709	2.98408728153e-11	3.0	1.0
PA14_20520_1763753_C_T_P_L	44.1873152709	2.98408728153e-11	3.0	1.0
PA14_48910_4347756_C_T_A_T	44.1873152709	2.98408728153e-11	3.0	1.0
PA14_02930_257854_C_T_A_V	44.1873152709	2.98408728153e-11	3.0	1.0
PA14_14770,hscB_1256557_G_A_R_H	44.1873152709	2.98408728153e-11	3.0	1.0
PA14_71170_6339952_G_A_L_L	44.1873152709	2.98408728153e-11	3.0	1.0
PA14_18470,algL_1585094_A_G_I_T	44.1873152709	2.98408728153e-11	3.0	1.0
PA14_02460_222245_C_T_A_V	44.1873152709	2.98408728153e-11	3.0	1.0
PA14_55810_4984607_C_T_Q_*	44.1873152709	2.98408728153e-11	3.0	1.0
