feature	score	p-value	#I-out-of-2	#O-out-of-424
PA14_35720	21.3853824511	3.75624103976e-06	6.55677835616	270.097014136
PA14_59190	16.5854478151	4.65065023192e-05	7.09672137849	363.298491477
PA14_43405,kdbF	15.6800048381	7.50130027797e-05	11.3494178116	782.061396062
PA14_35710	13.6792480775	0.000216837413834	5.32300997914	256.728038725
PA14_35730	12.1174789909	0.000499513883841	4.35670882669	199.665406113
PA14_49020	10.9470874611	0.00093750865668	13.5386365342	1195.26615437
PA14_14540	9.63706333903	0.00190689870175	8.83593778932	683.714543098
PA14_03310	9.6338580886	0.00191022929916	5.58349630878	341.614639541
PA14_06200	8.47336368437	0.00360384412223	9.30746708271	781.389703145
PA14_60320,pilE	7.67653766794	0.0055943402014	6.65801104587	501.821264112
PA14_32250	7.66109232091	0.00564243332715	8.33710912956	697.086457786
PA14_10830	7.37699186698	0.00660635788838	10.4388399215	972.91656177
PA14_49000	6.96404861247	0.00831636401726	3.40119738166	188.616013431
PA14_43400,kdpA	6.75647767702	0.00934079604775	12.4895057037	1284.6794291
PA14_14550	6.61762255758	0.0100974535614	9.29302573859	863.538247223
PA14_43370,kdpC	6.28620540805	0.0121681289787	8.12148037475	729.969613179
PA14_10840	5.93041212747	0.0148817610394	8.20111164444	757.484932799
PA14_08310	5.88483774018	0.0152718048377	0.69314718056	1527.91331976
PA14_33680,fpvA	5.82036999938	0.0158416121819	0.0	1233.91843987
PA14_58970	5.7490512946	0.0164975637349	0.69314718056	1498.85021919
PA14_23370,orfK	5.69273497593	0.0170352846442	6.87316383421	600.762921684
PA14_27990	5.52274785813	0.0187707514598	0.69314718056	1450.38842472
PA14_31350	5.30927155431	0.0212122238466	0.69314718056	1404.64246846
PA14_08100	5.29877533522	0.0213404235198	1.38629436112	1660.03592408
PA14_31360	5.19171034814	0.0226948704928	0.0	1100.64259381
PA14_18970,pldA	5.17871974437	0.0228651655402	0.69314718056	1376.65025656
PA14_32650	5.16993491607	0.0229810769035	7.65539064483	726.138725389
PA14_03320	4.98098597369	0.0256273735522	6.44888939415	580.135416889
PA14_33330	4.87058665785	0.0273182119291	0.0	1032.56437146
PA14_23380,orfH	4.8528124456	0.0276010930238	6.67834211465	615.651754571
PA14_15430,tnpR	4.83543028604	0.0278806824912	0.0	1025.11122064
PA14_08320	4.78152011182	0.0287667163344	0.0	1013.68226371
PA14_08110	4.70382897362	0.0300954980979	1.09861228867	1425.74489924
PA14_58950	4.56331070596	0.0326638731949	0.69314718056	1244.50402281
PA14_32640	4.5631536847	0.032666867796	8.63621989784	895.599401021
PA14_23350,orfA	4.40131918709	0.0359111419851	5.38907172982	473.806893447
PA14_14560	4.36864587615	0.0366060706164	2.30258509299	133.500776892
PA14_54700,yjcS	4.35531444429	0.0368936477581	12.8548289708	1531.20776251
PA14_08060	4.27531090362	0.038669888953	2.48490664979	1807.69131363
PA14_15435	4.26286530568	0.0389541639833	0.0	903.727444805
PA14_31220	4.21121363143	0.040157596016	2.83321334406	187.942509625
PA14_08090,gpFII	4.19100009822	0.0406391164388	2.99573227355	1953.57992517
PA14_48930	4.16945481344	0.0411590417431	5.75257263883	530.843470707
PA14_69520	4.15139521255	0.0416002330965	0.0	880.095785061
PA14_43380,kdpB	4.14335000045	0.0417983725693	12.0165149711	1424.27904707
PA14_51530,exoU	4.12707327631	0.0422022786473	1.38629436112	1401.98519342
PA14_59220	4.10448378231	0.0427696461504	0.69314718056	1145.72438413
PA14_18960	4.07174917779	0.043606096965	0.0	863.210825692
PA14_31370,tam	4.0287692956	0.044730560223	1.60943791243	1457.57270115
PA14_64800,vanA	3.97573807384	0.0461602193787	11.4017704156	1347.11314078
PA14_31160	3.96905067464	0.0463438930894	0.0	841.438743023
PA14_33320	3.90126619415	0.048249730322	0.69314718056	1101.88627733
PA14_08070,gpFI	3.86919436207	0.0491801232293	4.68213122712	2395.85261447
PA14_01130	3.84419737521	0.0499184081993	0.0	814.969843545
PA14_69510	3.81544940519	0.0507819805896	0.0	808.875273901
PA14_32660	3.78452480629	0.0517285966454	7.08086789669	731.403584324
PA14_64810,vanB	3.75743695523	0.0525731073127	9.51900085081	1084.50183575
PA14_48450	3.66604515913	0.0555318042826	0.0	777.201573736
PA14_33350	3.64358179253	0.0562857215393	0.0	772.439340016
PA14_04710	3.63994383538	0.0564088371645	0.0	771.668093102
PA14_51520,spcU	3.60330553467	0.0576648054555	1.09861228867	1184.63005348
PA14_03340	3.59238392279	0.0580449200151	5.11198778836	477.48906267
PA14_50330	3.54686012086	0.0596582408305	7.34729970074	785.505146465
PA14_48970	3.54264355834	0.0598100656433	7.46164039221	802.110490245
PA14_14310	3.53355973018	0.0601385430377	0.0	749.114662797
PA14_40470	3.50642468177	0.0611312458448	0.0	743.362032536
PA14_30690	3.48700166225	0.061852516547	0.69314718056	1012.3141189
PA14_48990	3.48122278071	0.0620688594782	4.8283137373	446.477981382
PA14_48460	3.45630245249	0.0630110732154	0.0	732.736119927
PA14_48980	3.36904648431	0.0664321941931	6.87316383421	731.101484068
PA14_39220	3.35393953727	0.0670443805608	4.43081679884	401.854588062
PA14_39790	3.33643680123	0.0677612002694	3.80666248977	1996.49131206
PA14_08330	3.28547078936	0.0698955802574	0.69314718056	968.619598675
PA14_48910	3.28241974224	0.0700256156134	7.4702241359	823.335468403
PA14_48960	3.25812815958	0.0710702104978	4.60517018599	429.017846299
PA14_03330	3.25809369597	0.0710717043174	4.99043258678	479.491497331
PA14_13970	3.25446014534	0.0712293888812	1.79175946923	1343.1463508
PA14_59970	3.23442519385	0.0721056024763	1.79175946923	1338.52558556
PA14_08140,XR2	3.22094764523	0.072701530313	1.38629436112	1199.40497398
PA14_59380	3.21026231252	0.0731777507265	3.58351893846	1897.03336154
PA14_14430	3.21012236194	0.0731840101569	0.69314718056	952.259670832
PA14_48500	3.2098431367	0.0731965005036	0.69314718056	952.19901916
PA14_38180	3.17946240427	0.0745692600013	0.69314718056	945.598751688
PA14_60140	3.16742482099	0.0751208047024	3.63758615973	1902.53052909
PA14_13200	3.13927260373	0.0764278861184	0.0	665.525791991
PA14_15450,merD	3.13764478302	0.0765042083051	0.0	665.180694
PA14_33300	3.10841104174	0.0778889130126	0.69314718056	930.153656947
PA14_23360,wzz	3.03115276114	0.0816799660925	7.05012252027	782.381484805
PA14_03250	2.93852688827	0.0864895778668	0.0	622.967700314
PA14_22270	2.92459693128	0.0872390086176	0.0	620.014549431
PA14_20600	2.89334567126	0.0889460411976	0.69314718056	883.319176912
PA14_03350	2.89043160355	0.0891070513871	6.69208374251	741.580583149
PA14_58980	2.8522802899	0.0912444355704	1.38629436112	1115.81464964
PA14_13900	2.83616313235	0.0921640469429	0.0	601.266584058
PA14_22520	2.8032034348	0.0940761747984	0.0	594.279128177
PA14_33650,pvdD	2.7881876162	0.0949615731609	3.98898404656	1909.05051395
PA14_39470	2.7782246161	0.0955540384782	0.0	588.983618614
PA14_35930	2.76182983812	0.0965377604831	2.77258872224	223.668916642
PA14_50310	2.72604337881	0.0987235876619	6.15060276845	676.03490849
PA14_08000	2.71048899847	0.0996904288193	3.33220451018	1694.01965651
