feature	score	p-value	#I-out-of-1	#O-out-of-425
,,group_1357	425.0	1.99137139773e-94	1.0	0.0
,,group_4521	425.0	1.99137139773e-94	1.0	0.0
,,group_3357	425.0	1.99137139773e-94	1.0	0.0
,,angR	425.0	1.99137139773e-94	1.0	0.0
,,group_19161	425.0	1.99137139773e-94	1.0	0.0
,,group_36302	425.0	1.99137139773e-94	1.0	0.0
,,group_36299	425.0	1.99137139773e-94	1.0	0.0
,,group_5341	425.0	1.99137139773e-94	1.0	0.0
,,group_2986	425.0	1.99137139773e-94	1.0	0.0
,,group_1702	425.0	1.99137139773e-94	1.0	0.0
,,group_7785	425.0	1.99137139773e-94	1.0	0.0
,,group_36300	425.0	1.99137139773e-94	1.0	0.0
,,group_7843	425.0	1.99137139773e-94	1.0	0.0
,,group_5121	425.0	1.99137139773e-94	1.0	0.0
PA14_35880,,prr	425.0	1.99137139773e-94	1.0	0.0
,,group_804	425.0	1.99137139773e-94	1.0	0.0
,,group_36301	425.0	1.99137139773e-94	1.0	0.0
,,group_8927	425.0	1.99137139773e-94	1.0	0.0
,,group_36303	425.0	1.99137139773e-94	1.0	0.0
,,group_4615	425.0	1.99137139773e-94	1.0	0.0
,,group_1833	425.0	1.99137139773e-94	1.0	0.0
,,group_8995	211.501176471	6.46185297787e-48	1.0	1.0
,,group_10758	211.501176471	6.46185297787e-48	1.0	1.0
,,group_16915	211.501176471	6.46185297787e-48	1.0	1.0
,,group_5029	211.501176471	6.46185297787e-48	1.0	1.0
,,group_4616	211.501176471	6.46185297787e-48	1.0	1.0
,,group_7845	211.501176471	6.46185297787e-48	1.0	1.0
,,group_7403	211.501176471	6.46185297787e-48	1.0	1.0
,,group_8697	211.501176471	6.46185297787e-48	1.0	1.0
,,group_2937	211.501176471	6.46185297787e-48	1.0	1.0
,,group_490	211.501176471	6.46185297787e-48	1.0	1.0
PA14_34990,,hemR_3	211.501176471	6.46185297787e-48	1.0	1.0
,,group_4848	211.501176471	6.46185297787e-48	1.0	1.0
,,group_9317	211.501176471	6.46185297787e-48	1.0	1.0
,,group_19162	211.501176471	6.46185297787e-48	1.0	1.0
,,group_35702	140.336470588	2.24717043132e-32	1.0	2.0
,,group_19101	140.336470588	2.24717043132e-32	1.0	2.0
,,group_35717	140.336470588	2.24717043132e-32	1.0	2.0
,,group_14948	140.336470588	2.24717043132e-32	1.0	2.0
,,group_2987	140.336470588	2.24717043132e-32	1.0	2.0
,,group_35692	140.336470588	2.24717043132e-32	1.0	2.0
,,group_35149	140.336470588	2.24717043132e-32	1.0	2.0
,,group_35727	140.336470588	2.24717043132e-32	1.0	2.0
,,group_22357	140.336470588	2.24717043132e-32	1.0	2.0
,,group_35729	140.336470588	2.24717043132e-32	1.0	2.0
,,group_3777	140.336470588	2.24717043132e-32	1.0	2.0
,,group_35724	140.336470588	2.24717043132e-32	1.0	2.0
,,group_35725	140.336470588	2.24717043132e-32	1.0	2.0
,,group_35718	140.336470588	2.24717043132e-32	1.0	2.0
,,group_35716	140.336470588	2.24717043132e-32	1.0	2.0
,,group_35686	140.336470588	2.24717043132e-32	1.0	2.0
,,group_35722	140.336470588	2.24717043132e-32	1.0	2.0
,,group_5472	140.336470588	2.24717043132e-32	1.0	2.0
,,group_3983	140.336470588	2.24717043132e-32	1.0	2.0
,,group_35150	140.336470588	2.24717043132e-32	1.0	2.0
,,group_35726	140.336470588	2.24717043132e-32	1.0	2.0
,,group_35721	140.336470588	2.24717043132e-32	1.0	2.0
,,group_35704	140.336470588	2.24717043132e-32	1.0	2.0
,,group_16912	140.336470588	2.24717043132e-32	1.0	2.0
,,group_227	140.336470588	2.24717043132e-32	1.0	2.0
,,group_35720	140.336470588	2.24717043132e-32	1.0	2.0
,,group_19127	140.336470588	2.24717043132e-32	1.0	2.0
,,group_14942	140.336470588	2.24717043132e-32	1.0	2.0
,,group_10718	140.336470588	2.24717043132e-32	1.0	2.0
,,group_19064	140.336470588	2.24717043132e-32	1.0	2.0
,,group_3007	140.336470588	2.24717043132e-32	1.0	2.0
,,group_35687	140.336470588	2.24717043132e-32	1.0	2.0
,,group_12231	140.336470588	2.24717043132e-32	1.0	2.0
,,group_7831	140.336470588	2.24717043132e-32	1.0	2.0
,,group_35688	140.336470588	2.24717043132e-32	1.0	2.0
,,lpfB_2	140.336470588	2.24717043132e-32	1.0	2.0
,,dmdC_3	140.336470588	2.24717043132e-32	1.0	2.0
,,group_35703	140.336470588	2.24717043132e-32	1.0	2.0
,,group_4555	140.336470588	2.24717043132e-32	1.0	2.0
,,group_35723	140.336470588	2.24717043132e-32	1.0	2.0
,,group_2180	140.336470588	2.24717043132e-32	1.0	2.0
,,group_35685	140.336470588	2.24717043132e-32	1.0	2.0
,,group_35707	104.755294118	1.38190361248e-24	1.0	3.0
,,group_9024	104.755294118	1.38190361248e-24	1.0	3.0
,,group_32725	104.755294118	1.38190361248e-24	1.0	3.0
,,group_32726	104.755294118	1.38190361248e-24	1.0	3.0
,,group_1753	104.755294118	1.38190361248e-24	1.0	3.0
,,group_35698	104.755294118	1.38190361248e-24	1.0	3.0
,,group_32691	104.755294118	1.38190361248e-24	1.0	3.0
,,group_14950	104.755294118	1.38190361248e-24	1.0	3.0
,,group_35706	104.755294118	1.38190361248e-24	1.0	3.0
,,group_32727	104.755294118	1.38190361248e-24	1.0	3.0
,,group_9058	104.755294118	1.38190361248e-24	1.0	3.0
,,group_35705	104.755294118	1.38190361248e-24	1.0	3.0
,,group_19126	104.755294118	1.38190361248e-24	1.0	3.0
,,group_19124	104.755294118	1.38190361248e-24	1.0	3.0
,,group_32693	104.755294118	1.38190361248e-24	1.0	3.0
,,group_32722	104.755294118	1.38190361248e-24	1.0	3.0
,,group_14873	104.755294118	1.38190361248e-24	1.0	3.0
,,group_11152	104.755294118	1.38190361248e-24	1.0	3.0
,,group_35714	104.755294118	1.38190361248e-24	1.0	3.0
,,group_35715	104.755294118	1.38190361248e-24	1.0	3.0
,,group_3513	104.755294118	1.38190361248e-24	1.0	3.0
,,eccC	104.755294118	1.38190361248e-24	1.0	3.0
,,group_32692	104.755294118	1.38190361248e-24	1.0	3.0
