feature	score	p-value	#I-out-of-6	#O-out-of-420
PA14_59710,cupD1	25.8983712278	3.59872667979e-07	4.38202663467	36.0395641127
PA14_59790,pvrR	21.7976271777	3.029745954e-06	7.09257371597	97.3254164384
PA14_59170	17.3572862443	3.09708609919e-05	4.15888308336	45.4965040656
PA14_59190	16.916771089	3.90549956002e-05	14.5446955069	355.850517349
PA14_53660	15.9535667502	6.49153475252e-05	2.07944154168	1394.34125521
PA14_59390	15.5259908282	8.13786229155e-05	27.0772841485	894.575302443
PA14_53650	14.928661746	0.000111653720792	0.69314718056	1140.61798582
PA14_53620	13.8866462613	0.000194173187552	0.69314718056	1067.53171188
PA14_14310	10.70163804	0.00107040720548	0.0	749.114662797
PA14_50310	10.0757472769	0.00150233679866	19.3779313834	662.807579875
PA14_50320	9.87676987936	0.00167378515877	19.5558784816	675.632821729
PA14_15590	9.75985040792	0.00178364423415	14.7780224426	463.085094666
PA14_50330	9.72600799914	0.00181678654395	21.5148821951	771.33756397
PA14_38180	9.62922899578	0.00191504983174	2.07944154168	944.212457327
PA14_59770,rcsB	8.65084086249	0.00326910452597	4.27666611902	77.2181866235
PA14_39480	8.45895372742	0.00363250752475	10.4417337719	301.288902546
PA14_51520,spcU	7.95254579666	0.0048019780927	5.25749537203	1180.47117039
PA14_22530	7.8334026185	0.00512894583742	0.0	548.338183295
PA14_18960	7.80590863247	0.00520756741931	2.48490664979	860.725919042
PA14_13220	7.72236423147	0.00545409261456	0.0	540.565496203
PA14_04710	7.68872178243	0.00555669686417	1.79175946923	769.876333632
PA14_22550	7.58289277513	0.00589248037741	1.79175946923	762.259222628
PA14_14300	7.55966759377	0.00596890004262	1.38629436112	711.045954558
PA14_18970,pldA	7.11729685859	0.0076343729477	7.73193072195	1369.61147301
PA14_51530,exoU	7.08646509036	0.00776682958089	8.0143357373	1395.35715204
PA14_43100	6.74400021743	0.00940634743102	5.87773578178	1150.19709654
PA14_59750,cupD4	6.73864479515	0.00943462693768	2.99573227355	50.640296006
PA14_54050	6.73826598255	0.00943663056668	1.38629436112	652.32637955
PA14_53640	6.59965147732	0.0101998731458	0.0	461.975603412
PA14_59760,cupD5	6.4910503114	0.0108418902416	1.94591014906	25.1847151914
PA14_22520	6.40734547402	0.0113649195846	1.09861228867	593.180515889
PA14_46460	6.39732820609	0.0114292240223	9.87199688544	311.61261066
PA14_28970	6.10735379767	0.0134620537003	0.0	427.514765837
PA14_03270	6.06401790405	0.0137963450522	3.04452243772	795.225302555
PA14_15480,merR	6.03280073114	0.0140424350041	9.13129716464	1414.57933512
PA14_59580	6.00442701378	0.0142700274381	0.69314718056	513.331881332
PA14_49520,pyoS3A	5.99423186589	0.0143527292588	15.2541089026	1983.59953266
PA14_33300	5.8949961394	0.0151839628388	21.8396599949	909.007144132
PA14_30690	5.89071131273	0.0152209510803	5.16478597392	1007.84248011
PA14_40110	5.8656694778	0.0154389857781	5.66988092298	1057.64366587
PA14_59200	5.80402681697	0.0159895146297	34.4344390441	1596.41720324
PA14_40100	5.76024094584	0.0163928237294	9.30054663986	1406.63740764
PA14_33330	5.75813768255	0.0164124587332	23.6295269019	1008.93484456
PA14_13200	5.75710931575	0.0164220678712	2.07944154168	663.446350449
PA14_32810	5.65043088898	0.0174510835758	21.9429132305	924.24693008
PA14_03310	5.55056523148	0.0184747200398	10.0631799913	337.134955859
PA14_13960	5.54703448721	0.0185120253195	8.927977461	286.351374867
PA14_22540,wrbA	5.4407123282	0.0196726449581	0.69314718056	473.47580815
PA14_51560	5.39303568743	0.0202172695311	0.0	377.51249812
PA14_43405,kdbF	5.25419209736	0.021893963328	18.7831890805	774.627624793
PA14_03380	5.16649814885	0.0230265889068	1.09861228867	504.526109304
PA14_43090	5.12658689175	0.0235620168151	0.69314718056	451.235664184
PA14_03360	5.09460442767	0.024000387444	14.931471485	583.309134366
PA14_30940,trbB	5.0179396009	0.0250860021518	3.17805383035	729.909596305
PA14_22500	5.00025052868	0.0253436499651	1.09861228867	492.59804781
PA14_27640,rebB2	4.98188102994	0.0256141185839	8.19588539131	1231.12351187
PA14_33350	4.94798632754	0.0261210759511	18.1645540165	754.274785999
PA14_22230	4.90133108948	0.0268360024914	0.0	343.093176264
PA14_28830	4.75965206922	0.0291344368468	0.69314718056	425.222916208
PA14_31010	4.74333750208	0.0294119594627	5.27299955856	924.830921159
PA14_27660	4.70826196877	0.0300179850863	5.24702407216	919.29676106
PA14_30950	4.67218027503	0.0306549873134	1.38629436112	503.325291221
PA14_27650	4.65322278853	0.0309953028586	7.42177579364	1127.54338675
PA14_49510,pyoS3I	4.60717352791	0.0318384692017	3.63758615973	746.478674937
PA14_22100	4.59253900948	0.0321114121014	0.0	321.477730663
PA14_36345,exoY	4.56592152648	0.0326141234101	17.9461696915	2073.90245102
PA14_15460,merA	4.53761697236	0.033157721438	10.0384554129	1363.11540955
PA14_36280	4.52055718288	0.0334899230425	16.4788177541	1940.43842011
PA14_46610	4.49944912287	0.0339057746922	0.0	314.961438601
PA14_36320,hcnB	4.48890022688	0.0341156180725	19.4453941463	2195.42094936
PA14_48940,coaB	4.48812985942	0.0341309956526	3.33220451018	704.987436357
PA14_22210	4.47579363169	0.0343782328673	0.0	313.305554219
PA14_35770	4.43364751577	0.0352371276524	27.9334255307	1310.7677945
PA14_59620	4.36414440323	0.0367029101482	2.30258509299	584.617082462
PA14_31150	4.35939335687	0.0368054097308	1.79175946923	527.202396619
PA14_59370	4.35087757993	0.0369898808523	34.4679671619	1688.38571069
PA14_03320	4.32579570998	0.0375388590938	14.1976824738	572.386623809
PA14_22080	4.29169648231	0.0382989322278	1.38629436112	475.574626973
PA14_27675	4.22006837085	0.0399485510029	9.71474542794	1302.6772429
PA14_59610	4.20549606301	0.0402931876391	2.07944154168	547.956434443
PA14_48950	4.19713685299	0.0404922911178	5.21493575761	873.00194988
PA14_15475,merT	4.19511743737	0.0405405451995	8.37930948405	1176.39901158
PA14_03163	4.1950362375	0.0405424867382	1.38629436112	468.502716274
PA14_31280	4.15080145557	0.0416148225068	5.93489419562	939.586732315
PA14_59735,cupD3	4.12740428341	0.0421940239896	3.66356164613	91.0378209299
PA14_31260	4.08432132504	0.0432828301472	1.38629436112	460.390478695
PA14_46620	4.07630384044	0.0434886908015	2.07944154168	538.197129104
PA14_32850	4.07341590821	0.0435630947885	1.60943791243	485.249668969
PA14_35800	3.95427760048	0.0467523811373	28.630182663	1379.74348057
PA14_10980	3.91936637814	0.0477328675528	4.9558270576	823.723103101
PA14_51550	3.90990743335	0.0480022411962	8.10530751551	1124.01742421
PA14_35760	3.87192850937	0.049100072865	27.8211047608	1338.85774977
PA14_10960	3.86959455426	0.0491683977975	5.20400668708	843.846654347
PA14_59630	3.86142218593	0.0494084306747	2.8903717579	609.018359537
PA14_22140	3.84747435033	0.0498209596734	0.69314718056	360.34869393
PA14_46400,yqhC	3.84602042967	0.0498641705797	9.53242387115	1249.46241477
PA14_10120	3.81704383133	0.050733673725	0.0	267.193068193
PA14_28770	3.81399526109	0.0508260796803	0.69314718056	357.960488655
PA14_59060	3.81116276828	0.050912095534	25.0885572873	1187.44480887
PA14_28980	3.76611209694	0.052301067857	0.69314718056	354.543715467
