feature	score	p-value	#I-out-of-1	#O-out-of-475
CGCC	0.00136770781154	0.970498932165	0.190875175096	83.3008370368
GGGG	0.00115214942235	0.972922343428	0.0240911947402	14.237003847
GTGG	0.00100447752887	0.974716483734	0.0429696009951	23.7821480464
CCCC	0.000955108335498	0.975345440328	0.0337671275899	13.5563407
GGTG	0.000937669624268	0.975571482109	0.0650501712938	34.8418359589
CGCCC	0.000892519843957	0.976166687744	0.0358708657222	14.5518149136
CACC	0.000868242488149	0.976492971334	0.0783843674523	33.5106620366
GGGC	0.000846799337569	0.976784981913	0.0694722825065	36.8530786069
CCTC	0.000837762129958	0.976909157024	0.056594185613	23.8010318426
GCCC	0.000791121879105	0.977560948314	0.0826518152464	35.5978994251
GAGG	0.00075637229926	0.978059166397	0.0460186798184	24.8495947988
GGCG	0.000730844838047	0.978432502534	0.168854576327	85.6646046198
GGGCG	0.000730189557627	0.97844217113	0.0276153112062	15.432945869
CCGC	0.00071662066188	0.978643363486	0.133793326256	59.0629262765
CCGCC	0.000704582167534	0.978823465594	0.0526913015912	22.2936307005
TGGC	0.00069567603764	0.978957698871	0.0827764929002	43.0961767758
CCAC	0.000662162138915	0.979470692153	0.0536997702082	22.8248682085
GCGT	0.000639514881221	0.979824741812	0.0478052001228	25.492875136
TTTG	0.000630587984154	0.979966018637	0.00589299188731	3.87771365957
TCTTAGCTG	0.000630417189858	0.979968731345	0.000124790270236	0.00848868215012
GTTT	0.00058783688071	0.980656906587	0.0114592967578	6.82476977324
GTGC	0.000575736318026	0.980856991026	0.0455515331664	24.2126337393
CGTG	0.000562210211038	0.981083153776	0.0357240932943	19.2376327132
GGAG	0.000560458213785	0.981112646235	0.0340243738882	18.3753769526
CGCCA	0.000559804074088	0.981123669597	0.0411815024926	17.4072282694
CTTAGCTGC	0.000557146247283	0.981168524906	0.000116420493011	0.00824874727382
CCTATACGG	0.000545364748398	0.981368658799	9.62700870717e-05	0.00599736786685
GCTG	0.000533600999213	0.981570661092	0.104632959062	53.3826259549
TTTT	0.000524267625723	0.981732520226	0.0098353308628	5.88319652503
TGGCG	0.000515879004586	0.98187922997	0.0336819048899	18.1072954246
CCCG	0.000512315423305	0.981941914897	0.0690587945915	30.093666648
CTGCCTATA	0.000510819347337	0.981968296509	9.2263412904e-05	0.00585089094105
CCCGC	0.000507501090389	0.982026948513	0.0270787238357	11.2160911576
TTCTTAGCT	0.000504556626283	0.982079154375	0.000107614104055	0.00774228036694
CTCG	0.000502623326442	0.982113515042	0.0830873979355	36.5107346682
TATACGGCA	0.000499695448085	0.982165678551	9.62700870717e-05	0.00641515876295
CCAGC	0.000475120464141	0.982609681324	0.0475163898615	20.4210102945
CGGG	0.000474134006626	0.982627740966	0.059745847316	31.0251700399
GGGGC	0.000472983502689	0.982648827659	0.00924035016073	5.50189802237
GTGGC	0.000472295512402	0.98266144956	0.0160818391354	9.06629951711
CTATACGGC	0.000464039285259	0.982813642209	0.000102582879667	0.00757894324377
GCCA	0.000448770119214	0.983098721991	0.0947928936045	42.0300310504
CTCC	0.000447687540114	0.983119116937	0.0412430522204	17.6508001048
CCACC	0.00044654688731	0.983140632655	0.0258635112612	10.7717976247
GGTGG	0.00044213662108	0.983224081659	0.0205323579148	11.294396387
GCGG	0.000441419570122	0.98323768865	0.120006187228	60.5701746893
TTAGCTGCC	0.000439986547509	0.98326491532	0.000101482316275	0.00773490806108
GTGT	0.000438790510292	0.983287673372	0.013286850214	7.56831342481
GCCCC	0.000427717985169	0.983499851256	0.0130011963491	5.15126218112
TGTG	0.000426964455519	0.983514390113	0.0117623108024	6.75891143407
CAGC	0.000426159079469	0.983529943509	0.116893980479	52.2682482608
GCGTT	0.000420630943152	0.983637101932	0.010697027052	6.1945542039
CGTT	0.00041680199359	0.98371173648	0.0299242150978	15.995201059
GGTT	0.000414950016656	0.983747958583	0.0256615018981	13.8425242806
CCTCC	0.000412256375979	0.983800787116	0.0122894289841	4.86063454284
GGCGG	0.00041065563444	0.983832263181	0.0444136523012	23.2270640198
CCTCG	0.000410649253759	0.98383238877	0.0326134647432	13.8460536777
GAGGG	0.000408816589233	0.983868500967	0.00768582498425	4.59630314798
AGGG	0.000408346834416	0.983877770399	0.0375169263913	19.7811852191
CTCGC	0.000407706201914	0.983890420275	0.0267173164596	11.2152191576
GCGGG	0.000407306684429	0.983898314148	0.0215266227485	11.7331884653
CCCTC	0.000394815597812	0.98414710309	0.0109858373132	4.31731826512
GTTG	0.000391940564208	0.984204921111	0.0396853706476	20.8212667495
GGAGG	0.000390468531903	0.98423460636	0.00880003287724	5.15904210963
CGAG	0.000385846373452	0.984328183242	0.0736939625543	37.6334835609
CTCGCC	0.000385716728426	0.984330816003	0.0134083714715	5.37534527828
CGCCCT	0.000382909309595	0.984387936502	0.0112178324411	4.42973313039
CCAG	0.000381734926855	0.984411892933	0.114883356038	51.5100446248
ACGC	0.00037989183124	0.984449565001	0.0563464085036	24.6529661123
TTTC	0.000379058153005	0.984466635044	0.0237313655622	12.7914115071
GCTGG	0.000376511088858	0.984518904309	0.0403450574738	21.1087311654
TGGG	0.000370877743099	0.984635140162	0.0338381465066	17.8479964504
CCGCCC	0.000370208146799	0.984649014856	0.00924508475518	3.59526851222
TCTTAGCT	0.000366431742395	0.984727501795	9.50886329258e-05	0.00788894216048
TGCGT	0.000361994906523	0.984820233542	0.00536587370564	3.303024541
GAGT	0.000361832272204	0.984823643439	0.0153495551944	8.50086720918
TGCCTATAC	0.000361578344112	0.984828968993	9.32982571197e-05	0.0077093231852
CCCT	0.000358532153195	0.984893002222	0.0442163775326	19.1927757113
AGTG	0.000354148411452	0.984985631279	0.0135456747104	7.56315823507
AACGC	0.000352727332676	0.985015781822	0.0144515604478	5.87143822002
GGGGG	0.000352429117263	0.985022116665	0.00354147664572	2.30368192603
CCCCG	0.000350004942936	0.985073712009	0.014326882794	5.82036748538
GCCTATACG	0.000346090722716	0.985157399779	9.48795835115e-05	0.00818158249155
GGGT	0.000338159899655	0.985328428374	0.0361943963427	18.9381240366
ATACGGCAG	0.000336847470392	0.9853569237	0.000115208464856	0.0115399861838
TTTCTTAGC	0.000334011269308	0.985418693283	9.68436940541e-05	0.00868148093695
GATG	0.000332945547326	0.985441971401	0.0509331888535	26.2320463205
CGCCCC	0.000323860103732	0.98564195383	0.0055883996446	2.08710429649
CCTCGC	0.000321144070956	0.985702280553	0.0100973117555	4.01284953002
TGAG	0.000319636583798	0.985735874012	0.0183733828474	9.95808835031
CGGGG	0.000319491779774	0.985739105051	0.0109132401984	6.15079037997
CCCCC	0.000318006561785	0.985772287376	0.00598452737993	2.25787451089
CCCGCC	0.000317548282462	0.985782541766	0.00898152566434	3.53508154954
AGTAGTCTA	0.00031675750913	0.985800253414	1.15814820194e-05	0.000176833730298
GCAC	0.000316632786981	0.985803048944	0.0532310453581	23.4063600148
GCCAC	0.000311937768158	0.985908686943	0.0206333625963	8.66632096891
AGGGG	0.000310563525472	0.985939757644	0.00427691698302	2.65824891378
GCGAG	0.000309561129518	0.985962464535	0.0219448452579	11.738839038
AGCTGCCTA	0.000309291436115	0.985968580072	9.48795835115e-05	0.00883908749771
CGCCTC	0.000307804929622	0.986002335895	0.00795727506583	3.10506052255
