feature	score	p-value	#I-out-of-6	#O-out-of-420
PA14_08310	11.8603260223	0.00057342504818	5.66296048014	1522.94350646
PA14_13950	10.8583751401	0.000983499499022	0.69314718056	854.989566349
PA14_15460,merA	10.3704743313	0.00128046645317	5.27811465923	1367.87575031
PA14_08330	10.1812270101	0.00141877736234	1.94591014906	967.366835707
PA14_15480,merR	9.98272561756	0.00158015609649	6.00388706711	1417.70674522
PA14_08320	9.87903358521	0.00167172719071	2.48490664979	1011.19735706
PA14_15420	9.65862452557	0.00188464678104	0.0	676.10371679
PA14_31190	8.88982860425	0.00286763650284	4.12713438505	1128.39697389
PA14_20550	8.77886182686	0.00304741287971	4.35670882669	1145.61156257
PA14_59390	8.72732355209	0.00313476319638	23.5495583915	898.1030282
PA14_03350	8.57715364075	0.00340407084612	1.09861228867	747.174054603
PA14_03320	8.37977580404	0.00379419224467	0.0	586.584306283
PA14_28820	7.84256523661	0.00510301411418	0.0	548.979566562
PA14_46570	7.74210100949	0.00539479964609	0.0	541.947070665
PA14_15470,merP	7.26472308695	0.00703221105257	4.06044301055	998.122120344
PA14_03360	7.19803119614	0.00729836066388	0.69314718056	597.547458671
PA14_32850	6.9551300983	0.00835792211151	0.0	486.859106881
PA14_48950	6.94101518334	0.00842412890722	21.5695746023	856.647311035
PA14_03330	6.9211704274	0.00851812064921	0.0	484.481929918
PA14_03340	6.89430072083	0.00864709811315	0.0	482.601050458
PA14_15410	6.87938619591	0.00871955033205	1.94591014906	729.846349056
PA14_22080	6.81372744763	0.0090459743307	0.0	476.960921334
PA14_22270	6.76892354124	0.00927587668931	1.09861228867	618.915937142
PA14_49510,pyoS3I	6.72220809875	0.00952196658642	2.19722457734	747.91903652
PA14_15475,merT	6.58740425479	0.010270281355	6.27664348934	1178.50167758
PA14_46620	6.37617847009	0.0115662212834	0.69314718056	539.583423465
PA14_22120	6.32155195634	0.0119279189355	0.0	442.508636944
PA14_08300,JF1	6.2963555068	0.0120986461859	14.1429708804	1911.19307639
PA14_03370	6.26719442048	0.0122993741314	0.69314718056	531.889781577
PA14_10830	6.19322710487	0.0128240125445	4.65396035016	978.701441341
PA14_49520,pyoS3A	6.16655495999	0.0130187887156	15.0700148666	1983.78362669
PA14_15350	6.13603075642	0.0132454309548	0.69314718056	522.627840222
PA14_31180	5.98625216002	0.0144178037299	3.73766961828	864.983152756
PA14_22190	5.93455012323	0.0148468582508	0.0	415.418508626
PA14_35700	5.85520141003	0.0155310805484	5.11198778836	126.012927482
PA14_45950,rsaL	5.82623231299	0.0157889036486	25.2140505849	2847.36060545
PA14_55520,hxcU	5.76121685739	0.0163837213397	1.38629436112	582.150731427
PA14_07480	5.74508695625	0.0165348370025	14.1689578988	1859.98814875
PA14_22090	5.59905165578	0.0179702022854	0.0	391.933615904
PA14_46590	5.52471034052	0.018749707031	0.69314718056	479.41889623
PA14_23430	5.50547461333	0.0189570348631	0.0	385.383222933
PA14_15590	5.49292197728	0.0190936065326	0.69314718056	477.169969928
PA14_46600	5.41406824868	0.019975111371	0.0	378.984777407
PA14_59120	5.40765892291	0.0200485856434	4.48863636973	107.923266692
PA14_21670	5.40005557259	0.0201361103828	10.7223859384	1508.33261157
PA14_30910,trbE	5.38017465115	0.0203668390546	5.85220247977	1036.07439611
PA14_15435	5.35279276286	0.0206891064962	4.53259949315	899.194845312
PA14_33450,treA	5.32204061462	0.0210573380452	11.7215643301	1593.92551532
PA14_13970	5.28176430197	0.0215499004965	9.01091334728	1335.92719693
PA14_22110	5.26929164121	0.0217048431231	0.0	368.850414884
PA14_22140	5.15774058729	0.0231429853704	0.0	361.04184111
PA14_53580	5.1550630619	0.023178693895	8.4215629604	271.619439149
PA14_28770	5.12362336908	0.0236022852316	0.0	358.653635835
PA14_55430,hxcS	5.03311481152	0.0248671372145	1.79175946923	576.994801598
PA14_15450,merD	5.01165517191	0.0251772242481	2.56494935746	662.615744642
PA14_15580	4.95988883502	0.0259418749777	1.38629436112	524.228241925
PA14_58720	4.93255296598	0.026355353673	0.69314718056	437.485112267
PA14_28240	4.91039532726	0.026695530562	5.07517381523	918.782860889
PA14_22230	4.90133108948	0.0268360024914	0.0	343.093176264
PA14_54850	4.89190217203	0.0269829416922	0.0	342.433152042
PA14_13390	4.88788691953	0.0270457686719	9.14420056947	1312.57334233
PA14_36680	4.85105584301	0.0276292147545	4.27666611902	832.384845755
PA14_36370	4.84532443435	0.0277211772476	4.78749174278	884.247833295
PA14_53670	4.78532088898	0.0287032991829	6.7381524946	1073.09863038
PA14_46280	4.76700352736	0.0290102758444	7.52833176671	1147.91929411
PA14_08220	4.76320176604	0.0290744159975	11.7860470461	1545.63546559
PA14_48940,coaB	4.72323691543	0.0297576758427	16.7922638649	691.527377002
PA14_34830	4.70459698153	0.0300820541938	12.8835781301	1639.53410538
PA14_22240	4.66769383832	0.0307351721584	0.0	326.738568682
PA14_28250	4.65813311565	0.0309067787475	7.32118855674	1118.31867355
PA14_31170	4.61905271535	0.0316186953764	0.69314718056	415.244542364
PA14_51520,spcU	4.60022402715	0.0319677785966	7.997326823	1177.73133894
PA14_46460	4.59263725064	0.0321095717236	0.0	321.484607545
PA14_22100	4.59253900948	0.0321114121014	0.0	321.477730663
PA14_22220	4.54987443358	0.0329211606165	0.0	318.491210351
PA14_33270,pvdG	4.54915090393	0.0329350751882	2.48490664979	618.703671275
PA14_40110	4.52985290573	0.0333084805796	6.79794041297	1056.51560638
PA14_46610	4.49944912287	0.0339057746922	0.0	314.961438601
PA14_30850,trbI	4.48619589924	0.0341696320536	7.78197323443	1146.91139538
PA4704-PA4705,prrH	4.47865764618	0.0343206671859	5.37527840768	912.784861166
PA14_22210	4.47579363169	0.0343782328673	0.0	313.305554219
PA14_15650	4.46852191015	0.0345248458431	17.0588182785	715.446965037
PA14_22250	4.46021932873	0.0346930426801	0.0	312.215353011
PA14_33520	4.45841071561	0.0347297957597	4.96981329958	870.636183629
PA14_30690	4.41142922229	0.0356989197971	6.39024066707	1006.61702542
PA14_28760	4.40084099746	0.0359212124192	11.8660581425	1516.87678841
PA14_59230	4.33997129744	0.0372275510079	0.69314718056	395.417380049
PA14_34820	4.32838238545	0.0374818507145	12.7362301976	1587.94490289
PA14_48030	4.2947906248	0.0382293029823	11.021117847	1429.57773325
PA14_37990	4.27790761324	0.0386108512005	3.87120101091	744.322466765
PA14_08240	4.2697340969	0.0387970011533	13.1997243386	1623.36530954
PA14_35550,pslO	4.22626001307	0.0398030557686	2.07944154168	549.522418235
PA14_36620	4.22358647805	0.0398658118993	9.51841313408	1284.91752188
PA14_38190	4.21429050268	0.0400848265779	10.5149907441	1375.47739123
PA14_13920	4.19232045708	0.0406074789824	0.0	293.462431995
PA14_10840	4.18858184776	0.0406971278807	4.11087386417	761.575170579
PA14_23400	4.17186035199	0.0411006470505	0.0	292.03022464
PA14_30860,trbG	4.15523959359	0.0415059014039	4.91265488574	839.468856378
PA14_18970,pldA	4.15468669083	0.0415194544356	10.4850325565	1366.85837118
PA14_36490	4.11896632888	0.0424049805531	8.22147894727	1154.50899988
