feature	score	p-value	#I-out-of-2	#O-out-of-474
CCCCCCCCC	0.00187232245788	0.965486033085	0.00183938818633	0.164363641731
CCCCCCCC	0.00184569173844	0.965732212396	0.00189443845887	0.172658623572
CCCCCCC	0.00161366738219	0.96795721298	0.00207145552119	0.207697070833
CCCCCC	0.000839502621241	0.976885190002	0.0031600524347	0.448995916046
TTAGTAGAC	0.000537462406737	0.981504111173	3.10926313356e-05	0.000355110393409
GTGTGTAAA	0.000524024191053	0.981736761072	3.92448196414e-05	0.000573998262406
CCCCC	0.000328053230164	0.985549313614	0.0112747763329	2.25258426194
CGCC	0.000316045842742	0.98581621215	0.361312881443	83.1303993305
CCCC	0.000296426038238	0.986263478169	0.0612068008195	13.5289010267
TACACACTC	0.000260594082217	0.987120367421	3.35732857683e-05	0.00079656430222
TTTACACAC	0.000260486142272	0.987123034883	3.00510865078e-05	0.000648728921917
GTGG	0.000215491101948	0.988287782334	0.0954707532426	23.7296468941
GGGG	0.000211133780154	0.988406791648	0.056371187264	14.2047238545
GAGTGTGTA	0.000207890473878	0.988496173882	3.19568660302e-05	0.000877997122344
CCTC	0.000185238756912	0.989140931253	0.104542208375	23.7530838198
CTCG	0.000182888140871	0.989210045922	0.159047238567	36.4347748276
GGGTTAGTA	0.000182450733304	0.98922295585	2.07816405951e-05	0.000443694465153
CGCCC	0.000178401316322	0.989343215693	0.0645926112584	14.5230931681
GGGC	0.000176366573121	0.989404158968	0.149917000413	36.772633889
TGGC	0.00017140901713	0.989554133121	0.17585936644	43.0030939022
GGTG	0.000166250242862	0.989712516013	0.141740006162	34.765146124
CGTG	0.000164250624095	0.989774567482	0.0773410939664	19.1960157125
CACC	0.000164073416799	0.989780084694	0.145932369772	33.4431140343
CCAC	0.00016365451709	0.989793138673	0.100086435457	22.7784815432
TTACACACT	0.000161873396182	0.989848830393	2.90944772258e-05	0.000905977077716
GCCC	0.000161039039025	0.989875024282	0.154821470898	35.5257297695
GCGT	0.000147735703171	0.990302225085	0.103340438816	25.4373398973
GGGCG	0.000142349112417	0.9904806534	0.0619258405152	15.3986353397
CGCCA	0.000141494795463	0.990509260509	0.0765266424175	17.3718831294
GTGC	0.000139049192555	0.990591633378	0.098168412815	24.1600168596
CTCGC	0.000137460681563	0.9906455263	0.049777796891	11.1921586771
CCAG	0.000136466656767	0.99067940881	0.222340716872	51.402587264
GGCG	0.000132965745476	0.990799735279	0.353734510277	85.4797246859
CCAGC	0.000130216884435	0.990895328388	0.0893416569034	20.3791850274
CTCGCC	0.000127231150063	0.991000309409	0.024335528375	5.36441812138
GAGG	0.000123887825728	0.991119336595	0.101011115087	24.7946023636
CCGCC	0.000123629658294	0.991128594159	0.0972919735008	22.2490300286
GTGGC	0.000121057062683	0.991221377675	0.0360164397927	9.04636491646
TGGCG	0.000119589175068	0.991274760828	0.0732097717012	18.0677675578
CCTCG	0.000115881995085	0.991411058286	0.0609077818792	13.8177593605
GCTG	0.000115652799635	0.991419555917	0.219648928382	53.2676099856
TGTG	0.000115151513424	0.99143817096	0.0266420832612	6.74403166161
CCGC	0.00011181393965	0.991563157475	0.253988235669	58.9427313671
GCTGG	0.000108140151563	0.991702911527	0.0857682625019	21.0633079604
GTAGACTTA	0.000106952368593	0.991748602226	2.63344055241e-05	0.00104066875212
CGAG	0.000106917553375	0.991749945289	0.154326433593	37.5528510899
GCCA	0.000106707534405	0.991758051806	0.181331802804	41.9434921412
GGGGGGGGG	0.00010551139244	0.991804374565	1.70504517018e-05	0.0326002974959
GGAG	9.87395059247e-05	0.992071730774	0.0745926272892	18.3348086992
CGCCCT	9.83682215571e-05	0.992086650426	0.0200114140048	4.42093954882
GGGGC	9.79304373901e-05	0.992104278522	0.0216533282388	5.4894850443
GTAGTATAT	9.70780030308e-05	0.992138716621	1.07087283786e-05	0.000222349783711
GGGGGGGG	9.68551364847e-05	0.992147745273	3.56890583437e-05	0.0380106519326
CATATGATC	9.54287927473e-05	0.99220577625	1.90692162385e-05	0.000644736695847
TAGATTACA	9.53107584776e-05	0.99221059786	1.32652588127e-05	0.000335811476343
CGCCAG	9.35645646882e-05	0.992282280506	0.03526540511	7.93743339525
CCACC	9.32348705119e-05	0.992295889576	0.047420673265	10.7502404627
GTGTACCAT	9.28861930871e-05	0.992310308442	1.33524371361e-05	0.000347204465028
GCCCT	9.11376027646e-05	0.992383029647	0.0435930250038	9.86883260142
CCCT	9.07269873319e-05	0.992400207417	0.0835300008569	19.153462088
CAGC	8.88814891333e-05	0.99247789677	0.224519381643	52.1606228596
TTTG	8.81767524598e-05	0.99250777642	0.0151206812529	3.8684859702
GCGTG	8.70677922618e-05	0.992555037312	0.0288013846204	7.21248265258
GTTT	8.69248302625e-05	0.992561151818	0.0271468485277	6.80908222147
TCGCC	8.62116272779e-05	0.992591731015	0.0923573449486	21.228664662
CTGG	8.46789315535e-05	0.992657877655	0.216322851848	52.295086184
TGTGATAAT	8.45518289916e-05	0.992663389809	1.55068508715e-05	0.000490578238341
AGTGTGTAA	8.45208685021e-05	0.992664733124	2.22035882086e-05	0.000919353629477
GGGGGGG	8.44805398068e-05	0.992666483276	0.000160784128476	0.0775512694673
ACGC	8.20943223912e-05	0.992770792665	0.106733933462	24.6025785873
GTGT	8.13569540488e-05	0.992803331256	0.0302489845435	7.55135129048
GTAATCCTA	8.1314029217e-05	0.992805229976	1.00282310392e-05	0.000229261428878
AGTACTATA	8.06987819833e-05	0.992832499858	1.02089018398e-05	0.000238503988388
GTGACTAGA	8.02153664484e-05	0.992853999517	1.271962142e-05	0.000358390282509
GCGAG	8.01505432058e-05	0.992856887418	0.0474291070728	11.7133547762
ACGTATAGT	7.98753737076e-05	0.992869159351	1.35026355915e-05	0.000400525939486
GCCCC	7.96115934736e-05	0.99288094321	0.0230101498561	5.14125322761
CTCC	7.85057912954e-05	0.992930556518	0.0767469818749	17.6152961752
GTGCG	7.83897641575e-05	0.992935782433	0.0263009002382	6.5837472993
GGGGG	7.83249473703e-05	0.992938703494	0.00882467091009	2.29839873177
CCTCGCC	7.77032297414e-05	0.992966783723	0.00923070287535	1.99553324395
CCTCC	7.74632924843e-05	0.992977650657	0.0217311947616	4.85119277707
CCCATATTA	7.71822090955e-05	0.99299040256	1.32426176643e-05	0.000397487539517
AGGG	7.69215489016e-05	0.993002248692	0.0807462911184	19.7379558544
CCTCGC	7.64241292402e-05	0.993024910584	0.0180373248533	4.00490951692
AATTAGACT	7.63564478983e-05	0.993027999765	1.28360351786e-05	0.000379062512299
GATG	7.58714197118e-05	0.993050178103	0.107544178716	26.1754353307
TGGTG	7.57981355873e-05	0.993053535241	0.0353535520772	8.77666171517
GCCAC	7.529540865e-05	0.993076609006	0.0381541117828	8.64880021973
TGGG	7.47980225943e-05	0.993099513575	0.0727681206841	17.8090664763
CGTGG	7.47614925871e-05	0.993101198776	0.0287827717024	7.17888056478
GAGC	7.37864661167e-05	0.99314633179	0.119307612315	28.9893709265
GGTGG	7.32994761785e-05	0.993168985748	0.0456788859584	11.269249859
GGCGAG	7.20473061557e-05	0.993227582548	0.0226728286679	5.68566394661
CCCTC	7.08354683212e-05	0.99328477886	0.019318764539	4.3089853379
AACGC	7.07370358477e-05	0.993289446085	0.0260504858042	5.85983929466
CTCGCCG	6.92679345662e-05	0.993359494102	0.0139324437828	3.07673821344
TATTTAATT	6.91799096219e-05	0.993363714688	2.09730249948e-05	0.000960052780137
CGTT	6.9010135766e-05	0.99337186253	0.0651813899764	15.9599438841
CCGCCC	6.78315842741e-05	0.993428702459	0.0161564467417	3.58835715023
