feature	score	p-value	#I-out-of-10	#O-out-of-416
,,group_25542	83.2	7.41577140834e-20	2.0	0.0
,,group_18168	83.2	7.41577140834e-20	2.0	0.0
,,syrM1	54.1413461538	1.86573765297e-13	2.0	1.0
,,group_18486	54.1413461538	1.86573765297e-13	2.0	1.0
,,group_23626	43.1251201923	5.13487252731e-11	3.0	5.0
,,group_23627	43.1251201923	5.13487252731e-11	3.0	5.0
,,group_17373	43.1251201923	5.13487252731e-11	3.0	5.0
,,group_11960	43.1251201923	5.13487252731e-11	3.0	5.0
,,group_23628	43.1251201923	5.13487252731e-11	3.0	5.0
,,group_6148	41.6	1.11993271495e-10	1.0	0.0
,,group_4846	41.6	1.11993271495e-10	1.0	0.0
,,group_32450	41.6	1.11993271495e-10	1.0	0.0
,,group_35822	41.6	1.11993271495e-10	1.0	0.0
,,group_32495	41.6	1.11993271495e-10	1.0	0.0
,,group_37032	41.6	1.11993271495e-10	1.0	0.0
,,group_30204	41.6	1.11993271495e-10	1.0	0.0
,,group_32497	41.6	1.11993271495e-10	1.0	0.0
,,group_14187	41.6	1.11993271495e-10	1.0	0.0
PA14_01140,,rhsB	41.6	1.11993271495e-10	1.0	0.0
,,group_27226	41.6	1.11993271495e-10	1.0	0.0
PA14_62710,pnp,pnp	41.6	1.11993271495e-10	1.0	0.0
,,group_17870	41.6	1.11993271495e-10	1.0	0.0
,,group_4801	41.6	1.11993271495e-10	1.0	0.0
,,group_31067	41.6	1.11993271495e-10	1.0	0.0
,,group_31131	41.6	1.11993271495e-10	1.0	0.0
,,group_31191	41.6	1.11993271495e-10	1.0	0.0
,,group_37031	41.6	1.11993271495e-10	1.0	0.0
,,group_37050	41.6	1.11993271495e-10	1.0	0.0
,,group_35832	41.6	1.11993271495e-10	1.0	0.0
,,group_35826	41.6	1.11993271495e-10	1.0	0.0
,,group_30208	41.6	1.11993271495e-10	1.0	0.0
,,group_31143	41.6	1.11993271495e-10	1.0	0.0
,,group_31158	41.6	1.11993271495e-10	1.0	0.0
,,group_31218	41.6	1.11993271495e-10	1.0	0.0
,,group_27205	41.6	1.11993271495e-10	1.0	0.0
,,group_31203	41.6	1.11993271495e-10	1.0	0.0
,,group_30196	41.6	1.11993271495e-10	1.0	0.0
,,eutB_2	41.6	1.11993271495e-10	1.0	0.0
,,group_30184	41.6	1.11993271495e-10	1.0	0.0
,,group_1808	41.6	1.11993271495e-10	1.0	0.0
,,group_31194	41.6	1.11993271495e-10	1.0	0.0
,,group_30187	41.6	1.11993271495e-10	1.0	0.0
,,group_30214	41.6	1.11993271495e-10	1.0	0.0
,,group_31130	41.6	1.11993271495e-10	1.0	0.0
,,ftsI_1	41.6	1.11993271495e-10	1.0	0.0
,,group_31148	41.6	1.11993271495e-10	1.0	0.0
PA14_36230,glnP,yecS_4	41.6	1.11993271495e-10	1.0	0.0
,,group_32491	41.6	1.11993271495e-10	1.0	0.0
,,group_35821	41.6	1.11993271495e-10	1.0	0.0
,,group_31066	41.6	1.11993271495e-10	1.0	0.0
,,group_32493	41.6	1.11993271495e-10	1.0	0.0
,,group_31154	41.6	1.11993271495e-10	1.0	0.0
,,group_31204	41.6	1.11993271495e-10	1.0	0.0
,,dusC_2	41.6	1.11993271495e-10	1.0	0.0
,,group_31125	41.6	1.11993271495e-10	1.0	0.0
,,group_33190	41.6	1.11993271495e-10	1.0	0.0
,,group_32469	41.6	1.11993271495e-10	1.0	0.0
,,group_27217	41.6	1.11993271495e-10	1.0	0.0
,,group_27214	41.6	1.11993271495e-10	1.0	0.0
,,group_25510	41.6	1.11993271495e-10	1.0	0.0
,,group_31228	41.6	1.11993271495e-10	1.0	0.0
,,group_31127	41.6	1.11993271495e-10	1.0	0.0
,,group_37036	41.6	1.11993271495e-10	1.0	0.0
,,group_31146	41.6	1.11993271495e-10	1.0	0.0
,,group_35827	41.6	1.11993271495e-10	1.0	0.0
,,group_31063	41.6	1.11993271495e-10	1.0	0.0
,,group_25454	41.6	1.11993271495e-10	1.0	0.0
,,group_18795	41.6	1.11993271495e-10	1.0	0.0
,,group_37047	41.6	1.11993271495e-10	1.0	0.0
,,group_37049	41.6	1.11993271495e-10	1.0	0.0
,,fliY_3	41.6	1.11993271495e-10	1.0	0.0
,,group_33182	41.6	1.11993271495e-10	1.0	0.0
,,group_27219	41.6	1.11993271495e-10	1.0	0.0
,,group_25457	41.6	1.11993271495e-10	1.0	0.0
,,group_416	41.6	1.11993271495e-10	1.0	0.0
,,group_32449	41.6	1.11993271495e-10	1.0	0.0
,,group_32488	41.6	1.11993271495e-10	1.0	0.0
,,group_1894	41.6	1.11993271495e-10	1.0	0.0
,,group_25512	41.6	1.11993271495e-10	1.0	0.0
,,group_31202	41.6	1.11993271495e-10	1.0	0.0
,,group_27222	41.6	1.11993271495e-10	1.0	0.0
,,group_31104	41.6	1.11993271495e-10	1.0	0.0
,,group_10313	41.6	1.11993271495e-10	1.0	0.0
,,group_35838	41.6	1.11993271495e-10	1.0	0.0
,,group_25455	41.6	1.11993271495e-10	1.0	0.0
,,group_1929	41.6	1.11993271495e-10	1.0	0.0
,,group_3284	41.6	1.11993271495e-10	1.0	0.0
PA14_16620,,ymdB	41.6	1.11993271495e-10	1.0	0.0
,,group_27224	41.6	1.11993271495e-10	1.0	0.0
,,group_32489	41.6	1.11993271495e-10	1.0	0.0
,,group_31149	41.6	1.11993271495e-10	1.0	0.0
,,group_31138	41.6	1.11993271495e-10	1.0	0.0
,,group_25449	41.6	1.11993271495e-10	1.0	0.0
,,group_31196	41.6	1.11993271495e-10	1.0	0.0
,,group_31182	41.6	1.11993271495e-10	1.0	0.0
,,group_27198	41.6	1.11993271495e-10	1.0	0.0
,,group_31122	41.6	1.11993271495e-10	1.0	0.0
,,group_12858	41.6	1.11993271495e-10	1.0	0.0
,,group_3070	41.6	1.11993271495e-10	1.0	0.0
,,group_31188	41.6	1.11993271495e-10	1.0	0.0
