feature	score	p-value	mean+-pos	mean+-neg
loss_snps_nonsyn_trimmed##PA14_59200_5271243_G_C_S_T|1	2366.26	0.0	0.456692913386	0.839534043166	0.00323014804845	0.0567425254288
loss_snps_nonsyn_trimmed##PA14_59200_5271244_C_A_S_R|1	2250.84	0.0	0.456692913386	0.839534043166	0.00376850605653	0.0612723789209
loss_snps_nonsyn_trimmed##PA14_59200_5271246_A_T_H_L|1	1935.19	0.0	0.472440944882	0.849518359638	0.00619111709287	0.0784397039898
loss_snps_nonsyn_trimmed##PA14_55400_4929127_C_A_A_S|1	1788.8	0.0	0.385826771654	0.784166582962	0.00376850605653	0.0612723789209
loss_snps_nonsyn_trimmed##PA14_59200_5271242_A_T_S_C|1	1637.54	0.0	0.330708661417	0.743000070053	0.00269179004038	0.051812588304
loss_snps_nonsyn_trimmed##PA14_18160_1559316_G_C_H_Q|1	1610.5	0.0	0.251968503937	0.663663228526	0.000672947510094	0.0259325018412
loss_snps_nonsyn_trimmed##PA14_30850,trbI_2679195_T_G_N_T|1	1597.32	0.0	0.267716535433	0.680999946786	0.00107671601615	0.0327956810994
loss_snps_nonsyn_trimmed##PA14_59200_5271245_C_G_H_D|1	1583.78	0.0	0.377952755906	0.7829797099	0.00471063257066	0.0684722024726
loss_snps_nonsyn_trimmed##PA14_55400_4928266_C_T_V_M|1	1577.12	0.0	0.417322834646	0.8078448522	0.0064602960969	0.0801159202109
loss_snps_nonsyn_trimmed##PA14_59540_5297890_C_G_C_W|1	1533.25	0.0	0.330708661417	0.743000070053	0.00323014804845	0.0567425254288
loss_snps_nonsyn_trimmed##PA14_55400_4922403_T_G_Q_P|1	1528.33	0.0	0.283464566929	0.697550695759	0.00174966352624	0.0417923701624
loss_snps_nonsyn_trimmed##PA14_59090_5262776_G_A_G_S|1	1509.13	0.0	0.330708661417	0.743000070053	0.00336473755047	0.0579086875321
loss_snps_nonsyn_trimmed##PA14_49520,pyoS3A_4403848_T_C_T_A|1	1496.33	0.0	0.283464566929	0.697550695759	0.00188425302826	0.0433670683675
loss_snps_nonsyn_trimmed##PA14_50340,flgL_4475028_C_G_E_Q|1	1453.24	0.0	0.377952755906	0.7829797099	0.00565275908479	0.0749720307816
gain_snps_nonsyn_trimmed##PA14_15430,tnpR_1306832_G_C_R_G|1	1441.47	0.0	0.566929133858	0.901359875355	0.0169582772544	0.129115042063
loss_snps_nonsyn_trimmed##PA14_48930_4349887_C_T_D_N|1	1426.36	0.0	0.220472440945	0.626367930751	0.000538358008075	0.0231962966598
loss_snps_nonsyn_trimmed##PA14_06160,fiuA_543471_C_G_S_T|1	1409.49	1.81884084068e-308	0.314960629921	0.728506047636	0.00336473755047	0.0579086875321
loss_snps_nonsyn_trimmed##PA14_15460,merA_1310280_T_G_K_Q|1	1408.74	2.64933398905e-308	0.204724409449	0.60624808047	0.000269179004038	0.0164044672788
gain_snps_nonsyn_trimmed##PA14_03285_298330_C_T_A_V|1	1408.74	2.64933398905e-308	0.204724409449	0.60624808047	0.000269179004038	0.0164044672788
loss_snps_nonsyn_trimmed##PA14_51630_4588225_T_G_V_G|1	1408.74	2.64933398905e-308	0.204724409449	0.60624808047	0.000269179004038	0.0164044672788
loss_snps_nonsyn_trimmed##PA14_59540_5298428_G_A_D_N|1	1407.02	6.25446496319e-308	0.488188976378	0.859098059653	0.0121130551817	0.109390717503
loss_snps_nonsyn_trimmed##PA14_50300_4467710_T_A_I_F|1	1402.53	5.92235336346e-307	0.566929133858	0.901359875355	0.0176312247645	0.1316068565
loss_snps_nonsyn_trimmed##PA14_06160,fiuA_543476_C_T_M_I|1	1356.41	6.2480349605e-297	0.299212598425	0.71337018286	0.00309555854643	0.0555515622077
loss_snps_nonsyn_trimmed##PA14_30880,trbL_2681645_G_C_P_A|1	1346.01	1.13353124044e-294	0.188976377953	0.585013405386	0.000134589502019	0.0116004908381
loss_snps_nonsyn_trimmed##PA14_17400,adhC_1493200_A_G_I_V|1	1344.15	2.88044024171e-294	0.251968503937	0.663663228526	0.00161507402423	0.0401555171816
loss_snps_nonsyn_trimmed##PA14_59540_5297888_T_A_C_S|1	1340.78	1.55005903916e-293	0.346456692913	0.756889123823	0.00511440107672	0.0713319281833
loss_snps_nonsyn_trimmed##PA14_23450,orfM_2039759_A_C_K_N|1	1339.17	3.48037986588e-293	0.220472440945	0.626367930751	0.000807537012113	0.0284057194256
gain_snps_nonsyn_trimmed##PA14_15430,tnpR_1306823_C_T_A_T|1	1330.63	2.49047278658e-291	0.488188976378	0.859098059653	0.0131897711978	0.114086814022
gain_snps_nonsyn_trimmed##PA14_15430,tnpR_1306831_C_G_R_P|1	1322.41	1.5262020168e-289	0.503937007874	0.868286535565	0.014401076716	0.119137255741
loss_snps_nonsyn_trimmed##PA14_06160,fiuA_543322_C_T_V_I|1	1315.49	4.8552287116e-288	0.425196850394	0.818291720111	0.00942126514132	0.096604890686
loss_snps_nonsyn_trimmed##PA14_50300_4467547_C_G_S_T|1	1314.16	9.45247359944e-288	0.393700787402	0.79523660932	0.00767160161507	0.0872510638545
loss_snps_nonsyn_trimmed##PA14_23350,orfA_2026344_C_G_I_M|1	1311.36	3.83323500926e-287	0.204724409449	0.60624808047	0.000538358008075	0.0231962966598
loss_snps_nonsyn_trimmed##PA14_31130_2707451_G_A_T_M|1	1311.36	3.83323500926e-287	0.204724409449	0.60624808047	0.000538358008075	0.0231962966598
loss_snps_nonsyn_trimmed##PA14_31080_2703974_T_G_D_A|1	1302.64	3.02073656725e-285	0.354330708661	0.758443900677	0.00578734858681	0.0758541705059
loss_snps_nonsyn_trimmed##PA14_16660,cadA_1424662_G_T_A_E|1	1299.31	1.59480626979e-284	0.220472440945	0.626367930751	0.000942126514132	0.0306796172037
loss_snps_nonsyn_trimmed##PA14_30890_2683095_C_T_S_L|1	1292.4	5.07395001999e-283	0.188976377953	0.585013405386	0.000269179004038	0.0164044672788
loss_snps_nonsyn_trimmed##PA14_15540,trbL_1314678_A_G_N_D|3	1287.09	7.23589522423e-282	0.173228346457	0.562537672425	0.0	0.0
loss_snps_nonsyn_trimmed##PA14_15520,trbJ_1313428_C_G_I_M|3	1287.09	7.23589522423e-282	0.173228346457	0.562537672425	0.0	0.0
loss_snps_nonsyn_trimmed##PA14_08180_701301_C_T_R_W|1	1287.09	7.23589522423e-282	0.173228346457	0.562537672425	0.0	0.0
gain_snps_nonsyn_trimmed##PA14_03380_310123_A_C_E_D|1	1287.09	7.23589522423e-282	0.173228346457	0.562537672425	0.0	0.0
loss_snps_nonsyn_trimmed##PA14_49520,pyoS3A_4403926_G_T_P_T|1	1287.09	7.23589522423e-282	0.173228346457	0.562537672425	0.0	0.0
loss_snps_nonsyn_trimmed##PA14_59200_5271183_A_G_D_G|1	1283.09	5.33497324994e-281	0.409448818898	0.807000187422	0.00888290713324	0.0938296386762
loss_snps_nonsyn_trimmed##PA14_18160_1559419_C_G_R_P|1	1268.19	9.26813846159e-278	0.236220472441	0.645477213604	0.00148048452221	0.0384485719863
loss_snps_nonsyn_trimmed##PA14_33650,pvdD_2982526_C_G_A_G|1	1267.3	1.44689287628e-277	0.330708661417	0.743000070053	0.0049798115747	0.0703918535867
loss_snps_nonsyn_trimmed##PA14_59540_5299304_T_G_S_A|1	1260.01	5.53145183861e-276	0.409448818898	0.807000187422	0.00915208613728	0.095227755705
loss_snps_nonsyn_trimmed##PA14_60130_5357495_C_G_L_V|1	1247.64	2.69956751822e-273	0.385826771654	0.784166582962	0.00794078061911	0.0887565469262
loss_snps_nonsyn_trimmed##PA14_55400_4922716_C_T_D_N|1	1245.27	8.8357215492e-273	0.488188976378	0.859098059653	0.014535666218	0.119684504534
loss_snps_nonsyn_trimmed##PA14_59540_5299305_C_T_S_L|1	1244.15	1.55055552294e-272	0.44094488189	0.829130493297	0.0113055181696	0.105724658564
loss_snps_nonsyn_trimmed##PA14_18160_1559231_T_C_I_V|9	1236.57	6.87672705344e-271	0.236220472441	0.645477213604	0.00161507402423	0.0401555171816
loss_snps_nonsyn_trimmed##PA14_33730_2995106_A_G_V_A|1	1234.55	1.88911164083e-270	0.44094488189	0.829130493297	0.0114401076716	0.106344871094
loss_snps_nonsyn_trimmed##PA14_59540_5297909_C_G_P_A|1	1229.4	2.49452199581e-269	0.488188976378	0.859098059653	0.0148048452221	0.120771113185
loss_snps_nonsyn_trimmed##PA14_30860,trbG_2679948_G_C_L_V|1	1229.21	2.73111108441e-269	0.173228346457	0.562537672425	0.000134589502019	0.0116004908381
loss_snps_nonsyn_trimmed##PA14_31200_2713125_C_A_A_S|1	1229.21	2.73111108441e-269	0.173228346457	0.562537672425	0.000134589502019	0.0116004908381
loss_snps_nonsyn_trimmed##PA14_08180_701299_G_C_S_T|1	1229.21	2.73111108441e-269	0.173228346457	0.562537672425	0.000134589502019	0.0116004908381
loss_snps_nonsyn_trimmed##PA14_48930_4349901_T_G_N_T|1	1229.21	2.73111108441e-269	0.173228346457	0.562537672425	0.000134589502019	0.0116004908381
loss_snps_nonsyn_trimmed##PA14_06160,fiuA_543474_T_C_N_S|1	1226.84	8.9511041614e-269	0.251968503937	0.663663228526	0.0021534320323	0.0463550942485
gain_snps_nonsyn_trimmed##PA14_03285_297670_A_G_Q_R|1	1226.07	1.31919615761e-268	0.220472440945	0.626367930751	0.00121130551817	0.0347827292936
loss_snps_nonsyn_trimmed##PA14_06160,fiuA_543472_T_A_S_C|1	1226.07	1.31919615761e-268	0.220472440945	0.626367930751	0.00121130551817	0.0347827292936
loss_snps_nonsyn_trimmed##PA14_23450,orfM_2039758_A_G_K_R|1	1226.07	1.31919615761e-268	0.220472440945	0.626367930751	0.00121130551817	0.0347827292936
loss_snps_nonsyn_trimmed##PA14_55400_4928265_A_G_V_A|1	1215.93	2.10415143196e-266	0.393700787402	0.79523660932	0.00874831763122	0.0931224171177
loss_snps_nonsyn_trimmed##PA14_59540_5297889_G_A_C_Y|1	1213.91	5.78824368454e-266	0.346456692913	0.756889123823	0.00619111709287	0.0784397039898
loss_snps_nonsyn_trimmed##PA14_15460,merA_1310342_G_T_A_E|1	1204.12	7.74427765949e-264	0.370078740157	0.771573192024	0.00753701211306	0.0864881816288
loss_snps_nonsyn_trimmed##PA14_59090_5262794_T_A_S_T|1	1202.24	1.99121750308e-263	0.330708661417	0.743000070053	0.00551816958277	0.0740791427274
loss_snps_nonsyn_trimmed##PA14_48930_4349986_G_C_P_A|1	1200.51	4.72655497661e-263	0.251968503937	0.663663228526	0.00228802153432	0.04777851496
gain_snps_nonsyn_trimmed##PA14_03270_296739_G_A_G_D|1	1196.66	3.24115733598e-262	0.188976377953	0.585013405386	0.000538358008075	0.0231962966598
loss_snps_nonsyn_trimmed##PA14_31130_2707583_C_T_C_Y|1	1192.91	2.11507838165e-261	0.283464566929	0.697550695759	0.00349932705249	0.0590515178693
loss_snps_nonsyn_trimmed##PA14_23450,orfM_2039757_A_C_K_Q|1	1192.34	2.82322179395e-261	0.220472440945	0.626367930751	0.00134589502019	0.0366617455501
loss_snps_nonsyn_trimmed##PA14_23450,orfM_2039763_A_G_M_V|1	1192.34	2.82322179395e-261	0.220472440945	0.626367930751	0.00134589502019	0.0366617455501
gain_snps_nonsyn_trimmed##PA14_03270_295881_G_A_S_N|7	1192.34	2.82322179395e-261	0.220472440945	0.626367930751	0.00134589502019	0.0366617455501
loss_snps_nonsyn_trimmed##PA14_33610_2969159_C_A_A_E|1	1192.34	2.82322179395e-261	0.220472440945	0.626367930751	0.00134589502019	0.0366617455501
gain_snps_nonsyn_trimmed##PA14_30970,bphR_2691304_T_A_T_S|1	1187.44	3.27407005879e-260	0.204724409449	0.60624808047	0.000942126514132	0.0306796172037
gain_snps_nonsyn_trimmed##PA14_03265_293742_A_G_I_V|1	1187.44	3.27407005879e-260	0.204724409449	0.60624808047	0.000942126514132	0.0306796172037
loss_snps_nonsyn_trimmed##PA14_55400_4922039_G_C_H_Q|1	1186.94	4.20011035342e-260	0.330708661417	0.743000070053	0.00565275908479	0.0749720307816
loss_snps_nonsyn_trimmed##PA14_66100_5888092_T_C_I_T|1	1184.97	1.12832402347e-259	0.409448818898	0.807000187422	0.0100942126514	0.0999615902353
loss_snps_nonsyn_trimmed##PA14_06000,clpA_532199_C_A_R_S|1	1182.91	3.16226488956e-259	0.307086614173	0.71553967325	0.00457604306864	0.0674915024168
loss_snps_nonsyn_trimmed##PA14_15460,merA_1310097_G_C_P_A|1	1177.53	4.6666766598e-258	0.314960629921	0.728506047636	0.0049798115747	0.0703918535867
gain_snps_nonsyn_trimmed##PA14_03270_296848_T_G_N_K|1	1177.31	5.19649519603e-258	0.259842519685	0.666552990081	0.00269179004038	0.051812588304
loss_snps_nonsyn_trimmed##PA14_15480,merR_1311495_T_C_V_A|1	1176.17	9.23053976115e-258	0.173228346457	0.562537672425	0.000269179004038	0.0164044672788
loss_snps_nonsyn_trimmed##PA14_31180_2709679_G_C_I_M|1	1176.17	9.23053976115e-258	0.173228346457	0.562537672425	0.000269179004038	0.0164044672788
loss_snps_nonsyn_trimmed##PA14_59340,pilT2_5286197_C_G_P_A|1	1172.85	4.85023421538e-257	0.283464566929	0.697550695759	0.00363391655451	0.0601723458491
loss_snps_nonsyn_trimmed##PA14_59540_5297873_A_G_I_V|1	1172.85	4.85023421538e-257	0.283464566929	0.697550695759	0.00363391655451	0.0601723458491
loss_snps_nonsyn_trimmed##PA14_59990_5342010_G_A_V_I|1	1170.08	1.94129715791e-256	0.157480314961	0.538665555165	0.0	0.0
loss_snps_nonsyn_trimmed##PA14_30900,trbJ_2683349_C_T_G_D|2	1170.08	1.94129715791e-256	0.157480314961	0.538665555165	0.0	0.0
loss_snps_nonsyn_trimmed##PA14_31070_2703509_C_G_E_Q|1	1170.08	1.94129715791e-256	0.157480314961	0.538665555165	0.0	0.0
gain_snps_nonsyn_trimmed##PA14_14000_1200593_C_T_D_N|1	1170.08	1.94129715791e-256	0.157480314961	0.538665555165	0.0	0.0
loss_snps_nonsyn_trimmed##PA14_33690,pvdE_2989784_T_A_E_V|1	1170.08	1.94129715791e-256	0.157480314961	0.538665555165	0.0	0.0
loss_snps_nonsyn_trimmed##PA14_18985_1640223_C_T_R_H|1	1170.08	1.94129715791e-256	0.157480314961	0.538665555165	0.0	0.0
loss_snps_nonsyn_trimmed##PA14_43100_3838289_G_A_G_D|2	1170.08	1.94129715791e-256	0.157480314961	0.538665555165	0.0	0.0
loss_snps_nonsyn_trimmed##PA14_30880,trbL_2681627_T_C_K_E|2	1170.08	1.94129715791e-256	0.157480314961	0.538665555165	0.0	0.0
loss_snps_nonsyn_trimmed##PA14_31960,czrR_2783291_G_A_H_Y|1	1170.08	1.94129715791e-256	0.157480314961	0.538665555165	0.0	0.0
loss_snps_nonsyn_trimmed##PA14_15460,merA_1309277_G_T_A_E|1	1161.37	1.51894906859e-254	0.543307086614	0.885187871085	0.0205921938089	0.142014630806
gain_snps_nonsyn_trimmed##PA14_03285_297519_G_A_D_N|1	1160.34	2.5423207663e-254	0.220472440945	0.626367930751	0.00148048452221	0.0384485719863
loss_snps_nonsyn_trimmed##PA14_31080_2703972_C_G_A_P|1	1160.34	2.5423207663e-254	0.220472440945	0.626367930751	0.00148048452221	0.0384485719863
gain_snps_nonsyn_trimmed##PA14_03285_297691_A_G_Q_R|1	1160.34	2.5423207663e-254	0.220472440945	0.626367930751	0.00148048452221	0.0384485719863
gain_snps_nonsyn_trimmed##PA14_03270_295827_T_C_V_A|1	1160.34	2.5423207663e-254	0.220472440945	0.626367930751	0.00148048452221	0.0384485719863
loss_snps_nonsyn_trimmed##PA14_15460,merA_1309869_C_G_D_H|1	1159.22	4.44483227982e-254	0.267716535433	0.680999946786	0.00309555854643	0.0555515622077
loss_snps_nonsyn_trimmed##PA14_06000,clpA_532211_T_A_F_I|1	1154.79	4.07577893729e-253	0.299212598425	0.71337018286	0.00444145356662	0.0664960679803
loss_snps_nonsyn_trimmed##PA14_48930_4349824_A_T_S_T|1	1153.75	6.87529361475e-253	0.188976377953	0.585013405386	0.000672947510094	0.0259325018412
loss_snps_nonsyn_trimmed##PA14_15520,trbJ_1313733_G_C_S_T|1	1153.75	6.87529361475e-253	0.188976377953	0.585013405386	0.000672947510094	0.0259325018412
loss_snps_nonsyn_trimmed##PA14_31070_2701495_C_T_R_Q|1	1153.75	6.87529361475e-253	0.188976377953	0.585013405386	0.000672947510094	0.0259325018412
