feature	score	std	#I-out-of-234	#O-out-of-148
SNPs##PA14_23260,gyrA_2015001_C_T_T_I	0.0043761042399	0.0416221331759	  (0, 0)	0.560119892215	  (0, 0)	0.044940138406
SNPs##PA14_30910,trbE_2685795_G_C_V_V	0.000805417150168	0.0130104917482	  (0, 0)	0.459181300553	  (0, 0)	0.0642696851323
SNPs##PA14_55410_4930992_A_G_T_T	0.000675928263444	0.0107731471898	  (0, 0)	0.444603397396	  (0, 0)	0.0773371932637
SNPs##PA14_30880,trbL_2681741_T_C_M_V	0.000648738907571	0.0107993404986	  (0, 0)	0.395027043458	  (0, 0)	0.0454161650794
SNPs##intergenic_1950406_C_G_none_none	0.000631453307633	0.0101654494106	  (0, 0)	0.436397437513	  (0, 0)	0.11253977553
SNPs##PA14_18260,fruK_1567193_C_T_A_V	0.000628312936591	0.0108381188993	  (0, 0)	0.456925632413	  (0, 0)	0.179482610464
SNPs##PA14_30910,trbE_2685972_C_G_R_R	0.000574942454732	0.0114305967928	  (0, 0)	0.427303101582	  (0, 0)	0.0901241811231
SNPs##PA14_07770,ostA_667858_G_A_Y_Y	0.000557896123552	0.00913361558472	  (0, 0)	0.453000223377	  (0, 0)	0.116492727955
SNPs##PA14_44920_4005631_C_G_N_K	0.000549425067917	0.00914935693593	  (0, 0)	0.428452669	  (0, 0)	0.173919272981
SNPs##PA14_49500_4401846_G_A_R_H	0.000538053722763	0.00990912244821	  (0, 0)	0.435104623432	  (0, 0)	0.152110246713
SNPs##PA14_60730_5412599_C_G_G_A	0.00053039049695	0.00849778141555	  (0, 0)	0.425170557426	  (0, 0)	0.0862927013971
SNPs##PA14_33770_3000946_A_G_P_P	0.000507502671391	0.00929473265253	  (0, 0)	0.413917934974	  (0, 0)	0.212334459282
SNPs##PA14_57530,sspA_5125197_G_A_Y_Y	0.000498042970514	0.00913193808524	  (0, 0)	0.3935457448	  (0, 0)	0.0724980417492
SNPs##PA14_40040_3569576_C_T_L_L	0.00047733449175	0.00889140960759	  (0, 0)	0.434989854104	  (0, 0)	0.122440103025
SNPs##intergenic_3354200_G_C_none_none	0.000472269543171	0.00722367581104	  (0, 0)	0.453267595697	  (0, 0)	0.181956165117
SNPs##PA14_31070_2702556_C_T_G_G	0.000460383277189	0.00830681995313	  (0, 0)	0.463801246851	  (0, 0)	0.0604357148532
SNPs##PA14_15430,tnpR_1306965_G_C_H_Q	0.000456699187606	0.00866659880788	  (0, 0)	0.458430329521	  (0, 0)	0.123033540772
SNPs##intergenic_1332435_A_G_none_none	0.000456401526619	0.00880044145951	  (0, 0)	0.427100937726	  (0, 0)	0.147861739049
SNPs##PA14_65605,parC_5845617_G_A_S_L	0.000447050465864	0.00811956890306	  (0, 0)	0.46415842109	  (0, 0)	0.0157480863214
SNPs##PA14_39650,cirA_3534028_G_A_P_S	0.000445850709692	0.00834786530853	  (0, 0)	0.484360348333	  (0, 0)	0.114217552374
SNPs##PA14_40080_3572264_C_T_P_P	0.000439895857628	0.00810555014121	  (0, 0)	0.428901134371	  (0, 0)	0.141858027366
SNPs##intergenic_5358868_T_A_none_none	0.000437539138341	0.00833574465288	  (0, 0)	0.457907014583	  (0, 0)	0.129414526193
SNPs##PA14_30910,trbE_2684640_C_A_L_L	0.000434579571886	0.00835278776995	  (0, 0)	0.393797674337	  (0, 0)	0.0401330750141
SNPs##intergenic_4482555_C_A_none_none	0.000431470296172	0.00963832435217	  (0, 0)	0.433040839925	  (0, 0)	0.0668241028313
SNPs##PA14_30900,trbJ_2683435_G_C_L_L	0.000430984712548	0.00689763066989	  (0, 0)	0.41467760642	  (0, 0)	0.0468031802326
SNPs##PA14_30860,trbG_2680153_G_A_S_S	0.00042651310811	0.00787991778016	  (0, 0)	0.393597561541	  (0, 0)	0.0335765553805
SNPs##PA14_08050_693055_G_T_R_R	0.000425225064958	0.00955615252124	  (0, 0)	0.450051548974	  (0, 0)	0.0795487048142
SNPs##PA14_11580_1001907_A_G_E_E	0.000416924271138	0.0093427507572	  (0, 0)	0.405533211725	  (0, 0)	0.221620742324
SNPs##PA14_62300,phuT_5559364_G_C_G_G	0.000411151290367	0.00839574450839	  (0, 0)	0.43807209822	  (0, 0)	0.0719924510357
SNPs##PA14_18700,rnt_1609705_C_T_L_L	0.000409683149197	0.0091693351137	  (0, 0)	0.411707340879	  (0, 0)	0.14858510598
SNPs##PA14_53560_4749076_C_T_L_L	0.000409287068573	0.00755594146573	  (0, 0)	0.42915103482	  (0, 0)	0.151767447284
SNPs##PA14_31070_2701258_T_G_Q_P	0.00040405873098	0.00861285400118	  (0, 0)	0.389304721113	  (0, 0)	0.0320143425415
SNPs##PA14_55610,dnaE2_4950326_A_C_A_A	0.000402118162838	0.00781252997723	  (0, 0)	0.434614358394	  (0, 0)	0.122388300921
SNPs##PA14_27980,yjbN_2421508_A_G_L_L	0.000400379194181	0.00903414097684	  (0, 0)	0.454388494213	  (0, 0)	0.140431279743
SNPs##PA14_25230,mfd_2207075_G_T_R_R	0.000399953555179	0.00894120395941	  (0, 0)	0.422165430226	  (0, 0)	0.0548694871421
SNPs##PA14_27890_2414709_A_G_R_R	0.00039847124142	0.00733806170498	  (0, 0)	0.3978814773	  (0, 0)	0.197173409545
SNPs##PA14_31070_2701397_G_A_L_L	0.000397950607137	0.00772434745024	  (0, 0)	0.448643618207	  (0, 0)	0.0846161915295
SNPs##intergenic_5413991_T_A_none_none	0.000396380651689	0.00887520502392	  (0, 0)	0.445717676312	  (0, 0)	0.0727636070076
SNPs##intergenic_5413768_A_T_none_none	0.000396003298575	0.00893653110571	  (0, 0)	0.455259398346	  (0, 0)	0.0674139084321
SNPs##PA14_01860_169367_C_A_A_E	0.000395340025846	0.00897584377892	  (0, 0)	0.413870901503	  (0, 0)	0.113363827157
SNPs##PA14_30900,trbJ_2683453_C_T_E_E	0.000394349155571	0.00724371166407	  (0, 0)	0.403358319909	  (0, 0)	0.0408812306316
SNPs##PA14_29320_2536065_G_A_R_R	0.00039396965938	0.00890877547546	  (0, 0)	0.42956391366	  (0, 0)	0.0866800703055
SNPs##PA14_30960,traG_2689232_G_A_D_D	0.000393145799948	0.00723722323712	  (0, 0)	0.401609902696	  (0, 0)	0.0383677837019
SNPs##PA14_30860,trbG_2680408_C_G_T_T	0.000390112880592	0.00884211181992	  (0, 0)	0.40507338679	  (0, 0)	0.0581212263702
SNPs##PA14_07950,prtN_685759_C_G_S_T	0.000390078782912	0.0087499132477	  (0, 0)	0.421195656923	  (0, 0)	0.0886874450721
SNPs##PA14_42060_3751167_A_G_K_K	0.000389780261979	0.00745638261697	  (0, 0)	0.437843141406	  (0, 0)	0.150809351971
SNPs##PA14_08060_693938_C_T_S_L	0.000388269647438	0.00740352897352	  (0, 0)	0.447857650826	  (0, 0)	0.0731693331103
SNPs##intergenic_5358898_A_G_none_none	0.000384516722366	0.00863535637377	  (0, 0)	0.465052520516	  (0, 0)	0.137073212671
SNPs##PA14_15430,tnpR_1306797_G_C_V_V	0.000381132963305	0.00851858970912	  (0, 0)	0.462145535822	  (0, 0)	0.129168395786
SNPs##PA14_44910_4004026_A_G_Y_C	0.000378445135064	0.00846487943138	  (0, 0)	0.434206305703	  (0, 0)	0.163838668823
SNPs##PA14_30960,traG_2690189_T_C_R_R	0.000376130106804	0.00779659464933	  (0, 0)	0.449405878462	  (0, 0)	0.0864763450735
SNPs##PA14_30910,trbE_2685174_G_T_A_A	0.000375696677138	0.00700098148827	  (0, 0)	0.395936834597	  (0, 0)	0.0368052180492
SNPs##PA14_14010_1201226_C_T_Q_Q	0.000373248544577	0.00852093651201	  (0, 0)	0.429853070097	  (0, 0)	0.0819750842962
SNPs##PA14_31070_2702628_G_C_G_G	0.000371976548901	0.00773843404368	  (0, 0)	0.379814229655	  (0, 0)	0.0268617805298
SNPs##PA14_30880,trbL_2681703_C_T_Q_Q	0.000369675633782	0.00717127691685	  (0, 0)	0.364831201362	  (0, 0)	0.0217180606007
SNPs##PA14_31200_2713383_G_A_L_F	0.000369288551796	0.00684984574405	  (0, 0)	0.389555494851	  (0, 0)	0.0316955352897
SNPs##PA14_30960,traG_2688491_C_G_E_D	0.000366645062743	0.00670158027468	  (0, 0)	0.402978834885	  (0, 0)	0.0741294034628
SNPs##PA14_45950,rsaL_4085271_C_T_Y_Y	0.000363467179577	0.00813739772513	  (0, 0)	0.452078539143	  (0, 0)	0.190000704614
SNPs##PA14_37850,yejE_3377017_G_T_A_A	0.000358675173905	0.00801346954005	  (0, 0)	0.454880852646	  (0, 0)	0.176697317256
SNPs##intergenic_5569514_G_A_none_none	0.00035529013173	0.00794150580841	  (0, 0)	0.437866744659	  (0, 0)	0.0617665682383
SNPs##PA14_30940,trbB_2687838_C_A_A_S	0.000354891317829	0.00705655212456	  (0, 0)	0.395195228087	  (0, 0)	0.0337110333331
SNPs##PA14_15280_1295928_G_A_F_F	0.000354500599894	0.0081466532699	  (0, 0)	0.451655725277	  (0, 0)	0.115775485022
SNPs##PA14_30850,trbI_2678993_C_G_A_A	0.000352198884031	0.00671730114983	  (0, 0)	0.396636957995	  (0, 0)	0.0293931990278
SNPs##PA14_55410_4931209_C_T_S_N	0.000351909111022	0.00786517809789	  (0, 0)	0.44433657633	  (0, 0)	0.0529474087025
SNPs##PA14_37690_3356872_C_G_R_R	0.000351865627201	0.0073032505005	  (0, 0)	0.429644128001	  (0, 0)	0.136294495976
SNPs##PA14_44920_4005529_C_A_P_P	0.000350042232698	0.00785494733421	  (0, 0)	0.428452669	  (0, 0)	0.173919272981
SNPs##PA14_17130,dxr_1468491_C_T_R_R	0.00034931239313	0.00796459401653	  (0, 0)	0.394571845452	  (0, 0)	0.168460129746
SNPs##PA14_30910,trbE_2686002_C_T_P_P	0.000347630586035	0.00780639220166	  (0, 0)	0.389942726237	  (0, 0)	0.0405471596309
SNPs##PA14_30970,bphR_2691608_T_C_V_V	0.000345448119504	0.00460676288961	  (0, 0)	0.354431898159	  (0, 0)	0.0450757647485
SNPs##PA14_44920_4005477_G_A_R_H	0.000345304674713	0.00655262582061	  (0, 0)	0.43063831079	  (0, 0)	0.165072382148
SNPs##PA14_32790_2860268_A_G_S_G	0.000343741263807	0.00769851897414	  (0, 0)	0.440026550251	  (0, 0)	0.162086957899
SNPs##PA14_58050,pmbA_5164976_T_A_R_R	0.000341305223848	0.00762849838529	  (0, 0)	0.423606831109	  (0, 0)	0.184064485721
SNPs##PA14_63970_5701520_G_A_S_N	0.000340887921857	0.00838510442421	  (0, 0)	0.45376139972	  (0, 0)	0.110974411795
SNPs##PA14_23470,wbpM_2041855_C_T_G_G	0.000338571093429	0.00757430520887	  (0, 0)	0.448373036675	  (0, 0)	0.0795487048142
SNPs##PA14_30870,trbF_2681240_G_A_L_L	0.000337587427036	0.00643480798513	  (0, 0)	0.389398441666	  (0, 0)	0.0436819010667
SNPs##PA14_55070_4892151_G_A_A_A	0.000336012455127	0.00769286137368	  (0, 0)	0.448727456942	  (0, 0)	0.123998712574
SNPs##PA14_07770,ostA_667534_A_T_P_P	0.000335247540332	0.00761734772812	  (0, 0)	0.450896025116	  (0, 0)	0.0824270363097
SNPs##PA14_30960,traG_2688815_C_T_P_P	0.000333695898723	0.00674302838724	  (0, 0)	0.453705693868	  (0, 0)	0.0647091581699
SNPs##PA14_22680,yrbE_1972492_A_G_V_A	0.000333657701946	0.00750974119578	  (0, 0)	0.401210336095	  (0, 0)	0.0335765553805
SNPs##PA14_30960,traG_2689097_C_A_T_T	0.000333458160529	0.00758592808576	  (0, 0)	0.391634891714	  (0, 0)	0.0304663011461
SNPs##intergenic_5358929_A_C_none_none	0.000331258218611	0.00740077852657	  (0, 0)	0.458482998225	  (0, 0)	0.193983438761
SNPs##PA14_44920_4005568_A_C_Q_H	0.0003310217966	0.00744603541979	  (0, 0)	0.43063831079	  (0, 0)	0.167414710088
SNPs##PA14_59540_5298397_G_C_V_V	0.000330940435963	0.0063526425088	  (0, 0)	0.432965520013	  (0, 0)	0.105546492844
SNPs##PA14_30910,trbE_2686155_C_G_G_G	0.000329713709879	0.00633092554428	  (0, 0)	0.394823860248	  (0, 0)	0.0575607711492
SNPs##PA14_52350_4645917_A_G_V_V	0.000327564327208	0.00642732647335	  (0, 0)	0.452578858581	  (0, 0)	0.167711139583
SNPs##PA14_08060_693952_T_C_L_L	0.000327450063399	0.00731470092966	  (0, 0)	0.451902637999	  (0, 0)	0.07929038304
SNPs##PA14_30910,trbE_2684466_C_T_E_E	0.0003260398917	0.00516152232858	  (0, 0)	0.407055043062	  (0, 0)	0.06507069575
SNPs##PA14_44910_4003634_A_G_K_K	0.000322769974068	0.00723635593858	  (0, 0)	0.421499784746	  (0, 0)	0.174466807117
SNPs##PA14_51240,purC_4553428_C_T_Q_Q	0.000322505272047	0.00691373551449	  (0, 0)	0.416749658916	  (0, 0)	0.181812046078
SNPs##intergenic_1209542_G_C_none_none	0.000322276662234	0.00720783322017	  (0, 0)	0.411449275642	  (0, 0)	0.220417767756
SNPs##PA14_23470,wbpM_2041900_G_T_A_A	0.000321944449546	0.00722254414529	  (0, 0)	0.446748441273	  (0, 0)	0.0812843068401
SNPs##PA14_30880,trbL_2681901_C_T_A_A	0.000321856666924	0.00728734481806	  (0, 0)	0.396218293074	  (0, 0)	0.0364311681298
SNPs##PA14_58810_5239736_T_C_E_E	0.000321725316255	0.00723872308112	  (0, 0)	0.449792540322	  (0, 0)	0.144913646465
SNPs##PA14_31530_2741428_G_A_G_G	0.000321710065142	0.00725673969547	  (0, 0)	0.389251201783	  (0, 0)	0.0524898442104
SNPs##PA14_22670,yrbF_1971736_A_G_H_H	0.000321233511979	0.00595445582048	  (0, 0)	0.371607929487	  (0, 0)	0.0271585183697
SNPs##PA14_12150_1050513_A_G_T_A	0.000321106395185	0.00733298284587	  (0, 0)	0.429341131051	  (0, 0)	0.1692816641
SNPs##PA14_22680,yrbE_1972845_G_C_L_L	0.000320638496128	0.00592574135952	  (0, 0)	0.375993199458	  (0, 0)	0.0224710156688
SNPs##PA14_08060_693943_A_C_R_R	0.000319954903864	0.00721075996298	  (0, 0)	0.449795904225	  (0, 0)	0.0795487048142
SNPs##PA14_44920_4005546_G_A_G_E	0.00031756529295	0.0070952787854	  (0, 0)	0.436623236912	  (0, 0)	0.197539565301
SNPs##PA14_67190_5997460_A_T_G_G	0.000317058906197	0.00524053074743	  (0, 0)	0.451287153843	  (0, 0)	0.100069704915
