feature	score	p-value	#I-out-of-14	#O-out-of-277
PA14_33610_2970537_T_A_H_Q	79.1428571429	5.77772765383e-19	4.0	0.0
PA14_07050_610499_CA_C_none_none	79.1428571429	5.77772765383e-19	4.0	0.0
PA14_42050_3750799_C_T_A_A	61.7243940175	3.95055636239e-15	4.0	1.0
PA14_33610_2971254_C_G_G_G	61.7243940175	3.95055636239e-15	4.0	1.0
PA14_33610_2959654_C_G_R_G	61.7243940175	3.95055636239e-15	4.0	1.0
PA14_36220,gltJ_3226301_C_CC_none_none	61.7243940175	3.95055636239e-15	4.0	1.0
PA14_33630,pvdJ_2977258_C_A_P_T	61.7243940175	3.95055636239e-15	4.0	1.0
PA14_33610_2970933_G_T_V_V	61.7243940175	3.95055636239e-15	4.0	1.0
PA14_33610_2970342_C_G_A_A	61.7243940175	3.95055636239e-15	4.0	1.0
PA14_33610_2971164_G_T_A_A	61.7243940175	3.95055636239e-15	4.0	1.0
PA14_33610_2962251_G_C_L_L	59.3571428571	1.31502001254e-14	3.0	0.0
PA14_33610_2970554_G_A_R_H	59.3571428571	1.31502001254e-14	3.0	0.0
PA14_33610_2971309_C_T_L_L	59.3571428571	1.31502001254e-14	3.0	0.0
intergenic_5561104_G_A_none_none	59.3571428571	1.31502001254e-14	3.0	0.0
PA14_06750,nirS_588474_A_G_V_A	59.3571428571	1.31502001254e-14	3.0	0.0
PA14_33610_2959655_G_C_R_P	59.3571428571	1.31502001254e-14	3.0	0.0
PA14_53150_4713297_GCCCCCC_GCCCCC_none_none	59.3571428571	1.31502001254e-14	3.0	0.0
PA14_43950,sucC_3913248_G_A_T_T	59.3571428571	1.31502001254e-14	3.0	0.0
PA14_45510_4050916_C_T_A_T	59.3571428571	1.31502001254e-14	3.0	0.0
PA14_17640,potA_1516923_GG_G_none_none	59.3571428571	1.31502001254e-14	3.0	0.0
PA14_68740,argA_6130526_CCGCGCGCGCGC_CCGCGCGCGC_none_none	59.3571428571	1.31502001254e-14	3.0	0.0
PA14_33610_2962249_C_A_L_M	59.3571428571	1.31502001254e-14	3.0	0.0
intergenic_2926861_T_C_none_none	59.3571428571	1.31502001254e-14	3.0	0.0
intergenic_5561089_C_T_none_none	59.3571428571	1.31502001254e-14	3.0	0.0
PA14_33610_2971287_C_A_R_R	59.3571428571	1.31502001254e-14	3.0	0.0
PA14_33610_2962029_G_T_V_V	59.3571428571	1.31502001254e-14	3.0	0.0
PA14_39250_3495256_GCG_G_none_none	59.3571428571	1.31502001254e-14	3.0	0.0
PA14_62060,23S-rRNA_5536588_G_A_P_S	50.1289324394	1.43968541777e-12	4.0	2.0
PA14_33630,pvdJ_2978046_G_C_V_V	43.0304925219	5.38933109714e-11	3.0	1.0
PA14_68530_6113449_G_C_L_L	43.0304925219	5.38933109714e-11	3.0	1.0
PA14_47960_4269551_G_A_V_I	43.0304925219	5.38933109714e-11	3.0	1.0
PA2958.1,rgsA_2250475_TAAAAAAAA_TAAAAAAA_none_none	43.0304925219	5.38933109714e-11	3.0	1.0
PA14_02620,mdcH_233153_C_T_R_R	43.0304925219	5.38933109714e-11	3.0	1.0
intergenic_2382962_C_G_none_none	43.0304925219	5.38933109714e-11	3.0	1.0
PA14_10790,ampC_933109_A_G_V_A	43.0304925219	5.38933109714e-11	3.0	1.0
PA14_23460,orfN_2040637_G_A_E_E	43.0304925219	5.38933109714e-11	3.0	1.0
PA14_33610_2959647_C_G_S_R	43.0304925219	5.38933109714e-11	3.0	1.0
intergenic_2583248_C_CTAAGGTCCGCGCGC,CCGCGCGC_none_none	43.0304925219	5.38933109714e-11	3.0	1.0
PA14_62630,acsB_5587776_G_A_A_T	43.0304925219	5.38933109714e-11	3.0	1.0
intergenic_241813_TCCCCCC_TCCCCC_none_none	43.0304925219	5.38933109714e-11	3.0	1.0
PA14_33630,pvdJ_2978064_G_T_V_V	43.0304925219	5.38933109714e-11	3.0	1.0
intergenic_4858923_A_AAATCCGAGAGGAT_none_none	43.0304925219	5.38933109714e-11	3.0	1.0
PA14_33610_2969586_T_G_T_T	43.0304925219	5.38933109714e-11	3.0	1.0
PA14_32790_2863835_GCAACTG_G_none_none	43.0304925219	5.38933109714e-11	3.0	1.0
PA14_24370_2121436_G_A_N_N	43.0304925219	5.38933109714e-11	3.0	1.0
PA14_33610_2970551_A_T_E_V	43.0304925219	5.38933109714e-11	3.0	1.0
intergenic_3522323_C_G_none_none	43.0304925219	5.38933109714e-11	3.0	1.0
PA14_23360,wzz_2027075_G_A_R_Q	43.0304925219	5.38933109714e-11	3.0	1.0
PA14_42000_3747441_GCTACTCG_G_none_none	43.0304925219	5.38933109714e-11	3.0	1.0
intergenic_6092615_C_T_none_none	43.0304925219	5.38933109714e-11	3.0	1.0
PA14_32300_2807724_G_C_L_L	43.0304925219	5.38933109714e-11	3.0	1.0
PA14_33610_2962057_A_G_I_V	43.0304925219	5.38933109714e-11	3.0	1.0
intergenic_2927326_CT_C_none_none	43.0304925219	5.38933109714e-11	3.0	1.0
PA14_38320,yfeH_3416013_G_A_Q_Q	43.0304925219	5.38933109714e-11	3.0	1.0
PA14_33610_2971297_G_C_E_Q	43.0304925219	5.38933109714e-11	3.0	1.0
PA14_23360,wzz_2027781_T_G_P_P	43.0304925219	5.38933109714e-11	3.0	1.0
PA14_33630,pvdJ_2977797_C_G_G_G	43.0304925219	5.38933109714e-11	3.0	1.0
PA14_33610_2959671_A_G_R_R	43.0304925219	5.38933109714e-11	3.0	1.0
PA14_33610_2971307_C_G_A_G	43.0304925219	5.38933109714e-11	3.0	1.0
intergenic_1897803_AGGGGGGG_AGGGGGG_none_none	43.0304925219	5.38933109714e-11	3.0	1.0
PA14_17150_1472600_A_C,G_none_none	39.5714285714	3.16276844687e-10	2.0	0.0
intergenic_2280878_C_T_none_none	39.5714285714	3.16276844687e-10	2.0	0.0
PA14_11790_1021693_A_G_F_L	39.5714285714	3.16276844687e-10	2.0	0.0
PA4628-PA4629,sRNA2626_5469126_T_C_C_R	39.5714285714	3.16276844687e-10	2.0	0.0
PA14_60810,nfxB_5421534_T_C_M_T	39.5714285714	3.16276844687e-10	2.0	0.0
PA14_66530_5934892_G_A_R_H	39.5714285714	3.16276844687e-10	2.0	0.0
PA14_60760_5414807_G_A_P_P	39.5714285714	3.16276844687e-10	2.0	0.0
PA14_55220_4904857_G_A_G_S	39.5714285714	3.16276844687e-10	2.0	0.0
PA14_64230,retS_5723515_A_G_N_S	39.5714285714	3.16276844687e-10	2.0	0.0
PA14_54170,putA_4803476_G_A_A_A	39.5714285714	3.16276844687e-10	2.0	0.0
PA14_44680,smc_3982858_G_A_P_L	39.5714285714	3.16276844687e-10	2.0	0.0
PA14_68150_6082191_G_A_P_P	39.5714285714	3.16276844687e-10	2.0	0.0
PA14_49360_4387464_T_C_V_A	39.5714285714	3.16276844687e-10	2.0	0.0
PA14_04370_390795_G_A_D_D	39.5714285714	3.16276844687e-10	2.0	0.0
PA14_00510_43247_A_G_Q_R	39.5714285714	3.16276844687e-10	2.0	0.0
PA14_12420_1070025_C_T_none_none	39.5714285714	3.16276844687e-10	2.0	0.0
PA14_15070,oprC_1277609_C_T_P_S	39.5714285714	3.16276844687e-10	2.0	0.0
PA14_36020_3208195_AGGGGGGG_AGGGGGG_none_none	39.5714285714	3.16276844687e-10	2.0	0.0
PA14_06730,nirC_587729_GG_G_none_none	39.5714285714	3.16276844687e-10	2.0	0.0
PA14_13750,narK1_1181872_G_A_M_I	39.5714285714	3.16276844687e-10	2.0	0.0
PA14_65630_5846254_T_C_Y_C	39.5714285714	3.16276844687e-10	2.0	0.0
intergenic_4252800_G_A_none_none	39.5714285714	3.16276844687e-10	2.0	0.0
PA14_23630_2056165_G_A_R_H	39.5714285714	3.16276844687e-10	2.0	0.0
PA14_61890_5520539_G_A_P_L	39.5714285714	3.16276844687e-10	2.0	0.0
PA14_60920_5435518_T_C_D_G	39.5714285714	3.16276844687e-10	2.0	0.0
PA14_39750_3541968_A_G_N_S	39.5714285714	3.16276844687e-10	2.0	0.0
PA14_39650,cirA_3534674_G_A_S_S	39.5714285714	3.16276844687e-10	2.0	0.0
PA14_65200,rnr_5810956_T_C_K_R	39.5714285714	3.16276844687e-10	2.0	0.0
PA14_32590,dipZ2_2831207_A_G_T_A	39.5714285714	3.16276844687e-10	2.0	0.0
PA14_27140_2357370_A_G_L_P	39.5714285714	3.16276844687e-10	2.0	0.0
PA14_40260_3591103_T_C_N_S	39.5714285714	3.16276844687e-10	2.0	0.0
intergenic_4130612_C_CTCCCGACCACC_none_none	39.5714285714	3.16276844687e-10	2.0	0.0
PA14_20110_1733363_T_C_V_A	39.5714285714	3.16276844687e-10	2.0	0.0
PA14_01020_99601_C_T_S_S	39.5714285714	3.16276844687e-10	2.0	0.0
PA14_66320_5913220_A_C_T_P	39.5714285714	3.16276844687e-10	2.0	0.0
PA14_33730_2994921_G_GATCCAACTGGCCC,GATCCAAC_none_none	39.5714285714	3.16276844687e-10	2.0	0.0
PA14_16580_1418796_A_G_D_G	39.5714285714	3.16276844687e-10	2.0	0.0
PA14_61720_5507645_G_C_A_P	39.5714285714	3.16276844687e-10	2.0	0.0
PA14_57900_5154102_GGCGCGCGCGC_GGCGCGCGC_none_none	39.5714285714	3.16276844687e-10	2.0	0.0
PA14_52110_4621600_T_C_T_T	39.5714285714	3.16276844687e-10	2.0	0.0
