feature	score	p-value	#I-out-of-73	#O-out-of-353
PA14_41270_3683363_G_A_A_T	24.1780821918	8.78261213552e-07	5.0	0.0
PA14_59940_5338865_C_A_A_A	24.1780821918	8.78261213552e-07	5.0	0.0
intergenic_3511636_T_C_none_none	23.6704512066	1.14324479533e-06	12.0	9.0
PA14_04900,ftsY_432626_C_CTG_none_none	23.3080445497	1.38021519604e-06	7.0	2.0
PA14_60000_5342918_A_C_I_L	23.1841415211	1.47206280298e-06	6.0	1.0
intergenic_4399112_T_C_none_none	23.1841415211	1.47206280298e-06	6.0	1.0
PA14_33610_2966775_C_T_A_A	22.9485428228	1.66396294122e-06	17.0	19.0
intergenic_2866517_G_A_none_none	21.9182073699	2.84521576596e-06	9.0	5.0
intergenic_1759365_TCCC_TCC_none_none	20.1930148628	7.00081065915e-06	11.0	9.0
intergenic_3310492_G_A_none_none	20.1306342615	7.23288632783e-06	16.0	19.0
PA14_31110_2707137_T_G_K_T	19.8038126538	8.58113382457e-06	14.0	15.0
PA14_40510,ccoN-2_3619522_G_T_A_S	19.4086460476	1.05528227376e-05	9.0	6.0
intergenic_953181_G_GACAGGGCGAGCGCCCTACCGGAGCCGGCGGAA_none_none	19.4086460476	1.05528227376e-05	9.0	6.0
intergenic_1918804_T_TGTTCAAACCTT_none_none	19.3424657534	1.0924944599e-05	4.0	0.0
PA14_03450,gabT_316562_A_G_M_V	19.3424657534	1.0924944599e-05	4.0	0.0
PA14_00360_32612_G_A_D_D	19.3424657534	1.0924944599e-05	4.0	0.0
intergenic_5749052_A_ACTCA_none_none	19.3424657534	1.0924944599e-05	4.0	0.0
PA14_03300_299444_C_T_R_R	19.3424657534	1.0924944599e-05	4.0	0.0
PA14_01580,gabP_144531_C_G_V_L	19.3424657534	1.0924944599e-05	4.0	0.0
PA14_40220_3583588_G_GACGCT_none_none	19.3424657534	1.0924944599e-05	4.0	0.0
PA14_05580_495602_G_C_D_E	19.3424657534	1.0924944599e-05	4.0	0.0
PA14_00570_59485_G_A_V_V	19.3424657534	1.0924944599e-05	4.0	0.0
PA14_03265_293198_C_T_I_I	19.3424657534	1.0924944599e-05	4.0	0.0
intergenic_2181519_AG_A_none_none	19.3424657534	1.0924944599e-05	4.0	0.0
intergenic_6092764_GCCCCCC_GCCCCC_none_none	19.3424657534	1.0924944599e-05	4.0	0.0
PA14_59650_5308397_C_G_A_G	19.3424657534	1.0924944599e-05	4.0	0.0
PA14_01580,gabP_144532_C_G_L_L	19.3424657534	1.0924944599e-05	4.0	0.0
PA14_61200_5460227_G_T,C_none_none	19.3424657534	1.0924944599e-05	4.0	0.0
PA14_06950_602405_C_T_L_L	19.3424657534	1.0924944599e-05	4.0	0.0
PA14_07420_634440_CGC_C_none_none	19.3424657534	1.0924944599e-05	4.0	0.0
PA14_71920,wbpY_6410583_C_T_L_L	19.3424657534	1.0924944599e-05	4.0	0.0
PA14_03180_280791_CACACCGGC_C_none_none	19.3424657534	1.0924944599e-05	4.0	0.0
PA14_31010_2694673_T_G,C_none_none	18.863673406	1.40401050018e-05	6.0	2.0
PA14_62920,yeaS_5615373_G_A_P_P	18.863673406	1.40401050018e-05	6.0	2.0
PA14_35640,pslI_3168031_C_T_E_E	18.863673406	1.40401050018e-05	6.0	2.0
intergenic_854824_GGGCGCCGTGGCG_G_none_none	18.863673406	1.40401050018e-05	6.0	2.0
PA14_35640,pslI_3168275_T_A_D_V	18.863673406	1.40401050018e-05	6.0	2.0
PA14_08220_702822_C_T_G_G	18.7109317397	1.52107955868e-05	10.0	8.0
PA14_03450,gabT_316096_C_T_A_A	18.5162016376	1.68466142309e-05	5.0	1.0
PA14_58690_5229769_G_GTA_none_none	18.5162016376	1.68466142309e-05	5.0	1.0
intergenic_1424134_A_T,C_none_none	18.5162016376	1.68466142309e-05	5.0	1.0
intergenic_6364604_G_A_none_none	18.5162016376	1.68466142309e-05	5.0	1.0
PA14_23360,wzz_2027314_C_G_Q_E	18.5162016376	1.68466142309e-05	5.0	1.0
PA14_03300_299588_G_A_Q_Q	18.5162016376	1.68466142309e-05	5.0	1.0
PA14_08220_702855_G_A_V_V	18.3709274156	1.81810992711e-05	11.0	10.0
PA14_25610,maf-1_2240159_G_A_R_R	18.3709274156	1.81810992711e-05	11.0	10.0
PA14_15740,purL_1340345_G_A_K_K	18.3709274156	1.81810992711e-05	11.0	10.0
PA14_25610,maf-1_2240238_C_T_R_H	18.3709274156	1.81810992711e-05	11.0	10.0
PA14_25610,maf-1_2239907_G_A_D_D	18.3709274156	1.81810992711e-05	11.0	10.0
PA14_33610_2959194_C_T_A_A	18.2871020736	1.89989167689e-05	13.0	14.0
PA14_40320,xqhA_3603931_C_T_A_T	18.0499556712	2.15183653973e-05	8.0	5.0
PA14_38010_3391195_G_A_A_T	18.0499556712	2.15183653973e-05	8.0	5.0
PA14_49230,napD_4373121_T_C_I_T	17.7598948244	2.50610657461e-05	16.0	21.0
PA14_58950_5254336_G_A_G_D	17.7598948244	2.50610657461e-05	16.0	21.0
intergenic_3932174_CTTACCC_C_none_none	17.431414399	2.97862331608e-05	15.0	19.0
PA14_35160_3128701_T_A_Q_L	17.431414399	2.97862331608e-05	15.0	19.0
PA14_58950_5254377_G_A_E_K	17.1466353045	3.46021813814e-05	14.0	17.0
PA14_33000,gcvP2_2888848_G_A_A_T	17.1466353045	3.46021813814e-05	14.0	17.0
intergenic_2938317_G_T_none_none	16.9196043973	3.89967464991e-05	13.0	15.0
PA14_22890,gapA_1986184_G_A_H_H	16.9196043973	3.89967464991e-05	13.0	15.0
PA14_22860_1984156_C_A_P_T	16.9196043973	3.89967464991e-05	13.0	15.0
intergenic_4123271_T_G_none_none	16.7503624863	4.2634118899e-05	7.0	4.0
PA14_59540_5298799_G_T_A_A	16.7332841787	4.30196099197e-05	11.0	11.0
PA14_33610_2966536_C_T_P_S	16.684433152	4.41417317558e-05	16.0	22.0
PA14_31150_2708452_T_A_I_F	16.684433152	4.41417317558e-05	16.0	22.0
PA14_17880,paaJ_1535149_C_T_G_G	16.1587043758	5.82502636362e-05	19.0	30.0
intergenic_6223032_G_A_none_none	16.1129152969	5.96756768271e-05	17.0	25.0
PA14_41560,nasA_3709334_C_T_S_S	15.9619892118	6.46271595834e-05	14.0	18.0
PA14_17940,glpR_1542069_G_A_G_G	15.9619892118	6.46271595834e-05	14.0	18.0
PA14_41560,nasA_3709340_G_A_A_A	15.9619892118	6.46271595834e-05	14.0	18.0
PA14_30850,trbI_2679054_C_CGCCAGATGGC_none_none	15.7803008044	7.11393595338e-05	8.0	6.0
intergenic_2846690_TCCCC_TCCCCC_none_none	15.7803008044	7.11393595338e-05	8.0	6.0
PA14_59540_5298152_G_A,C_none_none	15.7803008044	7.11393595338e-05	8.0	6.0
PA14_33610_2958955_C_T_P_S	15.6747284304	7.52225660114e-05	16.0	23.0
PA14_33280,pvdL_2920351_C_A_L_L	15.6606788965	7.57834482724e-05	13.0	16.0
PA14_07500_645349_C_T_R_H	15.6606788965	7.57834482724e-05	13.0	16.0
PA14_33610_2959712_G_A_R_Q	15.6606788965	7.57834482724e-05	13.0	16.0
PA14_31110_2707125_A_G_L_P	15.5880382589	7.87512130561e-05	21.0	36.0
intergenic_5162115_CA_CAA_none_none	15.5492646203	8.0382908799e-05	6.0	3.0
intergenic_2926758_C_G_none_none	15.5492646203	8.0382908799e-05	6.0	3.0
PA14_30910,trbE_2684880_G_C_R_R	15.5492646203	8.0382908799e-05	6.0	3.0
PA14_66100_5888722_G_A,T_none_none	15.5492646203	8.0382908799e-05	6.0	3.0
intergenic_4399110_G_C_none_none	15.5492646203	8.0382908799e-05	6.0	3.0
PA14_36580,glgB_3255809_C_G_F_L	15.5492646203	8.0382908799e-05	6.0	3.0
PA14_33280,pvdL_2919840_A_T_Q_L	15.5492646203	8.0382908799e-05	6.0	3.0
PA14_33810,pvdA_3003920_G_A,C_none_none	15.5492646203	8.0382908799e-05	6.0	3.0
PA14_60390,mviN_5383515_C_T_K_K	15.5492646203	8.0382908799e-05	6.0	3.0
intergenic_4334910_TGGGGGG_TGGGGGGGG_none_none	15.5492646203	8.0382908799e-05	6.0	3.0
PA14_33280,pvdL_2922088_C_T_F_F	15.5492646203	8.0382908799e-05	6.0	3.0
intergenic_4385764_G_A_none_none	15.5492646203	8.0382908799e-05	6.0	3.0
PA14_48240_4294335_C_T_G_G	15.5492646203	8.0382908799e-05	6.0	3.0
PA14_48240_4294671_G_A_L_L	15.5492646203	8.0382908799e-05	6.0	3.0
PA14_02270_203658_G_A_A_A	15.5492646203	8.0382908799e-05	6.0	3.0
PA14_02270_203664_G_A_A_A	15.5492646203	8.0382908799e-05	6.0	3.0
intergenic_4385762_C_T_none_none	15.5492646203	8.0382908799e-05	6.0	3.0
intergenic_53824_A_G_none_none	15.4177440395	8.61753047988e-05	12.0	14.0
PA14_73370,gidA_6531020_C_T_Q_Q	15.4177440395	8.61753047988e-05	12.0	14.0
intergenic_1230597_G_A_none_none	15.3482387639	8.94042321206e-05	9.0	8.0
PA14_30910,trbE_2685936_G_A_S_S	15.3278249059	9.03755048555e-05	19.0	31.0
PA14_58950_5254384_G_C_W_S	15.2560272117	9.38767021563e-05	11.0	12.0
