feature	score	p-value	#I-out-of-14	#O-out-of-277
PA14_43405,kdbF	26.2731187857	2.96385447501e-07	51.58408176	490.020876462
PA14_13950	21.7893820143	3.0427940379e-06	8.84101431048	745.014364125
PA14_13900	20.8600895766	4.94082726486e-06	2.48490664979	508.325340516
PA14_59190	20.4206897766	6.21541904503e-06	33.462653368	296.793534301
PA14_43370,kdpC	19.2600876791	1.14066081962e-05	45.4825603932	460.706090614
PA14_13910	18.6432805415	1.57601742612e-05	0.0	368.870622143
PA14_13890	18.4726186444	1.72362926363e-05	0.69314718056	393.088787064
PA14_43400,kdpA	17.1679870408	3.42154065642e-05	68.8988993754	815.205417554
PA14_08320	15.4231370768	8.59297269839e-05	17.2118738743	857.070276766
PA14_27830	15.2367111018	9.48417335739e-05	31.3547287579	302.924896764
PA14_03265	14.626328883	0.000131070523923	0.69314718056	316.860658197
PA14_13880	14.6198963305	0.000131518655089	0.0	289.265091682
PA14_03270	14.1474742291	0.000169023874926	5.78074351579	485.035244968
PA14_13920	14.0955900745	0.000173750664214	0.0	278.891317902
PA14_32250	14.0144072831	0.000181415254895	40.7211266243	440.433625542
PA14_43380,kdpB	13.8675082002	0.00019616061776	72.4235280778	912.977327959
PA14_20530	13.3314911084	0.000260985905264	1.38629436112	317.412518144
PA14_32140,antC	12.1230938351	0.000498012109272	39.0787853081	435.727340615
PA14_64260	11.8691591638	0.00057071173207	36.0361694824	394.885661754
PA14_33970	11.4885529167	0.000700261363882	46.0342552597	544.455118338
PA14_39480	10.9243926074	0.000949063136658	1.09861228867	258.712114502
PA14_08310	10.867309201	0.000978766335906	31.2747227312	1115.31816269
PA14_03250	10.6557089104	0.00109731677349	4.56434819147	372.117632697
PA14_03285	10.4798599962	0.0012068290129	1.38629436112	260.424036244
PA14_33980	10.4049637226	0.00125677031684	38.0430817227	439.246075934
PA14_40520	10.2831876229	0.0013424781914	21.9837683775	215.260663018
PA14_03380	10.0087857537	0.00155795205957	3.73766961828	331.67875558
PA14_27990	9.63509252884	0.00190894588631	37.5203583786	1234.87730665
PA14_15435	9.37521525589	0.00219938877669	2.8903717579	290.457618576
PA14_13870	9.29512344191	0.00229764658271	13.158502424	594.704085984
PA14_32850	9.03024730272	0.00265548554222	6.48004456193	396.561784984
PA14_15630	8.99538879695	0.00270661684732	42.1501264958	518.17492023
PA14_12170	8.9654340155	0.00275135331187	20.450472377	204.755447746
PA14_39590,metE	8.94237431787	0.00278630312843	76.4103647605	1062.86445596
PA14_59220	8.93514155229	0.00279735789413	24.9355623681	897.10851476
PA14_41510,nasA	8.87601153827	0.0028894209993	34.4069558553	403.461791808
PA14_49510,pyoS3I	8.68684672288	0.00320514656485	2.77258872224	272.288796158
PA14_39220	8.57793184994	0.00340261627407	25.0748108309	271.695037427
PA14_48230	8.52046785241	0.00351174197642	12.3222543998	103.855710862
PA14_39250	8.20766271382	0.00417138488452	33.1798699003	393.314009268
PA14_36410	7.89749109866	0.00495034131135	38.1464075616	472.326536819
PA14_08330	7.88219131007	0.00499239513544	21.6364834356	782.146716462
PA14_33350	7.85688385946	0.00506275731061	14.2318892292	587.411393515
PA14_23430	7.85343639685	0.0050724201738	4.15888308336	299.509233846
PA14_33680,fpvA	7.84545092349	0.00509487484162	29.0935571061	969.312303795
PA14_23370,orfK	7.71632495462	0.00547236817172	11.0320469176	496.693983661
PA14_15620	7.71528002016	0.00547553659612	33.1542431094	399.104373783
PA14_08240	7.71279783234	0.00548307052579	41.3530886811	1264.62706463
PA14_38395	7.61078119446	0.00580203424544	88.6230479626	1296.72875538
PA1781.1,P11	7.59491370589	0.00585331970745	16.6818081786	164.883095819
PA14_38410,amrB	7.28112768527	0.0069682777645	104.682984039	1578.76324282
PA14_39470	7.10753870227	0.00767604336859	8.93062646917	423.219067222
PA14_63220	7.098368002	0.00771541712692	54.279015508	739.960986915
PA14_31970,czcC	7.08542092849	0.00777135632661	40.543044884	521.477923147
PA14_54720	7.06069752387	0.00787933130153	27.3396555959	320.496367347
PA14_24500,pelC	7.06008198218	0.00788203905457	30.700030983	370.644960433
PA14_06840,norD	7.03125752881	0.00800990865528	63.9067941506	1769.47324635
PA14_39780,hvn	6.98867746782	0.00820269411894	58.2977874213	807.465812726
PA14_58720	6.98652381083	0.00821257019421	6.62539236801	354.521742071
PA14_31260	6.97678674434	0.00825737374129	18.2616756338	191.255783357
PA14_08200	6.97494844978	0.00826586037918	36.9590396434	1133.0979558
PA14_63710,gtrB	6.94556264762	0.00840274038208	42.5004570225	554.478181184
PA14_40270	6.92582503842	0.00849597887671	40.4541662725	522.635050975
PA14_28800	6.89090684902	0.00866353062745	0.0	136.341514084
PA0976.1,tRNA-Lys	6.70213604838	0.00962974780857	28.8203790007	346.993413878
PA14_08260	6.59283909093	0.0102389756673	25.7402909128	846.62494589
PA14_06200	6.58164898401	0.010303539802	39.2078403949	508.652502105
PA14_06810,norC	6.58037612562	0.0103109102704	74.9758068054	2003.67593871
PA14_08250	6.56977357072	0.010372514649	22.9798982962	777.18117041
PA14_08270	6.56941194593	0.0103746224523	36.2577974062	1102.03710506
PA14_54750	6.53665128095	0.0105674084932	33.8300713483	425.593425189
PA14_13940	6.51460691248	0.0106991968999	40.5703913445	1203.09332465
PA14_44520,ydgF	6.47104497554	0.0109646042634	44.5105882627	594.614519174
PA14_20200,nosZ	6.40304146559	0.011392502939	87.1165856453	2270.14179108
PA14_20330,phnE	6.39312168254	0.0114563384309	40.5431159763	532.858681638
PA14_23380,orfH	6.35024844821	0.0117364860078	12.5644461461	503.147565787
PA14_02070	6.27734996155	0.0122290839386	47.5607581005	647.258609183
PA14_08220	6.26145585369	0.0123392762219	38.1124293153	1135.36818995
PA14_35730	6.25550619176	0.0123807865554	14.8158041458	150.220155511
PA14_36670	6.22033047864	0.012629153733	48.5601138008	664.545701038
PA14_15660	6.21022367265	0.0127014580329	38.1173635379	497.611537721
PA14_44530,ygdE	6.18665026765	0.0128717606508	27.2106593584	329.440473094
PA14_64280	6.18620196585	0.0128750219847	45.602574766	617.408477091
PA14_15260	6.17874534896	0.0129293925708	39.2912254064	516.694801457
PA14_03390	6.14579493381	0.0131724940072	0.69314718056	148.327972026
PA14_44200	6.08758826194	0.0136134785885	29.5919752062	366.951767411
PA14_68430,fdhD	6.07557341247	0.0137063800571	54.72175027	768.190386277
PA14_49010	6.06519780702	0.0137871311809	3.09104245336	227.51132911
PA14_58950	6.04950647731	0.0139101843124	26.5302948683	848.561097401
PA14_28770	6.01403286708	0.014192554595	1.79175946923	184.229832826
PA14_20230,nosR	6.00492640879	0.0142659890275	87.5693156863	2260.84406795
PA14_23420	5.97424502337	0.0145162946838	15.789591584	577.15026051
PA14_08280	5.96822787623	0.0145659117722	34.3398620994	1034.74671428
PA14_49540	5.9409547883	0.0147930028644	14.3917238422	540.0362849
PA14_10170,fepB	5.93520346635	0.0148413552013	45.8636329431	626.459930067
PA14_06740,nirM	5.9282746777	0.014899822886	71.0014050943	1883.63423117
PA14_63770	5.91271849908	0.0150319573108	21.3417601585	245.558838832
PA14_26230,hisQ	5.84002769668	0.0156655800562	38.7660406279	514.232327991
PA14_35840	5.82757669251	0.0157768417193	16.300577195	586.059399083
PA14_20370,phnH	5.79822377235	0.0160423727505	32.4555683603	415.469822577
