feature	score	p-value	#I-out-of-31	#O-out-of-395
PA14_35840	38.0448322932	6.91375861528e-10	112.264693301	774.735823669
PA14_35850	32.8241017225	1.00886214005e-08	105.026437885	742.77003717
PA14_22270	23.7147228675	1.11724563063e-06	13.6206628758	606.393886555
PA14_22120	20.4426021235	6.14466127516e-06	7.49554194388	435.013095
PA14_22080	19.1944035606	1.18058998881e-05	9.85429730835	467.106624026
PA14_22090	17.9383480992	2.28176991929e-05	6.74051935961	385.193096545
PA14_22110	16.8611481769	4.02164098595e-05	6.3561076607	362.494307224
PA14_22190	16.826677678	4.09535210291e-05	8.51238163442	406.906126992
PA14_22230	16.5567929865	4.72145509269e-05	5.38907172982	337.704104534
PA14_22100	16.5165556721	4.82271325735e-05	4.46590811865	317.011822545
PA14_22130	15.6041791896	7.80818220453e-05	3.58351893846	285.339594081
PA14_31230	15.5742352712	7.9328223565e-05	47.7152410052	333.087005394
PA14_22240	15.4383094707	8.52426059613e-05	5.32787616879	321.410692513
PA14_49510,pyoS3I	15.0671781436	0.000103751697056	26.9706071888	723.145653908
PA14_04710	14.9829181885	0.000108488795594	28.2234575707	743.444635531
PA14_31010	14.8871589782	0.000114137288931	98.2498183486	831.854102369
PA14_22250	14.3584058964	0.000151103566382	5.32787616879	306.887476842
PA14_22220	14.222889369	0.000162383267542	5.6937321388	312.797478212
PA14_22140	13.9547395733	0.000187264932669	7.83518375527	353.206657355
PA14_32820	13.8956216341	0.000193248121533	88.8100542416	746.93687278
PA14_31040	12.9369809778	0.000322154142037	74.6095342094	613.802842872
PA14_22210	12.8447505259	0.000338427327524	6.32076829425	306.984785924
PA14_59630	12.7482119441	0.000356349664008	21.586227182	590.322504113
PA14_22260	12.4073768652	0.000427641148637	4.88280192259	271.09554586
PA14_22180	12.1069538843	0.000502341308034	3.66356164613	240.928935079
PA14_35830,tnpT	11.8987783432	0.000561707720755	122.238252303	1123.03966746
PA14_31000	11.2158277766	0.000811026254887	60.5135092025	490.453691081
PA14_46430	11.203211827	0.000816558750464	44.1208720126	936.289866926
PA14_31030	11.0067958063	0.000907784379594	71.8510864883	606.971400352
PA14_46400,yqhC	10.8816594725	0.000971211888476	61.2130924595	1197.78174618
PA14_22160	10.579978024	0.00114319018678	4.09434456222	229.703310546
PA14_59610	10.1466049243	0.00144567245832	20.6205472328	529.415328752
PA14_53590	9.92461978198	0.00163082533529	7.86018505747	296.264209716
PA14_31220	9.52012940605	0.00203230250435	24.9528717945	165.822851175
PA14_15600	9.49303176704	0.00206253720947	10.6327737797	342.016032218
PA14_31100	9.34437679288	0.00223670701078	47.608032096	380.774400159
PA14_43100	9.29913452716	0.00229262140166	57.1945544866	1098.88027784
PA14_43090	9.28066714034	0.00231585067191	16.0641884169	435.864622948
PA14_31240	9.25389411387	0.00234995197797	82.3470747628	738.208434524
PA14_46420	9.22600276378	0.00238601980045	48.3935303636	961.120445959
PA14_31060	9.12433097893	0.00252232109461	98.4934867919	912.20667561
PA14_15590	9.0039916587	0.00269390578792	17.7352731355	460.127843973
PA14_15580	8.83834504658	0.00294966500319	20.5442295019	505.070306784
PA14_58970	8.63160989602	0.00330379477266	138.674267514	1360.86909885
PA14_27990	8.59883040709	0.00336378962016	134.610994765	1316.47057713
PA14_59620	8.53130027121	0.00349090214156	24.3292179789	562.590449576
PA14_03380	8.34694576019	0.00386336206455	19.9191333914	485.705588202
PA14_51560	8.33566807666	0.00388741797916	12.9000195063	364.612478614
PA14_01220	8.11924727838	0.00437977400681	1.38629436112	137.55739776
PA14_63440	8.10033486393	0.00442570814204	13.0895095525	364.094092792
PA14_59440	8.09500067025	0.00443875220306	143.610948249	1427.34257596
PA14_35740,tpnA	7.86515192622	0.00503965918685	134.849189124	1334.50228803
PA14_28830	7.85684519011	0.00506286559251	15.9674587904	409.948604598
PA14_35700	7.5178449862	0.00610907215624	1.38629436112	129.738620909
PA14_59320,pilS2	7.44180117046	0.00637260813632	146.184608441	1471.07171364
PA14_46530	7.41375025459	0.0064727259668	1.38629436112	128.383347397
PA14_59120	7.39045089936	0.00655710489687	0.69314718056	111.718755881
PA14_35800	7.37125758776	0.0066274569442	128.953969655	1279.41969358
PA14_33680,fpvA	7.20694292625	0.00726220876326	114.28781416	1119.63062571
PA14_23350,orfA	7.17497192067	0.00739276048915	19.6397853312	459.556179846
PA14_31050	7.1746063133	0.00739426721689	83.3032508053	780.442465604
PA14_59100	7.15613799909	0.00747078796626	149.148244673	1511.32658494
PA14_03390	7.05029197071	0.00792523323106	6.08677472691	220.104719207
PA14_32810	7.00974515707	0.0081067218646	90.0090453914	856.180797919
PA14_59250,pilN2	6.87726612967	0.00872989957524	135.206210488	1360.72774469
PA14_35810	6.86734855583	0.00877848010493	135.670097849	1366.18446367
PA14_10960	6.81333483227	0.00904796340835	42.0285830869	807.022077948
PA14_15360	6.77595850838	0.00923938592628	5.95064255259	213.458051879
PA14_59160	6.77290644743	0.00925519904546	82.8962254958	782.91047652
PA14_54870	6.72674570311	0.00949777268206	0.69314718056	103.195650998
PA14_31150	6.72340064299	0.00951560198936	53.9862463928	475.007909695
PA14_03250	6.6453402909	0.00994154880492	28.6200701614	594.347630153
PA14_59290,pilQ2	6.62708064846	0.0100439746441	127.910847422	1284.48382947
PA14_59350,pilV2	6.51717766711	0.01068374166	131.543657475	1327.98133815
PA14_59150	6.50613954243	0.0107502646267	143.917811331	1468.21381682
PA14_59200	6.5018355704	0.0107763181713	145.425225313	1485.42641697
PA14_59210	6.48566121682	0.0108748079938	117.872588457	1175.05033709
PA14_10080	6.45149429325	0.0110859064323	4.96284463026	189.753200879
PA14_42530,pcr2	6.38163081404	0.0115307433022	102.345647416	1004.12803346
PA14_10050	6.37525399369	0.0115722478814	2.8903717579	147.275434217
PA14_58980	6.34349406329	0.0117812584447	103.166189262	1014.03475474
PA14_54950	6.34219800899	0.0117898695653	1.38629436112	114.391729952
PA14_59380	6.33588493199	0.0118319068098	166.81278029	1733.80410018
PA14_59340,pilT2	6.24363177608	0.0124640628723	104.924423617	1035.7032501
PA14_59310,pilR2	6.16668884841	0.0130178034247	119.029301095	1195.3006407
PA14_42540,pcr1	6.10971944333	0.0134440467846	118.204823275	1187.35237819
PA14_42520,pcr3	6.07245454132	0.0137306022964	100.163204582	986.329658184
PA14_03400	5.97546214231	0.0145062795562	3.17805383035	147.661586946
PA14_10970	5.77729983452	0.0162344626359	34.4027241851	665.312913704
PA14_10980	5.75781009225	0.0164155191327	42.3600691672	786.318860991
PA14_07480	5.75663062478	0.0164265427746	109.401390975	1764.75571567
PA14_15350	5.75190696121	0.0164707680458	23.8305692522	499.49041815
PA14_23430	5.72962423085	0.0166810516377	15.8381531506	369.545069782
PA14_39480	5.67949062946	0.0171643501844	11.7547730011	299.975863317
PA14_59240,pilL2	5.64580820393	0.0174971494158	123.418224883	1257.41261185
PA14_15470,merP	5.62314644333	0.0177248001513	53.4288543068	948.753709048
PA14_55080	5.6175448222	0.0177815415379	4.96981329958	177.659145069
PA14_10090	5.60213085461	0.0179386465735	8.34664209022	239.312538811
PA14_54980	5.55532744508	0.0184245262056	0.69314718056	88.1212860243
PA14_23400	5.54023610781	0.0185840752114	10.8026728165	281.227551823
