feature	score	p-value	#I-out-of-135	#O-out-of-277
PA14_15435	500.625865406	6.94695977883e-111	610.37945447	290.457618576
PA14_22270	445.135205582	8.25737713841e-99	447.430554612	168.201968184
PA14_22080	407.036714498	1.61868841702e-90	362.338922264	113.235704709
PA14_22190	372.513685032	5.30752316236e-83	320.759206394	94.6593022318
PA14_22120	362.976647385	6.33045403646e-81	332.731338585	109.084151178
PA14_22230	355.47319108	2.72458711753e-79	275.943643965	66.4563851185
PA14_15450,merD	343.754347812	9.7107649462e-77	440.664988814	221.019197624
PA14_22090	341.103165011	3.66962781134e-76	299.662263989	91.5782047346
PA14_22110	335.813016883	5.20879701118e-75	285.668656215	82.4886114885
PA14_15470,merP	332.272408454	3.07509706963e-74	592.17199503	394.764325556
PA14_22220	330.571813302	7.21516022173e-74	256.263988637	61.5340745336
PA14_22100	327.032743141	4.25665631208e-73	257.526649895	63.9510807688
PA14_22210	326.505937645	5.54384286737e-73	252.781003015	60.5245512035
PA14_22140	325.018820324	1.16874462868e-72	279.086451096	81.9553900142
PA14_49510,pyoS3I	321.787162511	5.91046822452e-72	475.054876217	272.288796158
PA14_22250	306.89428958	1.03703551801e-68	247.592022295	64.6233307158
PA14_22240	297.998194184	8.99295096734e-67	253.521565556	73.2170031257
PA14_15420	287.600430297	1.65732699695e-64	424.885112882	243.683841251
PA14_15475,merT	284.374496509	8.36264058092e-64	652.392042728	513.731974745
PA14_22130	278.088540167	1.95948237612e-62	227.714473453	61.2086395663
PA14_15445,merE	266.070894455	8.15198847333e-60	348.647553441	178.773460193
PA14_22260	264.114332809	2.17628791349e-59	217.149179435	58.8291683471
PA14_27990	259.910223394	1.79508620721e-58	178.683906866	1234.87730665
PA14_29330	258.220878362	4.191092059e-58	493.5860855	345.859157021
PA14_22180	245.244516334	2.82629287849e-55	195.101368525	49.4911281999
PA14_15430,tnpR	227.804830835	1.79507316893e-51	556.598051878	454.567865794
PA14_59630	217.805245344	2.72349279036e-49	368.340251597	236.059692527
PA14_15460,merA	207.882152816	3.98043870933e-47	688.457605984	655.481396974
PA14_22160	206.45752124	8.14263421599e-47	179.348849235	53.7556586918
PA14_15410	202.5839705	5.70124001548e-46	413.718953677	303.050206311
PA14_59610	202.027902642	7.53891814444e-46	332.891430359	209.063589206
PA14_59620	198.220336237	5.10743494334e-45	349.074547762	230.665811823
PA14_15480,merR	190.650977403	2.29212335037e-43	699.655844993	696.551054478
PA14_08200	178.797028344	8.87324757404e-41	210.111427857	1133.0979558
PA14_13950	165.390508456	7.51631310396e-38	101.827335094	745.014364125
PA14_43100	164.820465266	1.00121897996e-37	570.061554393	553.31280749
PA14_08320	159.487094923	1.46457969455e-36	139.400113066	857.070276766
PA14_10830	157.322379266	4.35217373358e-36	493.123473722	457.781738835
PA14_08250	150.358701087	1.44729417877e-34	122.067468871	777.18117041
PA14_43090	145.293014306	1.85310992121e-33	263.233813818	177.597223956
PA14_31190	144.267892265	3.1047067533e-33	549.217772073	555.151802664
PA14_04710	141.637329982	1.16729831141e-32	397.914968567	350.187321241
PA14_14430	141.42540671	1.29873671478e-32	131.585887104	786.009847362
PA14_53620	138.547113936	5.532708623e-32	160.329937137	870.238563934
PA14_10840	131.23207275	2.20287055478e-30	388.957042132	351.54622175
PA14_13910	125.111524861	4.81132266396e-29	24.8351961711	368.870622143
PA14_13890	120.179321207	5.77930622044e-28	33.5072637449	393.088787064
PA14_01130	117.538727536	2.18786112285e-27	402.083729487	388.392066912
PA14_53650	117.275009276	2.49899405228e-27	192.711927213	910.697200677
PA14_31260	117.029158204	2.82878105646e-27	252.259314066	191.255783357
PA14_14420	114.588500446	9.68460975303e-27	94.6907021094	597.796827975
PA14_08280	113.724519647	1.49730069649e-26	238.6345844	1034.74671428
PA14_53660	107.34420493	3.74194306865e-25	264.433861348	1088.45413108
PA14_51520,spcU	106.774463744	4.98826894597e-25	541.489029157	609.003404107
PA14_30850,trbI	105.573555321	9.14398930916e-25	531.044499645	595.604278721
PA14_08240	105.026501333	1.20513201222e-24	330.584880566	1264.62706463
PA14_13880	103.66327474	2.3979524177e-24	16.6565520058	289.265091682
PA14_13920	102.962169048	3.41609634598e-24	14.5711140935	278.891317902
PA14_13870	102.515335838	4.28041209271e-24	103.116649872	594.704085984
PA14_08330	100.700029568	1.07023978053e-23	165.529545958	782.146716462
PA14_08260	99.8356370162	1.65583838327e-23	188.222716011	846.62494589
PA14_23350,orfA	99.1480095601	2.34318398708e-23	48.8743355348	403.720916892
PA14_33680,fpvA	95.573463417	1.42503839985e-22	235.512578968	969.312303795
PA14_51530,exoU	94.3794763836	2.60479027999e-22	615.250016977	748.501041051
PA14_50330	94.2413519061	2.79304367973e-22	123.398889671	636.533733387
PA14_50310	93.583424042	3.89435411232e-22	98.2824202447	556.152310314
PA14_50320	92.8355543366	5.68250800559e-22	101.828646449	565.459826203
PA14_23360,wzz	92.2687402468	7.56701762835e-22	124.948094448	635.910317341
PA14_49020	91.071826888	1.38550378893e-21	224.913877727	925.051509233
PA14_30940,trbB	90.0535541044	2.31799915705e-21	352.530191998	360.391723758
PA14_48950	85.5432863589	2.26684615495e-20	153.107538289	701.442612438
PA14_13900	84.7702671146	3.35126245955e-20	90.4563368923	508.325340516
PA14_22550	83.3718521155	6.79831408191e-20	362.153209958	385.464213115
PA14_59220	82.886278082	8.69124243051e-20	224.373454179	897.10851476
PA14_24360	81.0707158335	2.17783387844e-19	365.630538271	394.605407171
PA14_20530	79.6305490998	4.51391917333e-19	37.3572353498	317.412518144
PA14_31180	78.6141547797	7.55064499811e-19	398.750045049	448.494481532
PA14_20600	75.6466414696	3.39252506753e-18	403.003029092	460.749582517
PA14_48940,coaB	74.8166101822	5.16532974343e-18	119.214318572	569.848140488
PA14_30690	73.8317959109	8.50652868153e-18	447.28278057	532.494106131
PA14_53570	72.750045239	1.47154854781e-17	362.907344569	405.873133992
PA14_53630	72.0663487152	2.08082091685e-17	104.07186346	516.453929128
PA14_48970	71.9912608637	2.16152521032e-17	142.026906892	628.869260538
PA14_49010	70.2615686175	5.19397845859e-17	19.003784461	227.51132911
PA14_23370,orfK	69.5057724413	7.61912027196e-17	99.9100549394	496.693983661
PA14_28820	68.506783166	1.26441927251e-16	266.648732302	271.967393415
PA14_59190	66.511865185	3.4779381409e-16	40.1390251864	296.793534301
PA14_18960	66.0213419033	4.46066706019e-16	389.068150365	459.303526058
PA14_14300	65.0652011541	7.24604287664e-16	325.672715698	364.651594509
PA14_23380,orfH	64.6395705457	8.99310508642e-16	106.618084752	503.147565787
PA14_30860,trbG	64.3583952947	1.03725472042e-15	377.200692136	444.544348169
PA14_15630	63.7414043575	1.41871236984e-15	112.561485707	518.17492023
PA14_22520	62.7293103914	2.37159868762e-15	280.027501998	301.086530952
PA14_55410	62.3253692829	2.91150186218e-15	427.968794618	528.408833541
PA14_10130	62.0364722358	3.37154562879e-15	254.774990193	907.377149192
PA14_15650	60.6834365367	6.70317829543e-15	130.626408535	561.612553105
PA14_22530	60.3590268329	7.90412479039e-15	260.313288646	276.323466769
PA14_03320	59.6450135547	1.13606746485e-14	274.053288027	297.775656701
PA14_48910	59.0251750104	1.55667541597e-14	158.270620727	634.633975827
PA14_30910,trbE	58.1239110799	2.46116572004e-14	444.705025976	565.387677582
