feature	score	p-value	#I-out-of-206	#O-out-of-147
PA14_45330,ccmE_4040145_G_A_G_G	31.4051659717	2.09422954996e-08	78.0	11.0
PA14_33610_2965491_C_T_D_D	30.9847991381	2.60057223413e-08	9.0	39.0
PA14_45340_4040278_G_A_L_L	29.91408511	4.51620127624e-08	73.0	10.0
PA14_55840_4986612_C_G_R_R	29.0887541723	6.91371446356e-08	69.0	9.0
PA14_65605,parC_5845617_G_A_S_L	28.89250399	7.65084271562e-08	87.0	16.0
PA14_64470_5744065_A_G_E_E	28.7660512686	8.16702237328e-08	57.0	5.0
PA14_67630_6042492_G_A_S_S	28.0796599397	1.16423055981e-07	56.0	5.0
PA14_29050_2512088_G_A_I_I	28.0796599397	1.16423055981e-07	56.0	5.0
PA14_55840_4986611_C_A_A_S	27.7740228692	1.36344601021e-07	67.0	9.0
PA14_15670,cumA_1333264_A_G_E_E	27.7740228692	1.36344601021e-07	67.0	9.0
PA14_14140_1210355_C_T_Y_Y	27.4214570537	1.63605837678e-07	58.0	6.0
PA14_68370,cysQ_6100722_G_A_L_L	27.3941753077	1.65930270361e-07	55.0	5.0
PA14_07930,gph_683579_C_T_R_R	27.3941753077	1.65930270361e-07	55.0	5.0
intergenic_1608484_A_G_none_none	27.2436496929	1.79363260924e-07	9.0	36.0
PA14_08480,argC_726626_T_C_C_C	26.7446054705	2.32199053266e-07	57.0	6.0
PA14_37420_3331052_C_T_A_T	26.7446054705	2.32199053266e-07	57.0	6.0
PA14_36660_3265170_C_T_Y_Y	26.735912123	2.33246040171e-07	51.0	4.0
PA14_36960_3292721_G_A_L_L	26.735912123	2.33246040171e-07	51.0	4.0
PA14_36590,malQ_3257478_G_T_A_A	26.735912123	2.33246040171e-07	51.0	4.0
PA14_57450,mraW_5118533_G_A_G_G	26.7096434756	2.36438554648e-07	54.0	5.0
PA14_55890,cpaF2_4989434_G_A_R_R	26.7096434756	2.36438554648e-07	54.0	5.0
PA14_58090_5171451_G_T_G_G	26.7057783816	2.36911974129e-07	8.0	34.0
PA14_27840_2412395_G_A_K_K	26.6639299982	2.42099047872e-07	68.0	10.0
PA14_31180_2710235_G_C_P_R	26.4653701155	2.68305099141e-07	65.0	9.0
PA14_57610_5130795_G_A_none_none	26.1618368147	3.13966585806e-07	59.0	7.0
PA14_71580_6377396_T_C_I_V	26.0689390695	3.29441375735e-07	56.0	6.0
intergenic_1983492_C_CC_none_none	26.0444879858	3.33640007946e-07	50.0	4.0
PA14_37120_3307948_A_G_L_L	26.0444879858	3.33640007946e-07	50.0	4.0
PA14_06330_560412_C_T_Q_Q	26.0261137264	3.36830418049e-07	53.0	5.0
PA14_21150_1829131_G_A_I_I	26.0261137264	3.36830418049e-07	53.0	5.0
PA14_67510,estA_6027253_G_C_R_R	26.0261137264	3.36830418049e-07	53.0	5.0
PA14_42400,exsB_3778082_C_T_G_G	26.0261137264	3.36830418049e-07	53.0	5.0
PA14_67880,hisF1_6061504_G_A_G_G	26.0261137264	3.36830418049e-07	53.0	5.0
PA14_21190_1832463_C_T_E_E	26.0261137264	3.36830418049e-07	53.0	5.0
PA14_22840,ypuG_1983345_G_A_Q_Q	26.0261137264	3.36830418049e-07	53.0	5.0
PA14_71170_6340030_C_T_Y_Y	26.0261137264	3.36830418049e-07	53.0	5.0
PA14_05650_502648_C_T_A_V	26.0261137264	3.36830418049e-07	53.0	5.0
PA14_28980_2505958_C_T_C_C	25.6371561429	4.12028772707e-07	61.0	8.0
PA14_13990_1199882_A_G_K_R	25.6371561429	4.12028772707e-07	61.0	8.0
PA14_33610_2970345_T_C_H_H	25.5225402291	4.37244813296e-07	74.0	13.0
PA14_33610_2970945_G_T_P_P	25.4952452079	4.4347449239e-07	58.0	7.0
PA14_34330_3053592_G_A_K_K	25.4952452079	4.4347449239e-07	58.0	7.0
PA14_37410_3330107_C_G_L_V	25.3945161385	4.6724446954e-07	55.0	6.0
PA14_37420_3331118_C_T_A_T	25.3945161385	4.6724446954e-07	55.0	6.0
PA14_48490_4310425_G_A_A_A	25.3945161385	4.6724446954e-07	55.0	6.0
PA14_30900,trbJ_2683648_C_G_A_A	25.3755765975	4.71854454531e-07	66.0	10.0
PA14_42400,exsB_3777989_T_C_A_A	25.3755765975	4.71854454531e-07	66.0	10.0
PA14_33610_2970539_G_A_S_N	25.3755765975	4.71854454531e-07	66.0	10.0
intergenic_3052561_T_C_none_none	25.3436388011	4.79731800227e-07	52.0	5.0
PA14_57440,ftsL_5118045_G_A_S_S	25.3436388011	4.79731800227e-07	52.0	5.0
PA14_26930_2343869_T_C_F_L	25.3436388011	4.79731800227e-07	52.0	5.0
PA14_26970_2347008_G_A_T_I	25.3436388011	4.79731800227e-07	52.0	5.0
intergenic_6092919_T_G_none_none	25.3436388011	4.79731800227e-07	52.0	5.0
PA14_60770_5416131_G_A_V_V	25.3436388011	4.79731800227e-07	52.0	5.0
PA14_46440_4130626_C_A_R_R	25.3436388011	4.79731800227e-07	52.0	5.0
PA14_02310,atsA_207590_C_T_D_N	25.3436388011	4.79731800227e-07	52.0	5.0
intergenic_6092897_C_T_none_none	25.3436388011	4.79731800227e-07	52.0	5.0
PA14_36830_3282316_G_A_D_N	25.3436388011	4.79731800227e-07	52.0	5.0
PA14_46400,yqhC_4128474_G_A_R_R	25.2411369273	5.05915211245e-07	71.0	12.0
PA14_22680,yrbE_1972882_G_C_T_S	25.1633024569	5.26750517234e-07	63.0	9.0
PA14_10850_939979_T_C_E_E	24.979692848	5.79373345326e-07	60.0	8.0
PA14_32790_2863276_A_G_Q_Q	24.979692848	5.79373345326e-07	60.0	8.0
intergenic_2708078_G_A_none_none	24.9018946707	6.03231096732e-07	73.0	13.0
intergenic_3145376_G_A_none_none	24.8301223706	6.26113626643e-07	57.0	7.0
PA14_70370,pyrE_6274825_C_A_A_A	24.8301223706	6.26113626643e-07	57.0	7.0
PA14_50520,braC_4487852_C_T_G_G	24.8301223706	6.26113626643e-07	57.0	7.0
intergenic_3480883_C_G_none_none	24.8218004724	6.28822512702e-07	1.0	20.0
PA14_23120_2005282_C_T_A_V	24.7213988508	6.62445690179e-07	54.0	6.0
PA14_26940_2344695_A_C_A_A	24.7213988508	6.62445690179e-07	54.0	6.0
PA14_31540,acdA_2742977_C_T_G_G	24.7213988508	6.62445690179e-07	54.0	6.0
PA14_48490_4310632_G_A_S_S	24.7213988508	6.62445690179e-07	54.0	6.0
intergenic_4310975_G_A_none_none	24.7213988508	6.62445690179e-07	54.0	6.0
PA14_23120_2005266_G_A_V_I	24.7213988508	6.62445690179e-07	54.0	6.0
PA14_10220,ygiM_879637_A_G_E_E	24.7213988508	6.62445690179e-07	54.0	6.0
PA14_45000,gcl_4012440_C_A_T_T	24.7213988508	6.62445690179e-07	54.0	6.0
PA14_00310_28735_G_C_K_N	24.7213988508	6.62445690179e-07	54.0	6.0
intergenic_2538404_C_A_none_none	24.7213988508	6.62445690179e-07	54.0	6.0
PA14_57390,murF_5114620_G_A_S_S	24.7213988508	6.62445690179e-07	54.0	6.0
PA14_03930,spuE_355001_C_T_Y_Y	24.7213988508	6.62445690179e-07	54.0	6.0
PA14_33630,pvdJ_2977488_G_T_P_P	24.6641975685	6.82401701791e-07	48.0	4.0
PA14_36960_3292403_C_T_A_T	24.6622752083	6.83082731546e-07	51.0	5.0
PA14_07140_618266_C_T_R_R	24.6622752083	6.83082731546e-07	51.0	5.0
PA14_21160_1830213_C_T_E_E	24.6622752083	6.83082731546e-07	51.0	5.0
PA14_02690_239634_C_T_I_I	24.6622752083	6.83082731546e-07	51.0	5.0
PA14_58270_5190215_G_A_N_N	24.6622752083	6.83082731546e-07	51.0	5.0
PA14_51090_4540068_G_A_I_I	24.6622752083	6.83082731546e-07	51.0	5.0
PA14_71150_6338105_G_A_G_G	24.6622752083	6.83082731546e-07	51.0	5.0
PA14_26390_2299973_C_G_E_Q	24.6622752083	6.83082731546e-07	51.0	5.0
intergenic_1177542_A_T_none_none	24.6622752083	6.83082731546e-07	51.0	5.0
PA14_55520,hxcU_4942104_C_T_A_V	24.6622752083	6.83082731546e-07	51.0	5.0
PA14_55880_4989312_G_A_A_A	24.6622752083	6.83082731546e-07	51.0	5.0
intergenic_4571951_G_A_none_none	24.6622752083	6.83082731546e-07	51.0	5.0
PA14_71180_6341992_G_A_A_V	24.6622752083	6.83082731546e-07	51.0	5.0
intergenic_67771_A_G_none_none	24.6622752083	6.83082731546e-07	51.0	5.0
PA14_57425,ftsI_5117875_G_A_A_A	24.6622752083	6.83082731546e-07	51.0	5.0
PA14_61390_5479190_G_A_D_D	24.6622752083	6.83082731546e-07	51.0	5.0
PA14_12860_1104122_A_T_E_V	24.6622752083	6.83082731546e-07	51.0	5.0
PA14_55880_4989353_G_A_L_L	24.6622752083	6.83082731546e-07	51.0	5.0
PA14_00650_66967_G_A_R_R	24.6622752083	6.83082731546e-07	51.0	5.0
PA14_06580_574469_G_C_K_N	24.6622752083	6.83082731546e-07	51.0	5.0
