feature	score	p-value	#I-out-of-151	#O-out-of-314
CAAA	0.0105203439144	0.918305263533	1.28714871296	2.3928508913
TTTG	0.00801025078679	0.928684550092	1.31490799609	2.48279916203
TAAA	0.00543896394661	0.941209844503	0.573988232841	1.05774175456
TTAA	0.00463894943599	0.945698202439	0.389743910119	0.707575686205
TTTA	0.0042602134139	0.947958780826	0.57447931607	1.07377446723
CTAA	0.00423638296691	0.948104330984	0.379003424495	0.691036452242
AATC	0.00415074225162	0.948630825487	2.1426071616	4.22112149596
AAAT	0.00385651538338	0.950482521306	1.60688174197	3.14622544227
AAAG	0.00382296811909	0.950698088871	2.12646467554	4.19769793138
GTAA	0.00366520339417	0.951724823524	0.889308353013	1.70857684623
TCTG	0.00349292923715	0.952871655169	4.04229295369	8.1087446456
CCAAA	0.00344450731799	0.953199084046	0.277177987891	0.501691673162
TAAG	0.00336363235146	0.95375115315	0.549486337112	1.03728952537
CCAA	0.00335825093437	0.953788122895	3.54101093955	7.09094367964
AAAA	0.00329644828436	0.954214849886	1.89173341033	3.73736818011
TAAT	0.0032946641298	0.95422722823	0.564465888164	1.06803317008
TTTT	0.0032203746655	0.954745662259	1.93416751447	3.82564717718
ATAA	0.00318628091758	0.954985595306	0.756166435085	1.45148184673
GATT	0.0029820962806	0.956450308427	2.18371627242	4.33984171103
TAAC	0.00298030428433	0.956463382299	0.726284763084	1.3956124991
CAAAC	0.00297785033138	0.956481292008	0.360944861293	0.670649165627
CTTT	0.00294337175426	0.956733714284	2.1553505727	4.28346831329
AATG	0.00294031226718	0.956756184654	2.10907012635	4.18950544033
CAAT	0.00292422742681	0.956874512928	2.07790844491	4.12670835743
GCAAA	0.0029148005184	0.956944013799	0.525485172062	0.996677668103
TCAA	0.00289772114206	0.957070221008	3.40713258783	6.83658387235
TCAAA	0.00287111347969	0.957267582562	0.249358639347	0.453743449976
AAAC	0.00283321066676	0.957550316192	2.15135342041	4.27903430784
TTTGA	0.002757369897	0.958121797936	0.254296899975	0.464599570921
CAAAG	0.0026967736946	0.958584095627	0.41157741952	0.774313538744
ATTG	0.00263709848629	0.959044485111	2.08608398442	4.15298034623
CTTTG	0.0026363536597	0.95905026421	0.421322831624	0.794486773396
CAAAA	0.00252465253392	0.959926418421	0.287356197602	0.531963740422
GTTT	0.00243768433539	0.960622115758	2.22882621603	4.45076824244
CAAAT	0.00240186135991	0.960912292069	0.227270234544	0.415922834214
ATTA	0.00236171913128	0.9612400449	0.566211994327	1.08730640348
TTTGG	0.00233652323109	0.961447191921	0.274821445138	0.509741761808
TTAT	0.0023056977376	0.961702151053	0.75863108276	1.47408551971
TTAG	0.00226029538686	0.962080807544	0.363857302455	0.686371584414
ATTT	0.00222348455782	0.962390617494	1.62252983418	3.22430223153
CAAG	0.00222053383057	0.962415562507	5.68606243162	11.5419496299
TTTGC	0.00216678325119	0.962872903906	0.543275546063	1.04512648825
GTTTG	0.00204906802951	0.963894783468	0.371054797378	0.703918480461
AATCA	0.00204171490733	0.963959579685	0.362985051426	0.688016725748
TGTG	0.00201304664875	0.964213329769	2.20210925253	4.41281580905
TCAGA	0.00199067127686	0.964412640457	0.345986687541	0.655094949935
CATT	0.00195962486174	0.964691057718	2.09263131675	4.1915398332
CGTG	0.00192373741938	0.965015656308	6.20350624287	12.6255561327
TTGA	0.00185916939318	0.965607401674	3.40611732112	6.88346911791
TTTTG	0.00182801723422	0.965896582306	0.288544044209	0.543770338387
CTTA	0.00181668382694	0.966002400273	0.537891801526	1.0412917384
CATA	0.00179244911948	0.966229790607	1.17828919433	2.33577028874
TTAC	0.00178963838649	0.966256262663	0.895482648501	1.7626693787
TTGG	0.00178927575458	0.96625967952	3.56688299656	7.21691768495
TCTGA	0.00177018834531	0.966440020672	0.345330006256	0.657350506006
TGAG	0.00175654842211	0.96656949044	3.22685690329	6.52145312221
GCCAAA	0.00175025039619	0.966629441037	0.117745854469	0.210295594151
ACCGTGTAA	0.00174376343363	0.966691303182	0.00156500291673	0.00051081502162
TAAAG	0.00173226611642	0.966801229843	0.176709413135	0.324952157393
CGTGA	0.00172905995491	0.966831949293	0.929002008039	1.83219286504
GTTA	0.00172134573773	0.966905979249	0.729131831911	1.42832955991
GTTAA	0.00169445488929	0.967165346904	0.103119607336	0.182699273789
CTAAC	0.00168248007238	0.967281509587	0.100524047819	0.177829906032
CTAG	0.00165863213342	0.967514088532	0.566032173152	1.10121522727
ACAAA	0.00165312240859	0.96756806028	0.235126913659	0.440738100062
CGTGTAAAA	0.00163303696785	0.967765578589	0.00165139243079	0.000642819972506
AATA	0.00162216947807	0.967872955823	1.2059045576	2.3973936141
CAATC	0.00159337163232	0.968159250496	0.635069025838	1.24174907267
TGAA	0.00158817829392	0.968211155237	4.36730059231	8.87256481929
TATC	0.00157897675467	0.968303329033	2.12353333726	4.27092505278
TCAT	0.00155940998977	0.968500231984	3.59431140458	7.28642450523
CTCA	0.00155316389181	0.968563347524	3.15374684178	6.38262280974
TGATT	0.00154515657031	0.968644446081	0.371655387047	0.71378995497
GCTTTG	0.00153846052513	0.968712425692	0.15884134838	0.292314659874
CGTAA	0.00153604311358	0.968737004135	0.225232027069	0.422864695184
TAAAT	0.00152377588371	0.968862027838	0.122402876061	0.2215214007
ATAAA	0.00151986249981	0.968902017766	0.197973150205	0.36933562011
ATTTG	0.00150470891509	0.969057357121	0.233986322881	0.440623569787
GAAA	0.00149089257485	0.969199672547	4.02362323981	8.17255308391
GTGA	0.00148982992838	0.969210645651	4.14482678589	8.42173206003
CCTAA	0.00147590093353	0.969354843297	0.0851901234612	0.150268292836
TAAAC	0.001475215954	0.969361951978	0.115291165653	0.208240759129
TCCAA	0.00146847474327	0.969432000271	0.47434087795	0.921099950592
TAAGC	0.00146819765698	0.969434882932	0.193723399193	0.361663908384
TATG	0.00146168740705	0.969502690722	1.2038755969	2.39877928184
GTAAA	0.00145779152987	0.969543340743	0.176406259393	0.327738323893
CCGTGTAAA	0.00145067797418	0.969617704972	0.00154531666434	0.000643710378706
CAAACA	0.00141739425843	0.969968099849	0.0682914494427	0.118543408672
AAACA	0.00141724601177	0.969969669681	0.335127732052	0.643192435635
CTGA	0.00140476000781	0.970102184434	5.80680992426	11.8479925194
GAAT	0.00138118421971	0.970354013866	2.52996507626	5.11282792354
AAAAT	0.00137756193962	0.970392896152	0.300274095501	0.57435640626
TTTTA	0.00136950447833	0.970479570567	0.168502561652	0.313352201929
TCAGAA	0.00136400003331	0.97053892896	0.0985273918799	0.176932771708
AAAGA	0.00135739748878	0.970610287386	0.371538686679	0.717168453664
GCTT	0.00135188774276	0.970669968283	5.82630366316	11.8924407943
TTTAT	0.00134534615155	0.970740984353	0.199268303427	0.374314305194
GCTAA	0.00134257361183	0.970771135435	0.147450442582	0.272382740662
TGAAT	0.00132855821229	0.970924030817	0.418721115778	0.812398189251
TTCT	0.00132344184847	0.970980046803	3.65319604694	7.42212728472
