feature	score	p-value	#I-out-of-19	#O-out-of-83
CAAA	0.00117532120298	0.9726515145	0.144884022192	0.698727424106
TAAA	0.00100100733968	0.974760180665	0.0644771729816	0.322816394215
TTTA	0.000861195297161	0.976588536973	0.0657526431485	0.325606002567
AAAA	0.00084261050562	0.97684245538	0.226501587606	1.05822135799
TTAA	0.000787985196929	0.977605464562	0.0433584512432	0.219487565577
TTTG	0.000753965845784	0.978094088596	0.152500189992	0.719785365448
TTAT	0.000670398688867	0.979343434393	0.0892035975552	0.428621046505
AAAC	0.000647489143814	0.979699373438	0.25701945036	1.18667134476
ATAA	0.000611538836633	0.980270875201	0.0880920610945	0.421728003447
AAAT	0.000581893970593	0.980754913261	0.190858949193	0.886073538164
TTTT	0.00056098120824	0.981103837521	0.233862211574	1.07831508485
ATTA	0.000546936669011	0.98134183218	0.0656548097109	0.317046382907
GTAA	0.000531117947806	0.981613582897	0.103362121417	0.488588856861
TAAT	0.000490533266592	0.982329908868	0.0650150959999	0.312453803537
TAAC	0.0004510391811	0.983056054332	0.084643607361	0.400682234544
AAAG	0.000417889840568	0.983690497226	0.255246076282	1.16595792582
CAAAA	0.000414393907984	0.983758851079	0.0321261096065	0.158938043384
AATA	0.000383209217776	0.984381824518	0.145144721873	0.671016338908
AATC	0.00037407990055	0.984568960876	0.255460805088	1.16412465363
AAAAT	0.00036673913833	0.984721097948	0.0346199102319	0.169309446434
GCAAA	0.000364147913953	0.984775164201	0.0602432378531	0.286659001929
CTAA	0.000355403939114	0.984959043488	0.0424900752179	0.205225553955
TTTAT	0.000348277715641	0.985110582884	0.0228709932641	0.114359550695
TTAG	0.00034277057552	0.98522875783	0.041221322317	0.199039386833
TAAG	0.000338173279449	0.985328138158	0.0631683513903	0.299079094482
ATTT	0.000330681192456	0.985491554788	0.197111609124	0.900892716625
CTTA	0.000326057396769	0.985593333938	0.0629349851609	0.297587319641
TTAC	0.000325853739322	0.985597833398	0.107638219823	0.499609694151
CCAAA	0.000324966378374	0.985617454542	0.0306137868945	0.149734558076
CAAAC	0.000324943100966	0.985617969608	0.0404917751536	0.195175188474
TCAAA	0.000317386366004	0.985786166554	0.0274934712758	0.135118301972
GTTA	0.000316399183914	0.98580828642	0.0870791529185	0.406517987951
GAAA	0.000305953141307	0.986044500851	0.493772604722	2.21720051777
TTTGG	0.000295023404686	0.98629601285	0.0310391627784	0.150905110776
AATG	0.000293981667979	0.986320226471	0.254382457724	1.15377504257
GTAAA	0.000293244940077	0.986337376531	0.0198222029662	0.0989253271131
ATAAA	0.000288085089309	0.986458100078	0.0225474264161	0.111484172412
TTATC	0.000285086302007	0.986528759117	0.0332192987323	0.160654412219
TTAAA	0.000284080016461	0.986552552987	0.0112811797837	0.0585928928598
CTTT	0.000282860186055	0.98658145277	0.260416705716	1.17979513956
TATT	0.000282353792415	0.986593468372	0.148133913713	0.679053221873
TAAAC	0.000268119715964	0.986935733532	0.0125905616328	0.0645033477472
ATAT	0.000266712486893	0.986970059547	0.138144311784	0.633455864719
GTTTA	0.000265644525835	0.986996170421	0.0127692353741	0.0652995195205
TAAAG	0.000262105204261	0.987083081716	0.0199322111009	0.0987283927511
AAAAA	0.000261092795599	0.987108050148	0.0675165076357	0.315851178978
TTTTG	0.000256260384831	0.987227901769	0.0333940157853	0.160616337135
AATAA	0.000255429046083	0.987248633924	0.0227662126671	0.111701568287
ATTG	0.000252635858066	0.987318539548	0.25238064937	1.14172952087
TTTTA	0.000248832257833	0.987414357513	0.0194011134738	0.0959498655101
TAAAA	0.00024214411626	0.987584634907	0.0184216936151	0.0912441923085
TTGA	0.000240198127412	0.987634619513	0.415212843775	1.86271418142
TTTGA	0.000238629076696	0.987675069765	0.0285252797564	0.13777701457
CAAT	0.000238279866473	0.987684090512	0.251349767548	1.13600299644
TAAAT	0.000237882867761	0.98769435376	0.0135327066328	0.0683404614084
CAAAG	0.000237271963556	0.987710163659	0.0468004751492	0.221108164037
AAAAC	0.000236424858073	0.987732120056	0.0591029868983	0.276812925408
TTTTT	0.000235599553847	0.987753549249	0.0689167506593	0.321092267062
TTAAT	0.000234079862449	0.987793106789	0.010270446163	0.0529029559325
TTTAA	0.000232447960168	0.987835728458	0.0114256393032	0.0583280617255
CAAAT	0.000231017192691	0.987873220213	0.0254656622826	0.123506028211
GTTAA	0.000229928377786	0.987901829337	0.01125214997	0.0574618344412
CATA	0.000226986887509	0.987979458926	0.140625314077	0.642170960622
ATTAA	0.000226944901541	0.987980570619	0.0102007414716	0.0524416879382
TTATT	0.000224813848202	0.988037131772	0.0231989507127	0.112904112782
GATAA	0.000222884319313	0.988088575933	0.0331877583173	0.158644785935
CGAG	0.000219374845341	0.988182718074	1.51849434783	6.54551412119
ATTTT	0.000217148151896	0.988242840424	0.0361163664159	0.171815830573
CATT	0.000215888642458	0.988276984671	0.254328334247	1.14737164234
GATA	0.00021166258178	0.988392283686	0.257003785876	1.15888325068
AAACA	0.000209435843267	0.988453498745	0.038653466734	0.183098266818
AATT	0.000204084196015	0.988601965242	0.16100015706	0.731524788637
GATT	0.000203550160802	0.988616886842	0.265232984857	1.19467911116
CGAGG	0.000202871313877	0.98863588295	0.583316259467	2.4959320203
TTTATC	0.000202457619386	0.988647474914	0.00706832512997	0.0371295813771
CTTTG	0.000192169477232	0.988939663088	0.0485578140038	0.227339704694
AAACG	0.000191726126604	0.988952428188	0.0766104372963	0.35364980698
CTTTA	0.000191544410733	0.988957664477	0.0198827906927	0.0967346212873
ACAAA	0.000190316706041	0.98899310706	0.0265335261685	0.127215562129
AATCA	0.000189418308761	0.989019115376	0.0416291732762	0.195872416318
CCAA	0.000188779401098	0.989037649105	0.431439635108	1.92882843158
ATTTG	0.000187864329379	0.989064248653	0.0270435198011	0.129470917621
TCTTT	0.000187264312901	0.989081725277	0.0435588882245	0.204529567441
TTAAC	0.000186598027665	0.989101164951	0.0110082707836	0.0554489130607
GAAT	0.000185903498534	0.989121465661	0.308764329003	1.3859104856
AAATA	0.000185659047597	0.989128619852	0.0335352493651	0.158991955276
TATC	0.000184941038321	0.989149660656	0.261153310993	1.17488902316
GGCG	0.000183962646943	0.989178397661	3.44770422847	14.9394654643
TGATT	0.000182553756925	0.989219913752	0.0434333539148	0.203775918072
CAAAAT	0.000180405268068	0.989283533488	0.00527131841846	0.0281602684415
AAACT	0.000179562244927	0.989308600013	0.0372230245953	0.175524030405
ATTAT	0.000179160519491	0.989320565656	0.0169456889935	0.0828642356313
TGAAA	0.00017655147959	0.989398606297	0.0799222523664	0.367714699323
TTTAC	0.000174132790667	0.989471470034	0.020808389886	0.100506171412
AAATT	0.000170799161426	0.989572731281	0.028765056534	0.136771406558
TTGG	0.00017066396512	0.989576858722	0.436950011535	1.95097492971
ATTTA	0.000170243905249	0.989589693277	0.0136995036079	0.0676219962489
GGCAAA	0.000167984101707	0.989659012976	0.0213003970667	0.102583740501
GCCGTATAG	0.000165091122925	0.98974843965	0.000671174639503	0.00164072781165
TTTGC	0.00015954835268	0.989921992543	0.0644503779744	0.297427818426
