feature	score	p-value	#I-out-of-159	#O-out-of-317
TTTG	0.00295188947376	0.956671217609	1.24675545058	2.63685120088
CAAA	0.00209928946225	0.963455309009	1.21468529752	2.54720992929
CCCCCCCCC	0.00173904265101	0.966736394858	0.0635359483547	0.102667081563
CCCCCCCC	0.00169410004132	0.967168783213	0.0664172184268	0.108135843604
CGCC	0.00165845967083	0.967515776566	28.0645457024	55.4271665095
CGTG	0.00164794670214	0.9676188422	6.35389247867	12.9194643278
CCCCCCC	0.00146603426722	0.969457399078	0.0783408425284	0.131427683825
CAAG	0.00144832490116	0.969642343879	5.81413248221	11.8173340384
TCAA	0.00143262505126	0.969807251803	3.44344213428	7.0382540995
GTTT	0.0013562528634	0.970622675833	2.23811524009	4.59811382991
TAAA	0.00129278496817	0.971317986128	0.535101269311	1.13239527138
TTTT	0.00129043079204	0.971344101923	1.92734079276	3.96569106313
TCTG	0.00126311258493	0.971648915712	4.09453933925	8.34028556612
CTAA	0.00124562424404	0.971845784278	0.347858489612	0.745640720918
TTTA	0.00121208563438	0.972227243472	0.541489888958	1.14338308781
CCAG	0.00118913238749	0.972491361259	17.3613212889	34.2636066919
GCGT	0.0011662712075	0.972756968814	8.45004333525	17.0906370009
GATT	0.00115909903374	0.972840833255	2.18820737226	4.486851662
CCAA	0.00114554793752	0.972999998756	3.58105374047	7.29720735108
TTAA	0.00110920056491	0.973431635439	0.35787614249	0.763294922432
GCTG	0.00106662220565	0.97394637411	17.7538870441	35.7333718699
GTGC	0.00102912244969	0.974408301989	8.02852738185	16.2296578906
CTTT	0.00102441836532	0.974466838363	2.16209089736	4.42658664597
TGTG	0.000977637545804	0.975056451409	2.22325958407	4.5474141608
TTTGC	0.000944250730432	0.975485932175	0.524262160144	1.10053330753
ATTT	0.000942732938215	0.975505635906	1.62412997837	3.33458590921
CACC	0.000919534808088	0.975808789848	11.302760929	22.2862854751
TAAG	0.000917984393004	0.975829186441	0.523798860356	1.09879806007
CAAT	0.000912475462675	0.975901799376	2.08435147843	4.26305206761
CCCCCC	0.000902882139205	0.976028774158	0.160565028778	0.291590939702
CTTTG	0.000898572168151	0.976086039586	0.399550943812	0.843784612016
AATC	0.000878963364225	0.976348328925	2.13878575969	4.37092645469
GCCC	0.000873309930176	0.976424492407	12.0017605486	23.6787906917
CGCCC	0.000864739876959	0.976540420872	4.92575071164	9.66193506769
CCAGC	0.000860261071951	0.97660123516	6.8997622865	13.5687643978
TTTGG	0.000855216910952	0.976669916007	0.255594913058	0.546565104622
AAAG	0.000852454887754	0.976707609373	2.12612821408	4.34374571818
TATG	0.000848242519473	0.976765213494	1.20509011673	2.48156104513
AAAT	0.000842946423346	0.976837841107	1.59372829141	3.26782273755
AATG	0.000841757321728	0.976854179126	2.11773429599	4.32614106666
TATC	0.000828145793118	0.977042028013	2.15103837132	4.39249005502
CCAAA	0.000821852122113	0.977129407411	0.25384458522	0.542208606144
CTGA	0.000809545383843	0.977301243388	5.97900614733	12.0911869317
GTTTG	0.000799473099573	0.977442855354	0.353303541926	0.746249076315
TAAT	0.000797680738965	0.977468148552	0.540300747776	1.12872350711
GTAA	0.000796504914558	0.977484756846	0.865665404049	1.79083655308
ATTG	0.000792877813333	0.977536066397	2.09871588669	4.28468468701
AGTG	0.000774219652896	0.977801883816	2.49474997959	5.08195393019
GCGTG	0.000771640128732	0.977838884685	2.38357599717	4.85770804003
CGTGA	0.000769442578985	0.97787045534	0.921802154951	1.90364268422
CTAT	0.000766428262338	0.977913833392	1.65369848875	3.38473982645
TTAC	0.00076467779033	0.977939063054	0.886786692655	1.83238165239
TTTTG	0.000760558663154	0.977998546548	0.272241710254	0.578691948836
GTGA	0.000743216821495	0.978250762606	4.25046729161	8.61225809951
TTTGA	0.000740669391294	0.978288058937	0.234416951483	0.500297998202
TTAT	0.000733586303474	0.978392099446	0.743559145941	1.54023615326
GTTA	0.000728413718209	0.978468395307	0.718398183037	1.48889557408
GTGG	0.000726952596807	0.978489995978	7.89631869954	15.9287989478
TCAAA	0.000699718572749	0.978896663822	0.22948137843	0.489182746912
TTTC	0.000697684498493	0.978927352588	4.23609077629	8.5790520964
TCAAG	0.000688484230294	0.979066722618	1.32481983887	2.71578085227
CTGT	0.000681297058672	0.979176246855	4.61566245595	9.33997664508
TGGC	0.000670658656005	0.979339430576	14.342960139	28.8359931297
TGAG	0.000665807273903	0.979414276337	3.29403352674	6.68242820642
TGCGT	0.00066166774169	0.979478355902	1.08304628462	2.22534413008
CCGCC	0.000651977527903	0.979629148386	7.52135260645	14.8249693956
CCAGG	0.000630850757054	0.97996184576	6.8239817025	13.445378561
TGGG	0.000627690172615	0.980012094189	5.92316490788	11.9586696891
ATTA	0.000625177545565	0.980052131479	0.54950531418	1.1414639133
CAAAG	0.000618972637163	0.980151349441	0.392158311921	0.820535194343
TGCG	0.000617454811724	0.980175695485	9.88134117127	19.8919819912
GCTTTG	0.000616530730037	0.980190532497	0.14619061804	0.315278395072
CTCGCC	0.000610163681725	0.980293065409	1.82706995303	3.56168369673
GTGT	0.000609731227294	0.980300048887	2.50044140746	5.08115886756
ATAA	0.000609473227531	0.980304216369	0.736595353151	1.52093314816
CCACC	0.000608150074006	0.980325603213	3.64500183524	7.15265930072
GGCT	0.00060782603759	0.980330844336	9.00224071233	18.1291882943
CCTCG	0.000598146492431	0.980488055675	4.67891465473	9.19975248768
CTCG	0.000593839089411	0.980558423862	12.2930945794	24.3007274868
CCAAG	0.000590136042758	0.980619123338	1.30832483301	2.67689641556
TCTGT	0.000572664537534	0.980908117306	0.388934459634	0.812458767412
AAGT	0.000563510801377	0.981061289855	2.47815530909	5.03258412193
CCTC	0.000560875430329	0.98110561879	8.02380823897	15.8338177892
TGGCT	0.000559989500145	0.9811205442	1.81419771458	3.69541526187
CAAAC	0.000559109772242	0.981135376812	0.340689115839	0.71351563399
GAGT	0.000553802453241	0.981225109402	2.81231183205	5.70390493233
TGAA	0.000552206276684	0.981252180554	4.48553289855	9.06499544317
CATT	0.000551942004239	0.98125666639	2.11944441015	4.30967009281
TTGG	0.000548529351922	0.981314690539	3.64971239644	7.38633014449
CCAC	0.000544986001166	0.981375128333	7.69487648959	15.1836914891
CGTT	0.000543014205875	0.981408845762	5.3089330465	10.7161922276
TCTGA	0.00053464566342	0.981552632987	0.331525382907	0.694028787191
TAAC	0.000524972905829	0.981720239182	0.708799091236	1.46079314285
CGCCG	0.000524449263181	0.981729356582	12.3759129077	24.4776887651
CAGG	0.000519548398024	0.981814909712	16.344323217	32.3612397401
CGCCCT	0.000518335861017	0.981836138881	1.50605587095	2.93489509188
CAAAT	0.000516040362049	0.981876396757	0.210874389463	0.446427432971
CGTGC	0.000513881922475	0.981914332723	2.47697387447	5.02604530484
GCAAA	0.000512612656107	0.981936678123	0.506532157104	1.04976006081
GCTT	0.000512399772975	0.981940428635	6.01231905102	12.122937077
