feature	score	p-value	#I-out-of-235	#O-out-of-134
snp_PA14_37490_3336619	122.801599014	1.54114090684e-28	5.0	80.0
gene_pa_group_501	116.457712903	3.77339736922e-27	7.0	80.0
snp_PA14_59990_5342403	113.779616438	1.4562686703e-26	3.0	71.0
gene_pa_group_8507	111.993351177	3.58510471679e-26	2.0	68.0
gene_pa_group_5712	111.993351177	3.58510471679e-26	2.0	68.0
gene_pa_group_8508	111.993351177	3.58510471679e-26	2.0	68.0
gene_pa_soj_6	111.993351177	3.58510471679e-26	2.0	68.0
gene_pa_group_1881	111.993351177	3.58510471679e-26	2.0	68.0
gene_pa_intS_4	111.993351177	3.58510471679e-26	2.0	68.0
gene_pa_group_8509	111.993351177	3.58510471679e-26	2.0	68.0
gene_pa_group_8510	110.24320074	8.66769129136e-26	2.0	67.0
gene_pa_group_1763	110.24320074	8.66769129136e-26	2.0	67.0
gene_pa_group_6954	110.24320074	8.66769129136e-26	2.0	67.0
gene_pa_group_6955	110.24320074	8.66769129136e-26	2.0	67.0
gene_pa_group_16953	110.24320074	8.66769129136e-26	2.0	67.0
gene_pa_yhaV	110.24320074	8.66769129136e-26	2.0	67.0
gene_pa_group_4067	110.24320074	8.66769129136e-26	2.0	67.0
gene_pa_group_1878	110.24320074	8.66769129136e-26	2.0	67.0
gene_pa_group_8513	110.24320074	8.66769129136e-26	2.0	67.0
gene_pa_group_11044	110.24320074	8.66769129136e-26	2.0	67.0
gene_pa_group_6953	110.24320074	8.66769129136e-26	2.0	67.0
gene_pa_group_8511	110.24320074	8.66769129136e-26	2.0	67.0
gene_pa_group_194	108.540642905	2.04611358508e-25	3.0	68.0
gene_pa_folP_2	107.033203754	4.37773048049e-25	9.0	78.0
snp_PA14_59540_5299046	106.940251091	4.5879505135e-25	4.0	69.0
snp_PA14_13990_1199882	105.741935169	8.39909894044e-25	6.0	72.0
gene_pa_group_1752	104.993400502	1.22543302363e-24	2.0	64.0
snp_PA14_59540_5299116	104.993400502	1.22543302363e-24	2.0	64.0
gene_pa_group_4701	103.702601952	2.35082292968e-24	12.0	81.0
gene_pa_group_524	103.702601952	2.35082292968e-24	12.0	81.0
gene_pa_group_8505	103.699597899	2.35439005496e-24	5.0	69.0
gene_pa_group_8514	103.303630004	2.87526029592e-24	3.0	65.0
gene_pa_group_81	103.243700809	2.96356397079e-24	2.0	63.0
gene_pa_group_12683	103.243700809	2.96356397079e-24	2.0	63.0
gene_pa_group_211	102.021643862	5.49184320288e-24	12.0	80.0
gene_pa_group_8512	101.558440253	6.93858857918e-24	3.0	64.0
gene_pa_group_21646	101.494127104	7.16756317486e-24	2.0	62.0
gene_pa_group_13247	101.494127104	7.16756317486e-24	2.0	62.0
gene_pa_group_15869	101.494127104	7.16756317486e-24	2.0	62.0
gene_pa_group_2275	101.494127104	7.16756317486e-24	2.0	62.0
gene_pa_group_12888	101.494127104	7.16756317486e-24	2.0	62.0
gene_pa_group_17945	101.494127104	7.16756317486e-24	2.0	62.0
gene_pa_group_15418	101.494127104	7.16756317486e-24	2.0	62.0
gene_pa_group_14320	101.494127104	7.16756317486e-24	2.0	62.0
gene_pa_group_5696	101.494127104	7.16756317486e-24	2.0	62.0
gene_pa_group_19188	101.494127104	7.16756317486e-24	2.0	62.0
gene_pa_group_19363	101.494127104	7.16756317486e-24	2.0	62.0
gene_pa_group_23439	101.494127104	7.16756317486e-24	2.0	62.0
gene_pa_group_15369	101.494127104	7.16756317486e-24	2.0	62.0
gene_pa_group_21013	101.494127104	7.16756317486e-24	2.0	62.0
gene_pa_group_15821	101.494127104	7.16756317486e-24	2.0	62.0
gene_pa_group_2751	101.027630859	9.07092186505e-24	13.0	81.0
gene_pa_group_3045	101.027630859	9.07092186505e-24	13.0	81.0
gene_pa_group_20259	99.7884836456	1.69573426304e-23	1.0	59.0
gene_pa_group_13625	99.7884836456	1.69573426304e-23	1.0	59.0
gene_pa_group_23743	99.7884836456	1.69573426304e-23	1.0	59.0
gene_pa_ftsH_3	99.7884836456	1.69573426304e-23	1.0	59.0
gene_pa_group_13079	99.7446853877	1.7336521946e-23	2.0	61.0
gene_pa_group_17089	99.7446853877	1.7336521946e-23	2.0	61.0
gene_pa_group_6957	98.0688492073	4.04085828802e-23	3.0	62.0
gene_pa_group_4089	98.0688492073	4.04085828802e-23	3.0	62.0
gene_pa_group_11065	98.0359737555	4.10850505196e-23	1.0	58.0
gene_pa_group_21240	98.0359737555	4.10850505196e-23	1.0	58.0
snp_PA14_26970_2347008	98.0359737555	4.10850505196e-23	1.0	58.0
snp_PA14_26140,cifR_2282153	97.9953820465	4.19359401082e-23	2.0	60.0
snp_PA14_26130,morB_2281979	97.9953820465	4.19359401082e-23	2.0	60.0
gene_pa_hcaR_4	97.9953820465	4.19359401082e-23	2.0	60.0
gene_pa_group_6967	97.9953820465	4.19359401082e-23	2.0	60.0
snp_PA14_21160_1830118	97.9953820465	4.19359401082e-23	2.0	60.0
gene_pa_group_4471	96.3244725508	9.75171635253e-23	3.0	61.0
snp_PA14_71580_6377396	96.3244725508	9.75171635253e-23	3.0	61.0
snp_PA14_12860_1104122	96.2835059844	9.95559872697e-23	1.0	57.0
snp_PA14_37420_3331031	96.2835059844	9.95559872697e-23	1.0	57.0
snp_PA14_06580_574469	96.2835059844	9.95559872697e-23	1.0	57.0
snp_PA14_26390_2299973	96.2835059844	9.95559872697e-23	1.0	57.0
snp_PA14_61000_5441540	96.2835059844	9.95559872697e-23	1.0	57.0
snp_PA14_55520,hxcU_4942104	96.2835059844	9.95559872697e-23	1.0	57.0
snp_PA14_73060,cynT_6505944	96.2835059844	9.95559872697e-23	1.0	57.0
snp_PA14_40640,cti_3628790	96.2835059844	9.95559872697e-23	1.0	57.0
snp_PA14_71180_6341992	96.2835059844	9.95559872697e-23	1.0	57.0
snp_PA14_29940,nuoG_2592631	96.2835059844	9.95559872697e-23	1.0	57.0
snp_PA14_22840,ypuG_1983449	96.2835059844	9.95559872697e-23	1.0	57.0
snp_PA14_16410_1404920	96.2791948604	9.97730073798e-23	0.0	1.0
gene_pa_group_11066	96.2462238858	1.01448475176e-22	2.0	59.0
gene_pa_group_3584	95.8025887583	1.26929629203e-22	7.0	68.0
gene_pa_group_2513	95.3143508762	1.62431368697e-22	12.0	76.0
snp_PA14_65810_5861287	94.8976055891	2.00492199708e-22	23.0	92.0
snp_PA14_47090_4195513	94.6403362412	2.28318166913e-22	11.0	74.0
gene_pa_group_19738	94.5803928685	2.35337871865e-22	3.0	60.0
gene_pa_xerC_4	94.5803928685	2.35337871865e-22	3.0	60.0
snp_PA14_23120_2005266	94.5803928685	2.35337871865e-22	3.0	60.0
gene_pa_group_21398	94.5803928685	2.35337871865e-22	3.0	60.0
snp_PA14_23120_2005282	94.5803928685	2.35337871865e-22	3.0	60.0
gene_pa_rapA_1	94.5803928685	2.35337871865e-22	3.0	60.0
snp_PA14_00310_28735	94.5803928685	2.35337871865e-22	3.0	60.0
snp_PA14_61870_5518248	94.5803928685	2.35337871865e-22	3.0	60.0
snp_PA14_67780_6052426	94.5803928685	2.35337871865e-22	3.0	60.0
snp_PA14_21940_1908910	94.5310825492	2.41273922728e-22	1.0	56.0
snp_PA14_28880_2493687	94.5310825492	2.41273922728e-22	1.0	56.0
snp_PA14_26930_2343869	94.4972181645	2.45437083244e-22	2.0	58.0
