feature	score	p-value	#I-out-of-12	#O-out-of-357
snp_PA14_33610_2959654	93.6067226891	3.84878140437e-22	4.0	1.0
snp_PA14_33610_2959655	89.25	3.47942890825e-21	3.0	0.0
gene_pa_kdpB_2	89.25	3.47942890825e-21	3.0	0.0
gene_pa_group_13161	89.25	3.47942890825e-21	3.0	0.0
snp_PA14_45510_4050916	89.25	3.47942890825e-21	0.0	1.0
snp_PA14_06750,nirS_588474	89.25	3.47942890825e-21	3.0	0.0
gene_pa_group_14161	76.6890756303	2.00107237546e-18	4.0	2.0
gene_pa_group_4083	76.6890756303	2.00107237546e-18	4.0	2.0
gene_pa_group_10745	65.4459033613	5.97312726876e-16	3.0	1.0
snp_PA14_62630,acsB_5587776	65.4459033613	5.97312726876e-16	3.0	1.0
gene_pa_group_10756	65.4459033613	5.97312726876e-16	3.0	1.0
snp_PA14_47960_4269551	65.4459033613	5.97312726876e-16	3.0	1.0
snp_PA14_33610_2971307	65.4459033613	5.97312726876e-16	3.0	1.0
gene_pa_group_5351	65.4459033613	5.97312726876e-16	3.0	1.0
gene_pa_group_4690	65.4459033613	5.97312726876e-16	3.0	1.0
gene_pa_group_6026	65.4459033613	5.97312726876e-16	3.0	1.0
snp_PA14_33610_2971049	65.4459033613	5.97312726876e-16	3.0	1.0
snp_PA14_23360,wzz_2027075	65.4459033613	5.97312726876e-16	3.0	1.0
snp_PA14_33610_2971297	65.4459033613	5.97312726876e-16	3.0	1.0
snp_PA14_62060,23S-rRNA_5536588	64.6146458583	9.1075870543e-16	4.0	3.0
snp_PA14_35820,tnpS_3187477	59.5	1.22294123032e-14	2.0	0.0
snp_PA14_46220,potF_4109505	59.5	1.22294123032e-14	2.0	0.0
snp_PA14_12610,cepA_1081981	59.5	1.22294123032e-14	2.0	0.0
snp_PA14_32950_2883288	59.5	1.22294123032e-14	2.0	0.0
snp_PA14_52230,pirA_4632510	59.5	1.22294123032e-14	2.0	0.0
snp_PA14_08790,rpsL_754922	59.5	1.22294123032e-14	2.0	0.0
snp_PA14_21510_1866069	59.5	1.22294123032e-14	2.0	0.0
snp_PA14_47270_4211722	59.5	1.22294123032e-14	2.0	0.0
snp_PA14_06170,fiuR_545918	59.5	1.22294123032e-14	2.0	0.0
snp_PA14_71300,etfA-1_6353469	59.5	1.22294123032e-14	2.0	0.0
snp_PA14_09440,phzE1_808957	59.5	1.22294123032e-14	2.0	0.0
snp_PA14_72840_6487303	59.5	1.22294123032e-14	2.0	0.0
snp_PA14_70160,bioA_6258115	59.5	1.22294123032e-14	2.0	0.0
snp_PA14_57275,ftsZ_5103736	59.5	1.22294123032e-14	2.0	0.0
snp_PA14_14390_1228507	59.5	1.22294123032e-14	2.0	0.0
snp_PA14_54760_4853901	59.5	1.22294123032e-14	2.0	0.0
snp_PA14_68210,rmlC_6085681	59.5	1.22294123032e-14	2.0	0.0
snp_PA14_17410_1494783	59.5	1.22294123032e-14	2.0	0.0
snp_PA14_62630,acsB_5588797	59.5	1.22294123032e-14	2.0	0.0
snp_PA14_34780_3088569	59.5	1.22294123032e-14	2.0	0.0
snp_PA14_72380,algB_6447258	59.5	1.22294123032e-14	2.0	0.0
snp_PA14_54640_4845255	59.5	1.22294123032e-14	2.0	0.0
snp_PA14_63660_5677777	59.5	1.22294123032e-14	2.0	0.0
snp_PA14_66580_5944114	59.5	1.22294123032e-14	2.0	0.0
snp_PA14_64270_5727184	59.5	1.22294123032e-14	2.0	0.0
snp_PA14_52350_4645811	59.5	1.22294123032e-14	2.0	0.0
gene_pa_group_16305	59.5	1.22294123032e-14	2.0	0.0
snp_PA14_70690,glcD_6295834	59.5	1.22294123032e-14	2.0	0.0
snp_PA14_41480,nasS_3699901	59.5	1.22294123032e-14	2.0	0.0
snp_PA14_53980_4787474	59.5	1.22294123032e-14	2.0	0.0
snp_PA14_38970_3473046	59.5	1.22294123032e-14	2.0	0.0
snp_PA14_71870,uvrD_6404192	59.5	1.22294123032e-14	2.0	0.0
snp_PA14_69910,rep_6236315	59.5	1.22294123032e-14	2.0	0.0
snp_PA14_71930,wbpX_6411708	59.5	1.22294123032e-14	2.0	0.0
snp_PA14_61150_5454490	59.5	1.22294123032e-14	2.0	0.0
snp_PA14_42550,popN_3786862	59.5	1.22294123032e-14	2.0	0.0
snp_PA14_39800_3546446	59.5	1.22294123032e-14	2.0	0.0
snp_PA14_60810,nfxB_5421534	59.5	1.22294123032e-14	2.0	0.0
snp_PA14_34840_3102986	59.5	1.22294123032e-14	2.0	0.0
snp_PA14_18430,algJ_1581578	59.5	1.22294123032e-14	2.0	0.0
snp_PA14_50590_4495871	59.5	1.22294123032e-14	2.0	0.0
snp_PA14_55160,toxR_4899862	59.5	1.22294123032e-14	2.0	0.0
snp_PA14_48160_4288300	59.5	1.22294123032e-14	2.0	0.0
snp_PA14_34100_3030819	59.5	1.22294123032e-14	2.0	0.0
snp_PA14_19370,asnB_1674697	59.5	1.22294123032e-14	2.0	0.0
snp_PA14_07090,metK_613801	59.5	1.22294123032e-14	2.0	0.0
snp_PA14_65630_5846254	59.5	1.22294123032e-14	2.0	0.0
snp_PA14_45300,ccmG_4037602	59.5	1.22294123032e-14	2.0	0.0
snp_PA14_17150_1472161	59.5	1.22294123032e-14	2.0	0.0
snp_PA14_30950_2688221	59.5	1.22294123032e-14	2.0	0.0
snp_PA14_71440,ltaA_6365151	59.5	1.22294123032e-14	2.0	0.0
snp_PA14_23460,orfN_2040310	59.5	1.22294123032e-14	2.0	0.0
snp_PA14_05990,emrA_530431	59.5	1.22294123032e-14	2.0	0.0
snp_PA14_32790_2860715	59.5	1.22294123032e-14	2.0	0.0
snp_PA14_64200,purH_5720545	59.5	1.22294123032e-14	2.0	0.0
snp_PA14_68620_6119609	59.5	1.22294123032e-14	2.0	0.0
snp_PA14_22060_1918149	59.5	1.22294123032e-14	2.0	0.0
snp_PA14_46990_4186511	59.5	1.22294123032e-14	2.0	0.0
snp_PA14_68300,arcD_6093168	59.5	1.22294123032e-14	2.0	0.0
snp_PA14_67065,mdoH_5986761	59.5	1.22294123032e-14	2.0	0.0
snp_PA14_41280_3685675	59.5	1.22294123032e-14	2.0	0.0
snp_PA14_58900_5250221	59.5	1.22294123032e-14	2.0	0.0
snp_PA14_43510_3875540	59.5	1.22294123032e-14	2.0	0.0
snp_PA14_19110,rhlB_1650087	59.5	1.22294123032e-14	2.0	0.0
snp_PA14_04520_402207	59.5	1.22294123032e-14	2.0	0.0
snp_PA14_49420_4391987	59.5	1.22294123032e-14	2.0	0.0
snp_PA14_29470_2555572	59.5	1.22294123032e-14	2.0	0.0
snp_PA14_04080,yecS_367508	59.5	1.22294123032e-14	2.0	0.0
snp_PA14_24445,gdhB_2132610	59.5	1.22294123032e-14	2.0	0.0
snp_PA14_36370_3239388	59.5	1.22294123032e-14	2.0	0.0
snp_PA14_26860,hpkR_2337269	59.5	1.22294123032e-14	2.0	0.0
snp_PA14_68955_6151454	59.5	1.22294123032e-14	2.0	0.0
snp_PA14_07520,rpoD_649041	59.5	1.22294123032e-14	2.0	0.0
snp_PA14_55220_4904857	59.5	1.22294123032e-14	2.0	0.0
snp_PA14_02680,aldH_238411	59.5	1.22294123032e-14	2.0	0.0
snp_PA14_24690,dacB_2158849	59.5	1.22294123032e-14	2.0	0.0
snp_PA14_34340,mtlZ_3054698	59.5	1.22294123032e-14	2.0	0.0
snp_PA14_28100_2432864	59.5	1.22294123032e-14	2.0	0.0
snp_PA14_01160_114028	59.5	1.22294123032e-14	2.0	0.0
snp_PA14_04420_395292	59.5	1.22294123032e-14	2.0	0.0
