feature	score	p-value	#I-out-of-255	#O-out-of-114
gene_pa_group_6	38.07896558	6.7938605517e-10	141.0	12.0
snp_PA14_28880_2493534	21.5777089783	3.39777988677e-06	12.0	24.0
snp_PA14_31180_2710235	20.0263931889	7.63806233238e-06	9.0	8.0
snp_PA14_31260_2718335	19.7152152202	8.98828765215e-06	59.0	3.0
snp_PA14_63100_5630926	19.7066784609	9.02852895235e-06	2.0	12.0
gene_pa_group_16348	19.6878829935	9.11776733007e-06	9.0	20.0
snp_PA14_29490,hplR_2557422	19.0031153251	1.30505206602e-05	3.0	13.0
gene_pa_group_17454	18.9198491257	1.3632682925e-05	66.0	5.0
gene_pa_group_6680	18.9198491257	1.3632682925e-05	66.0	5.0
gene_pa_group_8088	18.9198491257	1.3632682925e-05	66.0	5.0
gene_pa_group_14448	18.9198491257	1.3632682925e-05	66.0	5.0
gene_pa_group_14265	18.9198491257	1.3632682925e-05	66.0	5.0
gene_pa_group_21822	18.9198491257	1.3632682925e-05	66.0	5.0
snp_PA14_31130_2707556	18.6353131698	1.58261734836e-05	61.0	4.0
snp_PA14_63920_5696365	18.5573881227	1.64864984291e-05	0.0	0.0
snp_PA14_63920_5696410	18.5573881227	1.64864984291e-05	1.0	10.0
snp_PA14_14530_1242210	18.5318885449	1.67085327486e-05	4.0	14.0
snp_PA14_33610_2966659	18.5318885449	1.67085327486e-05	4.0	14.0
gene_pa_group_18608	18.496351172	1.70229889642e-05	65.0	5.0
snp_PA14_31080_2703800	17.964027903	2.25119202562e-05	72.0	7.0
snp_PA14_58960_5255181	17.8980233389	2.33063048578e-05	8.0	18.0
snp_PA14_35420,pvcB_3149721	17.8947368421	2.33465868717e-05	0.0	8.0
snp_PA14_30910,trbE_2685270	17.8660134059	2.37016358003e-05	91.0	12.0
snp_PA14_31180_2710269	17.7777974348	2.48263498369e-05	59.0	4.0
snp_PA14_31090_2704228	17.7777974348	2.48263498369e-05	6.0	2.0
snp_PA14_31110_2706940	17.5542152894	2.7923108395e-05	45.0	14.0
gene_pa_group_8271	17.3791294846	3.06169503378e-05	49.0	2.0
snp_PA14_31200_2713215	17.3722160161	3.0728522561e-05	86.0	11.0
snp_PA14_31090_2704229	17.3499250974	3.10910523855e-05	58.0	4.0
snp_PA14_36590,malQ_3258262	17.2300771683	3.31151907299e-05	62.0	5.0
snp_PA14_31100_2705139	17.2300771683	3.31151907299e-05	62.0	5.0
snp_PA14_31180_2710230	17.1616099071	3.43304674752e-05	1.0	0.0
snp_PA14_31080_2703653	17.1057109686	3.5355829875e-05	53.0	3.0
gene_pa_group_16225	16.5000063183	4.86499120641e-05	47.0	2.0
gene_pa_group_23335	16.5000063183	4.86499120641e-05	47.0	2.0
snp_PA14_31190_2711150	16.4984520124	4.86898102054e-05	1.0	1.0
snp_PA14_31180_2710583	16.4960990712	4.8750271464e-05	4.0	0.0
snp_PA14_31180_2710536	16.3897356513	5.15637056119e-05	60.0	5.0
snp_PA14_30890_2683107	16.3897356513	5.15637056119e-05	8.0	1.0
snp_PA14_31090_2704733	16.3897356513	5.15637056119e-05	4.0	1.0
snp_PA14_65300,hflX_5818703	16.363126935	5.22927116313e-05	1.0	9.0
snp_PA14_62410_5567471	16.363126935	5.22927116313e-05	1.0	9.0
snp_PA14_08360,trpC_716247	16.363126935	5.22927116313e-05	1.0	9.0
snp_PA14_11280_982408	16.3382750995	5.29829417412e-05	64.0	6.0
snp_PA14_31180_2710530	16.3382750995	5.29829417412e-05	64.0	6.0
snp_PA14_55860_4987839	16.3307368421	5.31941132945e-05	68.0	7.0
gene_pa_group_2751	16.2175120216	5.64696875524e-05	83.0	11.0
gene_pa_group_3045	16.2175120216	5.64696875524e-05	83.0	11.0
snp_PA14_60130_5357495	16.1832817337	5.74993439483e-05	9.0	18.0
snp_PA14_04140_372068	16.1103244044	5.97573719441e-05	7.0	16.0
snp_PA14_14300_1220499	16.1103244044	5.97573719441e-05	7.0	16.0
snp_PA14_56480_5036836	16.1103244044	5.97573719441e-05	3.0	0.0
snp_PA14_31080_2704029	16.0702104214	6.10366805304e-05	55.0	4.0
gene_pa_ykgB	15.9938743919	6.35477653845e-05	41.0	1.0
snp_PA14_31100_2705294	15.9938743919	6.35477653845e-05	41.0	1.0
gene_pa_cdhR_9	15.9938743919	6.35477653845e-05	41.0	1.0
snp_PA14_31180_2710529	15.9708252709	6.43262027591e-05	1.0	1.0
snp_PA14_00660_67308	15.9708252709	6.43262027591e-05	59.0	5.0
snp_PA14_31260_2718406	15.9592585335	6.4720452845e-05	1.0	3.0
snp_PA14_31130_2707461	15.9261273388	6.58632264083e-05	63.0	6.0
snp_PA14_31180_2710353	15.9261273388	6.58632264083e-05	63.0	6.0
gene_pa_group_6945	15.9261273388	6.58632264083e-05	63.0	6.0
snp_PA14_31080_2703960	15.9250313781	6.59013735328e-05	67.0	7.0
gene_pa_group_4701	15.8352841306	6.91018365652e-05	82.0	11.0
gene_pa_group_524	15.8352841306	6.91018365652e-05	82.0	11.0
snp_PA14_31280_2721105	15.8071441089	7.0137182956e-05	50.0	3.0
snp_PA14_31180_2710069	15.7226146918	7.33420451678e-05	78.0	10.0
snp_PA14_47260_4210437	15.6578947368	7.58950953393e-05	0.0	7.0
snp_PA14_18350,fmt_1575697	15.6578947368	7.58950953393e-05	0.0	7.0
snp_PA14_58700,nadC_5231997	15.6283607626	7.70896681618e-05	15.0	23.0
snp_PA14_57480_5122255	15.5528084918	8.02323716287e-05	58.0	5.0
snp_PA14_31260_2718302	15.5528084918	8.02323716287e-05	3.0	3.0
snp_PA14_36080,yfaV_3214660	15.5528084918	8.02323716287e-05	58.0	5.0
snp_PA14_31130_2707628	15.5150063741	8.18528680528e-05	62.0	6.0
snp_PA14_31260_2718182	15.5150063741	8.18528680528e-05	62.0	6.0
snp_PA14_31130_2707238	15.5150063741	8.18528680528e-05	4.0	3.0
snp_PA14_31090_2704868	15.5150063741	8.18528680528e-05	3.0	3.0
gene_pa_group_17428	15.4560371517	8.44467617821e-05	2.0	10.0
gene_pa_lifO_2	15.4560371517	8.44467617821e-05	2.0	10.0
gene_pa_lip_3	15.4560371517	8.44467617821e-05	2.0	10.0
snp_PA14_31260_2718313	15.3753810431	8.81290730652e-05	49.0	3.0
snp_PA14_31280_2720862	15.3753810431	8.81290730652e-05	49.0	3.0
snp_PA14_22680,yrbE_1972834	15.3367353475	8.99502551663e-05	77.0	10.0
gene_pa_folP_2	15.3367353475	8.99502551663e-05	77.0	10.0
snp_PA14_21940_1908910	15.220661561	9.56511566236e-05	53.0	4.0
snp_PA14_31180_2710547	15.220661561	9.56511566236e-05	7.0	3.0
snp_PA14_31280_2721031	15.220661561	9.56511566236e-05	53.0	4.0
snp_PA14_31090_2704748	15.1357285529	0.000100051744379	57.0	5.0
snp_PA14_31190_2711409	15.1357285529	0.000100051744379	2.0	1.0
snp_PA14_31110_2705917	15.1049581812	0.0001016958361	61.0	6.0
snp_PA14_31260_2718438	15.1049581812	0.0001016958361	61.0	6.0
gene_pa_spo0C	15.1049581812	0.0001016958361	61.0	6.0
snp_PA14_31180_2709739	15.1049581812	0.0001016958361	3.0	2.0
snp_PA14_31080_2704170	15.1049581812	0.0001016958361	2.0	0.0
gene_pa_group_8803	15.1049581812	0.0001016958361	61.0	6.0
gene_pa_group_11685	15.1049581812	0.0001016958361	61.0	6.0
gene_pa_group_17153	15.1049581812	0.0001016958361	61.0	6.0
snp_PA14_31180_2709596	15.1049581812	0.0001016958361	61.0	6.0
gene_pa_group_13259	15.1049581812	0.0001016958361	61.0	6.0
gene_pa_group_1716	15.1049581812	0.0001016958361	61.0	6.0
