feature	score	p-value	#I-out-of-122	#O-out-of-235
snp_PA14_37490_3336619	135.774677363	2.23507608586e-31	80.0	5.0
gene_pa_group_501	127.221356495	1.66166863726e-29	79.0	7.0
snp_PA14_59990_5342403	125.524260693	3.90783161585e-29	71.0	3.0
gene_pa_group_8507	123.385169166	1.14844001274e-28	68.0	2.0
gene_pa_group_5712	123.385169166	1.14844001274e-28	68.0	2.0
gene_pa_group_8508	123.385169166	1.14844001274e-28	68.0	2.0
gene_pa_soj_6	123.385169166	1.14844001274e-28	68.0	2.0
gene_pa_group_1881	123.385169166	1.14844001274e-28	68.0	2.0
gene_pa_intS_4	123.385169166	1.14844001274e-28	68.0	2.0
gene_pa_group_8509	123.385169166	1.14844001274e-28	68.0	2.0
gene_pa_group_8510	121.462621131	3.0265015989e-28	67.0	2.0
gene_pa_group_1763	121.462621131	3.0265015989e-28	67.0	2.0
gene_pa_group_6954	121.462621131	3.0265015989e-28	67.0	2.0
gene_pa_group_6955	121.462621131	3.0265015989e-28	67.0	2.0
gene_pa_group_16953	121.462621131	3.0265015989e-28	67.0	2.0
gene_pa_yhaV	121.462621131	3.0265015989e-28	67.0	2.0
gene_pa_group_4067	121.462621131	3.0265015989e-28	67.0	2.0
gene_pa_group_1878	121.462621131	3.0265015989e-28	67.0	2.0
gene_pa_group_8513	121.462621131	3.0265015989e-28	67.0	2.0
gene_pa_group_11044	121.462621131	3.0265015989e-28	67.0	2.0
gene_pa_group_6953	121.462621131	3.0265015989e-28	67.0	2.0
gene_pa_group_8511	121.462621131	3.0265015989e-28	67.0	2.0
gene_pa_group_194	119.768416709	7.10942198428e-28	68.0	3.0
gene_pa_folP_2	119.048636686	1.02192828855e-27	78.0	9.0
snp_PA14_13990_1199882	117.182860669	2.61783899874e-27	72.0	6.0
gene_pa_group_1752	115.695646384	5.54134559505e-27	64.0	2.0
gene_pa_group_8505	114.780505567	8.79085819542e-27	69.0	5.0
snp_PA14_59540_5299046	114.35423444	1.08990661709e-26	67.0	4.0
gene_pa_group_8514	114.01458842	1.29353311478e-26	65.0	3.0
gene_pa_group_211	113.941590209	1.34204057151e-26	80.0	12.0
gene_pa_group_81	113.77356175	1.46072218701e-26	63.0	2.0
snp_PA14_59540_5299116	113.77356175	1.46072218701e-26	63.0	2.0
gene_pa_group_12683	113.77356175	1.46072218701e-26	63.0	2.0
gene_pa_group_8512	112.097140388	3.40225293866e-26	64.0	3.0
gene_pa_group_4701	112.09182206	3.41139166926e-26	79.0	12.0
gene_pa_group_524	112.09182206	3.41139166926e-26	79.0	12.0
gene_pa_group_21646	111.851606645	3.85080545438e-26	62.0	2.0
gene_pa_group_13247	111.851606645	3.85080545438e-26	62.0	2.0
gene_pa_group_15869	111.851606645	3.85080545438e-26	62.0	2.0
gene_pa_group_2275	111.851606645	3.85080545438e-26	62.0	2.0
gene_pa_group_12888	111.851606645	3.85080545438e-26	62.0	2.0
gene_pa_group_17945	111.851606645	3.85080545438e-26	62.0	2.0
gene_pa_group_15418	111.851606645	3.85080545438e-26	62.0	2.0
gene_pa_group_14320	111.851606645	3.85080545438e-26	62.0	2.0
gene_pa_group_5696	111.851606645	3.85080545438e-26	62.0	2.0
gene_pa_group_19188	111.851606645	3.85080545438e-26	62.0	2.0
gene_pa_group_19363	111.851606645	3.85080545438e-26	62.0	2.0
gene_pa_group_23439	111.851606645	3.85080545438e-26	62.0	2.0
gene_pa_group_15369	111.851606645	3.85080545438e-26	62.0	2.0
gene_pa_group_21013	111.851606645	3.85080545438e-26	62.0	2.0
gene_pa_group_15821	111.851606645	3.85080545438e-26	62.0	2.0
gene_pa_group_13079	109.929787234	1.01523778637e-25	61.0	2.0
gene_pa_group_17089	109.929787234	1.01523778637e-25	61.0	2.0
gene_pa_group_20259	109.795401116	1.0864514854e-25	59.0	1.0
gene_pa_group_13625	109.795401116	1.0864514854e-25	59.0	1.0
gene_pa_group_23743	109.795401116	1.0864514854e-25	59.0	1.0
gene_pa_ftsH_3	109.795401116	1.0864514854e-25	59.0	1.0
gene_pa_group_2751	109.297114466	1.39695486579e-25	79.0	13.0
gene_pa_group_3045	109.297114466	1.39695486579e-25	79.0	13.0
gene_pa_group_6957	108.263054922	2.35371266223e-25	62.0	3.0
gene_pa_group_4089	108.263054922	2.35371266223e-25	62.0	3.0
snp_PA14_26140,cifR_2282153	108.008110085	2.67680607096e-25	60.0	2.0
snp_PA14_26130,morB_2281979	108.008110085	2.67680607096e-25	60.0	2.0
gene_pa_hcaR_4	108.008110085	2.67680607096e-25	60.0	2.0
gene_pa_group_6967	108.008110085	2.67680607096e-25	60.0	2.0
snp_PA14_21160_1830118	108.008110085	2.67680607096e-25	60.0	2.0
gene_pa_group_11065	107.870427365	2.86936902463e-25	58.0	1.0
gene_pa_group_21240	107.870427365	2.86936902463e-25	58.0	1.0
snp_PA14_26970_2347008	107.870427365	2.86936902463e-25	58.0	1.0
gene_pa_group_3584	106.404313917	6.01267082267e-25	68.0	7.0
gene_pa_group_4471	106.346442819	6.19084581545e-25	61.0	3.0
gene_pa_group_11066	106.086582193	7.05829325595e-25	59.0	2.0
snp_PA14_12860_1104122	105.945496915	7.57913676716e-25	57.0	1.0
snp_PA14_37420_3331031	105.945496915	7.57913676716e-25	57.0	1.0
snp_PA14_06580_574469	105.945496915	7.57913676716e-25	57.0	1.0
snp_PA14_26390_2299973	105.945496915	7.57913676716e-25	57.0	1.0
snp_PA14_61000_5441540	105.945496915	7.57913676716e-25	57.0	1.0
snp_PA14_55520,hxcU_4942104	105.945496915	7.57913676716e-25	57.0	1.0
snp_PA14_73060,cynT_6505944	105.945496915	7.57913676716e-25	57.0	1.0
snp_PA14_40640,cti_3628790	105.945496915	7.57913676716e-25	57.0	1.0
snp_PA14_71180_6341992	105.945496915	7.57913676716e-25	57.0	1.0
snp_PA14_29940,nuoG_2592631	105.945496915	7.57913676716e-25	57.0	1.0
snp_PA14_22840,ypuG_1983449	105.945496915	7.57913676716e-25	57.0	1.0
snp_PA14_65810_5861287	105.611722321	8.96955263281e-25	91.0	23.0
gene_pa_group_19738	104.430136031	1.62834967001e-24	60.0	3.0
gene_pa_xerC_4	104.430136031	1.62834967001e-24	60.0	3.0
snp_PA14_23120_2005266	104.430136031	1.62834967001e-24	60.0	3.0
gene_pa_group_21398	104.430136031	1.62834967001e-24	60.0	3.0
snp_PA14_23120_2005282	104.430136031	1.62834967001e-24	60.0	3.0
gene_pa_rapA_1	104.430136031	1.62834967001e-24	60.0	3.0
snp_PA14_00310_28735	104.430136031	1.62834967001e-24	60.0	3.0
snp_PA14_61870_5518248	104.430136031	1.62834967001e-24	60.0	3.0
snp_PA14_71580_6377396	104.430136031	1.62834967001e-24	60.0	3.0
snp_PA14_67780_6052426	104.430136031	1.62834967001e-24	60.0	3.0
snp_PA14_21940_1908910	104.020612046	2.00222211945e-24	56.0	1.0
snp_PA14_28880_2493687	104.020612046	2.00222211945e-24	56.0	1.0
snp_PA14_16410_1404920	103.317247077	2.85556575412e-24	1.0	0.0
gene_pa_group_2513	102.86965388	3.57940718177e-24	74.0	12.0
snp_PA14_18340_1573309	102.785322095	3.73506618429e-24	84.0	19.0
gene_pa_group_5389	102.51414933	4.28297654159e-24	59.0	3.0
