feature	score	p-value	#I-out-of-255	#O-out-of-86
gene_pa_group_6	38.7890108024	4.72178623221e-10	141.0	4.0
snp_PA14_28880_2493534	28.1082642633	1.14714957632e-07	12.0	22.0
snp_PA14_63920_5696365	25.1680802554	5.25447131013e-07	0.0	0.0
snp_PA14_63920_5696410	25.1680802554	5.25447131013e-07	1.0	10.0
snp_PA14_63100_5630926	24.3175453366	8.16915664191e-07	2.0	11.0
snp_PA14_29490,hplR_2557422	23.8674692202	1.03201066307e-06	3.0	12.0
snp_PA14_35420,pvcB_3149721	23.7209302326	1.11364797573e-06	0.0	8.0
snp_PA14_65300,hflX_5818703	22.2511673507	2.39213310061e-06	1.0	9.0
snp_PA14_58960_5255181	21.8605867153	2.93194503104e-06	8.0	16.0
snp_PA14_04140_372068	21.5307569539	3.48199050288e-06	7.0	15.0
snp_PA14_43630_3883456	21.1295974204	4.29246924738e-06	3.0	11.0
snp_PA14_33610_2966659	21.0233014136	4.53731454034e-06	4.0	12.0
snp_PA14_58700,nadC_5231997	20.9305175559	4.76246697334e-06	15.0	21.0
snp_PA14_47260_4210437	20.7558139535	5.2172941601e-06	0.0	7.0
snp_PA14_18350,fmt_1575697	20.7558139535	5.2172941601e-06	0.0	7.0
gene_pa_group_16348	19.93549658	8.00992628504e-06	9.0	16.0
snp_PA14_62410_5567471	19.3449663069	1.09106477039e-05	1.0	8.0
snp_PA14_08360,trpC_716247	19.3449663069	1.09106477039e-05	1.0	8.0
snp_PA14_47270_4211913	19.3449663069	1.09106477039e-05	1.0	8.0
snp_PA14_47260_4211189	19.3449663069	1.09106477039e-05	1.0	8.0
snp_PA14_47270_4212070	19.3449663069	1.09106477039e-05	1.0	8.0
snp_PA14_47270_4212162	19.3449663069	1.09106477039e-05	1.0	8.0
snp_PA14_47270_4211694	19.3449663069	1.09106477039e-05	1.0	8.0
snp_PA14_14300_1220499	19.1280133759	1.22237505804e-05	7.0	14.0
gene_pa_group_17428	18.6839489284	1.5427572125e-05	2.0	9.0
snp_PA14_65850,rocE_5865913	18.6839489284	1.5427572125e-05	2.0	9.0
gene_pa_lifO_2	18.6839489284	1.5427572125e-05	2.0	9.0
gene_pa_lip_3	18.6839489284	1.5427572125e-05	2.0	9.0
snp_PA14_03860_347434	18.5534186315	1.65208664991e-05	5.0	12.0
snp_PA14_25060_2192107	18.4266863096	1.7656781041e-05	3.0	10.0
snp_PA14_58240_5183110	18.4266863096	1.7656781041e-05	3.0	10.0
snp_PA14_69610,cyaA_6210342	18.4266863096	1.7656781041e-05	0.0	0.0
snp_PA14_64950,pncA_5789408	18.4116765466	1.77964099835e-05	4.0	11.0
snp_PA14_14530_1242210	18.4116765466	1.77964099835e-05	4.0	11.0
snp_PA14_10010_860852	18.4116765466	1.77964099835e-05	1.0	0.0
snp_PA14_12850_1102776	17.7906976744	2.46585889735e-05	0.0	6.0
snp_PA14_34840_3100309	17.7906976744	2.46585889735e-05	0.0	6.0
snp_PA14_53880_4776639	17.7906976744	2.46585889735e-05	0.0	6.0
snp_PA14_03855_346208	17.7906976744	2.46585889735e-05	0.0	6.0
snp_PA14_04110,serA_370477	17.7906976744	2.46585889735e-05	0.0	6.0
snp_PA14_59100_5263265	17.7906976744	2.46585889735e-05	94.0	34.0
snp_PA14_34840_3101924	17.7906976744	2.46585889735e-05	0.0	6.0
snp_PA14_53900_4779864	17.7906976744	2.46585889735e-05	0.0	6.0
snp_PA14_22490,acpD_1957385	17.7906976744	2.46585889735e-05	0.0	6.0
snp_PA14_34840_3101002	17.7906976744	2.46585889735e-05	0.0	6.0
snp_PA14_29640,fhp_2568841	17.7906976744	2.46585889735e-05	0.0	6.0
snp_PA14_60130_5357495	17.6862004104	2.60509675544e-05	9.0	15.0
snp_PA14_59110_5264302	17.6862004104	2.60509675544e-05	11.0	6.0
snp_PA14_31260_2718335	17.6491571667	2.65632961465e-05	59.0	1.0
snp_PA14_52920_4691674	17.2681146551	3.24588150284e-05	29.0	28.0
snp_PA14_59650_5308153	17.0744528044	3.5942565308e-05	21.0	23.0
snp_PA14_56480_5036836	16.7815070679	4.19400426857e-05	3.0	0.0
snp_PA14_05010_441390	16.453494072	4.98582038951e-05	1.0	7.0
snp_PA14_35210_3132028	16.453494072	4.98582038951e-05	1.0	7.0
snp_PA14_15350_1301972	16.453494072	4.98582038951e-05	1.0	7.0
snp_PA14_15000_1273294	16.453494072	4.98582038951e-05	1.0	7.0
snp_PA14_04340_388500	16.453494072	4.98582038951e-05	1.0	7.0
snp_PA14_72230_6436758	16.3954400365	5.14087561438e-05	6.0	12.0
snp_PA14_72230_6436757	16.3954400365	5.14087561438e-05	6.0	12.0
gene_pa_group_11716	16.3954400365	5.14087561438e-05	6.0	12.0
snp_PA14_31130_2707556	16.2346977034	5.59597496351e-05	61.0	2.0
snp_PA14_19190,sfcA_1657744	16.0756526448	6.0861515947e-05	5.0	11.0
snp_PA14_19940_1718862	16.0525542996	6.16084627659e-05	88.0	7.0
snp_PA14_48880,intT_4346161	15.9116461468	6.63690706077e-05	2.0	8.0
snp_PA14_65920_5871328	15.9116461468	6.63690706077e-05	2.0	8.0
snp_PA14_11100,cupB5_964501	15.9116461468	6.63690706077e-05	0.0	0.0
snp_PA14_58420_5204860	15.9116461468	6.63690706077e-05	2.0	8.0
snp_PA14_48810_4339266	15.9116461468	6.63690706077e-05	2.0	8.0
snp_PA14_56110_5011847	15.9116461468	6.63690706077e-05	2.0	8.0
snp_PA14_31180_2710235	15.8989295208	6.68164980972e-05	9.0	4.0
snp_PA14_07850_676639	15.8505504527	6.85465945378e-05	4.0	10.0
snp_PA14_62410_5567442	15.8505504527	6.85465945378e-05	4.0	10.0
snp_PA14_27310_2370182	15.7674760602	7.16232353205e-05	3.0	9.0
snp_PA14_55520,hxcU_4942083	15.7674760602	7.16232353205e-05	3.0	9.0
snp_PA14_00830_82362	15.7674760602	7.16232353205e-05	3.0	9.0
snp_PA14_43810_3900929	15.7674760602	7.16232353205e-05	3.0	9.0
snp_PA14_33820,pvdQ_3006869	15.7304894361	7.30373590298e-05	13.0	17.0
snp_PA14_60010_5344185	15.7304894361	7.30373590298e-05	13.0	17.0
snp_PA14_31110_2706940	15.72725095	7.31625066589e-05	45.0	6.0
snp_PA14_31260_2718406	15.72725095	7.31625066589e-05	1.0	2.0
gene_pa_comM_1	15.72725095	7.31625066589e-05	71.0	4.0
snp_PA14_31080_2703653	15.6354469609	7.68013361295e-05	53.0	1.0
snp_PA14_41280_3685630	15.5816323543	7.90184740923e-05	76.0	5.0
snp_PA14_31180_2710269	15.5712258827	7.94545896438e-05	59.0	2.0
snp_PA14_31190_2711015	15.5712258827	7.94545896438e-05	1.0	0.0
snp_PA14_31090_2704228	15.5712258827	7.94545896438e-05	6.0	2.0
snp_PA14_31130_2707334	15.284807835	9.24571215482e-05	64.0	3.0
snp_PA14_31090_2704229	15.2397659219	9.46884530686e-05	58.0	2.0
snp_PA14_00510_43012	15.1298026187	0.000100366279845	12.0	16.0
snp_PA14_06940_601030	14.9851888042	0.000108358330839	8.0	13.0
snp_PA14_35080,arsH_3123518	14.9851888042	0.000108358330839	8.0	13.0
snp_PA14_06160,fiuA_543721	14.9851888042	0.000108358330839	8.0	13.0
snp_PA14_06940_601242	14.9851888042	0.000108358330839	8.0	13.0
snp_PA14_31130_2707461	14.9583447332	0.000109910888757	63.0	3.0
snp_PA14_31180_2710353	14.9583447332	0.000109910888757	63.0	3.0
gene_pa_group_6945	14.9583447332	0.000109910888757	63.0	3.0
snp_PA14_31180_2710230	14.9485537989	0.000110482714574	1.0	0.0
snp_PA14_31190_2712484	14.9085023998	0.000112853208798	57.0	2.0
snp_PA14_50830_4517625	14.8255813953	0.000117924994793	0.0	5.0
snp_PA14_07210_623186	14.8255813953	0.000117924994793	0.0	5.0
