feature	score	p-value	#I-out-of-205	#O-out-of-124
snp_PA14_23260,gyrA_2015001	79.9147469184	3.90918008641e-19	0.0	1.0
snp_PA14_13990_1199882	46.5756097561	8.81506363989e-12	77.0	0.0
snp_PA14_22680,yrbE_1972882	46.5756097561	8.81506363989e-12	77.0	0.0
snp_PA14_18340_1573309	45.9389522686	1.21995968617e-11	92.0	4.0
snp_PA14_22680,yrbE_1972834	45.1955033091	1.7831404354e-11	83.0	2.0
snp_PA14_22670,yrbF_1972083	42.3569962409	7.6043822891e-11	86.0	4.0
snp_PA14_30910,trbE_2686169	42.3569962409	7.6043822891e-11	86.0	4.0
snp_PA14_30940,trbB_2687997	42.212872279	8.18594317129e-11	74.0	1.0
snp_PA14_30910,trbE_2685878	41.9980185681	9.13659518644e-11	113.0	12.0
snp_PA14_30970,bphR_2691793	41.6367132179	1.099098116e-10	81.0	3.0
snp_PA14_37490_3336619	41.6367132179	1.099098116e-10	81.0	3.0
snp_PA14_22680,yrbE_1972492	41.3495296228	1.27302089878e-10	88.0	5.0
snp_PA14_22680,yrbE_1972664	41.3495296228	1.27302089878e-10	88.0	5.0
snp_PA14_22680,yrbE_1972527	41.3495296228	1.27302089878e-10	88.0	5.0
snp_PA14_22680,yrbE_1972480	41.3495296228	1.27302089878e-10	88.0	5.0
snp_PA14_22680,yrbE_1972462	41.3495296228	1.27302089878e-10	88.0	5.0
snp_PA14_31070_2701313	41.1644446034	1.39945214091e-10	1.0	4.0
snp_PA14_59990_5342403	41.0046716532	1.51865779922e-10	72.0	1.0
snp_PA14_31200_2713215	40.7570934389	1.72376590566e-10	87.0	5.0
snp_PA14_22670,yrbF_1972058	40.7570934389	1.72376590566e-10	87.0	5.0
snp_PA14_22670,yrbF_1972071	40.7570934389	1.72376590566e-10	87.0	5.0
snp_PA14_22680,yrbE_1972403	40.5684654132	1.89845932742e-10	83.0	4.0
snp_PA14_30930,trbC_2686711	40.5684654132	1.89845932742e-10	83.0	4.0
snp_PA14_22680,yrbE_1972391	40.5684654132	1.89845932742e-10	83.0	4.0
snp_PA14_30910,trbE_2685821	40.3772977612	2.0935972259e-10	75.0	2.0
snp_PA14_55410_4931209	40.2081814507	2.28290173765e-10	100.0	9.0
snp_PA14_31070_2701258	40.1649307027	2.33400779976e-10	1.0	0.0
snp_PA14_22670,yrbF_1971771	39.9726931733	2.57538090285e-10	82.0	4.0
snp_PA14_22680,yrbE_1972786	39.9726931733	2.57538090285e-10	82.0	4.0
snp_PA14_31180_2710069	39.9726931733	2.57538090285e-10	82.0	4.0
snp_PA14_30910,trbE_2685949	39.8389763091	2.75786340558e-10	78.0	3.0
gene_pa_ptlG	39.8184752992	2.78696328551e-10	89.0	6.0
snp_PA14_30910,trbE_2686165	39.8184752992	2.78696328551e-10	89.0	6.0
snp_PA14_30910,trbE_2685860	39.7406662288	2.90023331816e-10	1.0	2.0
gene_pa_group_16638	39.5730505289	3.16014270767e-10	85.0	5.0
gene_pa_group_16317	39.5730505289	3.16014270767e-10	85.0	5.0
gene_pa_ptlF	39.5730505289	3.16014270767e-10	85.0	5.0
snp_PA14_30910,trbE_2683915	39.5730505289	3.16014270767e-10	85.0	5.0
gene_pa_group_11028	39.5730505289	3.16014270767e-10	85.0	5.0
gene_pa_group_11027	39.5730505289	3.16014270767e-10	85.0	5.0
gene_pa_group_8496	39.5730505289	3.16014270767e-10	85.0	5.0
gene_pa_group_20385	39.5730505289	3.16014270767e-10	85.0	5.0
snp_PA14_30860,trbG_2679807	39.5730505289	3.16014270767e-10	85.0	5.0
snp_PA14_30950_2688227	39.3771351877	3.49363990359e-10	81.0	4.0
snp_PA14_30850,trbI_2679088	39.3771351877	3.49363990359e-10	81.0	4.0
snp_PA14_30910,trbE_2685746	39.3771351877	3.49363990359e-10	1.0	3.0
gene_pa_group_15982	39.3771351877	3.49363990359e-10	81.0	4.0
snp_PA14_30930,trbC_2686881	39.3771351877	3.49363990359e-10	81.0	4.0
snp_PA14_30960,traG_2688632	39.3771351877	3.49363990359e-10	81.0	4.0
gene_pa_group_1752	39.3170731707	3.60277279435e-10	65.0	0.0
gene_pa_group_8512	39.3170731707	3.60277279435e-10	65.0	0.0
snp_PA14_30970,bphR_2691475	39.2400122935	3.74780599549e-10	1.0	0.0
snp_PA14_30910,trbE_2684033	39.2400122935	3.74780599549e-10	77.0	3.0
snp_PA14_30900,trbJ_2683647	39.1734403357	3.87779594324e-10	73.0	2.0
snp_PA14_22680,yrbE_1972739	39.1734403357	3.87779594324e-10	73.0	2.0
gene_pa_group_20231	38.9814624422	4.27849008871e-10	84.0	5.0
gene_pa_acrR_2	38.9814624422	4.27849008871e-10	84.0	5.0
gene_pa_group_11030	38.9814624422	4.27849008871e-10	84.0	5.0
gene_pa_mdtE_1	38.9814624422	4.27849008871e-10	84.0	5.0
snp_PA14_30910,trbE_2685681	38.9814624422	4.27849008871e-10	3.0	0.0
gene_pa_cnrA	38.9814624422	4.27849008871e-10	84.0	5.0
gene_pa_group_14690	38.9814624422	4.27849008871e-10	84.0	5.0
snp_PA14_30960,traG_2688660	38.7817991083	4.73926334823e-10	80.0	4.0
snp_PA14_30940,trbB_2687061	38.7817991083	4.73926334823e-10	80.0	4.0
snp_PA14_30970,bphR_2691856	38.7817991083	4.73926334823e-10	80.0	4.0
snp_PA14_31070_2701816	38.7817991083	4.73926334823e-10	80.0	4.0
snp_PA14_30960,traG_2688609	38.7817991083	4.73926334823e-10	0.0	0.0
snp_PA14_22680,yrbE_1972413	38.7817991083	4.73926334823e-10	5.0	0.0
gene_pa_group_81	38.712195122	4.9113094065e-10	64.0	0.0
gene_pa_group_4089	38.712195122	4.9113094065e-10	64.0	0.0
snp_PA14_31200_2713383	38.6434202178	5.08744716315e-10	87.0	6.0
snp_PA14_30880,trbL_2681902	38.6411980002	5.09324270874e-10	76.0	3.0
gene_pa_group_8507	38.5885409184	5.23252324283e-10	68.0	1.0
gene_pa_group_5712	38.5885409184	5.23252324283e-10	68.0	1.0
gene_pa_group_8508	38.5885409184	5.23252324283e-10	68.0	1.0
gene_pa_soj_6	38.5885409184	5.23252324283e-10	68.0	1.0
gene_pa_group_1881	38.5885409184	5.23252324283e-10	68.0	1.0
gene_pa_intS_4	38.5885409184	5.23252324283e-10	68.0	1.0
gene_pa_group_8509	38.5885409184	5.23252324283e-10	68.0	1.0
snp_PA14_30910,trbE_2685859	38.4544886846	5.60455281476e-10	113.0	14.0
snp_PA14_22680,yrbE_1972653	38.3901764001	5.79232374583e-10	5.0	0.0
snp_PA14_30910,trbE_2685080	38.3901764001	5.79232374583e-10	0.0	2.0
snp_PA14_22680,yrbE_1972520	38.3901764001	5.79232374583e-10	83.0	5.0
snp_PA14_22680,yrbE_1972451	38.3901764001	5.79232374583e-10	83.0	5.0
snp_PA14_22680,yrbE_1972463	38.3901764001	5.79232374583e-10	5.0	0.0
gene_pa_group_11032	38.3901764001	5.79232374583e-10	83.0	5.0
snp_PA14_22670,yrbF_1971912	38.3901764001	5.79232374583e-10	83.0	5.0
gene_pa_group_6943	38.3901764001	5.79232374583e-10	83.0	5.0
snp_PA14_30860,trbG_2680596	38.1866929559	6.42893579394e-10	79.0	4.0
snp_PA14_30970,bphR_2691855	38.1866929559	6.42893579394e-10	79.0	4.0
snp_PA14_31070_2701892	38.1866929559	6.42893579394e-10	79.0	4.0
snp_PA14_22670,yrbF_1971897	38.1866929559	6.42893579394e-10	79.0	4.0
gene_pa_group_23139	38.1866929559	6.42893579394e-10	79.0	4.0
gene_pa_group_21646	38.1073170732	6.6958560772e-10	63.0	0.0
gene_pa_group_13247	38.1073170732	6.6958560772e-10	63.0	0.0
gene_pa_group_15869	38.1073170732	6.6958560772e-10	63.0	0.0
gene_pa_group_2275	38.1073170732	6.6958560772e-10	63.0	0.0
gene_pa_group_12888	38.1073170732	6.6958560772e-10	63.0	0.0
gene_pa_group_17945	38.1073170732	6.6958560772e-10	63.0	0.0
gene_pa_group_15418	38.1073170732	6.6958560772e-10	63.0	0.0
