feature	score	p-value	#I-out-of-17	#O-out-of-67
snp_PA14_61520_5488173	17.7032484636	2.5818531315e-05	10.0	6.0
snp_PA14_14570_1244754	16.8270412643	4.09456757234e-05	9.0	5.0
snp_PA14_48090,aprF_4279433	16.0245829675	6.25253448901e-05	8.0	4.0
snp_PA14_09520,mexI_816635	15.7647058824	7.17281877719e-05	4.0	0.0
snp_PA14_33360_2936920	15.7647058824	7.17281877719e-05	4.0	0.0
snp_PA14_30970,bphR_2691733	15.7647058824	7.17281877719e-05	4.0	0.0
snp_PA14_17890_1536732	15.3401229148	8.97891126822e-05	7.0	3.0
snp_PA14_17850,fadB_1533009	15.3401229148	8.97891126822e-05	7.0	3.0
snp_PA14_51620_4587989	14.8621597893	0.000115660024421	6.0	2.0
snp_PA14_56890_5070993	14.797190518	0.000119713719985	5.0	1.0
snp_PA14_22820,yciV_1981400	13.9086918349	0.000191908947086	10.0	8.0
snp_PA14_07770,ostA_667829	13.7368136692	0.000210291928765	1.0	7.0
snp_PA14_33360_2937259	12.8542581212	0.00033671217151	0.0	0.0
gene_pa_group_10642	12.8542581212	0.00033671217151	9.0	7.0
snp_PA14_04220_378317	12.8343044138	0.000340321950698	7.0	4.0
snp_PA14_04220_378316	12.8343044138	0.000340321950698	7.0	4.0
snp_PA14_10710_923635	12.8343044138	0.000340321950698	0.0	0.0
snp_PA14_20860_1795972	12.8343044138	0.000340321950698	7.0	4.0
snp_PA14_17980,glpF_1544837	12.8343044138	0.000340321950698	7.0	4.0
snp_PA14_04220_378368	12.8343044138	0.000340321950698	7.0	4.0
snp_PA14_04220_378377	12.8343044138	0.000340321950698	7.0	4.0
snp_PA14_30700_2662722	12.0184372256	0.000526768519304	6.0	3.0
snp_PA14_17860,paaH_1534346	12.0184372256	0.000526768519304	6.0	3.0
snp_PA14_01910,pcaG_174742	12.0184372256	0.000526768519304	6.0	3.0
snp_PA14_36590,malQ_3257768	12.0184372256	0.000526768519304	6.0	3.0
snp_PA14_17910,lipG_1538701	12.0184372256	0.000526768519304	6.0	3.0
snp_PA14_17890_1536309	12.0184372256	0.000526768519304	6.0	3.0
gene_pa_group_7373	12.0184372256	0.000526768519304	6.0	3.0
snp_PA14_17650_1517229	12.0184372256	0.000526768519304	6.0	3.0
snp_PA14_18370,arnB_1577746	12.0184372256	0.000526768519304	6.0	3.0
snp_PA14_51620_4587997	12.0184372256	0.000526768519304	6.0	3.0
gene_pa_group_421	12.0184372256	0.000526768519304	6.0	3.0
snp_PA14_55460,hxcZ_4937870	12.0184372256	0.000526768519304	6.0	3.0
snp_PA14_18340_1573508	12.0184372256	0.000526768519304	6.0	3.0
snp_PA14_55440,hxcR_4933809	12.0184372256	0.000526768519304	6.0	3.0
snp_PA14_02050_186553	12.0184372256	0.000526768519304	6.0	3.0
snp_PA14_18310_1570877	12.0184372256	0.000526768519304	6.0	3.0
snp_PA14_02110_191872	12.0184372256	0.000526768519304	6.0	3.0
snp_PA14_17760,ada_1526056	12.0184372256	0.000526768519304	6.0	3.0
snp_PA14_17820_1532258	12.0184372256	0.000526768519304	6.0	3.0
snp_PA14_17730_1523519	12.0184372256	0.000526768519304	6.0	3.0
snp_PA14_17630,potB_1514952	12.0184372256	0.000526768519304	6.0	3.0
snp_PA14_18350,fmt_1575601	12.0184372256	0.000526768519304	6.0	3.0
snp_PA14_43380,kdpB_3865691	12.0184372256	0.000526768519304	6.0	3.0
snp_PA14_55960,pctC_4996684	11.8235294118	0.00058486889508	0.0	2.0
snp_PA14_08310_712788	11.8235294118	0.00058486889508	3.0	0.0
snp_PA14_09520,mexI_818017	11.8235294118	0.00058486889508	3.0	0.0
snp_PA14_03300_299556	11.8235294118	0.00058486889508	3.0	0.0
snp_PA14_09520,mexI_817991	11.8235294118	0.00058486889508	3.0	0.0
snp_PA14_69710,xerC_6217928	11.8235294118	0.00058486889508	3.0	0.0
snp_PA14_05650_502081	11.8235294118	0.00058486889508	3.0	0.0
snp_PA14_28820_2487055	11.8235294118	0.00058486889508	3.0	0.0
gene_pa_group_10782	11.8235294118	0.00058486889508	3.0	0.0
gene_pa_group_4566	11.8235294118	0.00058486889508	3.0	0.0
snp_PA14_33360_2936012	11.8235294118	0.00058486889508	3.0	0.0
snp_PA14_33890,aldG_3011499	11.8235294118	0.00058486889508	3.0	0.0
snp_PA14_33890,aldG_3011379	11.8235294118	0.00058486889508	3.0	0.0
snp_PA14_05630_499380	11.8235294118	0.00058486889508	3.0	0.0
snp_PA14_44920_4005458	11.8235294118	0.00058486889508	3.0	0.0
snp_PA14_08310_712814	11.8235294118	0.00058486889508	3.0	0.0
snp_PA14_31160_2708873	11.8235294118	0.00058486889508	0.0	4.0
snp_PA14_46720_4163913	11.8235294118	0.00058486889508	3.0	0.0
snp_PA14_28920_2502541	11.8235294118	0.00058486889508	3.0	0.0
snp_PA14_21450_1859903	11.8235294118	0.00058486889508	3.0	0.0
snp_PA14_09520,mexI_816524	11.8235294118	0.00058486889508	3.0	0.0
gene_pa_group_10780	11.8235294118	0.00058486889508	3.0	0.0
snp_PA14_10790,ampC_933109	11.8235294118	0.00058486889508	3.0	0.0
snp_PA14_09520,mexI_816774	11.8235294118	0.00058486889508	3.0	0.0
snp_PA14_09520,mexI_816776	11.8235294118	0.00058486889508	3.0	0.0
snp_PA14_09520,mexI_816523	11.8235294118	0.00058486889508	3.0	0.0
snp_PA14_05870_519788	11.8235294118	0.00058486889508	3.0	0.0
snp_PA14_09520,mexI_816634	11.8235294118	0.00058486889508	3.0	0.0
snp_PA14_59930_5336961	11.8235294118	0.00058486889508	3.0	0.0
snp_PA14_20510_1762925	11.8235294118	0.00058486889508	3.0	0.0
snp_PA14_60130_5356064	11.8235294118	0.00058486889508	3.0	0.0
snp_PA14_33890,aldG_3011414	11.8235294118	0.00058486889508	3.0	0.0
snp_PA14_15350_1302216	11.8235294118	0.00058486889508	3.0	0.0
snp_PA14_26360,btuC_2298912	11.8235294118	0.00058486889508	3.0	0.0
snp_PA14_55400_4927452	11.8235294118	0.00058486889508	3.0	0.0
snp_PA14_09520,mexI_818108	11.8235294118	0.00058486889508	3.0	0.0
snp_PA14_33610_2964856	11.8235294118	0.00058486889508	3.0	0.0
snp_PA14_03940,spuF_355658	11.8235294118	0.00058486889508	3.0	0.0
gene_pa_group_5961	11.8235294118	0.00058486889508	3.0	0.0
snp_PA14_40260_3593249	11.8121158911	0.000588465179891	8.0	6.0
snp_PA14_40220_3583830	11.8121158911	0.000588465179891	8.0	6.0
snp_PA14_22710,ydjA_1976138	11.363476734	0.000749024820315	0.0	0.0
snp_PA14_09980,dkgB_859357	11.363476734	0.000749024820315	5.0	2.0
snp_PA14_04220_378383	11.363476734	0.000749024820315	5.0	2.0
snp_PA14_10820_935568	11.2631823581	0.000790595559397	5.0	26.0
snp_PA14_48410_4305374	11.2631823581	0.000790595559397	0.0	0.0
snp_PA14_55640,sbcD_4959029	11.0625109745	0.000880907641473	4.0	1.0
snp_PA14_63970_5700637	11.0625109745	0.000880907641473	4.0	1.0
snp_PA14_39690,nrdD_3537914	11.0625109745	0.000880907641473	4.0	1.0
snp_PA14_51620_4587859	11.0625109745	0.000880907641473	0.0	0.0
snp_PA14_28820_2486663	11.0625109745	0.000880907641473	1.0	2.0
snp_PA14_03380_310086	11.0625109745	0.000880907641473	4.0	1.0
snp_PA14_09520,mexI_818104	11.0625109745	0.000880907641473	4.0	1.0
snp_PA14_66550,hemE_5936508	11.0625109745	0.000880907641473	4.0	1.0
snp_PA14_48990_4352676	11.0625109745	0.000880907641473	4.0	1.0
snp_PA14_28840_2490608	11.0625109745	0.000880907641473	4.0	1.0
