feature	score	p-value	#I-out-of-255	#O-out-of-28
gene_pa_group_10977	45.5357142857	1.4988085573e-11	0.0	5.0
snp_PA14_52900_4689342	36.4285714286	1.58364659919e-09	0.0	4.0
snp_PA14_52900_4689919	36.4285714286	1.58364659919e-09	0.0	4.0
snp_PA14_52910_4690448	36.4285714286	1.58364659919e-09	0.0	4.0
snp_PA14_52900_4689519	36.4285714286	1.58364659919e-09	0.0	4.0
snp_PA14_52910_4690465	36.4285714286	1.58364659919e-09	0.0	4.0
snp_PA14_52900_4689642	36.4285714286	1.58364659919e-09	0.0	4.0
snp_PA14_52910_4690505	36.4285714286	1.58364659919e-09	0.0	4.0
snp_PA14_52910_4690961	36.4285714286	1.58364659919e-09	0.0	4.0
snp_PA14_52910_4690962	36.4285714286	1.58364659919e-09	0.0	4.0
snp_PA14_52910_4690286	36.4285714286	1.58364659919e-09	0.0	4.0
gene_pa_group_10978	36.4285714286	1.58364659919e-09	0.0	4.0
snp_PA14_52900_4690096	36.4285714286	1.58364659919e-09	0.0	4.0
snp_PA14_24790,opdQ_2168550	36.4285714286	1.58364659919e-09	0.0	4.0
snp_PA14_52910_4690506	36.4285714286	1.58364659919e-09	0.0	4.0
snp_PA14_24790,opdQ_2168502	36.4285714286	1.58364659919e-09	0.0	4.0
gene_pa_group_22773	36.4285714286	1.58364659919e-09	0.0	4.0
snp_PA14_52910_4690455	36.4285714286	1.58364659919e-09	0.0	4.0
snp_PA14_52910_4690529	36.4285714286	1.58364659919e-09	0.0	4.0
gene_pa_mmgC_14	36.4285714286	1.58364659919e-09	0.0	4.0
gene_pa_group_16265	36.4285714286	1.58364659919e-09	0.0	4.0
gene_pa_citE_2	36.4285714286	1.58364659919e-09	0.0	4.0
gene_pa_group_16430	36.4285714286	1.58364659919e-09	0.0	4.0
gene_pa_group_20419	36.4285714286	1.58364659919e-09	0.0	4.0
snp_PA14_52900_4689518	36.4285714286	1.58364659919e-09	0.0	4.0
snp_PA14_52900_4689443	36.4285714286	1.58364659919e-09	0.0	4.0
snp_PA14_52900_4690084	36.4285714286	1.58364659919e-09	3.0	0.0
gene_pa_pcaI	36.4285714286	1.58364659919e-09	0.0	4.0
snp_PA14_52910_4690508	36.4285714286	1.58364659919e-09	3.0	0.0
snp_PA14_52910_4690332	36.4285714286	1.58364659919e-09	0.0	4.0
snp_PA14_52910_4690454	36.4285714286	1.58364659919e-09	0.0	4.0
snp_PA14_52900_4689920	36.4285714286	1.58364659919e-09	0.0	4.0
gene_pa_group_15070	36.4285714286	1.58364659919e-09	0.0	4.0
gene_pa_group_20066	36.4285714286	1.58364659919e-09	0.0	4.0
gene_pa_group_14498	36.4285714286	1.58364659919e-09	0.0	4.0
gene_pa_group_15830	36.4285714286	1.58364659919e-09	0.0	4.0
snp_PA14_52900_4690204	36.4285714286	1.58364659919e-09	0.0	4.0
snp_PA14_52910_4690331	36.4285714286	1.58364659919e-09	0.0	4.0
gene_pa_group_15307	36.4285714286	1.58364659919e-09	0.0	4.0
gene_pa_group_19581	36.4285714286	1.58364659919e-09	0.0	4.0
gene_pa_group_21751	36.4285714286	1.58364659919e-09	0.0	4.0
snp_PA14_52900_4689396	36.4285714286	1.58364659919e-09	0.0	4.0
gene_pa_group_17722	36.4285714286	1.58364659919e-09	0.0	4.0
gene_pa_group_19116	36.4285714286	1.58364659919e-09	0.0	4.0
gene_pa_pcaF_3	36.4285714286	1.58364659919e-09	0.0	4.0
gene_pa_ped_2	36.4285714286	1.58364659919e-09	0.0	4.0
snp_PA14_52900_4690137	36.4285714286	1.58364659919e-09	5.0	1.0
snp_PA14_52900_4690097	36.4285714286	1.58364659919e-09	0.0	4.0
snp_PA14_24790,opdQ_2168501	36.4285714286	1.58364659919e-09	0.0	4.0
snp_PA14_52900_4690155	27.5648179272	1.51917043647e-07	1.0	4.0
snp_PA14_52910_4690316	27.5648179272	1.51917043647e-07	1.0	4.0
snp_PA14_52900_4690154	27.5648179272	1.51917043647e-07	1.0	4.0
snp_PA14_37260,opdO_3319434	27.3214285714	1.72291448473e-07	0.0	3.0
snp_PA14_52910_4690449	27.3214285714	1.72291448473e-07	0.0	3.0
snp_PA14_31280_2720021	27.3214285714	1.72291448473e-07	0.0	3.0
snp_PA14_38660,scoA_3448295	27.3214285714	1.72291448473e-07	0.0	3.0
snp_PA14_52900_4689439	27.3214285714	1.72291448473e-07	0.0	3.0
snp_PA14_52910_4691081	27.3214285714	1.72291448473e-07	0.0	3.0
snp_PA14_24790,opdQ_2168590	27.3214285714	1.72291448473e-07	0.0	3.0
snp_PA14_59940_5337306	27.3214285714	1.72291448473e-07	0.0	3.0
snp_PA14_52910_4691019	27.3214285714	1.72291448473e-07	0.0	3.0
snp_PA14_38660,scoA_3448274	27.3214285714	1.72291448473e-07	0.0	3.0
snp_PA14_09200,ssb_780069	27.3214285714	1.72291448473e-07	0.0	3.0
gene_pa_group_8448	24.8333508403	6.25065870526e-07	3.0	5.0
gene_pa_naiP_3	24.8333508403	6.25065870526e-07	3.0	5.0
snp_PA14_31220_2714701	24.6002037179	7.05442759742e-07	2.0	0.0
snp_PA14_38640,scoB_3447845	22.7518300654	1.84328517673e-06	8.0	7.0
snp_PA14_38640,scoB_3447847	22.7518300654	1.84328517673e-06	8.0	7.0
snp_PA14_30910,trbE_2685943	22.7518300654	1.84328517673e-06	8.0	7.0
snp_PA14_30960,traG_2690389	22.1128114404	2.57088253212e-06	11.0	8.0
snp_PA14_38640,scoB_3447826	21.6922502334	3.200817705e-06	2.0	4.0
snp_PA14_35080,arsH_3123557	21.6922502334	3.200817705e-06	2.0	4.0
snp_PA14_16100_1372271	21.6922502334	3.200817705e-06	2.0	4.0
snp_PA14_52900_4689306	21.6922502334	3.200817705e-06	2.0	4.0
snp_PA14_32580_2829571	21.6922502334	3.200817705e-06	2.0	4.0
snp_PA14_32580_2829569	21.6922502334	3.200817705e-06	2.0	4.0
snp_PA14_52900_4690148	21.6922502334	3.200817705e-06	17.0	0.0
snp_PA14_31190_2711727	21.0483815749	4.47830956415e-06	4.0	5.0
snp_PA14_30890_2683040	21.0483815749	4.47830956415e-06	4.0	5.0
snp_PA14_31190_2711476	21.0483815749	4.47830956415e-06	0.0	0.0
snp_PA14_59200_5272099	21.0483815749	4.47830956415e-06	4.0	5.0
snp_PA14_30960,traG_2690143	21.0483815749	4.47830956415e-06	5.0	1.0
gene_pa_group_8998	21.0483815749	4.47830956415e-06	4.0	5.0
snp_PA14_31130_2707410	21.0483815749	4.47830956415e-06	1.0	0.0
snp_PA14_59200_5272562	21.0483815749	4.47830956415e-06	4.0	5.0
snp_PA14_31190_2711458	21.0483815749	4.47830956415e-06	4.0	5.0
snp_PA14_31180_2710518	21.0483815749	4.47830956415e-06	5.0	0.0
gene_pa_group_12470	21.0483815749	4.47830956415e-06	4.0	5.0
gene_pa_group_2560	21.0483815749	4.47830956415e-06	4.0	5.0
snp_PA14_29000_2508134	20.3334453782	6.50534749553e-06	12.0	8.0
snp_PA14_32590,dipZ2_2831253	19.172118078	1.19445375522e-05	7.0	6.0
gene_pa_group_5808	19.111535014	1.23297437491e-05	16.0	9.0
gene_pa_group_812	19.111535014	1.23297437491e-05	16.0	9.0
snp_PA14_31180_2709975	19.018522409	1.29455701796e-05	1.0	3.0
gene_pa_exoA_1	19.018522409	1.29455701796e-05	1.0	3.0
snp_PA14_59940_5337479	19.018522409	1.29455701796e-05	1.0	3.0
snp_PA14_18310_1570913	19.018522409	1.29455701796e-05	1.0	3.0
snp_PA14_50240_4462728	19.018522409	1.29455701796e-05	1.0	3.0
snp_PA14_42180_3762623	19.018522409	1.29455701796e-05	1.0	3.0
snp_PA14_08360,trpC_716684	19.018522409	1.29455701796e-05	1.0	3.0
