feature	score	std	#I-out-of-135	#O-out-of-277
geneexp##PA14_15470,merP	0.01284709519	0.058203156319	  (0, 0)	592.17199503	  (0, 0)	394.764325556
geneexp##PA14_15435	0.0120519772934	0.0552472397527	  (0, 0)	610.37945447	  (0, 0)	290.457618576
geneexp##PA14_15410	0.010263039167	0.0476446416902	  (0, 0)	413.718953677	  (0, 0)	303.050206311
geneexp##PA14_15420	0.0098597991175	0.0478886071329	  (0, 0)	424.885112882	  (0, 0)	243.683841251
geneexp##PA14_15475,merT	0.00850189903494	0.0453047306806	  (0, 0)	652.392042728	  (0, 0)	513.731974745
geneexp##PA14_15450,merD	0.00801262338525	0.0405820003645	  (0, 0)	440.664988814	  (0, 0)	221.019197624
geneexp##PA14_15430,tnpR	0.00763355187174	0.0371568541907	  (0, 0)	556.598051878	  (0, 0)	454.567865794
geneexp##PA14_15445,merE	0.00753319414459	0.0409192245146	  (0, 0)	348.647553441	  (0, 0)	178.773460193
geneexp##PA14_15480,merR	0.00722389086787	0.0367128558358	  (0, 0)	699.655844993	  (0, 0)	696.551054478
geneexp##PA14_15460,merA	0.00626824111275	0.034918419127	  (0, 0)	688.457605984	  (0, 0)	655.481396974
geneexp##PA14_14420	0.00623060632443	0.0356177288707	  (0, 0)	94.6907021094	  (0, 0)	597.796827975
geneexp##PA14_38410,amrB	0.00607245459873	0.031566778215	  (0, 0)	951.448505749	  (0, 0)	1578.76324282
geneexp##PA14_31190	0.00596129629217	0.0350943988083	  (0, 0)	549.217772073	  (0, 0)	555.151802664
geneexp##PA14_07950,prtN	0.00559738122731	0.0333263453841	  (0, 0)	828.823150591	  (0, 0)	1474.58252178
geneexp##PA14_27990	0.00548898632655	0.0329246212542	  (0, 0)	178.683906866	  (0, 0)	1234.87730665
geneexp##PA14_22270	0.0052405325724	0.0329282517107	  (0, 0)	447.430554612	  (0, 0)	168.201968184
geneexp##PA14_38395	0.00517078592587	0.0279553542168	  (0, 0)	817.976802718	  (0, 0)	1296.72875538
geneexp##PA14_67190	0.00501083385179	0.0280256195282	  (0, 0)	651.098880428	  (0, 0)	1467.6531291
geneexp##PA14_14430	0.00485639173233	0.0308634242658	  (0, 0)	131.585887104	  (0, 0)	786.009847362
geneexp##PA14_22080	0.0047228409646	0.0316716122034	  (0, 0)	362.338922264	  (0, 0)	113.235704709
geneexp##PA14_22090	0.00462955741945	0.0332181920022	  (0, 0)	299.662263989	  (0, 0)	91.5782047346
geneexp##PA14_22210	0.00457268525827	0.0310619330751	  (0, 0)	252.781003015	  (0, 0)	60.5245512035
geneexp##PA14_22140	0.0044456181718	0.0334806177364	  (0, 0)	279.086451096	  (0, 0)	81.9553900142
geneexp##PA14_22180	0.00414540984961	0.0292623982504	  (0, 0)	195.101368525	  (0, 0)	49.4911281999
geneexp##PA14_22160	0.00413847998994	0.0308126441895	  (0, 0)	179.348849235	  (0, 0)	53.7556586918
geneexp##PA14_22240	0.003925585152	0.0299222199164	  (0, 0)	253.521565556	  (0, 0)	73.2170031257
geneexp##PA14_38380,amrR	0.00357653024751	0.021300351706	  (0, 0)	815.441351276	  (0, 0)	1458.36699242
geneexp##PA14_22260	0.00356563730613	0.0263544907398	  (0, 0)	217.149179435	  (0, 0)	58.8291683471
geneexp##PA14_30850,trbI	0.00351021316308	0.0233356802035	  (0, 0)	531.044499645	  (0, 0)	595.604278721
geneexp##PA14_22230	0.00333479819485	0.0283566430563	  (0, 0)	275.943643965	  (0, 0)	66.4563851185
geneexp##PA14_08250	0.00325709696431	0.0248522203104	  (0, 0)	122.067468871	  (0, 0)	777.18117041
geneexp##PA14_51630	0.00317058846771	0.022785092871	  (0, 0)	725.448307225	  (0, 0)	1163.74167294
geneexp##PA14_10130	0.00311263733851	0.0248227530319	  (0, 0)	254.774990193	  (0, 0)	907.377149192
geneexp##PA14_36000,prpR	0.00299628253038	0.0211647986475	  (0, 0)	712.184874947	  (0, 0)	1070.47876571
geneexp##PA14_22250	0.00296280491704	0.0240724821567	  (0, 0)	247.592022295	  (0, 0)	64.6233307158
geneexp##PA14_01130	0.00292688810979	0.025616450973	  (0, 0)	402.083729487	  (0, 0)	388.392066912
geneexp##PA14_22220	0.00288706221423	0.0238026541031	  (0, 0)	256.263988637	  (0, 0)	61.5340745336
geneexp##PA14_41280	0.00287386891414	0.0222732828394	  (0, 0)	806.164226398	  (0, 0)	1278.73280204
geneexp##PA14_22190	0.00278653912272	0.0217572916009	  (0, 0)	320.759206394	  (0, 0)	94.6593022318
geneexp##PA14_22100	0.00275431649652	0.021984057108	  (0, 0)	257.526649895	  (0, 0)	63.9510807688
geneexp##PA14_33120	0.00273144847296	0.0213241292813	  (0, 0)	645.033921749	  (0, 0)	1460.02367802
geneexp##PA14_22120	0.0027007003922	0.0240862461024	  (0, 0)	332.731338585	  (0, 0)	109.084151178
geneexp##PA14_15080	0.00264566663509	0.02171590091	  (0, 0)	706.258672514	  (0, 0)	1608.84453201
geneexp##PA14_49520,pyoS3A	0.00259447435746	0.0217518915722	  (0, 0)	775.242357934	  (0, 0)	1178.52977478
geneexp##PA14_22130	0.00253093278943	0.022206864203	  (0, 0)	227.714473453	  (0, 0)	61.2086395663
geneexp##PA14_08400	0.0025149335136	0.0181211444296	  (0, 0)	868.690559555	  (0, 0)	1944.61542795
geneexp##PA14_31270	0.00250267586189	0.019248291079	  (0, 0)	197.901714764	  (0, 0)	216.376864883
geneexp##PA14_52000	0.00247765549121	0.0205133107799	  (0, 0)	626.855358944	  (0, 0)	1432.80332937
geneexp##PA14_60270	0.00239491536773	0.0191298039282	  (0, 0)	778.573572231	  (0, 0)	1740.10173594
geneexp##PA14_55960,pctC	0.00236878830525	0.0183997835814	  (0, 0)	779.135477609	  (0, 0)	1797.5626978
geneexp##PA14_22110	0.00230154909723	0.0221169688142	  (0, 0)	285.668656215	  (0, 0)	82.4886114885
geneexp##PA14_01140	0.00223886231942	0.0176679211579	  (0, 0)	764.515583329	  (0, 0)	1262.46645149
geneexp##PA14_08200	0.00216186935832	0.0198098392015	  (0, 0)	210.111427857	  (0, 0)	1133.0979558
geneexp##PA14_58760,pilC	0.00214393469232	0.0172931685782	  (0, 0)	814.521685231	  (0, 0)	1863.71688238
geneexp##PA14_51620	0.00212491634938	0.0165245768845	  (0, 0)	850.376674653	  (0, 0)	1400.13232561
geneexp##PA14_49510,pyoS3I	0.0020338987014	0.0183245556742	  (0, 0)	475.054876217	  (0, 0)	272.288796158
geneexp##PA14_29330	0.00202657268113	0.0179630367499	  (0, 0)	493.5860855	  (0, 0)	345.859157021
geneexp##PA14_08240	0.00195382883712	0.0178790894663	  (0, 0)	330.584880566	  (0, 0)	1264.62706463
geneexp##PA14_13910	0.001889304308	0.0142246930465	  (0, 0)	24.8351961711	  (0, 0)	368.870622143
geneexp##PA14_24390	0.00186999385601	0.0166552290035	  (0, 0)	693.566925472	  (0, 0)	1530.06602131
geneexp##PA14_34170	0.00185983951487	0.0159056541614	  (0, 0)	414.041948193	  (0, 0)	572.007915149
geneexp##PA14_33800	0.00182745514175	0.0178221556577	  (0, 0)	396.02032572	  (0, 0)	1025.12056033
geneexp##PA14_08270	0.00182053239178	0.017800372541	  (0, 0)	371.027941915	  (0, 0)	1102.03710506
geneexp##PA14_49500	0.00180682896275	0.0191343229314	  (0, 0)	339.558210314	  (0, 0)	946.869807239
geneexp##PA14_08260	0.00178896630217	0.0167137149157	  (0, 0)	188.222716011	  (0, 0)	846.62494589
geneexp##PA14_50340,flgL	0.00176914357583	0.0154733550222	  (0, 0)	776.857553958	  (0, 0)	1807.99413444
geneexp##PA14_53630	0.00175692550094	0.0165551120457	  (0, 0)	104.07186346	  (0, 0)	516.453929128
geneexp##PA14_66630,pilP	0.00174105337665	0.0166646212849	  (0, 0)	860.93140919	  (0, 0)	1916.66534256
geneexp##PA14_01120	0.00172430550347	0.0146691225512	  (0, 0)	527.503331106	  (0, 0)	947.738025879
geneexp##PA14_33650,pvdD	0.00171432993337	0.0146678134789	  (0, 0)	508.50544085	  (0, 0)	1349.4668265
geneexp##PA14_55410	0.00167376380909	0.0154519851843	  (0, 0)	427.968794618	  (0, 0)	528.408833541
geneexp##PA14_53620	0.00166549910827	0.0167292771238	  (0, 0)	160.329937137	  (0, 0)	870.238563934
geneexp##PA14_44420,fixG	0.00165910018216	0.015219422867	  (0, 0)	1025.08873833	  (0, 0)	2231.60407311
geneexp##PA14_10840	0.00162407105317	0.0163206899553	  (0, 0)	388.957042132	  (0, 0)	351.54622175
geneexp##PA14_05390,CHpA	0.00161669248157	0.0156737186836	  (0, 0)	1063.4445692	  (0, 0)	2297.15183609
geneexp##PA14_67200	0.00160379200128	0.015166029291	  (0, 0)	782.916046286	  (0, 0)	1375.5561487
geneexp##PA14_41290	0.00159306936941	0.0141283313655	  (0, 0)	426.551657577	  (0, 0)	576.785833205
geneexp##PA14_55110	0.001586859271	0.0145711356886	  (0, 0)	765.316201514	  (0, 0)	1803.36243892
geneexp##PA14_03290	0.00153451279587	0.0137329411432	  (0, 0)	863.354052412	  (0, 0)	1471.4241996
geneexp##PA14_31260	0.0015067854795	0.0135614007959	  (0, 0)	252.259314066	  (0, 0)	191.255783357
geneexp##PA14_15240	0.0014943081126	0.0149135020522	  (0, 0)	512.724801796	  (0, 0)	909.726867485
geneexp##PA14_10830	0.00148555309373	0.0138047259309	  (0, 0)	493.123473722	  (0, 0)	457.781738835
geneexp##PA14_52400,kup	0.00147968781003	0.0146157221231	  (0, 0)	720.798162159	  (0, 0)	1584.46506749
geneexp##PA14_60860,nfxB	0.001476691154	0.0151496699942	  (0, 0)	750.104913968	  (0, 0)	1671.45354039
geneexp##PA14_44430	0.00147311727701	0.0134631697121	  (0, 0)	816.539417342	  (0, 0)	1802.80051857
geneexp##PA14_30940,trbB	0.00147147959175	0.0143389787317	  (0, 0)	352.530191998	  (0, 0)	360.391723758
geneexp##PA14_07460	0.00146935498086	0.0142012733837	  (0, 0)	554.202986421	  (0, 0)	930.667097105
geneexp##PA14_50380,flgJ	0.0014668091379	0.0150455200066	  (0, 0)	830.906146605	  (0, 0)	1830.97523342
geneexp##PA14_40950,nudC	0.00144883448165	0.0143257708939	  (0, 0)	776.99735691	  (0, 0)	1692.09303293
geneexp##PA14_08280	0.0014407756956	0.0134915588187	  (0, 0)	238.6345844	  (0, 0)	1034.74671428
geneexp##PA14_03350	0.00143051704194	0.0155529529174	  (0, 0)	336.874921	  (0, 0)	396.953756816
geneexp##PA14_03300	0.00142702497216	0.0125920135392	  (0, 0)	739.179494174	  (0, 0)	1210.60845352
geneexp##PA14_13950	0.00142612444598	0.0138745976781	  (0, 0)	101.827335094	  (0, 0)	745.014364125
geneexp##PA14_03320	0.00141488930664	0.0127039419429	  (0, 0)	274.053288027	  (0, 0)	297.775656701
geneexp##PA14_69240,hemB	0.00140599149246	0.0130387976747	  (0, 0)	1097.94910707	  (0, 0)	2365.06561248
geneexp##PA14_05360,pilJ	0.00139783572073	0.013430610396	  (0, 0)	1036.03496753	  (0, 0)	2242.57603243
geneexp##PA14_33000,gcvP2	0.00138825469712	0.0123021546263	  (0, 0)	1076.60343917	  (0, 0)	1999.43382828
geneexp##PA14_05260,pyrB	0.00137591226553	0.0170007052339	  (0, 0)	874.346057361	  (0, 0)	1885.09648457
geneexp##PA14_31160	0.00137523905053	0.0141087632443	  (0, 0)	349.086505646	  (0, 0)	474.280655321
geneexp##PA14_21570	0.00136916722858	0.0126374253386	  (0, 0)	634.065351001	  (0, 0)	1558.43766638
