feature	score	std	#I-out-of-206	#O-out-of-147
genePA##PA14_51830,,dps2	0.00112559666223	0.0084616196763	  (0, 0)	1.22373779789	  (0, 0)	1.28088781352
genePA##,,oprD_10	0.00112265769605	0.00884896028657	  (0, 0)	1.59175006105	  (0, 0)	0.587883363193
genePA##,,group_12802	0.00109573231415	0.0083886453099	  (0, 0)	1.6108308247	  (0, 0)	0.600087499759
genePA##,,group_5361	0.00102561612233	0.00790762576964	  (0, 0)	1.0149320321	  (0, 0)	1.28837670081
genePA##,,group_5355	0.000988932370673	0.00844634344687	  (0, 0)	1.0149320321	  (0, 0)	1.28837670081
genePA##PA14_33650,pvdD,dhbF_2	0.000988903752142	0.00792771662414	  (0, 0)	1.04356569041	  (0, 0)	1.25635192043
genePA##,,group_284	0.000987430584517	0.00824223492304	  (0, 0)	0.452727574262	  (0, 0)	0.850780174075
genePA##PA14_59900,,group_6134	0.000973799644836	0.00899524941153	  (0, 0)	0.841357583432	  (0, 0)	1.10585707115
genePA##,,group_21831	0.000949052631036	0.00867170155798	  (0, 0)	1.14692479624	  (0, 0)	0.133844221858
genePA##,,group_5242	0.000943948539896	0.00858471949047	  (0, 0)	1.60327567333	  (0, 0)	0.582481943403
genePA##,,group_1593	0.00093117427281	0.00798060727394	  (0, 0)	0.631852928294	  (0, 0)	0.945215824067
genePA##PA14_49360,,bcsA	0.000877467198044	0.00790205232557	  (0, 0)	1.36562303273	  (0, 0)	1.35817694853
genePA##,,group_13794	0.000873442143131	0.00852862142319	  (0, 0)	1.42602380164	  (0, 0)	0.312484163045
genePA##PA14_73110,,dctM_3	0.000853765734834	0.00653879116013	  (0, 0)	1.26882156035	  (0, 0)	1.31404816565
genePA##PA14_22670,yrbF,mkl	0.00084326294821	0.00812156978087	  (0, 0)	1.4134881142	  (0, 0)	0.313617553547
genePA##,,group_16597	0.000830357506528	0.00703335735146	  (0, 0)	0.453162926143	  (0, 0)	0.708504993072
genePA##PA14_64560,,group_8986	0.000827600918709	0.00704236032035	  (0, 0)	1.22857623567	  (0, 0)	1.26969188939
genePA##PA14_48450,,group_9220	0.000826693387216	0.0072006146128	  (0, 0)	0.490237722987	  (0, 0)	0.882641347931
genePA##PA14_15270,,group_2699	0.000824321713931	0.00713836983399	  (0, 0)	0.281279199994	  (0, 0)	0.606817513516
genePA##,,group_11181	0.000814645255843	0.00661318630444	  (0, 0)	1.31792389386	  (0, 0)	1.31681211054
genePA##,,group_2322	0.000812987368773	0.00700604418939	  (0, 0)	1.40299549979	  (0, 0)	1.22776531123
genePA##,,group_3406	0.00079471177584	0.00837378849546	  (0, 0)	1.15475631917	  (0, 0)	0.140438283044
genePA##PA14_33740,pvdP,group_11312	0.000785401566285	0.00765688222252	  (0, 0)	1.07768478776	  (0, 0)	1.23856288732
genePA##,,group_41853	0.000768990027036	0.00797833577824	  (0, 0)	1.22983242901	  (0, 0)	0.0954450625828
genePA##PA14_30940,trbB,group_2259	0.000758961396579	0.00761483990777	  (0, 0)	0.579182517425	  (0, 0)	0.933445471622
genePA##,,rstA_3	0.000740955680734	0.00788227583697	  (0, 0)	1.35582527685	  (0, 0)	1.34910572432
genePA##,,bfrD_3	0.000738893938334	0.00609674175358	  (0, 0)	1.67391176589	  (0, 0)	0.819207739024
genePA##PA14_59850,,group_2815	0.000738611680816	0.00704488932271	  (0, 0)	0.897357048219	  (0, 0)	1.0265823621
genePA##,,group_21943	0.000726004423755	0.00770257366683	  (0, 0)	1.13031040564	  (0, 0)	0.143103280993
genePA##,,group_13164	0.000723331917514	0.00609572813529	  (0, 0)	1.4647186855	  (0, 0)	0.804642550786
genePA##,,cnrA	0.000719069206233	0.00758934460768	  (0, 0)	1.40837987334	  (0, 0)	0.332441658388
genePA##PA14_29400,rhs,rhsC_1	0.000712595864113	0.00657177463602	  (0, 0)	0.653818235933	  (0, 0)	0.927708066123
genePA##,,group_1510	0.000707783785264	0.00839327178207	  (0, 0)	1.28372045087	  (0, 0)	0.177713898051
genePA##,,group_4175	0.000707070252172	0.00781305450081	  (0, 0)	1.2680066705	  (0, 0)	0.17840237247
genePA##,,group_2703	0.00070505711769	0.00618567791846	  (0, 0)	1.5530638158	  (0, 0)	0.648425243358
genePA##PA14_64890,,livH_1	0.00069041586594	0.00609237508307	  (0, 0)	1.72989766546	  (0, 0)	1.06955462907
genePA##,,group_11684	0.000683481942967	0.00657522244204	  (0, 0)	1.46723588397	  (0, 0)	0.286794885255
genePA##,,group_11709	0.000678772137449	0.00763771892446	  (0, 0)	1.15186374313	  (0, 0)	0.183177572389
genePA##,,recF_7	0.000667887569887	0.00641502871155	  (0, 0)	1.32385140891	  (0, 0)	1.14315909208
genePA##,,group_16649	0.00066337342768	0.00659166555462	  (0, 0)	1.4134881142	  (0, 0)	0.313617553547
genePA##PA14_68420,,group_8166	0.000659046013483	0.00524861497691	  (0, 0)	1.20953066032	  (0, 0)	1.27987748528
genePA##PA14_59880,,group_2646	0.000658238033273	0.00606307765794	  (0, 0)	0.878179520018	  (0, 0)	1.10079310146
genePA##,,group_21795	0.000643858654735	0.00660611809463	  (0, 0)	1.41864387427	  (0, 0)	0.334864429089
genePA##,,group_12397	0.000638666885801	0.00551484182349	  (0, 0)	1.29188501987	  (0, 0)	0.62974158075
genePA##PA14_09150,katA,katA	0.00062684942748	0.00757941455423	  (0, 0)	1.19964811089	  (0, 0)	0.177929346131
genePA##,,group_20991	0.000620051232082	0.0061559291492	  (0, 0)	0.922689738348	  (0, 0)	0.478258993944
genePA##,,group_2143	0.000619769520183	0.00602475051179	  (0, 0)	0.819816295726	  (0, 0)	0.797412327992
genePA##,,group_5262	0.000619350414738	0.00553957928934	  (0, 0)	0.839314882343	  (0, 0)	1.02151289809
genePA##PA14_31030,,czcB_1	0.000618769796204	0.0059092311429	  (0, 0)	0.783127989432	  (0, 0)	0.964055168638
genePA##,,group_14287	0.000614783854585	0.00631477934534	  (0, 0)	1.26404754649	  (0, 0)	0.250820782807
genePA##,,cadB	0.000609485690302	0.00599912284298	  (0, 0)	1.74999726018	  (0, 0)	1.06519839406
genePA##,,group_8438	0.000606808496462	0.00492691665032	  (0, 0)	1.33704224243	  (0, 0)	0.948363204988
genePA##,,yohK_3	0.000604857438566	0.00613439728911	  (0, 0)	1.04356569041	  (0, 0)	1.25635192043
genePA##,,group_4326	0.000603304127902	0.00681722758178	  (0, 0)	1.18849345138	  (0, 0)	0.207898885974
genePA##PA14_59320,pilS2,group_8241	0.000602626369768	0.00519407078347	  (0, 0)	1.20060064257	  (0, 0)	1.26186419148
genePA##,,group_3364	0.000601583170812	0.00610860981316	  (0, 0)	0.106685118982	  (0, 0)	0.519398016309
genePA##PA14_08150,gpD,group_12708	0.000598660709616	0.00587049041639	  (0, 0)	1.72184270034	  (0, 0)	0.986709819677
genePA##,,group_15833	0.000598477839458	0.00543104903838	  (0, 0)	1.72700605288	  (0, 0)	1.09120036191
genePA##PA14_05190,pilU,pilT_2	0.000586509060706	0.00577318858631	  (0, 0)	1.06603680516	  (0, 0)	1.24897005757
genePA##,,group_15724	0.000583419714912	0.00586702051028	  (0, 0)	1.25616711819	  (0, 0)	0.192217583411
genePA##,,group_11679	0.00058317572412	0.00653517390087	  (0, 0)	1.41864387427	  (0, 0)	0.314761487367
genePA##PA14_48500,,group_9216	0.000573055387988	0.00650230338858	  (0, 0)	0.440465572422	  (0, 0)	0.896642590346
genePA##PA14_49420,,rstB_1	0.000572501353902	0.00491575869017	  (0, 0)	1.50123113523	  (0, 0)	1.12127000928
genePA##,,group_9975	0.000571397485395	0.00592499492735	  (0, 0)	1.38733365804	  (0, 0)	0.337576822698
genePA##,,group_13818	0.000565948905086	0.00681396974939	  (0, 0)	1.15186374313	  (0, 0)	0.189207036304
genePA##,,group_2501	0.000560030700293	0.00620794144615	  (0, 0)	1.263113293	  (0, 0)	0.196072992453
genePA##PA14_46490,fabF2,group_6476	0.000559206136453	0.00640777499472	  (0, 0)	1.32957447058	  (0, 0)	1.28613413802
genePA##,,group_7042	0.000558325351952	0.00675142842264	  (0, 0)	0.293144570329	  (0, 0)	0.604929077674
genePA##PA14_31040,,czcC_1	0.000553016562697	0.00541786821918	  (0, 0)	0.769840419022	  (0, 0)	0.970186082872
genePA##,,cmpB_2	0.000552892596597	0.00419634999532	  (0, 0)	1.42993356181	  (0, 0)	0.910075474421
genePA##,,group_21829	0.000552194774808	0.00674597537331	  (0, 0)	1.14175795658	  (0, 0)	0.154468356787
genePA##,,group_233	0.000550950127363	0.00537711582182	  (0, 0)	0.815415192783	  (0, 0)	0.192993185868
genePA##,,group_209	0.000548404134568	0.0063320022853	  (0, 0)	1.46460144345	  (0, 0)	0.389932207261
genePA##PA14_48880,intT,group_16571	0.000547626416248	0.00517451923654	  (0, 0)	0.312307208946	  (0, 0)	0.767532701121
genePA##PA14_08020,gpW,group_9201	0.000546997504556	0.00474230645894	  (0, 0)	1.72532447607	  (0, 0)	0.98870506715
genePA##,,group_9478	0.000545363658944	0.00549336004962	  (0, 0)	1.55636761336	  (0, 0)	0.602318146886
genePA##,,vgrG1_24	0.000545079809578	0.00534313697858	  (0, 0)	1.33714911767	  (0, 0)	1.25978073008
genePA##PA14_31110,,group_3374	0.000543971912024	0.00483449555633	  (0, 0)	0.433048343979	  (0, 0)	0.676517522387
genePA##,,group_13805	0.000534578932673	0.00655373688337	  (0, 0)	1.24923214451	  (0, 0)	0.175335045858
genePA##,,group_16658	0.000527663837615	0.00449786950059	  (0, 0)	0.722030018589	  (0, 0)	0.673705988456
genePA##,,group_13283	0.000527601876027	0.00510636450077	  (0, 0)	0.247346682231	  (0, 0)	0.600804680203
genePA##PA14_31180,,group_11445	0.00052600413911	0.0060385619501	  (0, 0)	0.255049830673	  (0, 0)	0.63376193657
genePA##PA14_08010,gpV,group_12706	0.000524773487077	0.00491034716788	  (0, 0)	1.72184270034	  (0, 0)	0.99599116242
genePA##,,group_6181	0.000523259810378	0.00648080796099	  (0, 0)	1.30197382456	  (0, 0)	0.255683969666
genePA##PA14_07450,,group_3549	0.000515517429189	0.00501718250087	  (0, 0)	0.945358020746	  (0, 0)	0.785592451225
genePA##,,group_7028	0.000513553224194	0.0047516748924	  (0, 0)	0.429543053093	  (0, 0)	0.688594985183
genePA##,,group_2969	0.000513299940761	0.0058562405927	  (0, 0)	1.63386180402	  (0, 0)	0.742256711205
genePA##,,group_14286	0.000510974894345	0.00626465344392	  (0, 0)	1.22272496662	  (0, 0)	0.240729789294
genePA##,,group_7836	0.000510887800235	0.00540710678469	  (0, 0)	1.41817856689	  (0, 0)	0.413440852375
genePA##,,damX	0.000510110815438	0.00523030213596	  (0, 0)	1.71776318994	  (0, 0)	1.04651960741
genePA##PA14_21000,,ppsB	0.000509034748515	0.00535102525847	  (0, 0)	1.73462662482	  (0, 0)	1.08750570735
genePA##,,group_10837	0.000507839336285	0.0064694611726	  (0, 0)	1.27268733788	  (0, 0)	0.162422019038
genePA##,,group_13792	0.000507492232976	0.00633903124072	  (0, 0)	1.40837987334	  (0, 0)	0.332441658388
genePA##PA14_38190,,group_6879	0.000505407306662	0.00465436486192	  (0, 0)	1.73027107347	  (0, 0)	0.998681338318
genePA##,,group_4569	0.000504123989008	0.0049330084426	  (0, 0)	0.704815112069	  (0, 0)	0.692717217408
genePA##,,group_9986	0.000504008751052	0.00616499368413	  (0, 0)	1.16840161564	  (0, 0)	0.188819531246
genePA##,,group_11095	0.000502806914703	0.00461470829944	  (0, 0)	1.72577565013	  (0, 0)	1.08526675919
genePA##,,kstR2_3	0.000501735641939	0.00497032978448	  (0, 0)	1.53686703736	  (0, 0)	1.15742770592
genePA##,,group_22080	0.000501668529937	0.00564981349218	  (0, 0)	0.790563576724	  (0, 0)	0.63353598028
genePA##,,group_3412	0.000501199139722	0.00433506988065	  (0, 0)	0.503463879354	  (0, 0)	0.52638706469
