feature	score	std	#I-out-of-293	#O-out-of-102
SNPs##PA14_06510,bioF_571077_C_T_R_R	0.000428314715186	0.00648467551943	  (0, 0)	0.172240709344	  (0, 0)	0.107654880543
SNPs##PA14_17400,adhC_1493919_C_T_T_T	0.000422706342223	0.0066824319144	  (0, 0)	0.161143453598	  (0, 0)	0.0978118807733
SNPs##intergenic_3427392_C_T_none_none	0.000411147237839	0.00675481129015	  (0, 0)	0.161556042933	  (0, 0)	0.11340478187
SNPs##PA14_08120_697815_A_G_Q_Q	0.000399067153648	0.00601938739368	  (0, 0)	0.510122993062	  (0, 0)	0.115311972152
SNPs##PA14_10010_860724_A_G_R_R	0.000375950547621	0.00576314256005	  (0, 0)	0.0215710834599	  (0, 0)	0.0669919195474
SNPs##PA14_37590,kynB_3345628_A_G_I_V	0.000367436794908	0.00672951646059	  (0, 0)	0.510601929195	  (0, 0)	0.114938998333
SNPs##PA14_63920_5696410_G_A_A_V	0.000363798515487	0.00557054515623	  (0, 0)	0.0117831142785	  (0, 0)	0.0685491641709
SNPs##PA14_17260,dnaE_1479994_G_T_G_G	0.000317796360198	0.00636762198642	  (0, 0)	0.189802116459	  (0, 0)	0.104101097517
SNPs##PA14_58760,pilC_5236804_C_T_A_A	0.000311160788724	0.00492864806583	  (0, 0)	0.00783895111324	  (0, 0)	0.0553988712974
SNPs##PA14_40600_3624199_A_T_T_S	0.000297739777082	0.00562183188096	  (0, 0)	0.0567690430263	  (0, 0)	0.0658773532929
SNPs##PA14_58570,piuA_5217630_T_C_K_E	0.000297586080814	0.00501045054942	  (0, 0)	0.484947043342	  (0, 0)	0.124140871573
SNPs##PA14_36180_3223955_T_C_L_L	0.000290915868933	0.00590238665978	  (0, 0)	0.502750427295	  (0, 0)	0.156304534689
SNPs##PA14_58760,pilC_5236495_C_T_A_A	0.000290395309357	0.00580400025965	  (0, 0)	0.105883656093	  (0, 0)	0.0905971332849
SNPs##PA14_71460,glyA1_6368144_A_G_E_E	0.000282030885966	0.00630016669739	  (0, 0)	0.284678119513	  (0, 0)	0.184076235531
SNPs##intergenic_4211361_C_T_none_none	0.000279962145776	0.00510418877295	  (0, 0)	0.0149135941738	  (0, 0)	0.0549203700385
SNPs##PA14_33610_2967078_C_G_A_A	0.000272061519642	0.00431455509681	  (0, 0)	0.400217739875	  (0, 0)	0.0844147844947
SNPs##intergenic_4405555_G_A_none_none	0.000270585589693	0.00525034066079	  (0, 0)	0.157212581423	  (0, 0)	0.101969986542
SNPs##PA14_30910,trbE_2684918_A_G_L_L	0.000268778962457	0.00443121394954	  (0, 0)	0.472801345486	  (0, 0)	0.103732329398
SNPs##PA14_28940_2503551_G_T_L_L	0.00026321256197	0.00480613088743	  (0, 0)	0.122967281745	  (0, 0)	0.112662607609
SNPs##intergenic_1268835_C_T_none_none	0.000261093360384	0.00486410846199	  (0, 0)	0.0785597023982	  (0, 0)	0.0700552850601
SNPs##PA14_55400_4923090_C_T_S_N	0.000259978077007	0.00395543508729	  (0, 0)	0.138986878528	  (0, 0)	0.0842032748548
SNPs##PA14_36910,ligD_3290135_A_G_L_L	0.000257291988126	0.00507640278136	  (0, 0)	0.502873786018	  (0, 0)	0.153854681857
SNPs##PA14_40370_3607969_C_T_G_D	0.00025227691471	0.00467341737821	  (0, 0)	0.19803521293	  (0, 0)	0.149072120094
SNPs##PA14_27780,yadH_2409165_G_A_V_V	0.00024811651041	0.0039448209078	  (0, 0)	0.128425031068	  (0, 0)	0.103106548067
SNPs##PA14_59540_5297308_C_A_A_A	0.00024533831793	0.00365225943092	  (0, 0)	0.139956706261	  (0, 0)	0.0905236597622
SNPs##PA14_48890_4346806_C_G_R_R	0.000245083749356	0.00559904486314	  (0, 0)	0.0701529451582	  (0, 0)	0.0990589431938
SNPs##PA14_58950_5254301_G_A_A_A	0.000242997132691	0.00445551871641	  (0, 0)	0.104945747731	  (0, 0)	0.116964840219
SNPs##intergenic_1761833_T_C_none_none	0.000242162186248	0.00478547106018	  (0, 0)	0.0968489949219	  (0, 0)	0.0711459910625
SNPs##PA14_55960,pctC_4996378_A_G_E_E	0.000241009944779	0.00540397568332	  (0, 0)	0.234346506656	  (0, 0)	0.122393655834
SNPs##PA14_08300,JF1_708550_C_T_T_I	0.000240311145822	0.00313105689643	  (0, 0)	0.0823265691248	  (0, 0)	0.0478491750424
SNPs##PA14_09400,phzS_806015_A_G_H_H	0.000239743089432	0.00389543045486	  (0, 0)	0.13059929351	  (0, 0)	0.0946942573083
SNPs##PA14_71970,wbpW_6415219_A_G_A_A	0.000238951693708	0.00473772893948	  (0, 0)	0.527086137526	  (0, 0)	0.171444735862
SNPs##PA14_23670_2058683_C_T_Q_Q	0.000238245361242	0.00458443178746	  (0, 0)	0.2482674016	  (0, 0)	0.134334119655
SNPs##PA14_17580_1510290_C_T_G_G	0.00023325553157	0.00445334212232	  (0, 0)	0.159042906293	  (0, 0)	0.112509879002
SNPs##PA14_59660_5308790_G_A_Q_Q	0.000232323744623	0.00495487677434	  (0, 0)	0.498862089645	  (0, 0)	0.134807693176
SNPs##PA14_47730,cobD_4247839_T_C_E_E	0.000229439659229	0.00471032074228	  (0, 0)	0.224530326751	  (0, 0)	0.119084412971
SNPs##PA14_33740,pvdP_2996750_C_T_R_R	0.000229120379544	0.00428542168603	  (0, 0)	0.163756603497	  (0, 0)	0.131392429746
SNPs##intergenic_1993631_A_T_none_none	0.000228311627541	0.0042855191221	  (0, 0)	0.0641024113168	  (0, 0)	0.0754416628576
SNPs##PA14_52890_4688975_G_T_T_T	0.000226800331521	0.00430221179797	  (0, 0)	0.136216842073	  (0, 0)	0.0896697465136
SNPs##PA14_49710,yedU_4422773_C_G_N_K	0.000225994720359	0.00453617779639	  (0, 0)	0.507102922849	  (0, 0)	0.150570477019
SNPs##PA14_31150_2708453_G_C_G_G	0.000220851502592	0.00408893592225	  (0, 0)	0.393773036338	  (0, 0)	0.0495951341719
SNPs##PA14_65950_5874989_T_C_H_H	0.000220676552922	0.00383043542796	  (0, 0)	0.0372255357825	  (0, 0)	0.0653477760186
SNPs##PA14_33280,pvdL_2921884_A_G_L_L	0.000219909717412	0.00438837129887	  (0, 0)	0.510238053662	  (0, 0)	0.140862775739
SNPs##PA14_08450_723200_G_T_R_R	0.000219748578525	0.0043162471112	  (0, 0)	0.250047022354	  (0, 0)	0.139354954694
SNPs##intergenic_3999747_T_C_none_none	0.000219566963453	0.00404117102131	  (0, 0)	0.114537832274	  (0, 0)	0.0997767654514
SNPs##PA14_58570,piuA_5217531_G_C_Q_E	0.000219045746448	0.00404184584364	  (0, 0)	0.416325841901	  (0, 0)	0.10252213597
SNPs##PA14_25110,topA_2196953_G_A_L_L	0.000218340331275	0.00409540312369	  (0, 0)	0.135044966976	  (0, 0)	0.0886022684171
SNPs##PA14_38140_3402456_T_C_V_V	0.000217092880148	0.00529529881202	  (0, 0)	0.0233219325054	  (0, 0)	0.0663432659983
SNPs##PA14_30430_2634963_C_T_R_R	0.000216362087482	0.00418869271358	  (0, 0)	0.31053060697	  (0, 0)	0.142602330582
SNPs##PA14_26750_2331449_C_T_V_V	0.000215497108481	0.0048346749637	  (0, 0)	0.0138920348877	  (0, 0)	0.0433415014461
SNPs##PA14_48890_4347195_T_G_M_L	0.000215432257048	0.0050450897223	  (0, 0)	0.118218240759	  (0, 0)	0.0978273451722
SNPs##PA14_51010_4532787_C_G_S_T	0.000213840984154	0.00356315736537	  (0, 0)	0.153744346	  (0, 0)	0.127047841719
SNPs##PA14_58760,pilC_5236858_A_G_E_E	0.0002138236322	0.00397298924577	  (0, 0)	0.110162277435	  (0, 0)	0.0899328983356
SNPs##PA14_39590,metE_3524307_T_C_E_E	0.000213734993137	0.00477924713563	  (0, 0)	0.321675980763	  (0, 0)	0.142188298325
SNPs##PA14_66550,hemE_5936701_T_G_G_G	0.000213599904328	0.00477856504056	  (0, 0)	0.499813405576	  (0, 0)	0.157213880303
SNPs##PA14_70510_6282663_G_A_L_L	0.000213334592316	0.00477765648634	  (0, 0)	0.0970721142609	  (0, 0)	0.0979532322653
SNPs##PA14_66490,ynfL_5930757_G_A_R_R	0.000211782805975	0.00398012287685	  (0, 0)	0.318333065756	  (0, 0)	0.14836847384
SNPs##PA14_24300_2110736_T_C_S_S	0.000210625809487	0.00366085383687	  (0, 0)	0.0891808337976	  (0, 0)	0.0927916540679
SNPs##PA14_61200_5461420_A_G_N_N	0.00021027065503	0.00536605417285	  (0, 0)	0.467296633265	  (0, 0)	0.102595199331
SNPs##intergenic_5307080_A_G_none_none	0.000209953515367	0.00487885983676	  (0, 0)	0.456639705681	  (0, 0)	0.0803591194984
SNPs##PA14_58900_5248696_T_C_I_I	0.000208428544025	0.00395835236714	  (0, 0)	0.502809210895	  (0, 0)	0.158632362677
SNPs##PA14_23260,gyrA_2015001_C_T_T_I	0.000207777558981	0.00396062995629	  (0, 0)	0.533021237152	  (0, 0)	0.07927042177
SNPs##PA14_63100_5630926_G_A_A_T	0.000207650062128	0.00404842478884	  (0, 0)	0.0170895045485	  (0, 0)	0.0675220362956
SNPs##PA14_69550_6204144_A_G_G_G	0.000207421792629	0.00388319554872	  (0, 0)	0.500638924104	  (0, 0)	0.126389835234
SNPs##PA14_01970_179335_G_T_G_G	0.000207274768034	0.00422435179217	  (0, 0)	0.249515315745	  (0, 0)	0.123046824058
SNPs##PA14_31280_2720733_T_C_T_A	0.000207157193422	0.00279011926569	  (0, 0)	0.0423629769007	  (0, 0)	0.0365439357252
SNPs##PA14_55780_4982315_T_C_G_G	0.000204097298232	0.00374499557111	  (0, 0)	0.504261690041	  (0, 0)	0.132112035457
SNPs##intergenic_3236533_C_A_none_none	0.0002035543596	0.00460686186235	  (0, 0)	0.0912666845138	  (0, 0)	0.0901332700838
SNPs##PA14_30910,trbE_2686026_G_A_Y_Y	0.000200647675974	0.0036135100077	  (0, 0)	0.477435041975	  (0, 0)	0.111258633064
SNPs##PA14_27770,yadG_2408581_G_A_K_K	0.000199613521073	0.00410820581457	  (0, 0)	0.513791048953	  (0, 0)	0.137305947155
SNPs##PA14_37190,ada_3313731_G_A_P_L	0.000197504840001	0.00441915504424	  (0, 0)	0.297421869601	  (0, 0)	0.151906085421
SNPs##PA14_30910,trbE_2686257_C_G_R_R	0.000197070904694	0.00443537437176	  (0, 0)	0.474507748537	  (0, 0)	0.0962833268494
SNPs##PA14_67670,ntrB_6045031_C_T_L_L	0.000196511888461	0.00387869373333	  (0, 0)	0.233199820956	  (0, 0)	0.147426018829
SNPs##PA14_31130_2707864_T_C_E_E	0.000195848168788	0.0040152854795	  (0, 0)	0.439745261202	  (0, 0)	0.089836112817
SNPs##PA14_08300,JF1_708468_A_G_S_G	0.000194339007843	0.00307006274959	  (0, 0)	0.126921582577	  (0, 0)	0.0419882652517
SNPs##PA14_06870,dnr_596080_A_C_G_G	0.000192667977681	0.00356505194661	  (0, 0)	0.0238332938196	  (0, 0)	0.0624521067739
SNPs##PA14_31190_2712267_G_C_Q_E	0.000192614512918	0.00321778145522	  (0, 0)	0.0709868324885	  (0, 0)	0.0708380721375
SNPs##PA14_08130,gpU_698974_T_C_L_L	0.000191581273746	0.00428179264963	  (0, 0)	0.505471786731	  (0, 0)	0.128155452678
SNPs##intergenic_4160451_G_C_none_none	0.000190422616593	0.00310213630218	  (0, 0)	0.518376717807	  (0, 0)	0.136344173972
SNPs##PA14_10010_860852_A_G_H_R	0.000190345238598	0.00407704574554	  (0, 0)	0.0256421711001	  (0, 0)	0.0715975121878
SNPs##PA14_38530,fahA_3437395_A_G_Q_Q	0.00019009039264	0.00429385981009	  (0, 0)	0.50262642109	  (0, 0)	0.156510061994
SNPs##PA14_17580_1510266_C_G_T_T	0.000189746319394	0.00374825886934	  (0, 0)	0.0916070398601	  (0, 0)	0.0805100926248
SNPs##PA14_16660,cadA_1425018_T_C_E_E	0.000189584581769	0.0042865056925	  (0, 0)	0.50908431374	  (0, 0)	0.15327186476
SNPs##PA14_58910_5252012_C_T_L_L	0.000189073478141	0.00356264633605	  (0, 0)	0.0832599983166	  (0, 0)	0.0783477903741
SNPs##intergenic_4649590_C_T_none_none	0.00018902291773	0.00425719363653	  (0, 0)	0.457885973104	  (0, 0)	0.0890457251347
SNPs##PA14_30870,trbF_2681249_G_A_L_F	0.000188794832204	0.00292271425288	  (0, 0)	0.0221208465992	  (0, 0)	0.0383703166151
SNPs##PA14_61200_5461183_C_T_Q_Q	0.000187917823188	0.00325212547921	  (0, 0)	0.0360022064559	  (0, 0)	0.0804939812471
SNPs##PA14_59990_5342561_A_G_K_K	0.000184262862003	0.0041661026549	  (0, 0)	0.49174494005	  (0, 0)	0.111398160167
SNPs##PA14_27770,yadG_2408554_C_T_D_D	0.000180591887127	0.00431819386654	  (0, 0)	0.516250675451	  (0, 0)	0.135774525626
SNPs##PA14_24010,xcpS_2086768_G_T_E_D	0.000180192917639	0.00394157403317	  (0, 0)	0.0282555478379	  (0, 0)	0.0394821967148
SNPs##PA14_60550_5396345_T_C_R_R	0.000180126952637	0.00407005554433	  (0, 0)	0.278514037036	  (0, 0)	0.17924067877
SNPs##PA14_52260,lemA_4638417_G_A_P_P	0.000179927621066	0.00423152302019	  (0, 0)	0.0314472912031	  (0, 0)	0.0691570586424
SNPs##PA14_47790,cobO_4250537_C_T_A_A	0.000179823167764	0.00403668174939	  (0, 0)	0.176467733687	  (0, 0)	0.130872560767
SNPs##PA14_06840,norD_595525_A_G_G_G	0.000179480018442	0.0040100519304	  (0, 0)	0.018641642252	  (0, 0)	0.0585061181885
SNPs##PA14_58960_5255181_G_T_G_V	0.000179058145976	0.00390620490978	  (0, 0)	0.0795699855157	  (0, 0)	0.109164767385
SNPs##PA14_21380_1851919_C_G_H_D	0.000178881098039	0.00315366461065	  (0, 0)	0.238869289841	  (0, 0)	0.105034414456
SNPs##PA14_03285_297453_C_T_L_L	0.000177928285401	0.00324658861029	  (0, 0)	0.0738565961495	  (0, 0)	0.0572683673469
SNPs##PA14_36570,glgA_3254829_G_C_G_G	0.000177920009122	0.00413159852445	  (0, 0)	0.131112364217	  (0, 0)	0.120688350522
SNPs##PA14_59570_5301816_C_A_S_R	0.000177571122057	0.00284485535861	  (0, 0)	0.0445333745138	  (0, 0)	0.0582720106746
SNPs##PA14_14300_1220499_T_C_H_R	0.000177172873273	0.00323222991773	  (0, 0)	0.0486265342735	  (0, 0)	0.0801182768189
