feature	score	p-value	#I-out-of-1	#O-out-of-475
CCCC	0.000468260881062	0.982735654938	0.0248981044962	13.5652097231
GGCG	0.000464350127774	0.982807887815	0.189463335084	85.6439958611
CAAA	0.000375233741348	0.98454518383	0.00618288103208	3.75571234577
GCCC	0.000323738236171	0.985644655236	0.0700381496142	35.6105130907
CCAC	0.000313871880721	0.985865073713	0.0441842296093	22.8343837491
CACC	0.000313442807384	0.985874737465	0.0658671712774	33.5231792328
GAGG	0.000302489178873	0.986123718916	0.0562750532023	24.8393384255
CCTC	0.000269442354008	0.986903552962	0.0464500460691	23.8111759821
GGGC	0.000267179294176	0.986958662873	0.0821160349262	36.8404348545
CTCC	0.000263995944278	0.987036580337	0.0340390000215	17.658004157
GGTG	0.000256952341903	0.98721067119	0.0776701181181	34.8292160121
CGCC	0.000240179217527	0.987635106223	0.168918962144	83.3227932498
GGCGG	0.000234755777795	0.987775496914	0.0522738898035	23.2192037823
GGGCG	0.000232632172617	0.98783090976	0.0352260873031	15.4253350929
CGCCC	0.000227597456487	0.987963304062	0.0280081437911	14.5596776355
GCGG	0.000226314958841	0.987997262426	0.132866442142	60.5573144344
AAAC	0.000225632665221	0.988015367628	0.0120536260351	6.56505882473
GCCA	0.000222004063084	0.988112118865	0.0840697153569	42.0407542287
AAAA	0.00022191066192	0.988114619668	0.010458982902	5.74704476442
CAAC	0.000218406771821	0.988208819088	0.0395345348755	20.2289802429
CACA	0.000218202437723	0.988214335695	0.0119824654896	6.51410914254
CAGC	0.000215479323452	0.988288102404	0.105188224516	52.2799540167
GGGG	0.000208009234791	0.988492888702	0.0324540605992	14.2286409812
GGTATACTA	0.00020229998305	0.988651895094	7.00961563169e-06	0.000101436224775
GCAC	0.000200122416438	0.988713132014	0.0461476137508	23.4134434465
TGGCG	0.000195968510603	0.988830878303	0.0408413012564	18.1001360283
ACAC	0.00019410073333	0.988884228766	0.0135059480771	7.23268914562
ACGC	0.000188901128388	0.989034115568	0.0487821712191	24.6605303496
GTGG	0.000186736830927	0.989097112339	0.0531067916428	23.7720108557
CACG	0.000180162292304	0.989290752132	0.0365894586633	18.6443751523
GCTGG	0.000176667061423	0.989395136895	0.0472295774993	21.1018466454
AATC	0.000174822105212	0.989450652936	0.0121312557211	6.49758095866
CCAA	0.000174301265595	0.989466378341	0.0208597435396	10.857401348
CCCCC	0.00017328415955	0.989497155126	0.003849138597	2.26000989967
GGAG	0.000172704039585	0.98951474954	0.0412569435334	18.368144383
CGCCA	0.000170539699117	0.989580653912	0.0341586791207	17.4142510927
TAGCATAGT	0.000168979524851	0.989628421165	1.03480589388e-05	0.000259693195877
GCCCC	0.000166970127532	0.989690268253	0.0095047846784	5.15475859279
CCCA	0.000166915877135	0.989691943167	0.0340551728727	17.3502229645
CTGG	0.00016535728487	0.989740179587	0.114584651092	52.3968243848
CCCTC	0.000161897569164	0.989848072512	0.00788103041311	4.32042307202
AAAT	0.000160619589759	0.989888218148	0.00893388302935	4.85261714594
AACGC	0.000159972141448	0.989908617643	0.0109603412907	5.87492943918
CTCA	0.000159475746905	0.989924285785	0.0186925814723	9.73870427983
GCCAC	0.000157827816758	0.989976476518	0.0165545305374	8.67039980097
CCGC	0.000156512285482	0.990018335935	0.119955654991	59.0767639478
AGGG	0.000156295488832	0.990025251138	0.0441842296093	19.7745179159
CCTCC	0.00015532985109	0.990056110688	0.00897754972772	4.8639464221
CATC	0.000155262093379	0.990058279665	0.0512614693154	25.7280418554
AACC	0.000153380803899	0.990118691365	0.0261709078894	13.420981294
CCCG	0.000153301442349	0.990121247934	0.0602535746092	30.102471868
CCGCC	0.000152316028033	0.990153047576	0.0442747975763	22.3020472045
GCAA	0.000148989895998	0.990261149797	0.0373431135314	18.8955116169
GAGGG	0.000148578876936	0.990274591712	0.0108697733237	4.59311919964
CGGG	0.000147798082581	0.990300178025	0.0684079262084	31.016507961
GCTG	0.000147482397182	0.990310542091	0.116434825274	53.3708240887
TGGC	0.000146656233185	0.990337717982	0.0943556487506	43.0845976199
TAAA	0.000145556922812	0.990373997754	0.00278981684027	1.66470672385
GAAA	0.000144841080521	0.990397695902	0.0242705978678	12.4551280474
GGAGG	0.000143519062451	0.990441616139	0.0121037618739	5.15573838064
CCAGC	0.000142772913084	0.990466494143	0.040525930657	20.4280007537
CGAGG	0.000140003299537	0.990559411598	0.0323974556198	14.4088103223
CGAG	0.00013968765645	0.990570059201	0.0825397636289	37.6246377598
AACG	0.00013790016543	0.990630585043	0.0306200592677	15.5549207039
ACTC	0.000136756180745	0.990669527341	0.0157410361196	8.20788192434
CCACC	0.000134046498701	0.990762422472	0.0209422250809	10.7767189109
AGGGCG	0.000132618496117	0.990811756169	0.0111625019313	4.75428894917
GCGGG	0.000132363996564	0.990820576294	0.0265008340548	11.728214254
AAAG	0.0001319892255	0.990833580092	0.0122541693905	6.45761976288
CCCT	0.0001305377087	0.990884119873	0.0381194103913	19.1988726784
GGTGG	0.000130047002351	0.990901269085	0.0255272284097	11.2894015165
GTAATTTAG	0.000129110522329	0.990934087246	1.24261806107e-05	0.000468966220449
GTTG	0.000127974710343	0.990974050983	0.0461912804492	20.8147608397
CACT	0.00012713272763	0.991003790888	0.0140461213088	7.33823320219
CAAAG	0.000122654355545	0.991163654854	0.00198926070349	1.21070424556
TGTGTCTTA	0.000121898440442	0.991190924891	9.62628544628e-06	0.00030490995677
CCCCT	0.000121853141643	0.991192561751	0.00446694151468	2.50274048747
GTTGC	0.000120159147054	0.991253993766	0.0190063347866	8.33739580137
CGCAC	0.000118211021361	0.991325179642	0.0119258605102	6.25813471408
CACCC	0.000118157359105	0.991327148768	0.0126795153784	6.63352039113
CCCGC	0.00011813669711	0.991327907076	0.0219514109988	11.2212184704
AGGGC	0.000117605715693	0.991347417207	0.0231449674209	10.2367941039
CTCCA	0.000116583335506	0.991385107526	0.0112870328859	5.93518583485
TCAC	0.000115948503604	0.991408593996	0.0246474253018	12.5393745308
TAGCATATC	0.000114363353793	0.991467521058	9.40312315674e-06	0.000308811387899
CGCA	0.000114048289194	0.991479281967	0.0588594748317	29.2176124793
TCAAA	0.000112480141252	0.991538061853	0.00109813659973	0.717565988742
CCCCG	0.000112154710628	0.991550311418	0.0110864895304	5.82360787865
GCAGGG	0.000110367605589	0.991617899122	0.00861204328952	3.65261292635
ATTAGGTTA	0.000109186863815	0.991662855011	9.49054929633e-06	0.000327484631589
CCGCCC	0.000109027212562	0.991668952237	0.00666483199927	3.59784876497
AGCC	0.000108477730677	0.991689971652	0.0538847057878	26.7709047764
GGCGAG	0.000107684914497	0.991720393424	0.0131275033579	5.69520927192
GGCGGG	0.00010656005149	0.991763749265	0.00882714221111	3.75634036483
CCCCCC	0.00010637842655	0.991770771096	0.000632358483794	0.451523609997
GAGGGC	0.00010552790968	0.991803733122	0.00551979413091	2.28319364441
TCCA	0.000103705053771	0.991874828891	0.0422014380463	21.065367708
GGGTG	0.000102958556122	0.991904124314	0.0159383449048	6.98555551219
TACTATGTA	0.000102373068469	0.991927175487	9.86599288827e-06	0.000372777395792
AACA	0.000101700291308	0.991953744877	0.0232533255243	11.8011121123
