feature	score	p-value	#I-out-of-2	#O-out-of-424
PA14_33610_2970630_T_A_D_E	424.0	3.28706778849e-94	2.0	0.0
PA14_05580_495590_T_C_A_A	424.0	3.28706778849e-94	2.0	0.0
PA14_05540,mexB_488082_G_T_V_V	424.0	3.28706778849e-94	2.0	0.0
PA14_37510_3338757_G_T_G_G	281.33490566	3.84325760478e-63	2.0	1.0
PA14_34190,msuD_3040159_G_A_R_R	281.33490566	3.84325760478e-63	2.0	1.0
intergenic_6246932_G_T_none_none	212.0	5.02958444225e-48	1.0	0.0
PA14_62490,dksA_5574739_C_T_I_I	212.0	5.02958444225e-48	1.0	0.0
intergenic_3249837_C_A_none_none	212.0	5.02958444225e-48	1.0	0.0
PA14_61710,hemA_5506734_C_T_V_V	212.0	5.02958444225e-48	1.0	0.0
PA14_39870,apaH_3555216_G_A_A_T	212.0	5.02958444225e-48	1.0	0.0
PA14_21410,phoA_1857663_G_C_S_C	212.0	5.02958444225e-48	1.0	0.0
intergenic_4264435_G_A_none_none	212.0	5.02958444225e-48	1.0	0.0
PA14_37790,pcoA_3370340_G_A_G_D	212.0	5.02958444225e-48	1.0	0.0
PA14_39925,phzD2_3559213_G_A_L_L	212.0	5.02958444225e-48	1.0	0.0
PA14_09750_839491_A_G_Y_H	212.0	5.02958444225e-48	1.0	0.0
PA14_15080_1280133_G_A_G_S	212.0	5.02958444225e-48	1.0	0.0
PA14_26560_2314265_C_T_R_C	212.0	5.02958444225e-48	1.0	0.0
PA14_40370_3608830_A_G_V_A	212.0	5.02958444225e-48	1.0	0.0
PA14_00940_94664_G_T_V_V	212.0	5.02958444225e-48	1.0	0.0
PA14_08780,rpoC_751271_C_T_G_G	212.0	5.02958444225e-48	1.0	0.0
PA14_27990_2422160_A_G_Y_C	212.0	5.02958444225e-48	1.0	0.0
PA14_58900_5247860_C_T_R_W	212.0	5.02958444225e-48	1.0	0.0
intergenic_3154585_C_T_none_none	212.0	5.02958444225e-48	1.0	0.0
PA14_58070_5166691_G_A_G_G	212.0	5.02958444225e-48	1.0	0.0
PA14_40240_3586547_T_C_T_A	212.0	5.02958444225e-48	1.0	0.0
PA14_44920_4005220_T_C,G_none_none	212.0	5.02958444225e-48	1.0	0.0
PA14_37420_3331041_G_A_L_L	212.0	5.02958444225e-48	1.0	0.0
intergenic_3356535_A_AACTGCGCCTGGCCGCCGGCAAACACCGGGGTCGCTTT_none_none	212.0	5.02958444225e-48	1.0	0.0
PA14_66410_5925686_G_A_V_I	212.0	5.02958444225e-48	1.0	0.0
intergenic_2278353_C_T_none_none	212.0	5.02958444225e-48	1.0	0.0
PA14_03480_319213_C_T_A_T	212.0	5.02958444225e-48	1.0	0.0
PA14_47930_4267685_C_T_N_N	212.0	5.02958444225e-48	1.0	0.0
PA14_73040,amiA_6504723_G_A_R_C	212.0	5.02958444225e-48	1.0	0.0
PA14_00570_59554_C_T_A_A	212.0	5.02958444225e-48	1.0	0.0
PA14_05010_441547_C_T_R_R	212.0	5.02958444225e-48	1.0	0.0
PA14_40080_3572704_ATCGACTCTCCTT_AACCCGCGACGCGGTCGACTCTCCTT,AACCCGCGACGCGGTTCGACTCTCCTT_none_none	212.0	5.02958444225e-48	1.0	0.0
PA14_66520_5934009_G_A_N_N	212.0	5.02958444225e-48	1.0	0.0
PA14_43650_3886003_G_A_G_S	212.0	5.02958444225e-48	1.0	0.0
intergenic_2908310_T_C_none_none	212.0	5.02958444225e-48	1.0	0.0
PA14_21470_1861599_G_T_S_S	212.0	5.02958444225e-48	1.0	0.0
PA14_04870_429337_T_C_K_K	212.0	5.02958444225e-48	1.0	0.0
intergenic_385296_C_T_none_none	212.0	5.02958444225e-48	1.0	0.0
PA14_65560,serB_5840100_C_T_D_N	212.0	5.02958444225e-48	1.0	0.0
PA14_30050,aceA_2603635_G_A_N_N	212.0	5.02958444225e-48	1.0	0.0
intergenic_454722_GGACGCATGACTC_GACGCATGACTC_none_none	212.0	5.02958444225e-48	1.0	0.0
PA14_28420_2455676_C_T_M_I	212.0	5.02958444225e-48	1.0	0.0
PA14_61610_5498674_C_T_R_C	212.0	5.02958444225e-48	1.0	0.0
PA14_61670,moeB_5503096_G_A_S_S	212.0	5.02958444225e-48	1.0	0.0
PA14_21730,fecA_1890960_G_A_R_H	212.0	5.02958444225e-48	1.0	0.0
PA14_46800_4168106_G_A_A_A	212.0	5.02958444225e-48	1.0	0.0
intergenic_5743010_AC_AGGCGTTATCCGCCGCCACAC_none_none	212.0	5.02958444225e-48	1.0	0.0
PA14_56720_5053489_C_G_P_P	212.0	5.02958444225e-48	1.0	0.0
PA14_37400_3329307_C_T_R_R	212.0	5.02958444225e-48	1.0	0.0
PA14_32520_2825203_C_T_P_S	212.0	5.02958444225e-48	1.0	0.0
PA14_13450,fecR_1157789_C_T_G_S	212.0	5.02958444225e-48	1.0	0.0
PA14_32540_2826968_C_T_Y_Y	212.0	5.02958444225e-48	1.0	0.0
PA14_53190,bolA_4715362_C_T_A_T	212.0	5.02958444225e-48	1.0	0.0
PA14_07630_656219_T_G_M_L	212.0	5.02958444225e-48	1.0	0.0
intergenic_1553470_C_T_none_none	212.0	5.02958444225e-48	1.0	0.0
PA14_73000_6500916_C_T_V_M	212.0	5.02958444225e-48	1.0	0.0
intergenic_342829_GG_G,GCTCCGGCCGGACG,GCTCCGGCCG_none_none	212.0	5.02958444225e-48	1.0	0.0
PA14_37030,cupA3_3299356_T_C_I_V	212.0	5.02958444225e-48	1.0	0.0
PA14_16930,csdA_1451905_C_A_G_V	212.0	5.02958444225e-48	1.0	0.0
PA14_68700,ompR_6125445_C_T_L_L	212.0	5.02958444225e-48	1.0	0.0
PA14_61720_5507729_G_A_E_K	212.0	5.02958444225e-48	1.0	0.0
PA14_09700,pqsL_833906_G_A_T_M	212.0	5.02958444225e-48	1.0	0.0
intergenic_4416774_GCAA_GACGACATTCAA_none_none	212.0	5.02958444225e-48	1.0	0.0
PA14_12630_1083687_G_A_G_G	212.0	5.02958444225e-48	1.0	0.0
PA14_43790_3899977_G_A_R_H	212.0	5.02958444225e-48	1.0	0.0
PA14_39830_3550704_C_T_Y_Y	212.0	5.02958444225e-48	1.0	0.0
PA14_58660,ampE_5228279_G_A_P_S	212.0	5.02958444225e-48	1.0	0.0
PA14_62330,phuS_5560594_G_A_A_A	212.0	5.02958444225e-48	1.0	0.0
PA14_27990_2422169_A_G_Y_C	212.0	5.02958444225e-48	1.0	0.0
PA14_58330_5194120_C_A_S_S	212.0	5.02958444225e-48	1.0	0.0
PA14_58250_5187412_G_A_S_S	212.0	5.02958444225e-48	1.0	0.0
PA14_32660_2836567_C_T_L_L	212.0	5.02958444225e-48	1.0	0.0
intergenic_227364_C_T_none_none	212.0	5.02958444225e-48	1.0	0.0
intergenic_5483578_CCG_CCGCAGCG_none_none	212.0	5.02958444225e-48	1.0	0.0
intergenic_5482491_TC_T_none_none	212.0	5.02958444225e-48	1.0	0.0
intergenic_4355655_C_CATCTGGCCATCTGGGCG_none_none	212.0	5.02958444225e-48	1.0	0.0
PA14_49030_4353936_G_A_R_K	212.0	5.02958444225e-48	1.0	0.0
PA14_47930_4267619_G_A_L_L	212.0	5.02958444225e-48	1.0	0.0
PA14_49840,dgt_4432417_T_G_D_A	212.0	5.02958444225e-48	1.0	0.0
PA14_13940_1196554_A_C_K_Q	212.0	5.02958444225e-48	1.0	0.0
intergenic_2187581_T_A_none_none	212.0	5.02958444225e-48	1.0	0.0
PA14_50360,flgK_4477741_G_T_L_M	212.0	5.02958444225e-48	1.0	0.0
PA14_49260,napB_4375838_C_G_A_G	212.0	5.02958444225e-48	1.0	0.0
PA14_17960,glpK_1544062_C_T_E_E	212.0	5.02958444225e-48	1.0	0.0
intergenic_4746913_C_T_none_none	212.0	5.02958444225e-48	1.0	0.0
PA14_70300_6269343_G_A_S_N	212.0	5.02958444225e-48	1.0	0.0
PA14_32905_2879152_C_T_A_A	212.0	5.02958444225e-48	1.0	0.0
PA14_08640_740418_C_T_V_V	212.0	5.02958444225e-48	1.0	0.0
PA14_31200_2713353_G_C_R_G	212.0	5.02958444225e-48	1.0	0.0
intergenic_5390408_T_C_none_none	212.0	5.02958444225e-48	1.0	0.0
PA14_16250,lasB_1388899_G_C_S_T	212.0	5.02958444225e-48	1.0	0.0
PA14_26280_2293347_A_AGGGCCACCTGAGC_none_none	212.0	5.02958444225e-48	1.0	0.0
PA14_41800_3732213_G_A_L_F	212.0	5.02958444225e-48	1.0	0.0
PA14_47140,pfuA_4200446_A_C_L_R	212.0	5.02958444225e-48	1.0	0.0
PA14_49030_4353880_G_A_G_G	212.0	5.02958444225e-48	1.0	0.0
PA14_33730_2994511_C_G_L_L	212.0	5.02958444225e-48	1.0	0.0
