feature	score	p-value	#I-out-of-2	#O-out-of-424
PA14_31010	21.1892664927	4.16088229846e-06	13.9631664781	916.14075424
PA14_31000	19.3349756466	1.09678818907e-05	9.6421227884	541.325077495
PA14_48950	18.9590325152	1.33555495005e-05	12.9436672408	865.273218397
PA14_48940,coaB	17.9029723782	2.32457770681e-05	11.0232251228	697.296415745
PA14_31030	15.9743077083	6.42079782959e-05	10.3052792553	668.517207585
PA14_20530	15.3561855124	8.90289793775e-05	6.72743172485	349.42861613
PA14_31050	14.9620533878	0.000109695068657	11.8261436966	851.919572713
PA14_31060	12.8301531366	0.000341077839254	12.5292967983	998.170865604
PA14_31040	12.3527957038	0.000440326582978	9.53567943561	678.876697645
PA14_49010	11.611916498	0.000655305914345	4.85203026392	244.75412576
PA14_31240	10.5802434406	0.00114302607069	10.2216503322	810.333858954
PA14_24360	9.76517586466	0.00177848502091	9.59185425926	766.183367839
PA14_49000	9.69018569253	0.00185254817378	3.85014760171	188.167063211
PA14_07300	9.32271512377	0.00226330369798	10.3985800573	878.811196262
PA14_14560	8.38604135244	0.00378113515014	2.94443897917	132.858923005
PA14_27990	8.20978797007	0.00416650194357	14.2736440146	1436.80792788
PA14_63440	7.17882225811	0.00737691165991	5.32787616879	371.855726175
PA14_48960	6.8872193784	0.008681420926	5.77144112313	427.851575362
PA14_23370,orfK	6.4986968262	0.0107953589896	7.1483457439	600.487739774
PA14_60320,pilE	6.31103194382	0.0119988980459	6.25958146406	502.219693694
PA14_48970	6.26444241282	0.0123184931532	8.66888370466	800.903246932
PA14_31280	6.00484541263	0.0142666439315	9.58987209806	935.931754412
PA14_48990	5.97958325121	0.0144724215728	5.66988092298	445.636414196
PA14_49020	5.07090200314	0.0243307199605	11.0270525826	1197.77773832
PA14_48910	4.92665892502	0.0264454002117	8.27384693278	822.531845606
PA14_46570	4.90406593261	0.026793538825	6.06842558824	535.878645076
PA14_15430,tnpR	4.83543028604	0.0278806824912	0.0	1025.11122064
PA14_23360,wzz	4.74466355635	0.029389299855	7.88983375139	781.541773574
PA14_48930	4.66731431233	0.0307419653459	5.94017125272	530.655872093
PA14_46610	4.58909235894	0.0321760488517	4.07753744391	310.883901157
PA14_32810	4.46315963826	0.0346333790123	0.0	946.189843311
PA14_46620	4.3622156925	0.0367444842728	5.8550719222	534.421498724
PA14_59390	4.34741786128	0.0370651026016	0.0	921.652586591
PA14_23350,orfA	4.17766137905	0.0409601841595	5.3082676974	473.88769748
PA14_30870,trbF	4.1691292591	0.0411669512996	6.29156913956	601.109159652
PA14_29330	4.0852337237	0.0432594680224	0.0	866.069549424
PA14_13950	4.0789778415	0.0434199176777	8.05579245098	847.626921079
PA14_32820	3.94220248595	0.0470890874346	0.0	835.746927022
PA14_48920	3.90704513114	0.0480840701566	4.2341065046	353.379597527
PA14_13870	3.78380911528	0.0517507239786	6.88346258641	704.095775693
PA14_46600	3.75126624958	0.0527675226997	4.35670882669	374.628068581
PA14_30970,bphR	3.69509274222	0.0545727483563	10.0455078126	1168.71431158
PA14_04710	3.63994383538	0.0564088371645	0.0	771.668093102
PA14_23380,orfH	3.56134707276	0.0591397274574	6.13988455223	616.190212133
PA14_13920	3.54803387382	0.0596160507366	3.58351893846	289.878913057
PA14_03350	3.52958805137	0.0602827640828	0.0	748.272666891
PA14_32140,antC	3.50908244625	0.0610332487794	0.0	743.925478605
PA14_43100	3.46901651706	0.0625284769365	1.09861228867	1154.97622003
PA14_15650	3.45521595904	0.0630524976772	0.0	732.505783316
PA14_32590,dipZ2	3.43664613609	0.0637650109802	12.3597889453	1552.51246343
PA14_31070	3.37240634207	0.0662968544465	8.0455882808	899.951988396
PA14_48980	3.35056767011	0.0671818415816	6.86380339145	731.11084451
PA14_48900	3.3319703093	0.067945433357	2.77258872224	204.837885136
PA14_37520	3.32123541987	0.0683904184938	0.0	704.101909012
PA14_13910	3.31383038334	0.0686991898467	4.31748811354	389.388330201
PA14_28750	3.24069875589	0.0718299969598	0.69314718056	958.900155556
PA14_35850	3.2254107781	0.0725036040823	7.55485852104	840.241616534
PA14_38180	3.17946240427	0.0745692600013	0.69314718056	945.598751688
PA14_13940	3.17794044811	0.0746387530098	13.7559091625	1808.29917738
PA14_15630	3.17399307752	0.0748193155722	0.0	672.886532433
PA14_15660	3.13904632211	0.0764384906828	0.0	665.477820288
PA14_47550	3.09160043231	0.0786973703087	5.06890420222	2305.10993808
PA14_28010	3.08869041384	0.0788382342629	3.17805383035	1743.06768382
PA14_53620	3.07178458356	0.0796619776397	8.93089098445	1059.29396808
PA14_59220	2.98071250618	0.0842621711587	1.38629436112	1145.03123695
PA14_48620	2.94020312265	0.0863998674086	0.69314718056	893.53464031
PA14_59630	2.88636194007	0.089332440484	0.0	611.908731295
PA14_63460	2.87247528249	0.0901061881927	8.09070871608	950.997861225
PA14_28810	2.84399201948	0.0917160958898	0.69314718056	872.552177069
PA14_69510	2.8301280098	0.0925109852967	7.06817200039	801.807101901
PA14_03360	2.82188965024	0.0929868732051	0.0	598.240605851
PA14_32790	2.79541029642	0.0945345657252	8.10167774745	3067.65890623
PA14_03320	2.76690710511	0.0962319394426	0.0	586.584306283
PA14_30910,trbE	2.7561795278	0.0968793434442	8.55487425838	1033.37172433
PA14_14420	2.65332422959	0.103333603915	6.36302810354	712.892344058
PA14_08240	2.63396944028	0.104599913468	12.1714812008	1624.39355268
PA14_35840	2.62588073018	0.105134154599	7.46336304552	879.537153925
PA14_59610	2.59450884898	0.107234677379	0.0	550.035875985
PA14_28820	2.58952625737	0.107572506574	0.0	548.979566562
PA14_34750,tauD	2.57607269373	0.108490534938	0.69314718056	813.957895492
PA14_51530,exoU	2.56617542434	0.109171386494	10.6908079031	1392.68067988
PA14_08250	2.51924992239	0.112464068019	7.62461898616	914.603918591
PA14_53570	2.48002355251	0.115300526216	0.69314718056	792.884961595
PA14_37850,yejE	2.47474940997	0.115687879906	0.69314718056	791.726694459
PA14_03265	2.46916376835	0.116099678145	0.0	523.462718891
PA14_19270	2.46431722477	0.116458298394	1.38629436112	1026.81076293
PA14_14540	2.44813480924	0.11766460939	6.0661080901	686.484372798
PA14_15620	2.44203426114	0.118122950711	0.0	517.711263361
PA14_01060	2.38675914457	0.122367076247	4.60517018599	1977.84870517
PA14_03380	2.38502227167	0.122503146528	0.0	505.624721593
PA14_08260	2.38481373147	0.122519495285	8.41715183724	1052.17080098
PA14_08060	2.38460789364	0.12253563456	4.00733318523	1806.1688871
PA14_31170	2.35974942332	0.124502186228	4.09434456222	411.843344982
PA14_15470,merP	2.35199043349	0.125123154757	1.38629436112	1000.79626899
PA14_47500,sseA	2.32640661885	0.127195196188	5.99396142731	2348.27262999
PA14_08200	2.29028849746	0.130185722676	10.3229213099	1369.84550199
PA14_03330	2.28529212225	0.13060554925	0.0	484.481929918
PA14_47530	2.28001426125	0.131050668641	3.82864139649	1726.10366212
PA0836.1,P5	2.27499137039	0.131475856812	4.35670882669	453.634628667
PA14_55410	2.26912893179	0.131974060859	1.38629436112	981.523752814
