feature	score	p-value	#I-out-of-2	#O-out-of-474
TTTG	0.000144585467985	0.990406172208	0.0147849044239	3.86882174703
CAAA	0.000125944842481	0.991045916518	0.0143983210362	3.74749690577
CACA	0.000116406053461	0.991391659866	0.025637716209	6.50045389182
CCCCCCCCC	0.00011375408308	0.991490278935	0.000417077104082	0.165785952813
AATC	0.000101595838514	0.991957877811	0.0256882577904	6.48402395659
CACG	9.93782258514e-05	0.992046130011	0.0757044125489	18.6052601984
ATTAGTGTA	9.82496505101e-05	0.992091421002	1.1041079702e-05	0.00023298786043
TTAC	9.51459903242e-05	0.99221733351	0.0103846527266	2.70878369232
ATTG	9.15052274769e-05	0.992367683165	0.0252576968123	6.3581428769
TTTA	9.10939758583e-05	0.992384852904	0.00627794197416	1.67859503479
CATT	9.0513804961e-05	0.992409141064	0.0254527067503	6.40366179621
CTTG	8.73609759198e-05	0.992542513487	0.0717139354686	17.6011058418
TTGA	8.59869961741e-05	0.992601388444	0.042293766911	10.4868423633
GGGCTCTAA	8.58287112683e-05	0.99260820107	1.74395440072e-05	0.000597216993846
GGGGGGGGG	8.46705724618e-05	0.992658240043	2.95527984683e-05	0.0325877951492
TATAGTAGG	8.35142379665e-05	0.992708543689	1.34305583609e-05	0.00038275335171
ACAC	8.00681728424e-05	0.992860558736	0.0288881450185	7.21730694868
GTATCTTAG	7.79026099809e-05	0.992957766405	1.25946848095e-05	0.000360469218091
TAAGTATAT	7.69431221508e-05	0.993001267499	1.55401664499e-05	0.000529727936142
CAGA	7.66113244508e-05	0.993016373546	0.0496433830343	12.2378185441
CAAT	7.61417967692e-05	0.99303780616	0.0252477391086	6.32215580693
CCCCCCCC	7.57653419728e-05	0.993055038039	0.000498184311186	0.174054877719
ATCTTAGTA	7.52385033025e-05	0.99307922565	1.02652052808e-05	0.000255584284424
TCACG	7.14317009394e-05	0.993256577247	0.0106742769438	2.74582598656
TATCTTAGT	7.12331143811e-05	0.993265957209	1.26630862883e-05	0.00039091630947
CTTA	7.04962848052e-05	0.993300875117	0.00609561211835	1.60892558788
TAACGTATG	7.01954835592e-05	0.99331518234	1.26943615377e-05	0.000397203778355
TTGG	6.95810324812e-05	0.993344503499	0.0445774672187	10.9914650737
CCAA	6.82058680604e-05	0.993410598129	0.043945052723	10.8343160388
AATTATACA	6.72248665233e-05	0.993458156205	9.97729427237e-06	0.000266360144587
TACTAACTC	6.60493645318e-05	0.993515602906	1.00190319848e-05	0.000272297586095
ATTT	6.52104003114e-05	0.993556916279	0.0196717785529	4.93904410903
CTTT	6.36933788798e-05	0.993632299985	0.0263584348554	6.56231910847
GGTTAGTAC	6.34799389892e-05	0.993642977962	9.91168421591e-06	0.000275799240249
ATAGGTTAC	6.29019334745e-05	0.993671984912	1.47588817839e-05	0.000563013670735
CATA	6.27763509242e-05	0.993678304818	0.0141323510866	3.58063084375
TTAG	5.98232306565e-05	0.993828785205	0.00399421123812	1.07002824097
TATTATCTA	5.88116293839e-05	0.993881183763	1.28784227449e-05	0.000466710674198
CTCA	5.81463075443e-05	0.99391589188	0.0394567403015	9.717940121
TAGTAAGAG	5.73980589964e-05	0.993955164176	9.65823251071e-06	0.00028543633835
GATCTCTTA	5.67461787439e-05	0.993989587695	1.2215725034e-05	0.00043705200947
CCTG	5.6142724398e-05	0.994021630694	0.207263477544	48.3179097998
GAAT	5.60243551201e-05	0.99402793619	0.0315067270341	7.78934179711
AGATTACAC	5.60098258172e-05	0.99402871062	1.24658613883e-05	0.00045728509118
TTCATACTA	5.54839741336e-05	0.994056807111	1.19501711527e-05	0.000427717049758
CACGTGTGA	5.51072233823e-05	0.994077019029	1.54817645155e-05	0.000672224726284
ACTAGTGTA	5.40088675289e-05	0.994136341248	6.22170242972e-06	0.000134142417532
CCAAA	5.2901569425e-05	0.994196760283	0.00292499987117	0.793128191492
GTAA	5.2600227189e-05	0.994213312041	0.0103971521502	2.64610480498
ACACA	5.22919423769e-05	0.994230294272	0.00221925960032	0.613304696743
GTGTAATCT	5.20046214975e-05	0.994246166808	9.42392201442e-06	0.000295346273861
CTTTA	5.1725702479e-05	0.994261617199	0.00181874856949	0.510275740086
AGTTAACAT	5.16994914044e-05	0.994263071269	9.70732583388e-06	0.000312792710916
AGCA	5.13878587716e-05	0.99428038755	0.108995438447	26.4001199882
GATCTAAGT	5.0522871849e-05	0.994328728757	1.20370445941e-05	0.000464372395693
GGTACTAAC	5.02434712416e-05	0.994344431811	1.20269745927e-05	0.000465587860307
AGTATACCT	4.93392423616e-05	0.994395553492	6.10326466238e-06	0.000139890232425
TTTGC	4.88881630063e-05	0.994421230958	0.00625037289013	1.61854509478
TGCCA	4.85563525417e-05	0.994440194807	0.0163200840108	4.08511251445
CCAC	4.82778284118e-05	0.994456163283	0.0939786990598	22.7845892796
GAATC	4.82309518297e-05	0.994458855358	0.00853235113122	2.18034587739
TCAT	4.80141317387e-05	0.994471324172	0.0452884535068	11.0893193644
CACT	4.77244092487e-05	0.99448802946	0.0296802762787	7.32259904722
TTTAC	4.76924180352e-05	0.994489877166	0.00189655495178	0.526786562099
CAAAG	4.76348495601e-05	0.994493203692	0.00460372452916	1.20808978173
TCAG	4.76202821043e-05	0.994494045774	0.073743327516	17.9279088682
TCTAACTAC	4.75087294993e-05	0.994500498423	9.20510999786e-06	0.000303924662343
ACTAGGTTT	4.71108384762e-05	0.994523575957	1.38129249585e-05	0.000617889906703
TTATTGTAC	4.68009617469e-05	0.994541616282	9.29069509742e-06	0.000312538025118
AATCA	4.63399729464e-05	0.994568564891	0.00405865194552	1.0705367048
AGTAATTTA	4.63241707059e-05	0.994569491034	1.20269745927e-05	0.000493809105465
CTAGTAAGA	4.60209606931e-05	0.994587292352	9.12177740126e-06	0.000306492394119
AACTTAGCT	4.58007797379e-05	0.994600255855	1.16177912161e-05	0.000469100893656
GTTTG	4.57765699159e-05	0.994601683147	0.00416105969559	1.09539155855
AGGTTAGTA	4.55267628312e-05	0.994616432637	1.29457702642e-05	0.000566886994668
GTTA	4.54010141974e-05	0.994623872591	0.00862681326882	2.19866694385
TAACCTAAC	4.53130845851e-05	0.994629081095	9.46913418672e-06	0.000331268419103
ACGTACTAG	4.52822526852e-05	0.994630908617	1.19324981701e-05	0.000495165794774
TAAA	4.45351574585e-05	0.994675383495	0.00644886973696	1.66104767095
AGATATAAG	4.43026949468e-05	0.994689298062	1.62792553234e-05	0.000847182759158
AATG	4.41783227743e-05	0.994696757631	0.0259837280664	6.41789163459
TCTTAGGGT	4.4133626708e-05	0.994699440967	9.08091933868e-06	0.000313970167269
CGGCG	4.4075322395e-05	0.99470294332	0.159198264754	37.1060756804
CCAT	4.4017857761e-05	0.9947063975	0.0712684778437	17.3165324995
ATTTG	4.38681644869e-05	0.994715406116	0.00254243684337	0.68724238145
GTATCATGT	4.38678224901e-05	0.994715426715	9.16316957126e-06	0.00032045987589
AAAATTATA	4.36288376408e-05	0.994729840917	2.05509197729e-05	0.00124834908017
TTAGTATTA	4.34890957609e-05	0.994738287646	1.17053483734e-05	0.000493119037258
TTGTTAGGA	4.33453842016e-05	0.99474698849	1.43788497377e-05	0.000699579411214
CGGC	4.33166100173e-05	0.99474873232	0.36915338579	86.5447565514
CCACA	4.3211383134e-05	0.994755114428	0.00919094353332	2.3331341533
TCTAAATTA	4.30173880729e-05	0.994766900811	1.36118632514e-05	0.000641549170805
ATAG	4.29428673496e-05	0.994771435463	0.0199212125492	4.9461426634
GCCCCCCCC	4.28453902757e-05	0.994777372974	4.63221786631e-05	0.0043198514287
TCCAA	4.27789144865e-05	0.994781426013	0.00549234045421	1.4219869982
ATCCAA	4.24181785106e-05	0.994803475264	0.0007373582319	0.222082924099
GTACTTATA	4.23478262868e-05	0.994807786313	1.32015583231e-05	0.000615938204464
TTCTCTCCT	4.23269373282e-05	0.994809067037	6.36638297629e-05	0.00679412491491
CACAC	4.19473913911e-05	0.994832392685	0.004899726345	1.27399215812
GTTAATAAG	4.19309074545e-05	0.994833408119	9.60679926859e-06	0.000360083671366
