feature	score	p-value	#I-out-of-1	#O-out-of-425
,,group_41614	425.0	1.99137139773e-94	1.0	0.0
,,group_765	425.0	1.99137139773e-94	1.0	0.0
,,nanT_2	425.0	1.99137139773e-94	1.0	0.0
,,group_41632	425.0	1.99137139773e-94	1.0	0.0
,,group_41624	425.0	1.99137139773e-94	1.0	0.0
,,group_41618	425.0	1.99137139773e-94	1.0	0.0
,,group_41628	425.0	1.99137139773e-94	1.0	0.0
,,group_41631	425.0	1.99137139773e-94	1.0	0.0
,,group_41634	425.0	1.99137139773e-94	1.0	0.0
,,group_41617	425.0	1.99137139773e-94	1.0	0.0
,,group_41629	425.0	1.99137139773e-94	1.0	0.0
,,group_40409	425.0	1.99137139773e-94	1.0	0.0
,,group_41616	425.0	1.99137139773e-94	1.0	0.0
,,group_41627	425.0	1.99137139773e-94	1.0	0.0
,,group_41625	425.0	1.99137139773e-94	1.0	0.0
,,group_41615	425.0	1.99137139773e-94	1.0	0.0
,,group_41635	425.0	1.99137139773e-94	1.0	0.0
,,group_41626	425.0	1.99137139773e-94	1.0	0.0
,,group_639	425.0	1.99137139773e-94	1.0	0.0
,,group_40870	425.0	1.99137139773e-94	1.0	0.0
,,group_41630	425.0	1.99137139773e-94	1.0	0.0
,,group_41619	425.0	1.99137139773e-94	1.0	0.0
,,group_19358	425.0	1.99137139773e-94	1.0	0.0
,,group_41633	425.0	1.99137139773e-94	1.0	0.0
,,group_4074	425.0	1.99137139773e-94	1.0	0.0
,,group_41622	425.0	1.99137139773e-94	1.0	0.0
,,group_41620	425.0	1.99137139773e-94	1.0	0.0
,,group_41621	425.0	1.99137139773e-94	1.0	0.0
,,group_26954	211.501176471	6.46185297787e-48	1.0	1.0
,,group_27002	211.501176471	6.46185297787e-48	1.0	1.0
,,group_27010	211.501176471	6.46185297787e-48	1.0	1.0
,,group_26979	211.501176471	6.46185297787e-48	1.0	1.0
,,group_26955	211.501176471	6.46185297787e-48	1.0	1.0
,,group_26995	211.501176471	6.46185297787e-48	1.0	1.0
,,group_41468	211.501176471	6.46185297787e-48	1.0	1.0
,,group_27003	211.501176471	6.46185297787e-48	1.0	1.0
,,group_18005	211.501176471	6.46185297787e-48	1.0	1.0
,,group_26978	211.501176471	6.46185297787e-48	1.0	1.0
,,group_18710	211.501176471	6.46185297787e-48	1.0	1.0
,,group_26977	211.501176471	6.46185297787e-48	1.0	1.0
,,group_14569	211.501176471	6.46185297787e-48	1.0	1.0
,,group_26980	211.501176471	6.46185297787e-48	1.0	1.0
,,group_27000	211.501176471	6.46185297787e-48	1.0	1.0
,,group_26956	211.501176471	6.46185297787e-48	1.0	1.0
,,group_27008	211.501176471	6.46185297787e-48	1.0	1.0
,,group_27005	211.501176471	6.46185297787e-48	1.0	1.0
,,group_27007	211.501176471	6.46185297787e-48	1.0	1.0
,,group_26974	211.501176471	6.46185297787e-48	1.0	1.0
,,group_26981	211.501176471	6.46185297787e-48	1.0	1.0
,,group_27001	211.501176471	6.46185297787e-48	1.0	1.0
,,group_27006	211.501176471	6.46185297787e-48	1.0	1.0
,,group_26975	211.501176471	6.46185297787e-48	1.0	1.0
,,group_27004	211.501176471	6.46185297787e-48	1.0	1.0
,,group_26982	211.501176471	6.46185297787e-48	1.0	1.0
,,group_26953	211.501176471	6.46185297787e-48	1.0	1.0
,,group_26976	211.501176471	6.46185297787e-48	1.0	1.0
,,group_2037	211.501176471	6.46185297787e-48	1.0	1.0
,,group_26957	211.501176471	6.46185297787e-48	1.0	1.0
,,group_12212	140.336470588	2.24717043132e-32	1.0	2.0
,,group_26214	140.336470588	2.24717043132e-32	1.0	2.0
,,group_18137	140.336470588	2.24717043132e-32	1.0	2.0
,,group_14737	140.336470588	2.24717043132e-32	1.0	2.0
,,group_25591	140.336470588	2.24717043132e-32	1.0	2.0
,,group_9401	140.336470588	2.24717043132e-32	1.0	2.0
,,group_30639	140.336470588	2.24717043132e-32	1.0	2.0
,,group_25703	140.336470588	2.24717043132e-32	1.0	2.0
,,group_9399	140.336470588	2.24717043132e-32	1.0	2.0
,,group_30638	140.336470588	2.24717043132e-32	1.0	2.0
,,group_18569	140.336470588	2.24717043132e-32	1.0	2.0
,,group_9564	140.336470588	2.24717043132e-32	1.0	2.0
,,group_18573	104.755294118	1.38190361248e-24	1.0	3.0
,,group_30636	104.755294118	1.38190361248e-24	1.0	3.0
,,group_14407	104.755294118	1.38190361248e-24	1.0	3.0
,,group_18706	104.755294118	1.38190361248e-24	1.0	3.0
,,group_22149	104.755294118	1.38190361248e-24	1.0	3.0
,,group_3651	104.755294118	1.38190361248e-24	1.0	3.0
,,group_12043	104.755294118	1.38190361248e-24	1.0	3.0
,,group_31678	104.755294118	1.38190361248e-24	1.0	3.0
,,group_1331	104.755294118	1.38190361248e-24	1.0	3.0
,,fhaC	104.755294118	1.38190361248e-24	1.0	3.0
,,group_30637	104.755294118	1.38190361248e-24	1.0	3.0
,,group_20425	104.755294118	1.38190361248e-24	1.0	3.0
,,group_5664	104.755294118	1.38190361248e-24	1.0	3.0
,,group_7009	104.755294118	1.38190361248e-24	1.0	3.0
,,group_18130	104.755294118	1.38190361248e-24	1.0	3.0
,,group_30635	104.755294118	1.38190361248e-24	1.0	3.0
,,group_14824	83.4075294118	6.67672055823e-20	1.0	4.0
,,group_2306	83.4075294118	6.67672055823e-20	1.0	4.0
,,group_37982	83.4075294118	6.67672055823e-20	1.0	4.0
,,group_25701	83.4075294118	6.67672055823e-20	1.0	4.0
,,group_37979	83.4075294118	6.67672055823e-20	1.0	4.0
,,group_37981	83.4075294118	6.67672055823e-20	1.0	4.0
,,group_8801	83.4075294118	6.67672055823e-20	1.0	4.0
,,group_872	83.4075294118	6.67672055823e-20	1.0	4.0
,,group_30600	83.4075294118	6.67672055823e-20	1.0	4.0
,,group_933	83.4075294118	6.67672055823e-20	1.0	4.0
,,group_37980	83.4075294118	6.67672055823e-20	1.0	4.0
,,group_26993	69.1764705882	9.00358054148e-17	1.0	5.0
,,group_2529	69.1764705882	9.00358054148e-17	1.0	5.0
,,group_8650	69.1764705882	9.00358054148e-17	1.0	5.0
