feature	score	p-value	#I-out-of-1	#O-out-of-425
,,group_5609	425.0	1.99137139773e-94	1.0	0.0
,,group_1923	425.0	1.99137139773e-94	1.0	0.0
,,group_38088	425.0	1.99137139773e-94	1.0	0.0
,,group_1523	211.501176471	6.46185297787e-48	1.0	1.0
,,group_38087	211.501176471	6.46185297787e-48	1.0	1.0
,,group_1921	211.501176471	6.46185297787e-48	1.0	1.0
,,proV_1	140.336470588	2.24717043132e-32	1.0	2.0
,,bedC1	140.336470588	2.24717043132e-32	1.0	2.0
PA14_02830,pcaB,pcaB_2	140.336470588	2.24717043132e-32	1.0	2.0
,,group_38078	140.336470588	2.24717043132e-32	1.0	2.0
,,group_38071	140.336470588	2.24717043132e-32	1.0	2.0
,,group_31563	140.336470588	2.24717043132e-32	1.0	2.0
,,group_38062	140.336470588	2.24717043132e-32	1.0	2.0
,,group_38059	140.336470588	2.24717043132e-32	1.0	2.0
,,group_24597	140.336470588	2.24717043132e-32	1.0	2.0
,,dctA2_2	140.336470588	2.24717043132e-32	1.0	2.0
PA14_67300,proX,proX_2	140.336470588	2.24717043132e-32	1.0	2.0
,,group_38068	140.336470588	2.24717043132e-32	1.0	2.0
,,group_38060	140.336470588	2.24717043132e-32	1.0	2.0
,,ghrA_2	140.336470588	2.24717043132e-32	1.0	2.0
,,group_30616	140.336470588	2.24717043132e-32	1.0	2.0
,,group_38080	140.336470588	2.24717043132e-32	1.0	2.0
,,group_38073	140.336470588	2.24717043132e-32	1.0	2.0
,,group_10630	140.336470588	2.24717043132e-32	1.0	2.0
,,group_38067	140.336470588	2.24717043132e-32	1.0	2.0
,,group_6451	140.336470588	2.24717043132e-32	1.0	2.0
,,group_38065	140.336470588	2.24717043132e-32	1.0	2.0
PA14_71000,,proV	140.336470588	2.24717043132e-32	1.0	2.0
,,group_624	140.336470588	2.24717043132e-32	1.0	2.0
,,group_2534	140.336470588	2.24717043132e-32	1.0	2.0
,,group_38069	140.336470588	2.24717043132e-32	1.0	2.0
,,group_38056	140.336470588	2.24717043132e-32	1.0	2.0
,,group_38070	140.336470588	2.24717043132e-32	1.0	2.0
,,gcvA_10	140.336470588	2.24717043132e-32	1.0	2.0
,,group_38079	140.336470588	2.24717043132e-32	1.0	2.0
PA14_34880,,yvoA_3	140.336470588	2.24717043132e-32	1.0	2.0
,,group_38063	140.336470588	2.24717043132e-32	1.0	2.0
,,group_38077	140.336470588	2.24717043132e-32	1.0	2.0
,,group_38066	140.336470588	2.24717043132e-32	1.0	2.0
,,group_38061	140.336470588	2.24717043132e-32	1.0	2.0
,,group_38064	140.336470588	2.24717043132e-32	1.0	2.0
,,group_38058	140.336470588	2.24717043132e-32	1.0	2.0
,,group_26920	140.336470588	2.24717043132e-32	1.0	2.0
,,group_36276	104.755294118	1.38190361248e-24	1.0	3.0
,,group_34260	104.755294118	1.38190361248e-24	1.0	3.0
,,group_36271	104.755294118	1.38190361248e-24	1.0	3.0
,,group_36025	104.755294118	1.38190361248e-24	1.0	3.0
,,group_17000	104.755294118	1.38190361248e-24	1.0	3.0
,,group_36272	104.755294118	1.38190361248e-24	1.0	3.0
,,group_36273	104.755294118	1.38190361248e-24	1.0	3.0
,,group_36274	104.755294118	1.38190361248e-24	1.0	3.0
,,group_36269	104.755294118	1.38190361248e-24	1.0	3.0
,,group_14054	104.755294118	1.38190361248e-24	1.0	3.0
,,group_19227	104.755294118	1.38190361248e-24	1.0	3.0
,,group_291	104.755294118	1.38190361248e-24	1.0	3.0
,,group_36270	104.755294118	1.38190361248e-24	1.0	3.0
,,group_14960	104.755294118	1.38190361248e-24	1.0	3.0
,,group_36275	104.755294118	1.38190361248e-24	1.0	3.0
,,group_8572	83.4075294118	6.67672055823e-20	1.0	4.0
,,group_8320	83.4075294118	6.67672055823e-20	1.0	4.0
,,group_14051	83.4075294118	6.67672055823e-20	1.0	4.0
,,group_3809	83.4075294118	6.67672055823e-20	1.0	4.0
,,group_7433	83.4075294118	6.67672055823e-20	1.0	4.0
,,group_9734	83.4075294118	6.67672055823e-20	1.0	4.0
,,group_6172	83.4075294118	6.67672055823e-20	1.0	4.0
,,group_3708	83.4075294118	6.67672055823e-20	1.0	4.0
,,group_7776	83.4075294118	6.67672055823e-20	1.0	4.0
,,group_25517	83.4075294118	6.67672055823e-20	1.0	4.0
,,group_14205	83.4075294118	6.67672055823e-20	1.0	4.0
,,group_4651	83.4075294118	6.67672055823e-20	1.0	4.0
,,group_22327	83.4075294118	6.67672055823e-20	1.0	4.0
,,group_2962	83.4075294118	6.67672055823e-20	1.0	4.0
,,group_789	83.4075294118	6.67672055823e-20	1.0	4.0
,,group_14674	83.4075294118	6.67672055823e-20	1.0	4.0
,,group_35513	69.1764705882	9.00358054148e-17	1.0	5.0
,,group_5492	69.1764705882	9.00358054148e-17	1.0	5.0
,,group_1840	69.1764705882	9.00358054148e-17	1.0	5.0
,,group_22768	69.1764705882	9.00358054148e-17	1.0	5.0
,,group_18412	69.1764705882	9.00358054148e-17	1.0	5.0
,,group_11553	69.1764705882	9.00358054148e-17	1.0	5.0
,,group_9746	69.1764705882	9.00358054148e-17	1.0	5.0
,,group_19026	69.1764705882	9.00358054148e-17	1.0	5.0
,,group_2927	69.1764705882	9.00358054148e-17	1.0	5.0
,,group_7244	69.1764705882	9.00358054148e-17	1.0	5.0
,,group_3166	69.1764705882	9.00358054148e-17	1.0	5.0
,,group_17060	59.0121008403	1.56705299416e-14	1.0	6.0
,,group_1981	59.0121008403	1.56705299416e-14	1.0	6.0
,,group_14048	59.0121008403	1.56705299416e-14	1.0	6.0
,,group_1653	59.0121008403	1.56705299416e-14	1.0	6.0
,,fdhA_3	59.0121008403	1.56705299416e-14	1.0	6.0
,,copA_5	59.0121008403	1.56705299416e-14	1.0	6.0
,,group_5613	59.0121008403	1.56705299416e-14	1.0	6.0
,,group_12073	59.0121008403	1.56705299416e-14	1.0	6.0
,,cobB_3	59.0121008403	1.56705299416e-14	1.0	6.0
,,group_26915	59.0121008403	1.56705299416e-14	1.0	6.0
,,group_16495	59.0121008403	1.56705299416e-14	1.0	6.0
,,group_7500	59.0121008403	1.56705299416e-14	1.0	6.0
PA14_67065,mdoH,opgH	59.0121008403	1.56705299416e-14	1.0	6.0
,,group_26917	59.0121008403	1.56705299416e-14	1.0	6.0
,,group_34262	59.0121008403	1.56705299416e-14	1.0	6.0
