feature	score	p-value	#I-out-of-1	#O-out-of-475
TAGTCTAAG	0.00042139256515	0.983622296842	1.5414232464e-05	0.000235461394472
GGCG	0.000321503864135	0.985694274441	0.1727163068	85.6607428893
AGTCTAAGA	0.000264845536705	0.987015739475	1.61155015514e-05	0.000402031456216
CCAC	0.000242533614089	0.987574654437	0.0514748926744	22.827093086
CACG	0.000229197453342	0.987921072744	0.042241741811	18.6387228691
GCCC	0.000227962071197	0.987953667165	0.0790885410083	35.6014626993
GGGC	0.000208175899825	0.988488279974	0.0735541664782	36.8489967229
GAGG	0.000207855996538	0.988497127774	0.0490080203063	24.8466054584
GGCGG	0.000207542519807	0.988505804439	0.0457076208772	23.2257700512
GGGCG	0.000206417757595	0.988536990599	0.0298935900008	15.4306675902
GGGG	0.00018298618863	0.989207154196	0.0276213094282	14.2334737324
GTCTAAGAC	0.000182381775854	0.989224992516	1.28969213039e-05	0.000369603585304
CACC	0.000175101774014	0.989442218728	0.0740766531102	33.514969751
CCTC	0.000169909649305	0.989599917488	0.053036223695	23.8045898045
ACGC	0.000165824585118	0.989725693471	0.0548411775146	24.6544713433
CCCC	0.000160925090142	0.989878606866	0.030691876028	13.5594159515
GCCA	0.000159342559008	0.989928493861	0.0922487688155	42.0325751752
CACGC	0.000159158379936	0.989934315904	0.0161771667467	6.95803307066
GCAC	0.00015386053534	0.990103251262	0.052035684778	23.4075553754
GCGG	0.000153357005413	0.990119457945	0.123083141198	60.5670977354
GATACTAGC	0.000148034853314	0.990292412019	9.9724970758e-06	0.000273366896359
CGAG	0.000144616290829	0.990405149702	0.075835640364	37.6313418831
GGTG	0.00014325887396	0.990450283945	0.0700959485063	34.8367901817
CCCA	0.000142677130326	0.990469692422	0.0388019104654	17.3454762269
CGCCC	0.000138601415127	0.990606793683	0.0327052116129	14.5549805677
AAAC	0.000132170384792	0.990827291929	0.0151674345166	6.56194501625
CTCC	0.000132031686204	0.990832105865	0.0393810891953	17.6526620678
CTCG	0.000129341357515	0.990925986795	0.0800277911708	36.513794275
CGAGG	0.000128740446964	0.990947089031	0.0283644355764	14.4128433424
GTCACTTAA	0.000127800362665	0.990980201114	1.36926790253e-05	0.000566961249139
GTGG	0.000127633220321	0.990986101017	0.0475278968855	23.7775897505
GGAG	0.000125492922174	0.991061994981	0.0364744700138	18.3729268565
CTGG	0.000124574393095	0.991094763974	0.106614852867	52.404794183
ACAC	0.00012342607901	0.99113590108	0.0165923980584	7.22960269564
GTAACCCTA	0.000120679856404	0.991235064615	1.45889994817e-05	0.000669171451717
ACATCCTAA	0.000116267813239	0.991396772686	1.17725860608e-05	0.000464314114569
ACTC	0.000116139965886	0.991401503831	0.0186915378995	8.20493142256
ATGTAAGAG	0.00011430977201	0.991469520045	1.16023200553e-05	0.000458555509646
AGGGC	0.000111453205971	0.991576777416	0.0200061816833	10.2399328896
GCCCC	0.000111238673382	0.991584887812	0.0119467104683	5.152316667
GCTGG	0.000110976588841	0.991594806528	0.0422126296526	21.1068635932
CACA	0.000107639558474	0.991722137197	0.0149238117175	6.51116779631
AGGGCG	0.000107373321424	0.991732380453	0.00897573809456	4.756475713
AGGG	0.000106459785738	0.991767624915	0.0395327788627	19.7791693666
CTTG	0.000105385705625	0.991809257226	0.0391037575813	17.6337160196
GCCAC	0.000101477167291	0.991962575912	0.019609336998	8.66734499451
TAGGTTAAT	0.000100495205602	0.992001556912	9.44283103976e-06	0.000348982136269
CAAA	9.98056390549e-05	0.992029044634	0.00879033961224	3.75310488719
CACT	9.8511523156e-05	0.992080888678	0.0166782023147	7.33560112118
GAGGG	9.8256339344e-05	0.992091151808	0.00869840648051	4.59529056649
TTGACACGT	9.47591545043e-05	0.992233170148	9.07649237035e-06	0.000341120841249
GGAGG	9.45875224327e-05	0.992240206931	0.0098445061894	5.15799763632
GAGGCG	9.18218559814e-05	0.992354490212	0.00624072742559	3.34676218681
CATC	9.18050464936e-05	0.99235519004	0.0563856541276	25.7229176706
TCTTAATAC	9.17140307114e-05	0.992358980407	1.12796151873e-05	0.00052487880505
CCAT	9.14204907487e-05	0.992371217759	0.0383545025577	17.3494464747
GCCTC	9.05727589684e-05	0.992406669478	0.0169141640194	7.46680817456
GAGGC	9.02569947536e-05	0.992419916967	0.0152976731198	7.8469736376
CATAGTATG	9.00907159441e-05	0.9924269023	8.82788819042e-06	0.000338417627815
GGGGC	8.8614157462e-05	0.992489217189	0.0105661812735	5.50057219126
AGCCC	8.85785045314e-05	0.992490728236	0.0125902423904	5.4988143202
GGTGG	8.80121544599e-05	0.992514772282	0.0223259610406	11.2926027839
CTATTCTAG	8.77286870849e-05	0.992526835769	8.94966995271e-06	0.000355269893432
CGCAC	8.75303446184e-05	0.992535288199	0.0142450387615	6.25581553583
AATCACTCT	8.7446617274e-05	0.992538859143	2.92856176334e-05	0.00289308840716
GCGAG	8.67200362251e-05	0.992569919658	0.0232452923579	11.7375385909
CCGCC	8.59656475385e-05	0.992602306929	0.0489528604273	22.2973691417
CCAGC	8.55410567122e-05	0.992620597903	0.0449169959443	20.4236096884
CAGC	8.55279201337e-05	0.992621164538	0.113117589718	52.2720246515
TGGCG	8.4831704965e-05	0.992651257685	0.0363151192522	18.1046622103
CCACC	8.47971249561e-05	0.992652755582	0.0240696261057	10.7735915098
CTCGC	8.39600701798e-05	0.992689107791	0.0250241984569	11.2169122756
CCTCC	8.31978639276e-05	0.992722367394	0.0111591499731	4.86176482186
GAAA	8.31105055862e-05	0.992726189074	0.0276917914959	12.4517068538
CGCC	8.30732524843e-05	0.992727819403	0.179215979213	83.3124962327
CCCCA	8.2810488463e-05	0.992739329293	0.00698845023033	2.97691802252
CCTATTCTA	8.266335166e-05	0.992745782324	1.20404282211e-05	0.00064396361078
GTCTTAAAG	8.26568759802e-05	0.992746066462	1.21524041959e-05	0.000654877818305
GCTG	8.2654461186e-05	0.992746172421	0.109323815815	53.3779350982
GGCGGCG	8.24748144756e-05	0.992754059468	0.00997780923041	5.19084042818
GGGCGG	8.07059794028e-05	0.992832180243	0.00737610160246	3.89019000907
ACACCTAAT	8.06155594537e-05	0.992836196539	1.06270266507e-05	0.000523851292626
GGCGAG	8.02937826771e-05	0.992850507601	0.0110120569624	5.69732471832
AACC	7.92439460947e-05	0.992897399745	0.0297449647712	13.4174072371
GAGGGC	7.91024598258e-05	0.992903743087	0.00419215080688	2.28452128773
CGCCTC	7.83566461273e-05	0.992937274793	0.00725505631235	3.1057627413
GCGGCG	7.83210466065e-05	0.992938879326	0.0236927002656	11.9206350712
GCGGG	7.82008224334e-05	0.992944300738	0.0233065811124	11.731408507
CGCCA	7.77032661716e-05	0.992966782075	0.0383422448068	17.4100675271
CCCT	7.76545672741e-05	0.992968986324	0.0421835174942	19.1948085713
TTTAGTCTA	7.76352240704e-05	0.992969862044	1.06609504696e-05	0.000543474671592
CCAG	7.75319363284e-05	0.992974540011	0.111352473589	51.5135755072
TAATACGGA	7.74131099518e-05	0.992979925588	1.06270266507e-05	0.000541602454201
TCAC	7.68162334586e-05	0.993007040619	0.0278174334426	12.5362045226
ACGCA	7.60315460305e-05	0.993042848368	0.00726884628211	3.11680627947
GCGT	7.59438370534e-05	0.993046862263	0.0516403723115	25.4890399638
TACATGTTA	7.5810191931e-05	0.99305298283	5.85822591402e-06	0.000181967813657
CCACG	7.5169641453e-05	0.993082393406	0.0156562123336	6.93840497653
CCCTT	7.48625084706e-05	0.99309653972	0.00733166725546	3.14759675462
CTAAGTCAG	7.47424295747e-05	0.993102078353	8.4537120801e-06	0.000366580505587
