feature	score	p-value	#I-out-of-10	#O-out-of-416
,,group_425	83.2	7.41577140834e-20	2.0	0.0
,,group_18436	83.2	7.41577140834e-20	2.0	0.0
,,group_2279	72.4992307692	1.67097072092e-17	3.0	2.0
,,group_16593	59.4360576923	1.26332969511e-14	3.0	3.0
PA14_41250,tig,tig	41.6	1.11993271495e-10	1.0	0.0
,,group_7288	41.6	1.11993271495e-10	1.0	0.0
,,group_726	41.6	1.11993271495e-10	1.0	0.0
,,group_2814	41.6	1.11993271495e-10	1.0	0.0
,,group_5448	41.6	1.11993271495e-10	1.0	0.0
,,group_8490	41.6	1.11993271495e-10	1.0	0.0
,,group_41087	41.6	1.11993271495e-10	1.0	0.0
,,group_41076	41.6	1.11993271495e-10	1.0	0.0
,,group_39067	41.6	1.11993271495e-10	1.0	0.0
,,group_18127	41.6	1.11993271495e-10	1.0	0.0
,,group_16039	41.6	1.11993271495e-10	1.0	0.0
,,group_34421	41.6	1.11993271495e-10	1.0	0.0
,,group_39071	41.6	1.11993271495e-10	1.0	0.0
,,group_23693	41.6	1.11993271495e-10	1.0	0.0
,,group_7096	41.6	1.11993271495e-10	1.0	0.0
,,group_32264	41.6	1.11993271495e-10	1.0	0.0
,,group_30031	41.6	1.11993271495e-10	1.0	0.0
,,group_27172	41.6	1.11993271495e-10	1.0	0.0
,,group_13264	41.6	1.11993271495e-10	1.0	0.0
PA14_56280,,ydaM_2	41.6	1.11993271495e-10	1.0	0.0
,,group_32263	41.6	1.11993271495e-10	1.0	0.0
,,group_41093	41.6	1.11993271495e-10	1.0	0.0
,,group_23704	41.6	1.11993271495e-10	1.0	0.0
,,group_30026	41.6	1.11993271495e-10	1.0	0.0
,,group_41072	41.6	1.11993271495e-10	1.0	0.0
,,elmGT	41.6	1.11993271495e-10	1.0	0.0
,,group_30036	41.6	1.11993271495e-10	1.0	0.0
,,group_23707	41.6	1.11993271495e-10	1.0	0.0
,,group_12218	41.6	1.11993271495e-10	1.0	0.0
,,group_39070	41.6	1.11993271495e-10	1.0	0.0
,,group_36991	41.6	1.11993271495e-10	1.0	0.0
,,group_41078	41.6	1.11993271495e-10	1.0	0.0
,,group_395	41.6	1.11993271495e-10	1.0	0.0
,,group_39058	41.6	1.11993271495e-10	1.0	0.0
,,group_41079	41.6	1.11993271495e-10	1.0	0.0
,,group_14919	41.6	1.11993271495e-10	1.0	0.0
,,group_41088	41.6	1.11993271495e-10	1.0	0.0
,,group_27174	41.6	1.11993271495e-10	1.0	0.0
,,group_34424	41.6	1.11993271495e-10	1.0	0.0
,,group_32260	41.6	1.11993271495e-10	1.0	0.0
,,group_30027	41.6	1.11993271495e-10	1.0	0.0
,,group_39066	41.6	1.11993271495e-10	1.0	0.0
,,group_30030	41.6	1.11993271495e-10	1.0	0.0
,,group_41080	41.6	1.11993271495e-10	1.0	0.0
,,group_23711	41.6	1.11993271495e-10	1.0	0.0
,,group_41074	41.6	1.11993271495e-10	1.0	0.0
,,group_34414	41.6	1.11993271495e-10	1.0	0.0
,,group_23692	41.6	1.11993271495e-10	1.0	0.0
,,group_41092	41.6	1.11993271495e-10	1.0	0.0
,,group_39068	41.6	1.11993271495e-10	1.0	0.0
,,group_5479	41.6	1.11993271495e-10	1.0	0.0
,,group_31021	41.6	1.11993271495e-10	1.0	0.0
,,group_2443	41.6	1.11993271495e-10	1.0	0.0
,,group_34413	41.6	1.11993271495e-10	1.0	0.0
,,group_394	41.6	1.11993271495e-10	1.0	0.0
,,group_23705	41.6	1.11993271495e-10	1.0	0.0
,,group_7131	41.6	1.11993271495e-10	1.0	0.0
,,group_1005	41.6	1.11993271495e-10	1.0	0.0
,,group_41083	41.6	1.11993271495e-10	1.0	0.0
,,group_30014	41.6	1.11993271495e-10	1.0	0.0
,,group_2268	41.6	1.11993271495e-10	1.0	0.0
,,group_1891	41.6	1.11993271495e-10	1.0	0.0
,,group_34420	41.6	1.11993271495e-10	1.0	0.0
,,group_32268	41.6	1.11993271495e-10	1.0	0.0
,,group_27173	41.6	1.11993271495e-10	1.0	0.0
,,group_31020	41.6	1.11993271495e-10	1.0	0.0
,,group_31019	41.6	1.11993271495e-10	1.0	0.0
,,group_11381	41.6	1.11993271495e-10	1.0	0.0
,,group_30039	41.6	1.11993271495e-10	1.0	0.0
,,group_5358	41.6	1.11993271495e-10	1.0	0.0
,,group_32266	41.6	1.11993271495e-10	1.0	0.0
,,group_31025	41.6	1.11993271495e-10	1.0	0.0
,,group_30016	41.6	1.11993271495e-10	1.0	0.0
,,group_32269	41.6	1.11993271495e-10	1.0	0.0
,,group_8204	41.6	1.11993271495e-10	1.0	0.0
,,group_30034	41.6	1.11993271495e-10	1.0	0.0
,,group_31024	41.6	1.11993271495e-10	1.0	0.0
,,aroD	41.6	1.11993271495e-10	1.0	0.0
,,group_34419	41.6	1.11993271495e-10	1.0	0.0
,,group_30038	41.6	1.11993271495e-10	1.0	0.0
,,group_32271	41.6	1.11993271495e-10	1.0	0.0
,,group_32256	41.6	1.11993271495e-10	1.0	0.0
,,group_23697	41.6	1.11993271495e-10	1.0	0.0
,,group_32267	41.6	1.11993271495e-10	1.0	0.0
,,group_573	41.6	1.11993271495e-10	1.0	0.0
,,group_32265	41.6	1.11993271495e-10	1.0	0.0
PA14_41490,nasT,pdtaR	41.6	1.11993271495e-10	1.0	0.0
,,group_34409	41.6	1.11993271495e-10	1.0	0.0
,,group_39059	41.6	1.11993271495e-10	1.0	0.0
,,group_41085	41.6	1.11993271495e-10	1.0	0.0
,,group_41073	41.6	1.11993271495e-10	1.0	0.0
,,group_18428	41.6	1.11993271495e-10	1.0	0.0
,,group_30037	41.6	1.11993271495e-10	1.0	0.0
PA14_45050,pykF,ttuE	41.6	1.11993271495e-10	1.0	0.0
,,group_39060	41.6	1.11993271495e-10	1.0	0.0
,,group_16885	41.6	1.11993271495e-10	1.0	0.0
