feature	score	p-value	#I-out-of-1	#O-out-of-425
,,group_14445	425.0	1.99137139773e-94	1.0	0.0
,,group_38090	425.0	1.99137139773e-94	1.0	0.0
,,group_5349	425.0	1.99137139773e-94	1.0	0.0
,,group_1989	425.0	1.99137139773e-94	1.0	0.0
,,group_38089	425.0	1.99137139773e-94	1.0	0.0
,,group_6498	425.0	1.99137139773e-94	1.0	0.0
,,group_8270	425.0	1.99137139773e-94	1.0	0.0
,,group_7376	425.0	1.99137139773e-94	1.0	0.0
,,group_8214	425.0	1.99137139773e-94	1.0	0.0
,,group_814	211.501176471	6.46185297787e-48	1.0	1.0
,,group_10041	211.501176471	6.46185297787e-48	1.0	1.0
,,group_9662	211.501176471	6.46185297787e-48	1.0	1.0
,,group_31310	211.501176471	6.46185297787e-48	1.0	1.0
,,group_37208	140.336470588	2.24717043132e-32	1.0	2.0
,,group_37207	140.336470588	2.24717043132e-32	1.0	2.0
,,group_37197	140.336470588	2.24717043132e-32	1.0	2.0
,,group_37199	140.336470588	2.24717043132e-32	1.0	2.0
,,group_37209	140.336470588	2.24717043132e-32	1.0	2.0
,,group_37203	140.336470588	2.24717043132e-32	1.0	2.0
,,group_35352	140.336470588	2.24717043132e-32	1.0	2.0
,,group_37204	140.336470588	2.24717043132e-32	1.0	2.0
,,group_269	140.336470588	2.24717043132e-32	1.0	2.0
,,group_37211	140.336470588	2.24717043132e-32	1.0	2.0
,,group_463	140.336470588	2.24717043132e-32	1.0	2.0
,,group_37214	140.336470588	2.24717043132e-32	1.0	2.0
,,group_37202	140.336470588	2.24717043132e-32	1.0	2.0
,,group_37200	140.336470588	2.24717043132e-32	1.0	2.0
,,group_92	140.336470588	2.24717043132e-32	1.0	2.0
,,group_37355	140.336470588	2.24717043132e-32	1.0	2.0
,,group_37212	140.336470588	2.24717043132e-32	1.0	2.0
,,group_37198	140.336470588	2.24717043132e-32	1.0	2.0
,,group_37215	140.336470588	2.24717043132e-32	1.0	2.0
,,group_37196	140.336470588	2.24717043132e-32	1.0	2.0
,,group_37210	140.336470588	2.24717043132e-32	1.0	2.0
,,group_37213	140.336470588	2.24717043132e-32	1.0	2.0
,,group_37206	140.336470588	2.24717043132e-32	1.0	2.0
,,group_37201	140.336470588	2.24717043132e-32	1.0	2.0
,,group_31282	104.755294118	1.38190361248e-24	1.0	3.0
,,group_13231	104.755294118	1.38190361248e-24	1.0	3.0
,,group_10810	104.755294118	1.38190361248e-24	1.0	3.0
,,group_31314	104.755294118	1.38190361248e-24	1.0	3.0
,,group_31939	104.755294118	1.38190361248e-24	1.0	3.0
,,group_2769	104.755294118	1.38190361248e-24	1.0	3.0
,,group_31313	104.755294118	1.38190361248e-24	1.0	3.0
,,group_6287	104.755294118	1.38190361248e-24	1.0	3.0
,,group_31290	104.755294118	1.38190361248e-24	1.0	3.0
,,group_31311	104.755294118	1.38190361248e-24	1.0	3.0
,,group_31284	104.755294118	1.38190361248e-24	1.0	3.0
,,group_18642	104.755294118	1.38190361248e-24	1.0	3.0
,,group_31289	104.755294118	1.38190361248e-24	1.0	3.0
,,group_31941	104.755294118	1.38190361248e-24	1.0	3.0
,,group_31281	104.755294118	1.38190361248e-24	1.0	3.0
,,group_31940	104.755294118	1.38190361248e-24	1.0	3.0
,,group_31276	104.755294118	1.38190361248e-24	1.0	3.0
,,group_31283	104.755294118	1.38190361248e-24	1.0	3.0
,,group_14815	104.755294118	1.38190361248e-24	1.0	3.0
,,group_31285	104.755294118	1.38190361248e-24	1.0	3.0
,,group_31288	104.755294118	1.38190361248e-24	1.0	3.0
,,group_3431	104.755294118	1.38190361248e-24	1.0	3.0
,,group_31287	104.755294118	1.38190361248e-24	1.0	3.0
,,group_3490	104.755294118	1.38190361248e-24	1.0	3.0
,,group_31312	104.755294118	1.38190361248e-24	1.0	3.0
,,group_11757	104.755294118	1.38190361248e-24	1.0	3.0
,,group_31280	104.755294118	1.38190361248e-24	1.0	3.0
,,group_31286	104.755294118	1.38190361248e-24	1.0	3.0
,,group_18712	104.755294118	1.38190361248e-24	1.0	3.0
,,group_31309	104.755294118	1.38190361248e-24	1.0	3.0
,,group_4589	83.4075294118	6.67672055823e-20	1.0	4.0
,,group_6595	83.4075294118	6.67672055823e-20	1.0	4.0
,,group_2088	83.4075294118	6.67672055823e-20	1.0	4.0
,,group_14749	83.4075294118	6.67672055823e-20	1.0	4.0
,,group_20720	69.1764705882	9.00358054148e-17	1.0	5.0
,,group_37205	69.1764705882	9.00358054148e-17	1.0	5.0
,,group_6592	69.1764705882	9.00358054148e-17	1.0	5.0
,,group_20736	69.1764705882	9.00358054148e-17	1.0	5.0
,,group_11963	69.1764705882	9.00358054148e-17	1.0	5.0
,,group_14213	69.1764705882	9.00358054148e-17	1.0	5.0
,,group_20557	69.1764705882	9.00358054148e-17	1.0	5.0
,,group_14508	69.1764705882	9.00358054148e-17	1.0	5.0
,,group_20790	69.1764705882	9.00358054148e-17	1.0	5.0
,,group_20732	69.1764705882	9.00358054148e-17	1.0	5.0
,,group_9688	69.1764705882	9.00358054148e-17	1.0	5.0
,,group_16146	69.1764705882	9.00358054148e-17	1.0	5.0
,,group_8193	69.1764705882	9.00358054148e-17	1.0	5.0
,,group_21441	69.1764705882	9.00358054148e-17	1.0	5.0
,,group_20738	69.1764705882	9.00358054148e-17	1.0	5.0
,,group_20553	69.1764705882	9.00358054148e-17	1.0	5.0
,,group_26160	69.1764705882	9.00358054148e-17	1.0	5.0
,,group_6991	69.1764705882	9.00358054148e-17	1.0	5.0
,,group_20742	69.1764705882	9.00358054148e-17	1.0	5.0
,,group_25087	69.1764705882	9.00358054148e-17	1.0	5.0
,,group_20555	69.1764705882	9.00358054148e-17	1.0	5.0
,,group_20525	69.1764705882	9.00358054148e-17	1.0	5.0
,,group_20741	69.1764705882	9.00358054148e-17	1.0	5.0
,,group_4380	69.1764705882	9.00358054148e-17	1.0	5.0
,,group_20552	69.1764705882	9.00358054148e-17	1.0	5.0
,,group_20735	69.1764705882	9.00358054148e-17	1.0	5.0
,,group_20716	69.1764705882	9.00358054148e-17	1.0	5.0
,,group_20739	69.1764705882	9.00358054148e-17	1.0	5.0
,,group_20737	69.1764705882	9.00358054148e-17	1.0	5.0
