feature	score	p-value	#I-out-of-43	#O-out-of-433
TTTG	0.001861693507	0.965584077397	0.326455107538	3.55715154391
CGCC	0.00174771171357	0.966653637181	7.65182199097	75.8398902209
GGGGGGGGG	0.0016540680536	0.967558790605	0.000840942770349	0.0317764051773
GGGGGGGG	0.0014733463991	0.969381362536	0.00129071038308	0.0367556306078
GGGG	0.00132526594341	0.97096006347	1.24888285756	13.0122121842
TTTT	0.00112750274194	0.973213420532	0.508986908411	5.38404494748
GTTT	0.00105177139971	0.974128320912	0.593251013421	6.24297805658
CGTG	0.00102183853305	0.97449899824	1.70085138467	17.5725054218
GGGGGGG	0.00099409250299	0.974847479553	0.00450062267582	0.07321143092
GCTG	0.000971626465586	0.975133228408	4.76648214206	48.7207767719
GTGG	0.000931847486726	0.97564741682	2.10955592362	21.7155617238
GTGC	0.000931588921102	0.975650794638	2.1482971103	22.1098881621
GGTG	0.000860425206042	0.976599003715	3.10367295829	31.8032131719
CCGCC	0.000856472350374	0.976652803149	2.05833835939	20.2879836427
CCAG	0.000824607198162	0.97709111572	4.72274231737	46.9021856635
CGCCC	0.000813055456229	0.977252100647	1.34901454072	13.2386712386
TGTG	0.000782846069403	0.977678591893	0.590766354138	6.17990739074
CCGC	0.000779930169218	0.9777201906	5.40919816791	53.7875214349
GGGC	0.000773348141174	0.977814377929	3.28700047014	33.6355504193
TGGG	0.000757139876629	0.978048039093	1.58202047842	16.2998141185
GCGT	0.000752124451309	0.978120848402	2.26751507565	23.2731652605
TTTA	0.000747853880365	0.978183036331	0.142029237851	1.54284373892
CCAGC	0.000721014049133	0.978578013621	1.88387219801	18.5846544863
GCCC	0.000715403903725	0.978661497697	3.26904277639	32.411508464
TGGC	0.000705229910296	0.978813736017	3.85059639332	39.3283568753
CACC	0.00070431886524	0.97882742187	3.07839609662	30.5106503075
GGAG	0.000691666282066	0.979018414566	1.63068675498	16.7787145716
GATT	0.000685436868228	0.97911309072	0.583608820568	6.0914502137
TCTG	0.000677535989796	0.979233791668	1.0970018095	11.3378230959
CCTC	0.000665467563485	0.9794195275	2.19132575761	21.6663002706
CTTT	0.000660767088902	0.979492324466	0.576281174083	6.01239636924
TCAA	0.000645910888664	0.979724124594	0.923288887482	9.55840734629
ATTT	0.000642054414087	0.979784731778	0.431776319557	4.52693956802
TTAA	0.000627644235838	0.980012825445	0.0936778778752	1.02749318705
AGTG	0.000607757105813	0.980331959452	0.664997599225	6.91170631056
GTGT	0.000602224464999	0.980421668846	0.665522406449	6.91607786857
CTCG	0.000599792849034	0.980461226853	3.34821379374	33.2456082724
TAAA	0.000599653345667	0.980463498753	0.14157048358	1.52592605711
GTGA	0.000593949100821	0.980556623481	1.13691285596	11.7258125352
TATG	0.000592101042905	0.980586889861	0.319644590218	3.36700657164
TTTC	0.000586216215414	0.980683584212	1.13282416167	11.682318711
TTTTG	0.000582437766222	0.98074592458	0.0704882479059	0.780445411185
TGAG	0.000575608574749	0.980859114444	0.879511822484	9.09694991067
GGGGG	0.000572970089481	0.980903025608	0.198002900669	2.10922050201
CAGC	0.000568514843994	0.980977402581	4.78174174053	47.6034005007
TGCGT	0.000567441489811	0.980995364967	0.286446670882	3.02194374382
TTTGC	0.000550428379735	0.981282379811	0.138204975589	1.48659049209
CAAA	0.0005452987651	0.981369785725	0.326851571636	3.43504365517
CGCCA	0.000545032966725	0.981374325974	1.604176958	15.8442328139
CCTCG	0.000543528073366	0.981400052806	1.27864266122	12.6000244812
GAGG	0.000532281078209	0.981593464659	2.21597430611	22.6796391725
GAGT	0.000530883657185	0.981617638002	0.750047108517	7.76616965586
GCTGG	0.000527701081026	0.981672811003	1.8802419551	19.2688342678
GGGGC	0.000520110671005	0.981805073816	0.482507362062	5.02863101047
GGGGGG	0.000512943546566	0.981930850141	0.0277316234221	0.321737285557
GCGTG	0.000508742722887	0.982004979583	0.636750454897	6.60453358231
TTTGG	0.000506525206454	0.982044234277	0.0666857062833	0.735474311396
GTTTG	0.000504840970153	0.982074106272	0.0925754035814	1.00697721466
CTTTG	0.000496399651636	0.982224580205	0.105196469614	1.13813908621
TAAG	0.000496149164516	0.982229064836	0.13844553603	1.4841513844
CTGT	0.00048743732881	0.982385749298	1.23705533242	12.7185837686
TTTGA	0.000485720787296	0.982416786473	0.0609559899526	0.673758959732
GGGCG	0.000484901931075	0.982431611727	1.37182681745	14.0887343628
TGCG	0.000474238334853	0.982625830081	2.6555438998	27.1177792627
CAAG	0.000471923672351	0.982668275183	1.56660975674	16.0648567639
CTAA	0.000468790136011	0.982725902647	0.0922921181646	1.00120709237
CTGG	0.000466208883943	0.982773518196	4.69882503384	47.812584002
TTGG	0.000462693186873	0.982838583801	0.976468965708	10.0595735752
CTCGCC	0.00046101579264	0.982869714761	0.501087235046	4.88766641471
CCAC	0.000447479585074	0.983123037471	2.095766352	20.7828016267
TTAT	0.000447376739967	0.983124976726	0.197146264019	2.08664903518
CTAT	0.000444190361842	0.983185170178	0.441591664943	4.59684665025
CGCCG	0.000439734785301	0.983269703247	3.36570466675	33.487897006
GGTT	0.000438657296795	0.983290210062	1.23043974072	12.6377460418
TGGGG	0.000433939035116	0.983380306421	0.272155261481	2.85748234979
GTGGC	0.000430990916822	0.983436850382	0.802532067766	8.27984928848
CTGA	0.000430213214541	0.983451798686	1.60711619788	16.4630768812
TGTT	0.000418306666722	0.983682366392	1.07693454759	11.0706857135
GTGCG	0.000416266791712	0.983722196002	0.582089264545	6.027958935
GTTTT	0.000414182574811	0.983762992377	0.135997145058	1.45081156461
ATTG	0.000412646882321	0.983793117703	0.561939229766	5.82146134394
CCACC	0.000411620130156	0.983813290556	0.99453001043	9.80313112552
ATTA	0.000408914916684	0.983866561396	0.145217633576	1.5457515939
TTAC	0.000407731002494	0.98388993038	0.236094152695	2.48307419235
GCCA	0.000404039431186	0.983963016128	3.84279208437	38.2820318597
TAAT	0.000403142957584	0.983980814864	0.143337324401	1.52568693049
CGCCCT	0.000396080837409	0.984121725388	0.41320101885	4.02774994398
GGCT	0.000395155688251	0.984140277691	2.42126652011	24.7101624866
GCGCC	0.000394549759872	0.984152440337	2.57662431514	25.6113562787
GTTA	0.000394213552231	0.984159192978	0.190942344897	2.01635141222
TATC	0.000390471852775	0.984234539328	0.57662694024	5.9669014861
CTCGC	0.000388887641928	0.984266549259	1.03450721496	10.2074292591
CCCC	0.000388042780077	0.984283646869	1.24849501579	12.3416128118
GATG	0.000387515344204	0.984294330118	2.3453724684	23.937607041
TCTGT	0.000385416004362	0.984336924649	0.102360732644	1.0990324944
CGTGA	0.000385082934593	0.98434369312	0.245784106442	2.57966073273
AATG	0.00038402809665	0.984365148336	0.567854569084	5.87602079357
CGCCAG	0.000382135532594	0.984403716772	0.736045564349	7.23665323601
CGCCGC	0.000379923557361	0.984448915761	1.06540214648	10.5178417496
CGTT	0.000378732275529	0.984473312678	1.42531533253	14.5998099415
