feature	score	p-value	mean+-pos	mean+-neg
gain_snps_nonsyn_trimmed##PA14_03390_311807_T_C_K_R|1	2604.86	0.0	0.390804597701	0.793020152214	0.00053547523427	0.0231341414482
gain_snps_nonsyn_trimmed##PA14_03390_311936_C_A_R_I|1	2515.95	0.0	0.413793103448	0.810161387895	0.00107095046854	0.0327078512537
gain_snps_nonsyn_trimmed##PA14_03400_312377_G_C_D_E|1	2454.91	0.0	0.528735632184	0.881992004287	0.00361445783133	0.0600116115923
gain_snps_nonsyn_trimmed##PA14_03390_311833_C_A_E_D|1	2454.91	0.0	0.528735632184	0.881992004287	0.00361445783133	0.0600116115923
gain_snps_nonsyn_trimmed##PA14_03390_311942_A_C_I_S|1	2350.78	0.0	0.413793103448	0.810161387895	0.00147255689424	0.0383456447388
gain_snps_nonsyn_trimmed##PA14_03390_311943_T_A_I_F|1	2350.32	0.0	0.390804597701	0.793020152214	0.00107095046854	0.0327078512537
gain_snps_nonsyn_trimmed##PA14_03390_312072_T_C_T_A|1	2291.69	0.0	0.528735632184	0.881992004287	0.00428380187416	0.0653104196562
gain_snps_nonsyn_trimmed##PA14_41250,tig_3681640_C_T_V_I|1	2232.41	0.0	0.298850574713	0.713014364104	0.0	0.0
loss_snps_nonsyn_trimmed##PA14_16660,cadA_1424662_G_T_A_E|1	2136.56	0.0	0.344827586207	0.755479389662	0.000803212851406	0.0283296258451
gain_snps_nonsyn_trimmed##PA14_03390_312162_C_G_V_L|1	2095.46	0.0	0.528735632184	0.881992004287	0.00522088353414	0.0720668155898
gain_snps_nonsyn_trimmed##PA14_03400_312247_C_T_V_I|1	2093.07	0.0	0.390804597701	0.793020152214	0.00174029451138	0.0416805216665
gain_snps_nonsyn_trimmed##PA14_03390_312161_A_C_V_G|1	2070.03	0.0	0.528735632184	0.881992004287	0.0053547523427	0.0729799902032
gain_snps_nonsyn_trimmed##PA14_03285_298330_C_T_A_V|1	2069.24	0.0	0.298850574713	0.713014364104	0.000267737617135	0.0163604991887
gain_snps_nonsyn_trimmed##PA14_03390_311940_A_C_S_A|1	2048.06	0.0	0.390804597701	0.793020152214	0.00187416331995	0.0432510211648
gain_snps_nonsyn_trimmed##PA14_31190_2711037_C_G_E_Q|1	2028.38	0.0	0.367816091954	0.774818369947	0.00147255689424	0.0383456447388
gain_snps_nonsyn_trimmed##PA14_03390_312113_C_T_G_D|1	2020.92	0.0	0.528735632184	0.881992004287	0.00562248995984	0.0747721710698
gain_snps_nonsyn_trimmed##PA14_59940_5339736_A_G_S_G|1	2007.99	0.0	0.64367816092	0.921979523226	0.009906291834	0.0990361409593
gain_snps_nonsyn_trimmed##PA14_03390_312011_G_C_T_S|1	1997.19	0.0	0.528735632184	0.881992004287	0.00575635876841	0.0756519867693
gain_snps_nonsyn_trimmed##PA14_03400_312190_T_C_N_D|1	1997.19	0.0	0.528735632184	0.881992004287	0.00575635876841	0.0756519867693
loss_snps_nonsyn_trimmed##PA14_17400,adhC_1493200_A_G_I_V|1	1980.83	0.0	0.367816091954	0.774818369947	0.00160642570281	0.040048034899
gain_snps_nonsyn_trimmed##PA14_68640_6121217_T_C_V_A|1	1974.83	0.0	0.264367816092	0.668843058666	0.0	0.0
gain_snps_nonsyn_trimmed##PA14_03390_311904_G_C_Q_E|6	1973.99	0.0	0.528735632184	0.881992004287	0.00589022757697	0.0765214531753
loss_snps_nonsyn_trimmed##PA14_28930_2503365_G_A_L_F|1	1888.97	0.0	0.252873563218	0.664681944589	0.0	0.0
gain_snps_nonsyn_trimmed##PA14_03490_319925_G_A_A_T|14	1888.97	0.0	0.252873563218	0.664681944589	0.0	0.0
loss_snps_nonsyn_trimmed##PA14_49020_4353426_T_C_I_T|1	1888.97	0.0	0.252873563218	0.664681944589	0.0	0.0
gain_snps_nonsyn_trimmed##PA14_03390_311843_A_T_L_H|1	1885.31	0.0	0.390804597701	0.793020152214	0.00240963855422	0.0490288914443
gain_snps_nonsyn_trimmed##PA14_60140_5358484_G_A_V_I|1	1857.46	0.0	0.32183908046	0.734913441984	0.00107095046854	0.0327078512537
gain_snps_nonsyn_trimmed##PA14_03390_311723_C_G_S_T|1	1848.47	0.0	0.390804597701	0.793020152214	0.00254350736278	0.050369017591
gain_snps_nonsyn_trimmed##PA14_22720_1976581_G_A_A_V|1	1826.39	0.0	0.275862068966	0.689655172414	0.000401606425703	0.0200360958767
gain_snps_nonsyn_trimmed##PA14_31190_2711162_T_C_E_G|1	1818.36	0.0	0.402298850575	0.794518145232	0.00294511378849	0.0541889296191
loss_snps_nonsyn_trimmed##PA14_33650,pvdD_2984346_C_G_R_G|1	1817.77	0.0	0.436781609195	0.826308080718	0.00388219544846	0.0621862043138
gain_snps_nonsyn_trimmed##PA14_03390_311718_T_A_T_S|4	1812.99	0.0	0.390804597701	0.793020152214	0.00267737617135	0.0516740537232
gain_snps_nonsyn_trimmed##PA14_03285_297670_A_G_Q_R|1	1805.75	0.0	0.32183908046	0.734913441984	0.00120481927711	0.0346895904792
gain_snps_nonsyn_trimmed##PA14_02250,cheA_202211_A_G_V_A|1	1804.92	0.0	0.252873563218	0.664681944589	0.000133868808568	0.0115693944401
gain_snps_nonsyn_trimmed##PA14_27890_2415068_C_T_A_T|1	1804.92	0.0	0.252873563218	0.664681944589	0.000133868808568	0.0115693944401
gain_snps_nonsyn_trimmed##PA14_08620,birA_739302_G_A_G_S|2	1804.92	0.0	0.252873563218	0.664681944589	0.000133868808568	0.0115693944401
gain_snps_nonsyn_trimmed##PA14_35360,kguE_3143331_T_A_Q_L|1	1804.92	0.0	0.252873563218	0.664681944589	0.000133868808568	0.0115693944401
loss_snps_nonsyn_trimmed##PA14_33690,pvdE_2989461_C_T_A_T|1	1789.93	0.0	0.436781609195	0.826308080718	0.00401606425703	0.0632450431648
gain_snps_nonsyn_trimmed##PA14_03270_295881_G_A_S_N|7	1756.76	0.0	0.32183908046	0.734913441984	0.00133868808568	0.0365635884438
gain_snps_nonsyn_trimmed##PA14_03265_293742_A_G_I_V|1	1747.86	0.0	0.298850574713	0.713014364104	0.000937081659973	0.0305974433235
gain_snps_nonsyn_trimmed##PA14_03130_275833_C_T_V_I|1	1727.89	0.0	0.252873563218	0.664681944589	0.000267737617135	0.0163604991887
gain_snps_nonsyn_trimmed##PA14_54790_4855756_C_T_A_V|1	1727.89	0.0	0.252873563218	0.664681944589	0.000267737617135	0.0163604991887
loss_snps_nonsyn_trimmed##PA14_33630,pvdJ_2977123_T_G_C_G|2	1719.24	0.0	0.241379310345	0.642651068896	0.000133868808568	0.0115693944401
loss_snps_nonsyn_trimmed##PA14_31070_2703509_C_G_E_Q|1	1717.24	0.0	0.229885057471	0.637905146001	0.0	0.0
gain_snps_nonsyn_trimmed##PA14_02830,pcaB_250142_G_T_A_S|6	1717.24	0.0	0.229885057471	0.637905146001	0.0	0.0
loss_snps_nonsyn_trimmed##PA14_55640,sbcD_4959061_A_C_E_D|1	1717.24	0.0	0.229885057471	0.637905146001	0.0	0.0
loss_snps_nonsyn_trimmed##PA14_69520_6201733_T_C_D_G|1	1717.24	0.0	0.229885057471	0.637905146001	0.0	0.0
loss_snps_nonsyn_trimmed##PA14_31960,czrR_2783291_G_A_H_Y|1	1717.24	0.0	0.229885057471	0.637905146001	0.0	0.0
gain_snps_nonsyn_trimmed##PA14_03285_297519_G_A_D_N|1	1710.29	0.0	0.32183908046	0.734913441984	0.00147255689424	0.0383456447388
gain_snps_nonsyn_trimmed##PA14_03285_297691_A_G_Q_R|1	1710.29	0.0	0.32183908046	0.734913441984	0.00147255689424	0.0383456447388
gain_snps_nonsyn_trimmed##PA14_03270_295827_T_C_V_A|1	1710.29	0.0	0.32183908046	0.734913441984	0.00147255689424	0.0383456447388
gain_snps_nonsyn_trimmed##PA14_27250_2366100_C_T_A_T|1	1697.13	0.0	0.275862068966	0.689655172414	0.000669344042838	0.025863024212
gain_snps_nonsyn_trimmed##PA14_35830,tnpT_3188445_T_G_S_A|1	1696.41	0.0	0.597701149425	0.915508402379	0.0107095046854	0.10293109926
gain_snps_nonsyn_trimmed##PA14_03270_296003_A_G_N_D|1	1666.14	0.0	0.32183908046	0.734913441984	0.00160642570281	0.040048034899
gain_snps_nonsyn_trimmed##PA14_59940_5339883_G_A_D_N|1	1660.47	0.0	0.333333333333	0.737605112972	0.00187416331995	0.0432510211648
gain_snps_nonsyn_trimmed##PA14_03010_266202_G_A_R_Q|2	1657.01	0.0	0.252873563218	0.664681944589	0.000401606425703	0.0200360958767
gain_snps_nonsyn_trimmed##PA14_03270_296850_A_G_N_S|1	1645.02	0.0	0.298850574713	0.713014364104	0.00120481927711	0.0346895904792
gain_snps_nonsyn_trimmed##PA14_59340,pilT2_5286189_A_T_D_V|1	1643.07	0.0	0.586206896552	0.904035958723	0.0107095046854	0.10293109926
loss_snps_nonsyn_trimmed##PA14_48930_4349887_C_T_D_N|1	1638.97	0.0	0.275862068966	0.689655172414	0.000803212851406	0.0283296258451
gain_snps_nonsyn_trimmed##PA14_03400_312366_T_G_Q_P|1	1638.7	0.0	0.436781609195	0.826308080718	0.00481927710843	0.0692535318708
loss_snps_nonsyn_trimmed##PA14_30890_2683025_A_C_I_L|1	1633.56	0.0	0.229885057471	0.637905146001	0.000133868808568	0.0115693944401
gain_snps_nonsyn_trimmed##PA14_63880_5693338_G_T_A_S|1	1633.56	0.0	0.229885057471	0.637905146001	0.000133868808568	0.0115693944401
loss_snps_nonsyn_trimmed##PA14_08180_701311_T_A_L_Q|1	1633.56	0.0	0.229885057471	0.637905146001	0.000133868808568	0.0115693944401
loss_snps_nonsyn_trimmed##PA14_31160_2709131_T_C_V_A|1	1633.56	0.0	0.229885057471	0.637905146001	0.000133868808568	0.0115693944401
gain_snps_nonsyn_trimmed##PA14_66850,phaD_5971572_A_C_E_A|2	1633.56	0.0	0.229885057471	0.637905146001	0.000133868808568	0.0115693944401
loss_snps_nonsyn_trimmed##PA14_08180_701301_C_T_R_W|1	1633.56	0.0	0.229885057471	0.637905146001	0.000133868808568	0.0115693944401
loss_snps_nonsyn_trimmed##PA14_67230_6004002_G_A_P_S|2	1633.56	0.0	0.229885057471	0.637905146001	0.000133868808568	0.0115693944401
loss_snps_nonsyn_trimmed##PA14_33610_2970134_G_C_R_P|1	1633.56	0.0	0.229885057471	0.637905146001	0.000133868808568	0.0115693944401
gain_snps_nonsyn_trimmed##PA14_12210_1055025_C_A_A_S|1	1633.56	0.0	0.229885057471	0.637905146001	0.000133868808568	0.0115693944401
gain_snps_nonsyn_trimmed##PA14_64930_5788105_G_A_R_C|1	1633.56	0.0	0.229885057471	0.637905146001	0.000133868808568	0.0115693944401
loss_snps_nonsyn_trimmed##PA14_33690,pvdE_2989784_T_A_E_V|1	1631.38	0.0	0.218390804598	0.614485811707	0.0	0.0
gain_snps_nonsyn_trimmed##PA14_35830,tnpT_3189234_G_A_A_T|1	1630.11	0.0	0.574712643678	0.905058376323	0.0103078982597	0.10100319546
gain_snps_nonsyn_trimmed##PA14_03400_312367_G_T_Q_K|1	1615.85	0.0	0.436781609195	0.826308080718	0.004953145917	0.0702040758256
gain_snps_nonsyn_trimmed##PA14_33610_2960718_C_G_S_R|1	1609.4	0.0	0.689655172414	0.950624051868	0.0164658634538	0.127258550968
gain_snps_nonsyn_trimmed##PA14_59340,pilT2_5286190_C_G_D_E|1	1605.62	0.0	0.551724137931	0.893895268746	0.0095046854083	0.0970275546615
gain_snps_nonsyn_trimmed##PA14_03390_311769_C_A_A_S|1	1602.72	0.0	0.413793103448	0.810161387895	0.00428380187416	0.0653104196562
gain_snps_nonsyn_trimmed##PA14_03390_312090_C_T_A_T|1	1593.6	0.0	0.436781609195	0.826308080718	0.00508701472557	0.0711416685688
gain_snps_nonsyn_trimmed##PA14_37310_3321567_A_G_T_A|1	1591.59	0.0	0.252873563218	0.664681944589	0.00053547523427	0.0231341414482
gain_snps_nonsyn_trimmed##PA14_03390_311776_G_T_D_E|1	1578.46	0.0	0.413793103448	0.810161387895	0.00441767068273	0.0663185861465
gain_snps_nonsyn_trimmed##PA14_46150_4105129_G_A_A_T|1	1572.47	0.0	0.241379310345	0.642651068896	0.000401606425703	0.0200360958767
gain_snps_nonsyn_trimmed##PA14_71320_6355220_C_T_H_Y|1	1557.49	0.0	0.229885057471	0.637905146001	0.000267737617135	0.0163604991887
loss_snps_nonsyn_trimmed##PA14_08180_701299_G_C_S_T|1	1557.49	0.0	0.229885057471	0.637905146001	0.000267737617135	0.0163604991887
loss_snps_nonsyn_trimmed##PA14_48930_4349901_T_G_N_T|1	1557.49	0.0	0.229885057471	0.637905146001	0.000267737617135	0.0163604991887
loss_snps_nonsyn_trimmed##PA14_30970,bphR_2691804_A_T_V_E|1	1553.3	0.0	0.298850574713	0.713014364104	0.00147255689424	0.0383456447388
gain_snps_nonsyn_trimmed##PA14_15580_1317797_A_T_S_C|4	1545.52	0.0	0.206896551724	0.609086956298	0.0	0.0
loss_snps_nonsyn_trimmed##PA14_02220_199829_C_A_R_L|308	1545.52	0.0	0.206896551724	0.609086956298	0.0	0.0
gain_snps_nonsyn_trimmed##PA14_01290,coxB_125495_A_T_H_L|111	1545.52	0.0	0.206896551724	0.609086956298	0.0	0.0
gain_snps_nonsyn_trimmed##PA14_30880,trbL_2681902_G_A_A_V|1	1542.74	0.0	0.51724137931	0.869166187375	0.00856760374833	0.0921639838242
loss_snps_nonsyn_trimmed##PA14_59990_5341919_G_C_K_N|1	1533.54	0.0	0.275862068966	0.689655172414	0.00107095046854	0.0327078512537
loss_snps_nonsyn_trimmed##PA14_43100_3838292_T_C_L_P|1	1533.54	0.0	0.275862068966	0.689655172414	0.00107095046854	0.0327078512537
gain_snps_nonsyn_trimmed##PA14_61640,phr_5500499_C_G_D_E|1	1531.02	0.0	0.252873563218	0.664681944589	0.000669344042838	0.025863024212
gain_snps_nonsyn_trimmed##PA14_47380,hxuC_4222301_C_T_G_D|1	1531.02	0.0	0.252873563218	0.664681944589	0.000669344042838	0.025863024212
gain_snps_nonsyn_trimmed##PA14_14340,ybiN_1223266_C_T_G_S|1	1531.02	0.0	0.252873563218	0.664681944589	0.000669344042838	0.025863024212
gain_snps_nonsyn_trimmed##PA14_31190_2711757_T_G_K_Q|1	1523.96	0.0	0.597701149425	0.915508402379	0.0125836680054	0.111468916317
gain_snps_nonsyn_trimmed##PA14_49520,pyoS3A_4403404_T_C_K_E|1	1519.0	0.0	0.287356321839	0.693285464368	0.00133868808568	0.0365635884438
loss_snps_nonsyn_trimmed##PA14_17400,adhC_1493197_T_G_C_G|1	1511.06	0.0	0.298850574713	0.713014364104	0.00160642570281	0.040048034899
gain_snps_nonsyn_trimmed##PA14_03390_311915_T_C_K_R|1	1509.73	0.0	0.413793103448	0.810161387895	0.00481927710843	0.0692535318708
gain_snps_nonsyn_trimmed##PA14_03380_311133_G_A_G_E|1	1507.89	0.0	0.241379310345	0.642651068896	0.00053547523427	0.0231341414482
gain_snps_nonsyn_trimmed##PA14_03270_296852_C_G_L_V|1	1494.77	0.0	0.390804597701	0.793020152214	0.0041499330656	0.0642861658613
loss_snps_nonsyn_trimmed##PA14_30910,trbE_2684498_T_A_M_L|1	1488.04	0.0	0.229885057471	0.637905146001	0.000401606425703	0.0200360958767
