feature	score	p-value	#I-out-of-11	#O-out-of-358
snp_PA14_33360_2937034	130.181818182	3.73910754141e-30	0.0	1.0
gene_pa_group_21212	112.412798375	2.90149714954e-26	6.0	4.0
gene_pa_group_18563	112.412798375	2.90149714954e-26	6.0	4.0
gene_pa_group_16696	112.412798375	2.90149714954e-26	6.0	4.0
gene_pa_group_237	102.551599797	4.20276970503e-24	4.0	1.0
gene_pa_group_12686	101.127683642	8.62411127599e-24	6.0	5.0
gene_pa_group_20330	101.127683642	8.62411127599e-24	6.0	5.0
gene_pa_group_15460	101.127683642	8.62411127599e-24	6.0	5.0
gene_pa_group_16241	101.127683642	8.62411127599e-24	6.0	5.0
gene_pa_group_17280	101.127683642	8.62411127599e-24	6.0	5.0
snp_PA14_28760_2476043	97.9891124937	4.2068925773e-23	5.0	3.0
snp_PA14_38480,gnyA_3433152	91.9510062214	8.88491790502e-22	7.0	9.0
snp_PA14_39710,nrdG_3538211	91.9510062214	8.88491790502e-22	7.0	9.0
gene_pa_group_20793	91.7285424073	9.94205000031e-22	6.0	6.0
gene_pa_group_13358	91.7285424073	9.94205000031e-22	6.0	6.0
gene_pa_group_12687	91.7285424073	9.94205000031e-22	6.0	6.0
gene_pa_group_15457	91.7285424073	9.94205000031e-22	6.0	6.0
gene_pa_group_12688	91.7285424073	9.94205000031e-22	6.0	6.0
gene_pa_group_22323	91.7285424073	9.94205000031e-22	6.0	6.0
gene_pa_group_15868	91.7285424073	9.94205000031e-22	6.0	6.0
gene_pa_group_14362	91.7285424073	9.94205000031e-22	6.0	6.0
gene_pa_group_12689	91.7285424073	9.94205000031e-22	6.0	6.0
gene_pa_group_17161	91.7285424073	9.94205000031e-22	6.0	6.0
gene_pa_group_18707	91.7285424073	9.94205000031e-22	6.0	6.0
snp_PA14_21790,rdgC_1896098	89.5286584923	3.02228545045e-21	8.0	13.0
snp_PA14_71560,fdhA_6375360	89.5286584923	3.02228545045e-21	8.0	13.0
snp_PA14_65350,mutL_5822834	86.0142204165	1.78646352814e-20	5.0	4.0
snp_PA14_41140_3669565	86.0142204165	1.78646352814e-20	5.0	4.0
snp_PA14_01160_113447	86.0142204165	1.78646352814e-20	5.0	4.0
snp_PA14_51630_4588563	86.0142204165	1.78646352814e-20	5.0	4.0
gene_pa_dnaJ_2	86.0142204165	1.78646352814e-20	5.0	4.0
gene_pa_group_22481	86.0142204165	1.78646352814e-20	5.0	4.0
snp_PA14_38380,amrR_3421359	86.0142204165	1.78646352814e-20	5.0	4.0
snp_PA14_39440_3508950	85.7529352015	2.03881392456e-20	7.0	10.0
snp_PA14_39440_3508454	85.7529352015	2.03881392456e-20	7.0	10.0
snp_PA14_66875,phaF_5972330	84.1416962925	4.60554277753e-20	4.0	2.0
snp_PA14_40260_3593044	83.7801500176	5.52972595283e-20	6.0	7.0
gene_pa_group_9108	83.7801500176	5.52972595283e-20	6.0	7.0
gene_pa_group_9138	83.7801500176	5.52972595283e-20	6.0	7.0
snp_PA14_71560,fdhA_6375364	80.4270651622	3.01635306992e-19	8.0	15.0
snp_PA14_33360_2936815	76.9716317202	1.73431299433e-18	0.0	6.0
snp_PA14_05230_457408	76.4404520061	2.26954364519e-18	5.0	5.0
snp_PA14_18610,argF_1598741	76.4404520061	2.26954364519e-18	5.0	5.0
gene_pa_group_20167	76.4404520061	2.26954364519e-18	5.0	5.0
gene_pa_group_18247	76.4404520061	2.26954364519e-18	5.0	5.0
snp_PA14_00060_7128	76.4404520061	2.26954364519e-18	5.0	5.0
snp_PA14_09280,pchF_790321	76.4404520061	2.26954364519e-18	5.0	5.0
snp_PA14_51630_4588971	76.4404520061	2.26954364519e-18	0.0	2.0
snp_PA14_32660_2836688	76.4404520061	2.26954364519e-18	5.0	5.0
snp_PA14_48560_4318797	76.4404520061	2.26954364519e-18	5.0	5.0
gene_pa_group_16343	76.4404520061	2.26954364519e-18	5.0	5.0
gene_pa_group_21756	76.4404520061	2.26954364519e-18	5.0	5.0
snp_PA14_36345,exoY_3237068	76.4404520061	2.26954364519e-18	5.0	5.0
snp_PA14_23320,cmk_2023498	76.4404520061	2.26954364519e-18	5.0	5.0
gene_pa_group_2462	76.4404520061	2.26954364519e-18	5.0	5.0
snp_PA14_55450,hxcQ_4936668	76.4404520061	2.26954364519e-18	5.0	5.0
snp_PA14_24490,pelB_2141521	76.4404520061	2.26954364519e-18	5.0	5.0
snp_PA14_13770,narK2_1183283	76.4404520061	2.26954364519e-18	5.0	5.0
snp_PA14_33360_2936081	76.4404520061	2.26954364519e-18	0.0	1.0
snp_PA14_29400,rhs_2546838	76.4404520061	2.26954364519e-18	5.0	5.0
snp_PA14_55470,hxcY_4938846	76.4404520061	2.26954364519e-18	5.0	5.0
snp_PA14_32240,catA_2802167	76.4404520061	2.26954364519e-18	5.0	5.0
snp_PA14_38080_3396335	76.4404520061	2.26954364519e-18	5.0	5.0
snp_PA14_33280,pvdL_2913572	76.4404520061	2.26954364519e-18	5.0	5.0
snp_PA14_41160_3671691	76.4404520061	2.26954364519e-18	5.0	5.0
snp_PA14_61590_5496043	76.4404520061	2.26954364519e-18	5.0	5.0
snp_PA14_49360_4386498	76.4404520061	2.26954364519e-18	5.0	5.0
snp_PA14_64400_5738362	76.4404520061	2.26954364519e-18	5.0	5.0
snp_PA14_34170_3039141	76.4404520061	2.26954364519e-18	5.0	5.0
snp_PA14_47890_4262123	76.4404520061	2.26954364519e-18	5.0	5.0
snp_PA14_51630_4588575	76.4404520061	2.26954364519e-18	5.0	5.0
snp_PA14_11760,eutC_1019146	76.4404520061	2.26954364519e-18	5.0	5.0
snp_PA14_14230_1216926	76.4404520061	2.26954364519e-18	5.0	5.0
snp_PA14_56130_5012405	76.4404520061	2.26954364519e-18	5.0	5.0
snp_PA14_27370,deaD_2374090	76.4404520061	2.26954364519e-18	5.0	5.0
snp_PA14_47810_4254864	76.4404520061	2.26954364519e-18	5.0	5.0
gene_pa_group_13237	76.4404520061	2.26954364519e-18	5.0	5.0
snp_PA14_01830,add_167281	76.4404520061	2.26954364519e-18	5.0	5.0
gene_pa_group_13099	76.4404520061	2.26954364519e-18	5.0	5.0
gene_pa_group_22529	76.4404520061	2.26954364519e-18	5.0	5.0
snp_PA14_48240_4294997	76.4404520061	2.26954364519e-18	5.0	5.0
snp_PA14_60560_5398218	76.4404520061	2.26954364519e-18	5.0	5.0
gene_pa_group_20117	76.4404520061	2.26954364519e-18	5.0	5.0
snp_PA14_53140_4709417	76.4404520061	2.26954364519e-18	5.0	5.0
snp_PA14_40120,polB_3576008	76.4404520061	2.26954364519e-18	5.0	5.0
snp_PA14_41380,glnS_3690270	76.4404520061	2.26954364519e-18	5.0	5.0
snp_PA14_11730_1015499	76.4404520061	2.26954364519e-18	5.0	5.0
snp_PA14_26485_2309580	76.4404520061	2.26954364519e-18	5.0	5.0
snp_PA14_44660,ligA_3977610	76.4404520061	2.26954364519e-18	5.0	5.0
snp_PA14_25230,mfd_2208192	76.4404520061	2.26954364519e-18	5.0	5.0
gene_pa_group_1968	76.4404520061	2.26954364519e-18	5.0	5.0
snp_PA14_34190,msuD_3040352	76.4404520061	2.26954364519e-18	5.0	5.0
snp_PA14_57240_5100922	76.4404520061	2.26954364519e-18	5.0	5.0
snp_PA14_51630_4588933	76.4404520061	2.26954364519e-18	5.0	5.0
gene_pa_group_23201	76.4404520061	2.26954364519e-18	5.0	5.0
snp_PA14_40880_3646875	76.4404520061	2.26954364519e-18	5.0	5.0
snp_PA14_51630_4588898	76.4404520061	2.26954364519e-18	5.0	5.0
snp_PA14_31870_2772857	76.4404520061	2.26954364519e-18	5.0	5.0
snp_PA14_51630_4588985	76.4404520061	2.26954364519e-18	0.0	1.0
snp_PA14_72940_6495703	76.4404520061	2.26954364519e-18	5.0	5.0
