feature	score	p-value	#I-out-of-6	#O-out-of-363
gene_pa_group_4845	121.0	3.821319149e-28	2.0	0.0
snp_PA14_31190_2711847	79.3388429752	5.23208735403e-19	2.0	1.0
snp_PA14_48890_4347443	79.3388429752	5.23208735403e-19	2.0	1.0
snp_PA14_31070_2703337	79.3388429752	5.23208735403e-19	2.0	1.0
snp_PA14_23270,serC_2017952	79.3388429752	5.23208735403e-19	2.0	1.0
snp_PA14_12630_1083178	79.3388429752	5.23208735403e-19	2.0	1.0
gene_pa_group_2629	79.3388429752	5.23208735403e-19	2.0	1.0
snp_PA14_51630_4588825	79.3388429752	5.23208735403e-19	2.0	1.0
snp_PA14_55740,chrA_4975211	79.3388429752	5.23208735403e-19	2.0	1.0
gene_pa_group_21650	79.3388429752	5.23208735403e-19	2.0	1.0
snp_PA14_23270,serC_2017953	79.3388429752	5.23208735403e-19	2.0	1.0
gene_pa_group_20525	79.3388429752	5.23208735403e-19	2.0	1.0
gene_pa_group_7185	74.3949232586	6.39532581069e-18	3.0	4.0
snp_PA14_55740,chrA_4975768	60.5	7.35784791797e-15	1.0	0.0
snp_PA14_44530,ygdE_3964958	60.5	7.35784791797e-15	1.0	0.0
snp_PA14_21860_1900148	60.5	7.35784791797e-15	1.0	0.0
snp_PA14_41780_3729664	60.5	7.35784791797e-15	1.0	0.0
snp_PA14_59690_5310376	60.5	7.35784791797e-15	1.0	0.0
snp_PA14_08850,rplC_760180	60.5	7.35784791797e-15	1.0	0.0
snp_PA14_26420_2302618	60.5	7.35784791797e-15	1.0	0.0
snp_PA14_58150,mreB_5176079	60.5	7.35784791797e-15	1.0	0.0
snp_PA14_31850_2771182	60.5	7.35784791797e-15	1.0	0.0
snp_PA14_59940_5339104	60.5	7.35784791797e-15	1.0	0.0
snp_PA14_31690_2754032	60.5	7.35784791797e-15	1.0	0.0
snp_PA14_18780,mexF_1618324	60.5	7.35784791797e-15	1.0	0.0
snp_PA14_65795_5860440	60.5	7.35784791797e-15	1.0	0.0
snp_PA14_59990_5341950	60.5	7.35784791797e-15	1.0	0.0
snp_PA14_70390,crc_6275645	60.5	7.35784791797e-15	1.0	0.0
snp_PA14_44710,xdhA_3986335	60.5	7.35784791797e-15	1.0	0.0
snp_PA14_31080_2703764	60.5	7.35784791797e-15	1.0	0.0
snp_PA14_37660_3353902	60.5	7.35784791797e-15	1.0	0.0
gene_pa_group_23837	60.5	7.35784791797e-15	1.0	0.0
gene_pa_group_7706	60.5	7.35784791797e-15	1.0	0.0
snp_PA14_34320_3052114	60.5	7.35784791797e-15	1.0	0.0
snp_PA14_05540,mexB_488309	60.5	7.35784791797e-15	1.0	0.0
snp_PA14_02110_192012	60.5	7.35784791797e-15	1.0	0.0
snp_PA14_13190_1136790	60.5	7.35784791797e-15	1.0	0.0
snp_PA14_57100,ampG_5087382	60.5	7.35784791797e-15	1.0	0.0
snp_PA14_15460,merA_1308799	60.5	7.35784791797e-15	1.0	0.0
snp_PA14_06750,nirS_589669	60.5	7.35784791797e-15	1.0	0.0
gene_pa_group_479	60.5	7.35784791797e-15	1.0	0.0
snp_PA14_00690_70215	60.5	7.35784791797e-15	1.0	0.0
snp_PA14_40080_3572112	60.5	7.35784791797e-15	1.0	0.0
snp_PA14_53660_4759232	60.5	7.35784791797e-15	1.0	0.0
snp_PA14_48700,kefB_4332132	60.5	7.35784791797e-15	1.0	0.0
gene_pa_group_15910	60.5	7.35784791797e-15	1.0	0.0
snp_PA14_18970,pldA_1638658	60.5	7.35784791797e-15	1.0	0.0
snp_PA14_37780_3368590	60.5	7.35784791797e-15	1.0	0.0
snp_PA14_72790_6482833	60.5	7.35784791797e-15	1.0	0.0
snp_PA14_29390_2545206	60.5	7.35784791797e-15	1.0	0.0
snp_PA14_07470_640457	60.5	7.35784791797e-15	1.0	0.0
snp_PA14_12670_1087000	60.5	7.35784791797e-15	1.0	0.0
snp_PA14_38330,gor_3416702	60.5	7.35784791797e-15	1.0	0.0
snp_PA14_35250_3135072	60.5	7.35784791797e-15	1.0	0.0
snp_PA14_07310_629690	60.5	7.35784791797e-15	1.0	0.0
snp_PA14_23010,gltK_1996259	60.5	7.35784791797e-15	1.0	0.0
snp_PA14_59580_5302716	60.5	7.35784791797e-15	1.0	0.0
snp_PA14_49300_4380617	60.5	7.35784791797e-15	1.0	0.0
snp_PA14_40930_3649745	60.5	7.35784791797e-15	1.0	0.0
snp_PA14_43100_3840092	60.5	7.35784791797e-15	1.0	0.0
snp_PA14_72870_6489332	60.5	7.35784791797e-15	1.0	0.0
snp_PA14_51600_4587167	60.5	7.35784791797e-15	1.0	0.0
snp_PA14_19370,asnB_1673617	60.5	7.35784791797e-15	1.0	0.0
snp_PA14_33910_3014353	60.5	7.35784791797e-15	1.0	0.0
snp_PA14_38770_3458312	60.5	7.35784791797e-15	0.0	1.0
snp_PA14_24300_2111279	60.5	7.35784791797e-15	1.0	0.0
snp_PA14_24690,dacB_2158527	60.5	7.35784791797e-15	1.0	0.0
snp_PA14_12630_1082918	60.5	7.35784791797e-15	1.0	0.0
snp_PA14_09700,pqsL_834941	60.5	7.35784791797e-15	1.0	0.0
snp_PA14_33160_2903173	60.5	7.35784791797e-15	1.0	0.0
snp_PA14_56990_5078536	60.5	7.35784791797e-15	1.0	0.0
snp_PA14_59990_5342623	60.5	7.35784791797e-15	1.0	0.0
snp_PA14_31200_2713717	60.5	7.35784791797e-15	1.0	0.0
snp_PA14_65060_5799123	60.5	7.35784791797e-15	1.0	0.0
snp_PA14_48540_4316681	60.5	7.35784791797e-15	1.0	0.0
snp_PA14_28050_2429064	60.5	7.35784791797e-15	1.0	0.0
snp_PA14_33610_2969807	60.5	7.35784791797e-15	1.0	40.0
snp_PA14_65200,rnr_5810636	60.5	7.35784791797e-15	1.0	0.0
snp_PA14_19340_1667991	60.5	7.35784791797e-15	1.0	0.0
snp_PA14_30320,ycaJ_2627031	60.5	7.35784791797e-15	1.0	0.0
snp_PA14_38570_3441501	60.5	7.35784791797e-15	1.0	0.0
snp_PA14_18920,rnfC_1631877	60.5	7.35784791797e-15	1.0	0.0
snp_PA14_40650_3629960	60.5	7.35784791797e-15	1.0	0.0
snp_PA14_60870,morA_5430999	60.5	7.35784791797e-15	1.0	0.0
snp_PA14_20520_1765844	60.5	7.35784791797e-15	1.0	0.0
snp_PA14_18780,mexF_1618487	60.5	7.35784791797e-15	1.0	0.0
gene_pa_group_1404	60.5	7.35784791797e-15	1.0	0.0
snp_PA14_35920_3198044	60.5	7.35784791797e-15	1.0	0.0
snp_PA14_24300_2111422	60.5	7.35784791797e-15	1.0	0.0
snp_PA14_21230,hepA_1840007	60.5	7.35784791797e-15	1.0	0.0
snp_PA14_12450_1073807	60.5	7.35784791797e-15	1.0	0.0
snp_PA14_47060_4192104	60.5	7.35784791797e-15	1.0	0.0
snp_PA14_21450_1860212	60.5	7.35784791797e-15	1.0	0.0
snp_PA14_56920,inaA_5073461	60.5	7.35784791797e-15	1.0	0.0
gene_pa_group_23311	60.5	7.35784791797e-15	1.0	0.0
snp_PA14_44260_3937630	60.5	7.35784791797e-15	1.0	0.0
snp_PA14_05190,pilU_452594	60.5	7.35784791797e-15	1.0	0.0
snp_PA14_33010,glyA2_2889163	60.5	7.35784791797e-15	1.0	0.0
snp_PA14_02340,atsB_210234	60.5	7.35784791797e-15	1.0	0.0
snp_PA14_33650,pvdD_2984664	60.5	7.35784791797e-15	1.0	0.0
