feature	score	p-value	#I-out-of-8	#O-out-of-361
snp_PA14_66580_5944202	58.8407202216	1.70966195049e-14	2.0	1.0
snp_PA14_66100_5888430	58.8407202216	1.70966195049e-14	2.0	1.0
snp_PA14_70510_6282809	58.8407202216	1.70966195049e-14	2.0	1.0
snp_PA14_11080,cupB3_960733	58.8407202216	1.70966195049e-14	2.0	1.0
snp_PA14_04820_426515	58.8407202216	1.70966195049e-14	2.0	1.0
snp_PA14_69900_6235090	58.8407202216	1.70966195049e-14	2.0	1.0
snp_PA14_66270,glnE_5906946	58.8407202216	1.70966195049e-14	2.0	1.0
snp_PA14_08240_703966	58.8407202216	1.70966195049e-14	2.0	1.0
snp_PA14_08150,gpD_700559	58.8407202216	1.70966195049e-14	2.0	1.0
snp_PA14_13130_1126698	45.125	1.84850477215e-11	1.0	0.0
snp_PA14_62860,ftsH_5608903	45.125	1.84850477215e-11	1.0	0.0
snp_PA14_39870,apaH_3554928	45.125	1.84850477215e-11	1.0	0.0
snp_PA14_51450,cupC3_4572922	45.125	1.84850477215e-11	1.0	0.0
snp_PA14_13730,narL_1178618	45.125	1.84850477215e-11	1.0	0.0
gene_pa_group_8701	45.125	1.84850477215e-11	1.0	0.0
snp_PA14_72350_6444697	45.125	1.84850477215e-11	1.0	0.0
snp_PA14_55400_4917991	45.125	1.84850477215e-11	1.0	0.0
snp_PA14_28895_2496353	45.125	1.84850477215e-11	1.0	0.0
snp_PA14_48780_4336966	45.125	1.84850477215e-11	1.0	0.0
snp_PA14_03300_299055	45.125	1.84850477215e-11	1.0	0.0
snp_PA14_54170,putA_4805829	45.125	1.84850477215e-11	1.0	0.0
snp_PA14_50270,fliD_4463663	45.125	1.84850477215e-11	1.0	0.0
snp_PA14_65130,dnaB_5805567	45.125	1.84850477215e-11	1.0	0.0
snp_PA14_06360,comF_562879	45.125	1.84850477215e-11	1.0	0.0
snp_PA14_19830_1709532	45.125	1.84850477215e-11	1.0	0.0
snp_PA14_38320,yfeH_3415594	45.125	1.84850477215e-11	1.0	0.0
snp_PA14_66110_5889562	45.125	1.84850477215e-11	1.0	0.0
snp_PA14_14290_1219806	45.125	1.84850477215e-11	1.0	0.0
snp_PA14_39250_3495178	45.125	1.84850477215e-11	1.0	0.0
snp_PA14_47440_4226973	45.125	1.84850477215e-11	1.0	0.0
snp_PA14_55390_4917243	45.125	1.84850477215e-11	1.0	0.0
snp_PA14_63970_5700641	45.125	1.84850477215e-11	1.0	0.0
snp_PA14_62620,pgi_5586408	45.125	1.84850477215e-11	1.0	0.0
snp_PA14_47490_4229415	45.125	1.84850477215e-11	1.0	0.0
snp_PA14_14770,hscB_1256556	45.125	1.84850477215e-11	1.0	0.0
snp_PA14_31130_2707613	45.125	1.84850477215e-11	1.0	0.0
snp_PA14_56870_5066429	45.125	1.84850477215e-11	1.0	0.0
snp_PA14_13130_1126695	45.125	1.84850477215e-11	1.0	0.0
snp_PA14_21040_1818372	45.125	1.84850477215e-11	1.0	0.0
snp_PA14_45960,lasR_4085388	45.125	1.84850477215e-11	1.0	0.0
snp_PA14_33630,pvdJ_2977315	45.125	1.84850477215e-11	1.0	0.0
snp_PA14_36660_3265590	45.125	1.84850477215e-11	1.0	0.0
snp_PA14_37680_3354893	45.125	1.84850477215e-11	1.0	0.0
snp_PA14_43840_3903823	45.125	1.84850477215e-11	1.0	0.0
snp_PA14_33650,pvdD_2984028	45.125	1.84850477215e-11	1.0	0.0
snp_PA14_30850,trbI_2679177	45.125	1.84850477215e-11	1.0	0.0
snp_PA14_30080_2605844	45.125	1.84850477215e-11	1.0	0.0
snp_PA14_30150,mnmA_2610839	45.125	1.84850477215e-11	1.0	0.0
snp_PA14_61650,pagL_5501481	45.125	1.84850477215e-11	1.0	0.0
snp_PA14_09910,lysR_851999	45.125	1.84850477215e-11	1.0	0.0
snp_PA14_01910,pcaG_174372	45.125	1.84850477215e-11	1.0	0.0
snp_PA14_33650,pvdD_2980845	45.125	1.84850477215e-11	1.0	0.0
snp_PA14_18830_1624681	45.125	1.84850477215e-11	1.0	0.0
snp_PA14_55400_4922547	45.125	1.84850477215e-11	1.0	0.0
snp_PA14_56240,pykA_5021229	45.125	1.84850477215e-11	1.0	0.0
snp_PA14_07760,surA_666164	45.125	1.84850477215e-11	1.0	0.0
snp_PA14_66670,ponA_5954623	45.125	1.84850477215e-11	1.0	0.0
snp_PA14_35500,bkdB_3156992	45.125	1.84850477215e-11	1.0	0.0
snp_PA14_15580_1319911	45.125	1.84850477215e-11	1.0	0.0
snp_PA14_15880_1353279	45.125	1.84850477215e-11	1.0	0.0
snp_PA14_15600_1323670	45.125	1.84850477215e-11	1.0	0.0
snp_PA14_28920_2501254	45.125	1.84850477215e-11	1.0	0.0
snp_PA14_10470,bcr_902474	45.125	1.84850477215e-11	1.0	0.0
snp_PA14_35320,kguD_3140256	45.125	1.84850477215e-11	1.0	0.0
snp_PA14_16350_1397371	45.125	1.84850477215e-11	1.0	0.0
snp_PA14_58900_5248484	45.125	1.84850477215e-11	1.0	0.0
snp_PA14_55400_4919069	45.125	1.84850477215e-11	6.0	186.0
snp_PA14_28000_2424512	45.125	1.84850477215e-11	1.0	0.0
snp_PA14_30540_2643599	45.125	1.84850477215e-11	1.0	0.0
snp_PA14_40260_3594056	45.125	1.84850477215e-11	1.0	0.0
snp_PA14_00340_31824	45.125	1.84850477215e-11	1.0	0.0
snp_PA14_36320,hcnB_3235039	45.125	1.84850477215e-11	1.0	0.0
snp_PA14_48170_4289441	45.125	1.84850477215e-11	1.0	0.0
snp_PA14_46710_4162983	45.125	1.84850477215e-11	1.0	0.0
snp_PA14_00230,smf_23803	45.125	1.84850477215e-11	1.0	0.0
snp_PA14_14020_1202212	45.125	1.84850477215e-11	1.0	0.0
snp_PA14_34900_3107390	45.125	1.84850477215e-11	1.0	0.0
snp_PA14_49560,toxA_4407858	45.125	1.84850477215e-11	1.0	0.0
snp_PA14_42450,popB_3781098	45.125	1.84850477215e-11	1.0	0.0
snp_PA14_23050_1998705	45.125	1.84850477215e-11	1.0	0.0
snp_PA14_38250,yjiR_3412811	45.125	1.84850477215e-11	1.0	0.0
snp_PA14_06920,argD_598955	45.125	1.84850477215e-11	1.0	0.0
snp_PA14_39890,phzF2_3556140	45.125	1.84850477215e-11	1.0	0.0
snp_PA14_31530_2741075	45.125	1.84850477215e-11	1.0	0.0
snp_PA14_73240,atpD_6522099	45.125	1.84850477215e-11	1.0	0.0
snp_PA14_61200_5461967	45.125	1.84850477215e-11	1.0	0.0
snp_PA14_21620,oprP_1875654	45.125	1.84850477215e-11	1.0	0.0
snp_PA14_06980_606025	45.125	1.84850477215e-11	1.0	0.0
snp_PA14_33330_2930576	45.125	1.84850477215e-11	0.0	0.0
snp_PA14_48450_4307771	45.125	1.84850477215e-11	1.0	0.0
snp_PA14_33500,pvdH_2947645	45.125	1.84850477215e-11	1.0	0.0
snp_PA14_38840,exaC_3464038	45.125	1.84850477215e-11	1.0	0.0
snp_PA14_53730_4763493	45.125	1.84850477215e-11	1.0	0.0
snp_PA14_64440,bcpA_5740825	45.125	1.84850477215e-11	1.0	0.0
snp_PA14_55400_4923082	45.125	1.84850477215e-11	1.0	0.0
snp_PA14_20050,hasF_1729056	45.125	1.84850477215e-11	1.0	0.0
snp_PA14_08160,lys_701108	45.125	1.84850477215e-11	1.0	0.0
snp_PA14_66240,waaC_5902118	45.125	1.84850477215e-11	1.0	0.0
snp_PA14_26670_2324905	45.125	1.84850477215e-11	1.0	0.0
snp_PA14_10530_906117	45.125	1.84850477215e-11	1.0	0.0
