feature	score	p-value	#I-out-of-5	#O-out-of-364
snp_PA14_33360_2936920	291.2	2.72325937438e-65	4.0	0.0
snp_PA14_09520,mexI_816635	191.475824176	1.5142476018e-43	4.0	2.0
snp_PA14_03380_311583	191.475824176	1.5142476018e-43	4.0	2.0
snp_PA14_30970,bphR_2691733	191.475824176	1.5142476018e-43	4.0	2.0
snp_PA14_31190_2711016	162.989089482	2.51538711186e-37	4.0	3.0
snp_PA14_31070_2703439	162.989089482	2.51538711186e-37	0.0	4.0
snp_PA14_03380_311330	162.989089482	2.51538711186e-37	4.0	3.0
snp_PA14_03270_295100	162.989089482	2.51538711186e-37	4.0	3.0
snp_PA14_46800_4167735	162.303434066	3.55138290838e-37	3.0	1.0
snp_PA14_28820_2487055	162.303434066	3.55138290838e-37	3.0	1.0
snp_PA14_09520,mexI_816524	162.303434066	3.55138290838e-37	3.0	1.0
snp_PA14_09520,mexI_816523	162.303434066	3.55138290838e-37	3.0	1.0
snp_PA14_30940,trbB_2687996	145.6	1.58777098042e-33	2.0	0.0
snp_PA14_33360_2936176	145.6	1.58777098042e-33	2.0	0.0
snp_PA14_03380_310626	145.6	1.58777098042e-33	2.0	0.0
snp_PA14_33360_2936371	145.6	1.58777098042e-33	2.0	0.0
snp_PA14_60130_5356083	145.6	1.58777098042e-33	2.0	0.0
snp_PA14_30910,trbE_2683871	145.6	1.58777098042e-33	2.0	0.0
snp_PA14_59940_5339785	145.6	1.58777098042e-33	2.0	0.0
snp_PA14_51620_4587859	141.627472527	1.17310607337e-32	0.0	1.0
snp_PA14_30910,trbE_2683939	141.627472527	1.17310607337e-32	4.0	4.0
snp_PA14_28820_2486663	141.627472527	1.17310607337e-32	1.0	5.0
snp_PA14_13860_1192469	141.627472527	1.17310607337e-32	4.0	4.0
snp_PA14_03380_310086	141.627472527	1.17310607337e-32	4.0	4.0
snp_PA14_31130_2707403	141.627472527	1.17310607337e-32	4.0	4.0
snp_PA14_13860_1192466	141.627472527	1.17310607337e-32	4.0	4.0
snp_PA14_08050_692237	141.627472527	1.17310607337e-32	4.0	4.0
snp_PA14_13860_1192460	141.627472527	1.17310607337e-32	4.0	4.0
gene_pa_group_22321	141.627472527	1.17310607337e-32	4.0	4.0
snp_PA14_08050_692265	141.627472527	1.17310607337e-32	0.0	3.0
snp_PA14_30910,trbE_2685203	141.627472527	1.17310607337e-32	4.0	4.0
snp_PA14_13860_1192445	141.627472527	1.17310607337e-32	4.0	4.0
snp_PA14_08050_692213	141.627472527	1.17310607337e-32	4.0	4.0
snp_PA14_03380_310266	141.627472527	1.17310607337e-32	4.0	4.0
snp_PA14_09520,mexI_818104	141.627472527	1.17310607337e-32	4.0	4.0
snp_PA14_03380_311063	141.627472527	1.17310607337e-32	4.0	4.0
snp_PA14_03380_311555	141.627472527	1.17310607337e-32	4.0	4.0
snp_PA14_28820_2486560	141.627472527	1.17310607337e-32	4.0	4.0
snp_PA14_03380_310421	141.627472527	1.17310607337e-32	4.0	4.0
snp_PA14_33360_2936971	141.627472527	1.17310607337e-32	0.0	1.0
snp_PA14_03380_310281	141.627472527	1.17310607337e-32	4.0	4.0
snp_PA14_15430,tnpR_1306895	141.627472527	1.17310607337e-32	0.0	98.0
snp_PA14_28820_2487071	141.627472527	1.17310607337e-32	4.0	4.0
snp_PA14_28820_2487877	141.627472527	1.17310607337e-32	4.0	4.0
snp_PA14_13860_1192475	141.627472527	1.17310607337e-32	4.0	4.0
snp_PA14_28840_2490121	133.913778529	5.70604551427e-31	5.0	8.0
snp_PA14_12630_1085020	128.650989011	8.08562591562e-30	3.0	2.0
snp_PA14_09520,mexI_817991	128.650989011	8.08562591562e-30	3.0	2.0
snp_PA14_09520,mexI_816634	128.650989011	8.08562591562e-30	3.0	2.0
gene_pa_group_1899	128.650989011	8.08562591562e-30	3.0	2.0
snp_PA14_59530_5296005	128.650989011	8.08562591562e-30	3.0	2.0
snp_PA14_09520,mexI_816774	128.650989011	8.08562591562e-30	3.0	2.0
snp_PA14_09520,mexI_816776	128.650989011	8.08562591562e-30	3.0	2.0
snp_PA14_59540_5298134	128.650989011	8.08562591562e-30	3.0	2.0
snp_PA14_03270_296396	125.015934066	5.04876527665e-29	0.0	1.0
snp_PA14_03380_311501	125.015934066	5.04876527665e-29	4.0	5.0
snp_PA14_26485_2308796	125.015934066	5.04876527665e-29	4.0	5.0
snp_PA14_24300_2111211	125.015934066	5.04876527665e-29	4.0	5.0
snp_PA14_08050_692195	125.015934066	5.04876527665e-29	4.0	5.0
snp_PA14_03380_311211	125.015934066	5.04876527665e-29	4.0	5.0
snp_PA14_03380_310304	125.015934066	5.04876527665e-29	4.0	5.0
snp_PA14_03380_310943	125.015934066	5.04876527665e-29	4.0	5.0
snp_PA14_09520,mexI_816752	125.015934066	5.04876527665e-29	4.0	5.0
gene_pa_group_13093	125.015934066	5.04876527665e-29	4.0	5.0
snp_PA14_03380_311373	125.015934066	5.04876527665e-29	4.0	5.0
snp_PA14_09520,mexI_816749	125.015934066	5.04876527665e-29	4.0	5.0
snp_PA14_34200,msuC_3041207	125.015934066	5.04876527665e-29	4.0	5.0
gene_pa_group_22337	125.015934066	5.04876527665e-29	4.0	5.0
gene_pa_group_18715	125.015934066	5.04876527665e-29	4.0	5.0
snp_PA14_09520,mexI_816787	125.015934066	5.04876527665e-29	0.0	1.0
snp_PA14_31200_2713426	125.015934066	5.04876527665e-29	4.0	5.0
snp_PA14_71630,adhA_6380863	125.015934066	5.04876527665e-29	4.0	5.0
snp_PA14_40430_3612670	125.015934066	5.04876527665e-29	4.0	5.0
snp_PA14_00510_45433	125.015934066	5.04876527665e-29	4.0	5.0
snp_PA14_31280_2720709	125.015934066	5.04876527665e-29	4.0	5.0
snp_PA14_03380_310448	125.015934066	5.04876527665e-29	4.0	5.0
snp_PA14_31180_2710107	125.015934066	5.04876527665e-29	0.0	68.0
snp_PA14_03380_311537	125.015934066	5.04876527665e-29	4.0	5.0
snp_PA14_69560,hcpB_6206405	125.015934066	5.04876527665e-29	4.0	5.0
snp_PA14_03380_310548	125.015934066	5.04876527665e-29	4.0	5.0
snp_PA14_67180_5996213	125.015934066	5.04876527665e-29	4.0	5.0
snp_PA14_10740_926184	125.015934066	5.04876527665e-29	4.0	5.0
snp_PA14_28840_2491438	125.015934066	5.04876527665e-29	4.0	5.0
snp_PA14_67120_5992262	125.015934066	5.04876527665e-29	4.0	5.0
snp_PA14_00510_45434	125.015934066	5.04876527665e-29	4.0	5.0
snp_PA14_03380_311112	125.015934066	5.04876527665e-29	0.0	15.0
snp_PA14_03265_293321	125.015934066	5.04876527665e-29	4.0	5.0
snp_PA14_28840_2490608	125.015934066	5.04876527665e-29	4.0	5.0
snp_PA14_09920_853302	125.015934066	5.04876527665e-29	4.0	5.0
snp_PA14_03380_310841	125.015934066	5.04876527665e-29	4.0	5.0
snp_PA14_31070_2701505	125.015934066	5.04876527665e-29	0.0	1.0
snp_PA14_21860_1899929	125.015934066	5.04876527665e-29	4.0	5.0
snp_PA14_04000_361864	125.015934066	5.04876527665e-29	4.0	5.0
snp_PA14_03380_310917	125.015934066	5.04876527665e-29	4.0	5.0
snp_PA14_37640_3350625	125.015934066	5.04876527665e-29	4.0	5.0
snp_PA14_58690_5230695	125.015934066	5.04876527665e-29	4.0	5.0
snp_PA14_18710,pyrC_1610533	125.015934066	5.04876527665e-29	4.0	5.0
snp_PA14_03265_293902	125.015934066	5.04876527665e-29	4.0	5.0
snp_PA14_02610,mdcG_232040	125.015934066	5.04876527665e-29	4.0	5.0
snp_PA14_52300_4641453	125.015934066	5.04876527665e-29	4.0	5.0
