feature	score	p-value	#I-out-of-6	#O-out-of-363
snp_PA14_60820,oprJ_5422985	121.0	3.821319149e-28	2.0	0.0
snp_PA14_60830,mexD_5425398	121.0	3.821319149e-28	2.0	0.0
snp_PA14_20050,hasF_1728792	121.0	3.821319149e-28	2.0	0.0
snp_PA14_01110_108671	121.0	3.821319149e-28	2.0	0.0
gene_pa_group_12375	121.0	3.821319149e-28	2.0	0.0
snp_PA14_55170,cat_4900728	121.0	3.821319149e-28	2.0	0.0
snp_PA14_60820,oprJ_5423093	121.0	3.821319149e-28	2.0	0.0
snp_PA14_55170,cat_4900612	121.0	3.821319149e-28	2.0	0.0
snp_PA14_55170,cat_4900629	121.0	3.821319149e-28	2.0	0.0
snp_PA14_60820,oprJ_5423286	121.0	3.821319149e-28	2.0	0.0
snp_PA14_55760_4977808	121.0	3.821319149e-28	2.0	0.0
snp_PA14_60830,mexD_5424356	121.0	3.821319149e-28	2.0	0.0
gene_pa_group_12524	121.0	3.821319149e-28	2.0	0.0
snp_PA14_60820,oprJ_5423285	121.0	3.821319149e-28	2.0	0.0
snp_PA14_39090_3484024	121.0	3.821319149e-28	2.0	0.0
snp_PA14_60850,mexC_5426980	121.0	3.821319149e-28	2.0	0.0
snp_PA14_60830,mexD_5425400	121.0	3.821319149e-28	2.0	0.0
snp_PA14_60820,oprJ_5422407	121.0	3.821319149e-28	2.0	0.0
snp_PA14_26190_2286481	121.0	3.821319149e-28	2.0	0.0
snp_PA14_60820,oprJ_5422778	121.0	3.821319149e-28	2.0	0.0
snp_PA14_60860,nfxB_5428306	121.0	3.821319149e-28	2.0	0.0
snp_PA14_00550_56599	121.0	3.821319149e-28	2.0	0.0
snp_PA14_60820,oprJ_5422922	121.0	3.821319149e-28	2.0	0.0
snp_PA14_60850,mexC_5427386	121.0	3.821319149e-28	2.0	0.0
snp_PA14_61200_5460567	121.0	3.821319149e-28	2.0	0.0
snp_PA14_25510,lpxK_2230060	121.0	3.821319149e-28	2.0	0.0
snp_PA14_60850,mexC_5427059	121.0	3.821319149e-28	2.0	0.0
snp_PA14_26880_2338721	121.0	3.821319149e-28	2.0	0.0
snp_PA14_60830,mexD_5423828	121.0	3.821319149e-28	2.0	0.0
snp_PA14_29390_2544693	121.0	3.821319149e-28	2.0	0.0
snp_PA14_60820,oprJ_5422935	121.0	3.821319149e-28	2.0	0.0
snp_PA14_36250_3228472	121.0	3.821319149e-28	2.0	0.0
snp_PA14_25360,apbE_2218610	121.0	3.821319149e-28	2.0	0.0
snp_PA14_60820,oprJ_5422902	121.0	3.821319149e-28	2.0	0.0
snp_PA14_60830,mexD_5425366	121.0	3.821319149e-28	2.0	0.0
snp_PA14_31870_2772818	121.0	3.821319149e-28	2.0	0.0
snp_PA14_40260_3591425	79.3388429752	5.23208735403e-19	2.0	1.0
snp_PA14_15590_1322708	79.3388429752	5.23208735403e-19	0.0	11.0
snp_PA14_15590_1323014	79.3388429752	5.23208735403e-19	2.0	1.0
snp_PA14_15590_1322784	79.3388429752	5.23208735403e-19	2.0	1.0
snp_PA14_15590_1322013	79.3388429752	5.23208735403e-19	2.0	1.0
gene_pa_group_12529	79.3388429752	5.23208735403e-19	2.0	1.0
snp_PA14_33610_2960951	79.3388429752	5.23208735403e-19	2.0	1.0
snp_PA14_20120_1734507	79.3388429752	5.23208735403e-19	2.0	1.0
snp_PA14_33450,treA_2945252	79.3388429752	5.23208735403e-19	2.0	1.0
snp_PA14_10240,acoC_881664	79.3388429752	5.23208735403e-19	2.0	1.0
gene_pa_group_12530	79.3388429752	5.23208735403e-19	2.0	1.0
snp_PA14_33610_2960762	79.3388429752	5.23208735403e-19	2.0	1.0
snp_PA14_15590_1322692	79.3388429752	5.23208735403e-19	2.0	1.0
gene_pa_group_22110	79.3388429752	5.23208735403e-19	2.0	1.0
gene_pa_ttgR	79.3388429752	5.23208735403e-19	2.0	1.0
snp_PA14_60820,oprJ_5422416	79.3388429752	5.23208735403e-19	0.0	23.0
snp_PA14_58350_5195990	79.3388429752	5.23208735403e-19	2.0	1.0
snp_PA14_40260_3591424	79.3388429752	5.23208735403e-19	2.0	1.0
snp_PA4628-PA4629,sRNA2626_5468839	79.3388429752	5.23208735403e-19	2.0	1.0
snp_PA14_28040_2427933	79.3388429752	5.23208735403e-19	2.0	1.0
snp_PA14_10700_923003	79.3388429752	5.23208735403e-19	2.0	1.0
snp_PA14_15580_1318443	79.3388429752	5.23208735403e-19	2.0	1.0
snp_PA14_53100_4706950	79.3388429752	5.23208735403e-19	2.0	1.0
gene_pa_glnG_1	79.3388429752	5.23208735403e-19	2.0	1.0
snp_PA14_58390_5201132	79.3388429752	5.23208735403e-19	2.0	1.0
snp_PA14_06390_563367	79.3388429752	5.23208735403e-19	2.0	1.0
gene_pa_group_4324	79.3388429752	5.23208735403e-19	2.0	1.0
snp_PA14_57810,murA_5148232	79.3388429752	5.23208735403e-19	2.0	1.0
snp_PA14_15590_1321484	79.3388429752	5.23208735403e-19	0.0	4.0
snp_PA14_32740,optS_2843025	79.3388429752	5.23208735403e-19	2.0	1.0
snp_PA14_15590_1322680	79.3388429752	5.23208735403e-19	2.0	1.0
snp_PA14_59070_5261733	64.606257379	9.14644330928e-16	5.0	16.0
snp_PA14_67260_6007099	64.3641528926	1.03422804301e-15	3.0	5.0
snp_PA14_14130_1209783	64.3641528926	1.03422804301e-15	3.0	5.0
snp_PA14_15580_1318634	64.3641528926	1.03422804301e-15	3.0	5.0
snp_PA14_72020_6420682	60.5	7.35784791797e-15	1.0	0.0
snp_PA14_21870_1900490	60.5	7.35784791797e-15	1.0	0.0
snp_PA14_53830_4773435	60.5	7.35784791797e-15	1.0	0.0
snp_PA14_11630_1007609	60.5	7.35784791797e-15	1.0	0.0
snp_PA14_03000_264046	60.5	7.35784791797e-15	1.0	0.0
snp_PA14_11370_987691	60.5	7.35784791797e-15	1.0	0.0
snp_PA14_11110,cupB6_966042	60.5	7.35784791797e-15	1.0	0.0
snp_PA14_40260_3594317	60.5	7.35784791797e-15	0.0	1.0
snp_PA14_02370_212953	60.5	7.35784791797e-15	0.0	0.0
snp_PA14_36550_3252324	60.5	7.35784791797e-15	1.0	0.0
snp_PA14_46820_4169821	60.5	7.35784791797e-15	1.0	0.0
snp_PA14_07060_611452	60.5	7.35784791797e-15	1.0	0.0
snp_PA14_40380_3609842	60.5	7.35784791797e-15	0.0	7.0
snp_PA14_38410,amrB_3425217	60.5	7.35784791797e-15	1.0	0.0
snp_PA14_11100,cupB5_963222	60.5	7.35784791797e-15	1.0	0.0
snp_PA14_51110_4542370	60.5	7.35784791797e-15	0.0	0.0
snp_PA14_40320,xqhA_3602263	60.5	7.35784791797e-15	1.0	0.0
snp_PA14_34810,mxaA_3090906	60.5	7.35784791797e-15	1.0	0.0
snp_PA14_67510,estA_6028107	60.5	7.35784791797e-15	1.0	0.0
snp_PA14_20860_1796218	60.5	7.35784791797e-15	1.0	0.0
snp_PA14_62270,phuW_5556859	60.5	7.35784791797e-15	1.0	0.0
snp_PA14_05390,chpA_471913	60.5	7.35784791797e-15	1.0	0.0
snp_PA14_51040_4534565	60.5	7.35784791797e-15	1.0	0.0
snp_PA14_04480,thyA_399488	60.5	7.35784791797e-15	1.0	0.0
snp_PA14_36250_3227830	60.5	7.35784791797e-15	1.0	0.0
snp_PA14_20030,hasD_1727072	60.5	7.35784791797e-15	1.0	0.0
snp_PA14_10560_910463	60.5	7.35784791797e-15	1.0	0.0
snp_PA14_57100,ampG_5086520	60.5	7.35784791797e-15	1.0	0.0
snp_PA14_16250,lasB_1388955	60.5	7.35784791797e-15	1.0	0.0
