feature	score	p-value	#I-out-of-1	#O-out-of-368
snp_PA14_19800_1705594	368.0	5.10104606883e-82	1.0	0.0
snp_PA14_42410_3778449	368.0	5.10104606883e-82	1.0	0.0
snp_PA14_01500_141055	368.0	5.10104606883e-82	1.0	0.0
gene_pa_group_14730	368.0	5.10104606883e-82	1.0	0.0
snp_PA14_44380,ccoO_3952736	368.0	5.10104606883e-82	1.0	0.0
gene_pa_group_20573	368.0	5.10104606883e-82	1.0	0.0
snp_PA14_00360_32206	368.0	5.10104606883e-82	1.0	0.0
snp_PA14_14380_1227356	368.0	5.10104606883e-82	1.0	0.0
snp_PA14_14490_1238955	368.0	5.10104606883e-82	1.0	0.0
snp_PA14_01500_140658	368.0	5.10104606883e-82	1.0	0.0
snp_PA14_31230_2715426	368.0	5.10104606883e-82	1.0	0.0
snp_PA14_21050_1820664	368.0	5.10104606883e-82	1.0	0.0
snp_PA14_20520_1765393	368.0	5.10104606883e-82	1.0	0.0
snp_PA14_56530_5040039	368.0	5.10104606883e-82	1.0	0.0
snp_PA14_52670,astD_4669166	368.0	5.10104606883e-82	1.0	0.0
snp_PA14_50630_4498655	368.0	5.10104606883e-82	1.0	0.0
snp_PA14_23380,orfH_2030354	368.0	5.10104606883e-82	1.0	0.0
gene_pa_group_3591	368.0	5.10104606883e-82	1.0	0.0
snp_PA14_68940_6150792	368.0	5.10104606883e-82	1.0	0.0
snp_PA14_36090,opdG_3216034	368.0	5.10104606883e-82	1.0	0.0
snp_PA14_14480_1237990	368.0	5.10104606883e-82	1.0	0.0
snp_PA14_47870_4260644	368.0	5.10104606883e-82	1.0	0.0
snp_PA14_59580_5302512	368.0	5.10104606883e-82	1.0	0.0
snp_PA14_52230,pirA_4632508	368.0	5.10104606883e-82	1.0	0.0
snp_PA14_67220_6000388	368.0	5.10104606883e-82	1.0	0.0
snp_PA14_29460,qor_2553884	368.0	5.10104606883e-82	1.0	0.0
snp_PA14_49720_4423917	368.0	5.10104606883e-82	1.0	0.0
snp_PA14_05950,dbpA_526602	368.0	5.10104606883e-82	1.0	0.0
snp_PA14_66290,aceE_5908631	368.0	5.10104606883e-82	1.0	0.0
snp_PA14_00160_16955	368.0	5.10104606883e-82	1.0	0.0
snp_PA14_42820_3807030	368.0	5.10104606883e-82	1.0	0.0
snp_PA14_44280,ygdE_3939366	368.0	5.10104606883e-82	1.0	0.0
snp_PA14_63500_5661443	368.0	5.10104606883e-82	1.0	0.0
snp_PA14_59580_5303328	368.0	5.10104606883e-82	1.0	0.0
snp_PA14_57080_5085579	368.0	5.10104606883e-82	1.0	0.0
snp_PA14_31070_2702204	368.0	5.10104606883e-82	1.0	0.0
snp_PA14_64300_5731305	368.0	5.10104606883e-82	1.0	0.0
snp_PA14_37100_3306977	368.0	5.10104606883e-82	1.0	0.0
snp_PA14_67970_6064757	368.0	5.10104606883e-82	1.0	0.0
snp_PA14_59580_5303169	368.0	5.10104606883e-82	0.0	0.0
snp_PA14_38680_3449492	368.0	5.10104606883e-82	1.0	0.0
snp_PA14_37640_3350184	368.0	5.10104606883e-82	1.0	0.0
snp_PA14_48930_4350421	368.0	5.10104606883e-82	1.0	0.0
snp_PA14_57890,yrbH_5153829	368.0	5.10104606883e-82	1.0	0.0
snp_PA14_30850,trbI_2679474	368.0	5.10104606883e-82	1.0	0.0
snp_PA14_66720,priA_5960722	368.0	5.10104606883e-82	1.0	0.0
snp_PA14_34450_3063939	368.0	5.10104606883e-82	1.0	0.0
snp_PA14_62420_5568252	368.0	5.10104606883e-82	1.0	0.0
snp_PA14_59580_5303341	368.0	5.10104606883e-82	1.0	0.0
snp_PA14_24510,pelD_2143320	368.0	5.10104606883e-82	1.0	0.0
snp_PA14_33610_2960427	368.0	5.10104606883e-82	1.0	0.0
snp_PA14_30910,trbE_2683891	368.0	5.10104606883e-82	1.0	0.0
snp_PA14_31090_2704651	368.0	5.10104606883e-82	1.0	0.0
snp_PA14_63740_5682978	368.0	5.10104606883e-82	1.0	0.0
gene_pa_group_16947	368.0	5.10104606883e-82	1.0	0.0
snp_PA14_26670_2324914	368.0	5.10104606883e-82	1.0	0.0
snp_PA14_22560_1963138	368.0	5.10104606883e-82	1.0	0.0
snp_PA14_39810_3547395	368.0	5.10104606883e-82	0.0	52.0
snp_PA14_64335,ureD_5734141	368.0	5.10104606883e-82	1.0	0.0
snp_PA14_54430,algU_4826601	368.0	5.10104606883e-82	1.0	0.0
snp_PA14_32520_2825486	368.0	5.10104606883e-82	1.0	0.0
snp_PA14_51090_4540736	368.0	5.10104606883e-82	1.0	0.0
snp_PA14_67640_6043644	368.0	5.10104606883e-82	1.0	0.0
snp_PA14_27420,trpB_2379405	368.0	5.10104606883e-82	1.0	0.0
snp_PA14_43130_3842009	368.0	5.10104606883e-82	1.0	0.0
snp_PA14_00620_62068	368.0	5.10104606883e-82	1.0	0.0
snp_PA14_45250_4034725	368.0	5.10104606883e-82	1.0	0.0
snp_PA14_29400,rhs_2548540	368.0	5.10104606883e-82	1.0	0.0
gene_pa_group_13149	368.0	5.10104606883e-82	1.0	0.0
snp_PA14_24490,pelB_2139369	368.0	5.10104606883e-82	1.0	0.0
snp_PA14_32570_2828524	368.0	5.10104606883e-82	1.0	0.0
snp_PA14_71430_6361609	368.0	5.10104606883e-82	1.0	0.0
snp_PA14_10900,ydjL_942855	368.0	5.10104606883e-82	1.0	0.0
snp_PA14_07150,hyi_619688	368.0	5.10104606883e-82	1.0	0.0
snp_PA14_18550,alg44_1591778	368.0	5.10104606883e-82	1.0	0.0
snp_PA14_18720,motY_1611895	368.0	5.10104606883e-82	1.0	0.0
snp_PA14_43710_3892514	368.0	5.10104606883e-82	1.0	0.0
snp_PA14_20240_1744998	368.0	5.10104606883e-82	1.0	0.0
snp_PA14_15940_1358383	368.0	5.10104606883e-82	1.0	0.0
snp_PA14_18660_1606317	368.0	5.10104606883e-82	1.0	0.0
snp_PA14_06580_574420	368.0	5.10104606883e-82	1.0	0.0
snp_PA14_45970_4088083	368.0	5.10104606883e-82	1.0	0.0
snp_PA14_26110_2280485	368.0	5.10104606883e-82	1.0	0.0
snp_PA14_06240_551105	368.0	5.10104606883e-82	1.0	0.0
snp_PA14_31070_2701453	368.0	5.10104606883e-82	1.0	0.0
snp_PA14_12760_1093578	368.0	5.10104606883e-82	1.0	0.0
snp_PA14_24445,gdhB_2130878	368.0	5.10104606883e-82	1.0	0.0
snp_PA14_34230_3044259	368.0	5.10104606883e-82	1.0	0.0
snp_PA14_08240_704876	368.0	5.10104606883e-82	1.0	0.0
snp_PA14_07170,epd_620999	368.0	5.10104606883e-82	1.0	0.0
gene_pa_group_16684	368.0	5.10104606883e-82	1.0	0.0
snp_PA14_35330,kguT_3141895	368.0	5.10104606883e-82	1.0	0.0
snp_PA14_32790_2863847	368.0	5.10104606883e-82	0.0	4.0
snp_PA14_12710_1090643	368.0	5.10104606883e-82	1.0	0.0
snp_PA14_48770_4336593	368.0	5.10104606883e-82	1.0	0.0
snp_PA14_27410,trpC_2378086	368.0	5.10104606883e-82	1.0	0.0
snp_PA14_17370,yedE_1491079	368.0	5.10104606883e-82	1.0	0.0
snp_PA14_06230_549249	368.0	5.10104606883e-82	1.0	0.0
snp_PA14_37640_3349957	368.0	5.10104606883e-82	1.0	0.0
snp_PA14_58270_5190573	368.0	5.10104606883e-82	1.0	0.0
