feature	score	p-value	#I-out-of-2	#O-out-of-367
snp_PA14_40260_3592193	183.5	8.34195791887e-42	1.0	0.0
snp_PA14_54620_4842875	183.5	8.34195791887e-42	1.0	0.0
snp_PA14_00560,exoT_57239	183.5	8.34195791887e-42	1.0	0.0
snp_PA14_29390_2544970	183.5	8.34195791887e-42	1.0	0.0
snp_PA14_07480_641495	183.5	8.34195791887e-42	1.0	0.0
snp_PA14_03870,spuA_349544	183.5	8.34195791887e-42	1.0	0.0
snp_PA14_29390_2545016	183.5	8.34195791887e-42	1.0	0.0
snp_PA2852-PA2853,P14_2362579	183.5	8.34195791887e-42	1.0	0.0
snp_PA14_07480_640697	183.5	8.34195791887e-42	1.0	0.0
snp_PA14_07480_641198	183.5	8.34195791887e-42	1.0	0.0
snp_PA14_62440,yieG_5571107	183.5	8.34195791887e-42	1.0	0.0
snp_PA14_45590,cheA_4055394	183.5	8.34195791887e-42	1.0	0.0
snp_PA14_56100_5010269	183.5	8.34195791887e-42	1.0	0.0
snp_PA14_48990_4352713	183.5	8.34195791887e-42	1.0	0.0
snp_PA14_38500_3434791	183.5	8.34195791887e-42	1.0	0.0
snp_PA14_40260_3592177	183.5	8.34195791887e-42	1.0	0.0
snp_PA14_07480_641149	183.5	8.34195791887e-42	1.0	0.0
snp_PA14_40260_3592211	183.5	8.34195791887e-42	1.0	0.0
snp_PA14_40260_3592621	183.5	8.34195791887e-42	1.0	0.0
snp_PA14_20820_1792900	183.5	8.34195791887e-42	1.0	0.0
snp_PA14_11290_983170	183.5	8.34195791887e-42	1.0	0.0
snp_PA14_40660_3630726	183.5	8.34195791887e-42	1.0	0.0
snp_PA14_64230,retS_5725596	183.5	8.34195791887e-42	1.0	0.0
snp_PA14_19620,folX_1694481	183.5	8.34195791887e-42	1.0	0.0
gene_pa_group_1170	183.5	8.34195791887e-42	1.0	0.0
gene_pa_group_1169	183.5	8.34195791887e-42	1.0	0.0
snp_PA14_49020_4353529	183.5	8.34195791887e-42	1.0	0.0
snp_PA14_01770_163223	183.5	8.34195791887e-42	1.0	0.0
snp_PA14_40260_3592591	183.5	8.34195791887e-42	1.0	0.0
snp_PA14_19370,asnB_1674743	183.5	8.34195791887e-42	1.0	0.0
snp_PA14_33610_2971633	183.5	8.34195791887e-42	0.0	3.0
snp_PA14_41400_3692921	183.5	8.34195791887e-42	1.0	0.0
snp_PA14_40260_3592551	183.5	8.34195791887e-42	1.0	0.0
snp_PA14_29390_2544997	183.5	8.34195791887e-42	0.0	3.0
snp_PA14_07480_642187	183.5	8.34195791887e-42	1.0	0.0
snp_PA14_23460,orfN_2040236	183.5	8.34195791887e-42	1.0	0.0
gene_pa_group_11599	183.5	8.34195791887e-42	1.0	0.0
snp_PA14_07480_640807	183.5	8.34195791887e-42	1.0	0.0
snp_PA14_19380_1675399	183.5	8.34195791887e-42	1.0	0.0
snp_PA14_30140_2610616	183.5	8.34195791887e-42	1.0	0.0
snp_PA14_07480_640941	183.5	8.34195791887e-42	1.0	0.0
gene_pa_group_5157	183.5	8.34195791887e-42	1.0	0.0
snp_PA14_40260_3592588	183.5	8.34195791887e-42	1.0	0.0
snp_PA14_40260_3592592	183.5	8.34195791887e-42	1.0	0.0
snp_PA14_39440_3508967	183.5	8.34195791887e-42	1.0	0.0
snp_PA14_07480_641723	183.5	8.34195791887e-42	1.0	0.0
snp_PA14_65470_5831785	183.5	8.34195791887e-42	1.0	0.0
snp_PA14_47810_4253749	183.5	8.34195791887e-42	1.0	0.0
snp_PA14_07480_641378	183.5	8.34195791887e-42	1.0	0.0
snp_PA14_01140_112046	183.5	8.34195791887e-42	1.0	0.0
snp_PA14_44740,xdhB_3986966	183.5	8.34195791887e-42	1.0	0.0
snp_PA14_11460,thiL_993541	183.5	8.34195791887e-42	1.0	0.0
snp_PA14_07480_641643	183.5	8.34195791887e-42	1.0	0.0
snp_PA14_69130,glpT_6165153	183.5	8.34195791887e-42	1.0	0.0
snp_PA14_23460,orfN_2040238	183.5	8.34195791887e-42	1.0	0.0
gene_pa_cbdB_1	183.5	8.34195791887e-42	1.0	0.0
gene_pa_group_3984	183.5	8.34195791887e-42	1.0	0.0
snp_PA14_07480_641498	183.5	8.34195791887e-42	1.0	0.0
snp_PA14_51610_4587452	183.5	8.34195791887e-42	1.0	0.0
snp_PA14_34800_3090716	183.5	8.34195791887e-42	1.0	0.0
snp_PA14_64450,yegD_5741925	183.5	8.34195791887e-42	1.0	0.0
gene_pa_group_1952	183.5	8.34195791887e-42	1.0	0.0
snp_PA14_20420,phnL_1756383	183.5	8.34195791887e-42	1.0	0.0
snp_PA14_39590,metE_3525353	183.5	8.34195791887e-42	1.0	0.0
snp_PA14_45060_4019982	183.5	8.34195791887e-42	1.0	0.0
snp_PA14_36870_3286061	183.5	8.34195791887e-42	1.0	0.0
snp_PA14_43420_3868050	183.5	8.34195791887e-42	1.0	0.0
snp_PA14_58670,ampD_5228757	183.5	8.34195791887e-42	1.0	0.0
snp_PA14_46120,ilvG_4101599	183.5	8.34195791887e-42	1.0	0.0
snp_PA14_62890_5611213	183.5	8.34195791887e-42	1.0	0.0
snp_PA14_73310,atpB_6527258	183.5	8.34195791887e-42	1.0	0.0
snp_PA14_07480_640933	183.5	8.34195791887e-42	1.0	0.0
snp_PA14_13430,fecA_1155438	183.5	8.34195791887e-42	1.0	0.0
snp_PA14_33360_2936668	183.5	8.34195791887e-42	0.0	4.0
snp_PA14_54420,mucA_4826012	183.5	8.34195791887e-42	1.0	0.0
snp_PA14_28650,thrS_2469101	183.5	8.34195791887e-42	1.0	0.0
snp_PA14_31260_2718470	183.5	8.34195791887e-42	0.0	2.0
snp_PA14_17060,rpsB_1463799	183.5	8.34195791887e-42	1.0	0.0
snp_PA14_33610_2971634	183.5	8.34195791887e-42	1.0	0.0
snp_PA14_29390_2544962	183.5	8.34195791887e-42	1.0	0.0
snp_PA14_29390_2544995	183.5	8.34195791887e-42	1.0	0.0
snp_PA14_07480_640628	183.5	8.34195791887e-42	1.0	0.0
snp_PA14_40040_3567969	183.5	8.34195791887e-42	1.0	0.0
snp_PA14_61990_5527007	183.5	8.34195791887e-42	1.0	0.0
snp_PA14_60870,morA_5432477	183.5	8.34195791887e-42	1.0	0.0
snp_PA14_07480_641721	183.5	8.34195791887e-42	1.0	0.0
snp_PA14_26930_2343924	183.5	8.34195791887e-42	1.0	0.0
snp_PA14_07480_640626	183.5	8.34195791887e-42	0.0	15.0
snp_PA14_05200,czcD_454408	183.5	8.34195791887e-42	1.0	0.0
snp_PA14_60320,pilE_5377373	183.5	8.34195791887e-42	1.0	0.0
snp_PA14_67510,estA_6027282	183.5	8.34195791887e-42	1.0	0.0
snp_PA14_48990_4352721	183.5	8.34195791887e-42	1.0	0.0
snp_PA14_35380,ptxR_3146468	183.5	8.34195791887e-42	1.0	0.0
snp_PA14_68330,arcA_6095165	183.5	8.34195791887e-42	1.0	0.0
snp_PA14_41590,cmpX_3715028	183.5	8.34195791887e-42	1.0	0.0
snp_PA14_08760,rpoB_749860	183.5	8.34195791887e-42	1.0	0.0
snp_PA14_11630_1007593	183.5	8.34195791887e-42	1.0	0.0
gene_pa_group_1830	183.5	8.34195791887e-42	1.0	0.0
snp_PA14_20950,fabH2_1803683	183.5	8.34195791887e-42	1.0	0.0
snp_PA14_43550_3878393	183.5	8.34195791887e-42	1.0	0.0
