feature	score	p-value	#I-out-of-2	#O-out-of-367
snp_PA14_43940,sucD_3912111	183.5	8.34195791887e-42	1.0	0.0
snp_PA14_59200_5271716	183.5	8.34195791887e-42	1.0	0.0
gene_pa_group_3136	183.5	8.34195791887e-42	1.0	0.0
snp_PA14_62530,cbrA_5577770	183.5	8.34195791887e-42	1.0	0.0
snp_PA14_49840,dgt_4433015	183.5	8.34195791887e-42	1.0	0.0
gene_pa_group_2430	183.5	8.34195791887e-42	1.0	0.0
snp_PA14_59290,pilQ2_5283496	183.5	8.34195791887e-42	1.0	0.0
snp_PA14_49170,phoQ_4370422	183.5	8.34195791887e-42	1.0	0.0
snp_PA14_48870,ydaO_4344788	183.5	8.34195791887e-42	1.0	0.0
snp_PA14_01190_118144	183.5	8.34195791887e-42	1.0	0.0
snp_PA14_16200_1384357	183.5	8.34195791887e-42	1.0	0.0
snp_PA14_14310_1221238	183.5	8.34195791887e-42	1.0	0.0
snp_PA14_59270,pilO2_5281216	183.5	8.34195791887e-42	1.0	0.0
snp_PA14_14310_1221236	183.5	8.34195791887e-42	1.0	0.0
snp_PA14_59200_5272327	183.5	8.34195791887e-42	1.0	0.0
snp_PA14_72380,algB_6446982	183.5	8.34195791887e-42	1.0	0.0
snp_PA14_51730,tolA_4596411	183.5	8.34195791887e-42	1.0	0.0
gene_pa_group_4424	183.5	8.34195791887e-42	1.0	0.0
snp_PA14_61480,uraA_5486493	183.5	8.34195791887e-42	1.0	0.0
snp_PA14_59340,pilT2_5286114	183.5	8.34195791887e-42	1.0	0.0
snp_PA14_43460,paaH_3871274	183.5	8.34195791887e-42	1.0	0.0
snp_PA14_44680,smc_3981980	183.5	8.34195791887e-42	1.0	0.0
snp_PA14_41270_3682958	183.5	8.34195791887e-42	1.0	0.0
gene_pa_group_1216	183.5	8.34195791887e-42	1.0	0.0
snp_PA14_14310_1221243	183.5	8.34195791887e-42	1.0	0.0
snp_PA14_23120_2005045	183.5	8.34195791887e-42	1.0	0.0
snp_PA14_30830_2675181	183.5	8.34195791887e-42	1.0	0.0
snp_PA14_60300,pilX_5373028	183.5	8.34195791887e-42	1.0	0.0
snp_PA14_59200_5272019	183.5	8.34195791887e-42	1.0	0.0
snp_PA14_31180_2710464	183.5	8.34195791887e-42	1.0	0.0
snp_PA14_58650_5227381	183.5	8.34195791887e-42	1.0	0.0
snp_PA14_31180_2710461	183.5	8.34195791887e-42	0.0	1.0
snp_PA14_41260_3682916	183.5	8.34195791887e-42	1.0	0.0
snp_PA14_28830_2489348	183.5	8.34195791887e-42	1.0	0.0
snp_PA14_59360,pilM2_5287997	183.5	8.34195791887e-42	1.0	0.0
snp_PA14_55770,pitA_4978916	183.5	8.34195791887e-42	1.0	0.0
snp_PA14_07070_613077	183.5	8.34195791887e-42	1.0	0.0
snp_PA14_33610_2966881	183.5	8.34195791887e-42	0.0	1.0
snp_PA14_35730_3177286	183.5	8.34195791887e-42	0.0	0.0
snp_PA14_18810_1621405	183.5	8.34195791887e-42	1.0	0.0
snp_PA14_59380_5289306	90.7527247956	1.62796900055e-21	1.0	1.0
snp_PA14_00120_15071	90.7527247956	1.62796900055e-21	1.0	1.0
snp_PA14_03080_271917	90.7527247956	1.62796900055e-21	1.0	1.0
snp_PA14_23120_2005081	90.7527247956	1.62796900055e-21	1.0	1.0
snp_PA14_02470,pntB_222926	90.7527247956	1.62796900055e-21	0.0	0.0
gene_pa_group_3172	90.7527247956	1.62796900055e-21	1.0	1.0
snp_PA14_23120_2005047	90.7527247956	1.62796900055e-21	1.0	1.0
gene_pa_group_3990	90.7527247956	1.62796900055e-21	1.0	1.0
gene_pa_group_12799	90.7527247956	1.62796900055e-21	1.0	1.0
snp_PA14_33610_2966425	90.7527247956	1.62796900055e-21	1.0	1.0
gene_pa_group_111	90.7527247956	1.62796900055e-21	1.0	1.0
snp_PA14_33260,pvdS_2910302	90.7527247956	1.62796900055e-21	1.0	1.0
snp_PA14_49520,pyoS3A_4403926	90.7527247956	1.62796900055e-21	1.0	1.0
snp_PA14_30570,potF_2647032	90.7527247956	1.62796900055e-21	1.0	1.0
snp_PA14_63440_5657324	90.7527247956	1.62796900055e-21	1.0	1.0
snp_PA14_42390,exsA_3777088	90.7527247956	1.62796900055e-21	1.0	1.0
gene_pa_group_19028	90.7527247956	1.62796900055e-21	1.0	1.0
snp_PA14_08300,JF1_708931	90.7527247956	1.62796900055e-21	1.0	1.0
gene_pa_bfrD_4	90.7527247956	1.62796900055e-21	1.0	1.0
snp_PA14_59200_5271230	90.7527247956	1.62796900055e-21	1.0	1.0
snp_PA14_33610_2967465	90.7527247956	1.62796900055e-21	0.0	3.0
snp_PA14_15740,purL_1339539	90.7527247956	1.62796900055e-21	1.0	1.0
snp_PA14_31180_2709789	90.7527247956	1.62796900055e-21	1.0	1.0
snp_PA14_09750_839577	90.7527247956	1.62796900055e-21	1.0	1.0
gene_pa_hsdM_1	90.7527247956	1.62796900055e-21	1.0	1.0
snp_PA14_59280,pilP2_5281817	90.7527247956	1.62796900055e-21	1.0	1.0
snp_PA14_34550_3071200	90.7527247956	1.62796900055e-21	1.0	1.0
snp_PA14_01180_116652	90.7527247956	1.62796900055e-21	1.0	1.0
snp_PA14_61990_5529401	90.7527247956	1.62796900055e-21	1.0	1.0
gene_pa_group_7704	90.7527247956	1.62796900055e-21	1.0	1.0
snp_PA14_04870_430458	90.7527247956	1.62796900055e-21	1.0	1.0
gene_pa_group_20592	90.7527247956	1.62796900055e-21	1.0	1.0
snp_PA14_01870_170498	90.7527247956	1.62796900055e-21	1.0	1.0
gene_pa_group_1123	90.7527247956	1.62796900055e-21	1.0	1.0
snp_PA14_66400,aefA_5922401	90.7527247956	1.62796900055e-21	1.0	1.0
snp_PA14_59270,pilO2_5281435	90.7527247956	1.62796900055e-21	1.0	1.0
snp_PA14_59310,pilR2_5284529	90.7527247956	1.62796900055e-21	1.0	1.0
snp_PA14_51410,pqsC_4568661	90.7527247956	1.62796900055e-21	1.0	1.0
snp_PA14_28820_2487654	90.7527247956	1.62796900055e-21	0.0	17.0
snp_PA14_43670_3889569	90.7527247956	1.62796900055e-21	1.0	1.0
snp_PA14_59270,pilO2_5281321	90.7527247956	1.62796900055e-21	1.0	1.0
snp_PA14_10830_937077	90.7527247956	1.62796900055e-21	1.0	1.0
snp_PA14_59960_5340757	90.7527247956	1.62796900055e-21	1.0	1.0
snp_PA14_02150_194944	90.7527247956	1.62796900055e-21	1.0	1.0
snp_PA14_59440_5291934	90.7527247956	1.62796900055e-21	1.0	1.0
snp_PA14_30570,potF_2647033	90.7527247956	1.62796900055e-21	1.0	1.0
snp_PA14_31850_2771161	90.7527247956	1.62796900055e-21	1.0	1.0
snp_PA14_45880_4076441	90.7527247956	1.62796900055e-21	1.0	1.0
snp_PA14_32390,mexF_2815975	90.7527247956	1.62796900055e-21	1.0	1.0
snp_PA14_45680,flhA_4062903	90.7527247956	1.62796900055e-21	1.0	1.0
snp_PA14_30850,trbI_2679222	90.7527247956	1.62796900055e-21	1.0	1.0
snp_PA14_59270,pilO2_5281220	90.7527247956	1.62796900055e-21	1.0	1.0
snp_PA14_53420,btuE_4737660	90.7527247956	1.62796900055e-21	1.0	1.0
snp_PA14_03370_308070	63.4946742631	1.6080097312e-15	2.0	9.0
snp_PA14_40260_3594554	59.840599455	1.02859475965e-14	1.0	2.0
snp_PA14_49520,pyoS3A_4403854	59.840599455	1.02859475965e-14	1.0	2.0
snp_PA14_40260_3594502	59.840599455	1.02859475965e-14	1.0	2.0
snp_PA14_40260_3594526	59.840599455	1.02859475965e-14	1.0	2.0
snp_PA14_28820_2487681	59.840599455	1.02859475965e-14	1.0	2.0
snp_PA14_23350,orfA_2026361	59.840599455	1.02859475965e-14	0.0	0.0
