feature	score	p-value	#I-out-of-1	#O-out-of-368
snp_PA14_23360,wzz_2027253	368.0	5.10104606883e-82	1.0	0.0
snp_PA14_12990_1114219	368.0	5.10104606883e-82	1.0	0.0
snp_PA14_22120_1929920	368.0	5.10104606883e-82	1.0	0.0
snp_PA14_30140_2610612	368.0	5.10104606883e-82	1.0	0.0
snp_PA14_30140_2610615	368.0	5.10104606883e-82	1.0	0.0
snp_PA14_66340_5916357	368.0	5.10104606883e-82	1.0	0.0
snp_PA14_60580_5400252	368.0	5.10104606883e-82	0.0	1.0
snp_PA14_33630,pvdJ_2973965	368.0	5.10104606883e-82	1.0	0.0
snp_PA14_23360,wzz_2026882	368.0	5.10104606883e-82	1.0	0.0
snp_PA14_37220_3315906	368.0	5.10104606883e-82	1.0	0.0
snp_PA14_01770_162513	368.0	5.10104606883e-82	1.0	0.0
snp_PA14_67150_5994376	368.0	5.10104606883e-82	1.0	0.0
snp_PA14_41020,adi_3657742	368.0	5.10104606883e-82	1.0	0.0
snp_PA14_33650,pvdD_2984109	368.0	5.10104606883e-82	1.0	0.0
snp_PA14_33690,pvdE_2989308	368.0	5.10104606883e-82	0.0	2.0
snp_PA14_33650,pvdD_2983533	368.0	5.10104606883e-82	1.0	0.0
snp_PA14_69250_6178631	368.0	5.10104606883e-82	1.0	0.0
snp_PA14_56730_5053946	368.0	5.10104606883e-82	1.0	0.0
snp_PA14_33360_2936435	368.0	5.10104606883e-82	0.0	1.0
snp_PA14_65350,mutL_5821744	368.0	5.10104606883e-82	1.0	0.0
snp_PA14_30140_2610639	368.0	5.10104606883e-82	1.0	0.0
snp_PA14_33630,pvdJ_2978459	368.0	5.10104606883e-82	1.0	0.0
snp_PA14_40260_3593443	368.0	5.10104606883e-82	0.0	338.0
snp_PA14_40260_3593417	368.0	5.10104606883e-82	1.0	0.0
snp_PA14_57425,ftsI_5117103	368.0	5.10104606883e-82	0.0	1.0
snp_PA14_02410_218008	368.0	5.10104606883e-82	1.0	0.0
snp_PA14_64750,benK_5769975	368.0	5.10104606883e-82	1.0	0.0
snp_PA14_33360_2936212	368.0	5.10104606883e-82	1.0	0.0
snp_PA14_45700_4064465	368.0	5.10104606883e-82	1.0	0.0
snp_PA14_48900_4347639	368.0	5.10104606883e-82	1.0	0.0
snp_PA14_07520,rpoD_647332	368.0	5.10104606883e-82	1.0	0.0
snp_PA14_54240_4814207	368.0	5.10104606883e-82	1.0	0.0
snp_PA14_07770,ostA_667569	368.0	5.10104606883e-82	1.0	0.0
snp_PA14_35380,ptxR_3146440	368.0	5.10104606883e-82	1.0	0.0
snp_PA14_33360_2936326	368.0	5.10104606883e-82	1.0	0.0
snp_PA14_38080_3396709	368.0	5.10104606883e-82	1.0	0.0
snp_PA14_33360_2936972	368.0	5.10104606883e-82	0.0	0.0
snp_PA14_22840,ypuG_1982726	368.0	5.10104606883e-82	1.0	0.0
snp_PA14_59240,pilL2_5277822	368.0	5.10104606883e-82	1.0	0.0
snp_PA14_33650,pvdD_2983143	368.0	5.10104606883e-82	1.0	0.0
snp_PA14_49940_4440629	368.0	5.10104606883e-82	1.0	0.0
snp_PA14_29575_2565032	368.0	5.10104606883e-82	1.0	0.0
snp_PA14_33610_2962294	368.0	5.10104606883e-82	1.0	0.0
snp_PA14_59960_5340385	368.0	5.10104606883e-82	1.0	0.0
snp_PA14_47680,cobU_4244790	368.0	5.10104606883e-82	1.0	0.0
snp_PA14_12670_1087389	368.0	5.10104606883e-82	0.0	3.0
snp_PA14_40260_3593416	368.0	5.10104606883e-82	1.0	0.0
snp_PA14_39970,phzA2_3561615	368.0	5.10104606883e-82	1.0	0.0
snp_PA14_33630,pvdJ_2978460	368.0	5.10104606883e-82	1.0	0.0
snp_PA14_07690,glpE_661894	368.0	5.10104606883e-82	1.0	0.0
snp_PA14_02290_205542	368.0	5.10104606883e-82	1.0	0.0
snp_PA14_33360_2936666	368.0	5.10104606883e-82	0.0	0.0
snp_PA14_64400_5737773	368.0	5.10104606883e-82	1.0	0.0
snp_PA14_25970,cobN_2267684	368.0	5.10104606883e-82	0.0	3.0
snp_PA14_23360,wzz_2026883	368.0	5.10104606883e-82	1.0	0.0
snp_PA14_37270_3320255	368.0	5.10104606883e-82	1.0	0.0
snp_PA14_17850,fadB_1532894	368.0	5.10104606883e-82	1.0	0.0
snp_PA14_48800_4338771	368.0	5.10104606883e-82	1.0	0.0
snp_PA14_41930_3744153	183.001358696	1.07184299934e-41	1.0	1.0
gene_pa_group_13758	183.001358696	1.07184299934e-41	1.0	1.0
snp_PA14_49560,toxA_4407479	183.001358696	1.07184299934e-41	1.0	1.0
snp_PA14_03560_323882	183.001358696	1.07184299934e-41	1.0	1.0
snp_PA14_35020_3118988	183.001358696	1.07184299934e-41	1.0	1.0
snp_PA14_09400,phzS_806287	183.001358696	1.07184299934e-41	1.0	1.0
gene_pa_group_1168	183.001358696	1.07184299934e-41	1.0	1.0
snp_PA14_32540_2826757	183.001358696	1.07184299934e-41	1.0	1.0
gene_pa_group_15152	183.001358696	1.07184299934e-41	1.0	1.0
snp_PA14_02330,atsC_208721	183.001358696	1.07184299934e-41	1.0	1.0
snp_PA14_34840_3098171	183.001358696	1.07184299934e-41	1.0	1.0
snp_PA14_10290,acoR_886584	183.001358696	1.07184299934e-41	1.0	1.0
snp_PA14_68330,arcA_6095361	183.001358696	1.07184299934e-41	1.0	1.0
snp_PA14_40010_3565164	183.001358696	1.07184299934e-41	1.0	1.0
snp_PA14_56300,fumA_5025483	183.001358696	1.07184299934e-41	1.0	1.0
snp_PA14_65810_5862178	183.001358696	1.07184299934e-41	1.0	1.0
snp_PA14_01270_124934	183.001358696	1.07184299934e-41	1.0	1.0
snp_PA14_12030_1040317	183.001358696	1.07184299934e-41	1.0	1.0
snp_PA14_16100_1371576	183.001358696	1.07184299934e-41	1.0	1.0
gene_pa_group_21381	183.001358696	1.07184299934e-41	1.0	1.0
snp_PA14_13150_1131048	183.001358696	1.07184299934e-41	1.0	1.0
snp_PA14_33360_2936378	183.001358696	1.07184299934e-41	1.0	1.0
snp_PA14_33650,pvdD_2983547	183.001358696	1.07184299934e-41	1.0	1.0
gene_pa_group_4508	183.001358696	1.07184299934e-41	1.0	1.0
snp_PA14_68660,rimK_6122088	183.001358696	1.07184299934e-41	1.0	1.0
snp_PA14_64200,purH_5719984	183.001358696	1.07184299934e-41	1.0	1.0
gene_pa_group_15573	183.001358696	1.07184299934e-41	1.0	1.0
snp_PA14_63480_5659889	183.001358696	1.07184299934e-41	1.0	1.0
snp_PA14_45770,fliP_4069423	183.001358696	1.07184299934e-41	1.0	1.0
snp_PA14_65940_5874036	183.001358696	1.07184299934e-41	1.0	1.0
snp_PA14_23460,orfN_2040310	183.001358696	1.07184299934e-41	1.0	1.0
gene_pa_group_23682	183.001358696	1.07184299934e-41	1.0	1.0
snp_PA14_03940,spuF_355849	183.001358696	1.07184299934e-41	1.0	1.0
snp_PA14_73220,glmU_6520504	183.001358696	1.07184299934e-41	1.0	1.0
snp_PA14_35320,kguD_3140184	183.001358696	1.07184299934e-41	1.0	1.0
snp_PA14_11990_1037183	183.001358696	1.07184299934e-41	1.0	1.0
gene_pa_group_12627	183.001358696	1.07184299934e-41	1.0	1.0
snp_PA14_57060_5083649	183.001358696	1.07184299934e-41	1.0	1.0
snp_PA14_46360_4124682	183.001358696	1.07184299934e-41	1.0	1.0
snp_PA14_41680,ydiA_3721302	183.001358696	1.07184299934e-41	1.0	1.0
gene_pa_ttuE_2	183.001358696	1.07184299934e-41	1.0	1.0
snp_PA14_70760,phoR_6300794	183.001358696	1.07184299934e-41	1.0	1.0
