feature	score	p-value	#I-out-of-1	#O-out-of-368
snp_PA14_21690,lhr1_1882773	368.0	5.10104606883e-82	1.0	0.0
snp_PA14_44200_3933958	368.0	5.10104606883e-82	1.0	0.0
snp_PA14_12260_1058536	368.0	5.10104606883e-82	1.0	0.0
snp_PA14_41740_3725384	368.0	5.10104606883e-82	0.0	0.0
snp_PA14_40080_3572746	368.0	5.10104606883e-82	1.0	0.0
snp_PA14_33610_2968166	368.0	5.10104606883e-82	1.0	0.0
snp_PA14_65310,hfq_5819810	368.0	5.10104606883e-82	1.0	0.0
snp_PA14_56110_5011093	368.0	5.10104606883e-82	1.0	0.0
snp_PA14_47860_4258655	368.0	5.10104606883e-82	1.0	0.0
snp_PA14_30160,mutT_2612139	368.0	5.10104606883e-82	1.0	0.0
snp_PA14_16190_1379377	368.0	5.10104606883e-82	1.0	0.0
snp_PA14_65990,qacH_5877615	368.0	5.10104606883e-82	1.0	0.0
snp_PA14_17740,ycjJ_1525325	368.0	5.10104606883e-82	1.0	0.0
snp_PA14_04610,yicE_409684	368.0	5.10104606883e-82	1.0	0.0
snp_PA14_42150_3760708	368.0	5.10104606883e-82	1.0	0.0
snp_PA14_26620_2319935	368.0	5.10104606883e-82	1.0	0.0
snp_PA14_26670_2324860	368.0	5.10104606883e-82	1.0	0.0
snp_PA14_19640,ydgB_1695418	368.0	5.10104606883e-82	1.0	0.0
snp_PA14_33650,pvdD_2980225	368.0	5.10104606883e-82	1.0	0.0
snp_PA14_72110_6427573	368.0	5.10104606883e-82	1.0	0.0
snp_PA14_33170_2903908	368.0	5.10104606883e-82	1.0	0.0
snp_PA14_13780,narG_1183794	368.0	5.10104606883e-82	1.0	0.0
snp_PA14_36990_3294032	368.0	5.10104606883e-82	1.0	0.0
snp_PA14_56980,crcB_5077788	368.0	5.10104606883e-82	1.0	0.0
snp_PA14_19590,ssuF_1693297	368.0	5.10104606883e-82	1.0	0.0
snp_PA14_57330,murC_5108105	368.0	5.10104606883e-82	1.0	0.0
snp_PA14_44970,moaA2_4009361	368.0	5.10104606883e-82	1.0	0.0
snp_PA14_42220_3765998	368.0	5.10104606883e-82	1.0	0.0
snp_PA14_48930_4349886	368.0	5.10104606883e-82	0.0	0.0
snp_PA14_58910_5252159	368.0	5.10104606883e-82	1.0	0.0
snp_PA14_42450,popB_3780573	368.0	5.10104606883e-82	1.0	0.0
snp_PA14_60130_5356674	368.0	5.10104606883e-82	1.0	0.0
snp_PA14_44740,xdhB_3988458	368.0	5.10104606883e-82	1.0	0.0
snp_PA14_53800,mntH2_4770068	368.0	5.10104606883e-82	0.0	3.0
gene_pa_group_353	368.0	5.10104606883e-82	1.0	0.0
snp_PA14_37745_3364947	368.0	5.10104606883e-82	1.0	0.0
snp_PA14_10470,bcr_902337	368.0	5.10104606883e-82	1.0	0.0
snp_PA14_18630,eprS_1603053	368.0	5.10104606883e-82	1.0	0.0
snp_PA14_46320,pyc_4122284	368.0	5.10104606883e-82	1.0	0.0
snp_PA14_41730_3724938	368.0	5.10104606883e-82	1.0	0.0
snp_PA14_01160_113850	368.0	5.10104606883e-82	1.0	0.0
snp_PA14_25350,nqrF_2217249	368.0	5.10104606883e-82	1.0	0.0
snp_PA14_69880_6231836	368.0	5.10104606883e-82	1.0	0.0
snp_PA14_19770_1704721	368.0	5.10104606883e-82	1.0	0.0
snp_PA14_56140_5014144	368.0	5.10104606883e-82	1.0	0.0
snp_PA14_41070_3661943	368.0	5.10104606883e-82	1.0	0.0
snp_PA14_43580_3880336	368.0	5.10104606883e-82	1.0	0.0
snp_PA14_07430_635538	368.0	5.10104606883e-82	1.0	0.0
snp_PA14_55650,sbcC_4961831	368.0	5.10104606883e-82	1.0	0.0
snp_PA14_37260,opdO_3318393	368.0	5.10104606883e-82	1.0	0.0
snp_PA14_09760_840720	368.0	5.10104606883e-82	1.0	0.0
snp_PA14_34710_3084215	368.0	5.10104606883e-82	1.0	0.0
snp_PA14_33630,pvdJ_2975968	368.0	5.10104606883e-82	1.0	0.0
snp_PA14_37790,pcoA_3369902	368.0	5.10104606883e-82	1.0	0.0
snp_PA14_51850_4605068	368.0	5.10104606883e-82	1.0	0.0
snp_PA14_28950_2504137	368.0	5.10104606883e-82	1.0	0.0
snp_PA14_51470,cupC1_4576260	368.0	5.10104606883e-82	1.0	0.0
snp_PA14_73400,trmE_6534911	368.0	5.10104606883e-82	1.0	0.0
snp_PA14_66820,phaC1_5967369	368.0	5.10104606883e-82	1.0	0.0
snp_PA14_33800_3003258	368.0	5.10104606883e-82	1.0	0.0
snp_PA14_09210,pchA_780984	368.0	5.10104606883e-82	1.0	0.0
snp_PA14_69610,cyaA_6210795	368.0	5.10104606883e-82	1.0	0.0
snp_PA14_46820_4170413	368.0	5.10104606883e-82	1.0	0.0
snp_PA14_59120_5264705	368.0	5.10104606883e-82	1.0	0.0
snp_PA14_01160_114023	368.0	5.10104606883e-82	1.0	0.0
snp_PA14_43880_3907468	368.0	5.10104606883e-82	1.0	0.0
snp_PA14_59070_5261816	368.0	5.10104606883e-82	1.0	0.0
snp_PA14_11190,styD_974387	368.0	5.10104606883e-82	1.0	0.0
snp_PA14_45580,cheB_4054798	368.0	5.10104606883e-82	1.0	0.0
snp_PA14_65560,serB_5839877	368.0	5.10104606883e-82	1.0	0.0
snp_PA14_55400_4925376	368.0	5.10104606883e-82	1.0	0.0
snp_PA14_33650,pvdD_2981193	368.0	5.10104606883e-82	1.0	0.0
snp_PA14_58860_5242063	368.0	5.10104606883e-82	1.0	0.0
snp_PA14_39160_3488763	368.0	5.10104606883e-82	1.0	0.0
snp_PA14_29350,pfeA_2539923	368.0	5.10104606883e-82	1.0	0.0
snp_PA14_55480,hxcX_4939543	368.0	5.10104606883e-82	1.0	0.0
snp_PA14_11080,cupB3_959978	368.0	5.10104606883e-82	1.0	0.0
snp_PA14_69795,amtB_6224709	368.0	5.10104606883e-82	1.0	0.0
snp_PA14_09880_849012	368.0	5.10104606883e-82	1.0	0.0
snp_PA14_60830,mexD_5423752	368.0	5.10104606883e-82	1.0	0.0
snp_PA14_24420_2127132	368.0	5.10104606883e-82	1.0	0.0
snp_PA14_44290,acnA_3941710	368.0	5.10104606883e-82	1.0	0.0
snp_PA14_07770,ostA_667579	368.0	5.10104606883e-82	1.0	0.0
snp_PA14_40230_3584737	368.0	5.10104606883e-82	1.0	0.0
snp_PA14_16150_1375781	368.0	5.10104606883e-82	1.0	0.0
snp_PA14_66440,metY_5927139	368.0	5.10104606883e-82	1.0	0.0
snp_PA14_34820_3095650	368.0	5.10104606883e-82	1.0	0.0
snp_PA14_38740_3455919	368.0	5.10104606883e-82	1.0	0.0
snp_PA14_34990_3115386	368.0	5.10104606883e-82	1.0	0.0
snp_PA14_58570,piuA_5218602	368.0	5.10104606883e-82	1.0	0.0
snp_PA14_24400_2125548	368.0	5.10104606883e-82	1.0	0.0
snp_PA14_03070,pobR_270799	368.0	5.10104606883e-82	1.0	0.0
snp_PA14_35460_3153476	368.0	5.10104606883e-82	1.0	0.0
snp_PA14_33650,pvdD_2981190	368.0	5.10104606883e-82	1.0	0.0
snp_PA14_57390,murF_5114150	368.0	5.10104606883e-82	1.0	0.0
snp_PA14_43510_3875381	368.0	5.10104606883e-82	1.0	0.0
snp_PA14_49940_4440642	368.0	5.10104606883e-82	1.0	0.0
snp_PA14_54520,opdH_4834636	368.0	5.10104606883e-82	1.0	0.0
gene_pa_group_3698	368.0	5.10104606883e-82	1.0	0.0
snp_PA14_73070,pyrQ_6507564	368.0	5.10104606883e-82	1.0	0.0
