feature	score	p-value	#I-out-of-25	#O-out-of-344
snp_PA14_03240,hcpC_288795	55.04	1.18101672694e-13	4.0	0.0
snp_PA14_71280_6351460	46.3272425249	1.00062980715e-11	5.0	2.0
snp_PA14_20510_1763363	44.8522790698	2.12473425424e-11	6.0	4.0
snp_PA14_46420_4129393	42.4465348837	7.26409930018e-11	4.0	1.0
snp_PA14_19690_1698938	42.4465348837	7.26409930018e-11	4.0	1.0
snp_PA14_60130_5356197	42.4465348837	7.26409930018e-11	4.0	1.0
snp_PA14_09280,pchF_794936	42.4465348837	7.26409930018e-11	0.0	2.0
gene_pa_group_22376	41.28	1.31911688109e-10	3.0	0.0
snp_PA14_03240,hcpC_288741	41.28	1.31911688109e-10	3.0	0.0
snp_PA14_03240,hcpC_288806	41.28	1.31911688109e-10	3.0	0.0
snp_PA14_39945,phzC2_3559954	41.28	1.31911688109e-10	3.0	0.0
snp_PA14_42440,popD_3779827	41.28	1.31911688109e-10	3.0	0.0
snp_PA14_03240,hcpC_288807	41.28	1.31911688109e-10	3.0	0.0
snp_PA14_20510_1763364	39.7433509514	2.89624933874e-10	0.0	0.0
snp_PA14_32840_2873383	39.3317587209	3.57577789268e-10	5.0	3.0
snp_PA14_60130_5356211	39.3317587209	3.57577789268e-10	5.0	3.0
snp_PA14_60130_5356001	34.0751162791	5.30250353335e-09	1.0	3.0
snp_PA14_61640,phr_5500401	34.0751162791	5.30250353335e-09	4.0	2.0
snp_PA14_23100,mutT_2003493	34.0751162791	5.30250353335e-09	4.0	2.0
snp_PA14_60130_5356035	34.0751162791	5.30250353335e-09	4.0	2.0
snp_PA14_23970,xcpQ_2083827	34.0751162791	5.30250353335e-09	4.0	2.0
snp_PA14_61660,murI_5502071	34.0751162791	5.30250353335e-09	4.0	2.0
snp_PA14_61620_5499380	34.0751162791	5.30250353335e-09	4.0	2.0
snp_PA14_03810,aguA_343823	34.0751162791	5.30250353335e-09	4.0	2.0
snp_PA14_31620_2747880	34.0751162791	5.30250353335e-09	4.0	2.0
snp_PA14_03810,aguA_343824	34.0751162791	5.30250353335e-09	4.0	2.0
gene_pa_group_19514	34.0751162791	5.30250353335e-09	4.0	2.0
snp_PA14_60130_5355999	34.0751162791	5.30250353335e-09	2.0	4.0
snp_PA14_48660_4328371	34.0751162791	5.30250353335e-09	4.0	2.0
snp_PA14_46020_4094102	34.0751162791	5.30250353335e-09	4.0	2.0
snp_PA14_60130_5356004	33.9069767442	5.78110212493e-09	5.0	4.0
snp_PA14_28040_2426997	33.9069767442	5.78110212493e-09	5.0	4.0
snp_PA14_51880,oprD_4607050	31.9170035778	1.60902484201e-08	6.0	7.0
snp_PA14_40450,str_3614377	31.9170035778	1.60902484201e-08	6.0	7.0
snp_PA14_38690,acsA_3451506	29.5816860465	5.36090720112e-08	5.0	5.0
gene_pa_group_17202	29.4781686047	5.65501198579e-08	3.0	1.0
snp_PA14_29640,fhp_2569298	29.4781686047	5.65501198579e-08	3.0	1.0
snp_PA14_68970_6152532	29.4781686047	5.65501198579e-08	3.0	1.0
snp_PA14_13460,fecI_1158177	29.4781686047	5.65501198579e-08	3.0	1.0
snp_PA14_40250,opmL_3587720	29.4781686047	5.65501198579e-08	3.0	1.0
snp_PA14_68620_6119599	29.4781686047	5.65501198579e-08	3.0	1.0
snp_PA14_29550_2562584	29.4781686047	5.65501198579e-08	3.0	1.0
gene_pa_group_13105	29.4781686047	5.65501198579e-08	3.0	1.0
gene_pa_group_15793	29.4781686047	5.65501198579e-08	3.0	1.0
snp_PA14_67190_5997195	29.4781686047	5.65501198579e-08	3.0	1.0
snp_PA14_47080_4193507	29.4781686047	5.65501198579e-08	3.0	1.0
snp_PA14_71840_6398768	29.4781686047	5.65501198579e-08	3.0	1.0
snp_PA14_46320,pyc_4120411	29.4781686047	5.65501198579e-08	3.0	1.0
snp_PA14_56110_5011131	29.4781686047	5.65501198579e-08	3.0	1.0
snp_PA14_06700,nirL_585603	29.4781686047	5.65501198579e-08	3.0	1.0
snp_PA14_57100,ampG_5086263	29.4781686047	5.65501198579e-08	3.0	1.0
snp_PA14_00090,glyS_11975	29.4781686047	5.65501198579e-08	3.0	1.0
snp_PA14_02750_245135	29.4781686047	5.65501198579e-08	3.0	1.0
snp_PA14_30490_2640676	29.4781686047	5.65501198579e-08	3.0	1.0
snp_PA14_01900,pcaH_173627	29.4781686047	5.65501198579e-08	3.0	1.0
snp_PA14_23530,mdr_2049379	29.4781686047	5.65501198579e-08	3.0	1.0
snp_PA14_09340,fptA_800063	29.4781686047	5.65501198579e-08	3.0	1.0
snp_PA14_11830_1026001	29.4781686047	5.65501198579e-08	3.0	1.0
snp_PA14_46360_4125023	29.4781686047	5.65501198579e-08	3.0	1.0
snp_PA14_23670_2058676	29.4781686047	5.65501198579e-08	3.0	1.0
snp_PA14_60370,ileS_5382158	29.4781686047	5.65501198579e-08	3.0	1.0
snp_PA14_44910_4005019	29.4781686047	5.65501198579e-08	3.0	1.0
snp_PA14_71630,adhA_6380730	29.4781686047	5.65501198579e-08	3.0	1.0
snp_PA14_66660,pilM_5951684	29.4781686047	5.65501198579e-08	3.0	1.0
snp_PA14_72030_6421450	29.4781686047	5.65501198579e-08	3.0	1.0
snp_PA14_44850,alc_3997102	29.4781686047	5.65501198579e-08	0.0	1.0
snp_PA14_40380_3609571	29.4781686047	5.65501198579e-08	3.0	1.0
snp_PA14_32790_2852376	29.4781686047	5.65501198579e-08	3.0	1.0
snp_PA14_18370,arnB_1577512	29.4781686047	5.65501198579e-08	3.0	1.0
snp_PA14_56450_5034757	29.4781686047	5.65501198579e-08	0.0	1.0
snp_PA14_23460,orfN_2040671	29.4781686047	5.65501198579e-08	3.0	1.0
gene_pa_group_17380	29.4781686047	5.65501198579e-08	3.0	1.0
snp_PA14_72760_6481065	29.4781686047	5.65501198579e-08	3.0	1.0
snp_PA14_66690_5956992	29.4781686047	5.65501198579e-08	3.0	1.0
snp_PA14_51460,cupC2_4575263	29.4781686047	5.65501198579e-08	3.0	1.0
snp_PA14_61300_5473141	29.4781686047	5.65501198579e-08	3.0	1.0
snp_PA14_23030,oprB_1997379	29.4781686047	5.65501198579e-08	3.0	1.0
snp_PA14_52190,rumA_4628938	29.4781686047	5.65501198579e-08	3.0	1.0
snp_PA14_30520_2643011	29.4781686047	5.65501198579e-08	3.0	1.0
snp_PA14_31690_2754380	29.4781686047	5.65501198579e-08	3.0	1.0
snp_PA14_11030_954461	29.4781686047	5.65501198579e-08	3.0	1.0
snp_PA14_43170_3846158	29.4781686047	5.65501198579e-08	3.0	1.0
snp_PA14_29690_2573006	29.4781686047	5.65501198579e-08	3.0	1.0
snp_PA14_62510,yadB_5575315	29.4781686047	5.65501198579e-08	3.0	1.0
snp_PA14_51330,nadA_4561053	29.4781686047	5.65501198579e-08	3.0	1.0
snp_PA14_46640_4157796	29.4781686047	5.65501198579e-08	3.0	1.0
snp_PA14_04860,yhhF_428848	29.4781686047	5.65501198579e-08	3.0	1.0
snp_PA14_09240,pchD_783926	29.4781686047	5.65501198579e-08	3.0	1.0
gene_pa_group_14410	29.4781686047	5.65501198579e-08	3.0	1.0
snp_PA14_54670_4847349	29.4781686047	5.65501198579e-08	3.0	1.0
snp_PA14_00520_54686	29.4781686047	5.65501198579e-08	3.0	1.0
snp_PA14_02760,catI_246419	29.4781686047	5.65501198579e-08	3.0	1.0
snp_PA14_53700_4762281	29.4781686047	5.65501198579e-08	3.0	1.0
snp_PA14_61220,rsmC_5466394	29.4781686047	5.65501198579e-08	3.0	1.0
snp_PA14_46400,yqhC_4128314	29.4781686047	5.65501198579e-08	3.0	1.0
snp_PA14_61640,phr_5501203	29.4781686047	5.65501198579e-08	3.0	1.0
snp_PA14_54700,yjcS_4850022	29.4781686047	5.65501198579e-08	3.0	1.0
snp_PA14_39520_3517579	29.4781686047	5.65501198579e-08	3.0	1.0
snp_PA14_31040_2699275	29.4781686047	5.65501198579e-08	3.0	1.0
snp_PA14_10400_898178	29.4781686047	5.65501198579e-08	4.0	20.0
