feature	score	p-value	#I-out-of-1	#O-out-of-368
gene_pa_group_18556	368.0	5.10104606883e-82	1.0	0.0
snp_PA14_08070,gpFI_694202	368.0	5.10104606883e-82	1.0	0.0
snp_PA14_08070,gpFI_694195	368.0	5.10104606883e-82	1.0	0.0
snp_PA14_14220_1215410	368.0	5.10104606883e-82	1.0	0.0
gene_pa_group_6899	368.0	5.10104606883e-82	1.0	0.0
snp_PA14_49000_4352807	368.0	5.10104606883e-82	1.0	0.0
gene_pa_group_10945	368.0	5.10104606883e-82	1.0	0.0
snp_PA14_08070,gpFI_694911	368.0	5.10104606883e-82	1.0	0.0
gene_pa_group_8430	368.0	5.10104606883e-82	1.0	0.0
snp_PA14_53570_4750595	368.0	5.10104606883e-82	1.0	0.0
snp_PA14_08160,lys_701005	368.0	5.10104606883e-82	0.0	1.0
snp_PA14_08070,gpFI_694528	368.0	5.10104606883e-82	1.0	0.0
snp_PA14_08070,gpFI_694394	368.0	5.10104606883e-82	1.0	0.0
gene_pa_group_8428	368.0	5.10104606883e-82	1.0	0.0
snp_PA14_08090,gpFII_695755	368.0	5.10104606883e-82	1.0	0.0
snp_PA14_53570_4750620	368.0	5.10104606883e-82	0.0	1.0
snp_PA14_08090,gpFII_695486	368.0	5.10104606883e-82	1.0	0.0
snp_PA14_49000_4352788	368.0	5.10104606883e-82	1.0	0.0
gene_pa_group_6895	368.0	5.10104606883e-82	1.0	0.0
snp_PA14_08070,gpFI_694529	368.0	5.10104606883e-82	1.0	0.0
snp_PA14_07770,ostA_667158	368.0	5.10104606883e-82	0.0	4.0
snp_PA14_14220_1215041	368.0	5.10104606883e-82	1.0	0.0
snp_PA14_50240_4462889	368.0	5.10104606883e-82	1.0	0.0
snp_PA14_08090,gpFII_695395	368.0	5.10104606883e-82	1.0	0.0
gene_pa_group_21688	368.0	5.10104606883e-82	1.0	0.0
snp_PA14_32790_2855183	368.0	5.10104606883e-82	1.0	0.0
snp_PA14_08090,gpFII_695485	368.0	5.10104606883e-82	1.0	0.0
snp_PA14_08070,gpFI_694196	368.0	5.10104606883e-82	1.0	0.0
snp_PA14_08090,gpFII_695489	368.0	5.10104606883e-82	1.0	0.0
gene_pa_group_8425	368.0	5.10104606883e-82	1.0	0.0
snp_PA14_08150,gpD_700099	368.0	5.10104606883e-82	1.0	0.0
snp_PA14_08070,gpFI_694905	368.0	5.10104606883e-82	1.0	0.0
snp_PA14_32790_2849438	368.0	5.10104606883e-82	1.0	0.0
snp_PA14_08160,lys_701171	368.0	5.10104606883e-82	0.0	1.0
snp_PA14_05580_495074	368.0	5.10104606883e-82	1.0	0.0
snp_PA14_08070,gpFI_694909	368.0	5.10104606883e-82	1.0	0.0
snp_PA14_08160,lys_701092	368.0	5.10104606883e-82	1.0	0.0
snp_PA14_08070,gpFI_694530	368.0	5.10104606883e-82	1.0	0.0
snp_PA14_08090,gpFII_695487	368.0	5.10104606883e-82	1.0	0.0
snp_PA14_08070,gpFI_694531	368.0	5.10104606883e-82	1.0	0.0
snp_PA14_08090,gpFII_695387	368.0	5.10104606883e-82	1.0	0.0
snp_PA14_08150,gpD_699966	183.001358696	1.07184299934e-41	1.0	1.0
snp_PA14_08160,lys_701063	183.001358696	1.07184299934e-41	1.0	1.0
snp_PA14_11770,eutB_1019667	183.001358696	1.07184299934e-41	1.0	1.0
snp_PA14_59050_5260079	183.001358696	1.07184299934e-41	0.0	185.0
snp_PA14_29400,rhs_2546751	183.001358696	1.07184299934e-41	1.0	1.0
snp_PA14_14220_1215008	183.001358696	1.07184299934e-41	1.0	1.0
snp_PA14_42000_3747467	183.001358696	1.07184299934e-41	1.0	1.0
snp_PA14_52060_4619674	183.001358696	1.07184299934e-41	1.0	1.0
snp_PA14_40980_3654379	183.001358696	1.07184299934e-41	1.0	1.0
snp_PA14_63100_5631133	183.001358696	1.07184299934e-41	1.0	1.0
snp_PA14_34830_3095818	183.001358696	1.07184299934e-41	1.0	1.0
snp_PA14_62510,yadB_5575002	183.001358696	1.07184299934e-41	1.0	1.0
snp_PA14_42230,bglX_3767740	183.001358696	1.07184299934e-41	1.0	1.0
snp_PA14_65060_5799321	183.001358696	1.07184299934e-41	1.0	1.0
snp_PA14_42030_3749777	183.001358696	1.07184299934e-41	1.0	1.0
snp_PA14_45100,muiA_4022752	183.001358696	1.07184299934e-41	1.0	1.0
snp_PA14_63570,fdnI_5667670	183.001358696	1.07184299934e-41	1.0	1.0
gene_pa_group_13582	183.001358696	1.07184299934e-41	1.0	1.0
snp_PA14_00790,prlC_77467	183.001358696	1.07184299934e-41	1.0	1.0
snp_PA14_14975_1271256	183.001358696	1.07184299934e-41	1.0	1.0
snp_PA14_65660,parE_5848083	183.001358696	1.07184299934e-41	1.0	1.0
snp_PA14_20000_1721293	183.001358696	1.07184299934e-41	1.0	1.0
snp_PA14_35160_3128672	183.001358696	1.07184299934e-41	1.0	1.0
snp_PA14_48910_4347920	183.001358696	1.07184299934e-41	1.0	1.0
snp_PA14_53410_4736818	183.001358696	1.07184299934e-41	1.0	1.0
snp_PA14_09460,phzC1_811535	183.001358696	1.07184299934e-41	1.0	1.0
snp_PA14_10940_946293	183.001358696	1.07184299934e-41	1.0	1.0
snp_PA14_59050_5260048	183.001358696	1.07184299934e-41	1.0	1.0
gene_pa_group_15435	183.001358696	1.07184299934e-41	1.0	1.0
snp_PA14_67530_6031760	183.001358696	1.07184299934e-41	1.0	1.0
snp_PA14_54720_4852324	183.001358696	1.07184299934e-41	1.0	1.0
snp_PA14_53880_4776368	183.001358696	1.07184299934e-41	1.0	1.0
snp_PA14_43400,kdpA_3865938	183.001358696	1.07184299934e-41	1.0	1.0
snp_PA14_26860,hpkR_2336737	183.001358696	1.07184299934e-41	1.0	1.0
snp_PA14_72540_6464035	183.001358696	1.07184299934e-41	1.0	1.0
snp_PA14_07960,prtR_686267	183.001358696	1.07184299934e-41	1.0	1.0
snp_PA14_33600_2955162	183.001358696	1.07184299934e-41	1.0	1.0
snp_PA14_66140_5891859	183.001358696	1.07184299934e-41	1.0	1.0
snp_PA14_73200_6519432	183.001358696	1.07184299934e-41	1.0	1.0
snp_PA14_24040,xcpU_2088394	183.001358696	1.07184299934e-41	1.0	1.0
snp_PA14_67530_6032468	183.001358696	1.07184299934e-41	1.0	1.0
snp_PA14_54620_4843326	183.001358696	1.07184299934e-41	1.0	1.0
snp_PA14_32540_2827377	183.001358696	1.07184299934e-41	1.0	1.0
snp_PA14_61750,ipk_5510104	183.001358696	1.07184299934e-41	1.0	1.0
snp_PA14_12400,thiE_1067757	183.001358696	1.07184299934e-41	1.0	1.0
snp_PA14_53570_4750626	183.001358696	1.07184299934e-41	1.0	1.0
snp_PA14_00510_50650	183.001358696	1.07184299934e-41	1.0	1.0
snp_PA14_10940_946035	183.001358696	1.07184299934e-41	1.0	1.0
gene_pa_group_20247	183.001358696	1.07184299934e-41	1.0	1.0
snp_PA14_53660_4759104	183.001358696	1.07184299934e-41	1.0	1.0
snp_PA14_11890_1028974	183.001358696	1.07184299934e-41	1.0	1.0
snp_PA14_72490,polA_6457377	183.001358696	1.07184299934e-41	1.0	1.0
gene_pa_group_23301	183.001358696	1.07184299934e-41	1.0	1.0
gene_pa_group_19538	183.001358696	1.07184299934e-41	1.0	1.0
snp_PA14_04950,mtgA_437503	183.001358696	1.07184299934e-41	1.0	1.0
snp_PA14_17260,dnaE_1480266	183.001358696	1.07184299934e-41	1.0	1.0
snp_PA14_56960_5076633	183.001358696	1.07184299934e-41	1.0	1.0
snp_PA14_09790_843691	183.001358696	1.07184299934e-41	1.0	1.0
snp_PA14_50470,flgC_4485236	183.001358696	1.07184299934e-41	1.0	1.0
