feature	score	p-value	#I-out-of-1	#O-out-of-368
gene_pa_group_730	368.0	5.10104606883e-82	1.0	0.0
gene_pa_group_4550	368.0	5.10104606883e-82	1.0	0.0
snp_PA14_35270_3137068	368.0	5.10104606883e-82	1.0	0.0
snp_PA14_45240_4033018	368.0	5.10104606883e-82	0.0	1.0
gene_pa_puuC_4	368.0	5.10104606883e-82	1.0	0.0
snp_PA14_44920_4005473	368.0	5.10104606883e-82	1.0	0.0
snp_PA14_35750,tpnC_3180603	368.0	5.10104606883e-82	1.0	0.0
snp_PA14_60290,pilW_5371933	368.0	5.10104606883e-82	1.0	0.0
snp_PA14_58390_5201050	368.0	5.10104606883e-82	1.0	0.0
snp_PA14_36840,glgP_3284268	368.0	5.10104606883e-82	1.0	0.0
snp_PA14_47960_4269681	368.0	5.10104606883e-82	1.0	0.0
gene_pa_group_10419	368.0	5.10104606883e-82	1.0	0.0
gene_pa_pstS_6	368.0	5.10104606883e-82	1.0	0.0
snp_PA14_33890,aldG_3011170	368.0	5.10104606883e-82	1.0	0.0
snp_PA14_35270_3137113	368.0	5.10104606883e-82	1.0	0.0
snp_PA14_33890,aldG_3011239	368.0	5.10104606883e-82	1.0	0.0
gene_pa_group_3333	368.0	5.10104606883e-82	1.0	0.0
snp_PA14_33890,aldG_3011279	368.0	5.10104606883e-82	1.0	0.0
snp_PA14_47960_4269603	368.0	5.10104606883e-82	1.0	0.0
gene_pa_group_729	368.0	5.10104606883e-82	1.0	0.0
snp_PA14_08020,gpW_689830	368.0	5.10104606883e-82	1.0	0.0
gene_pa_group_5200	368.0	5.10104606883e-82	1.0	0.0
gene_pa_group_599	368.0	5.10104606883e-82	1.0	0.0
gene_pa_group_8205	368.0	5.10104606883e-82	1.0	0.0
snp_PA14_33890,aldG_3011516	368.0	5.10104606883e-82	1.0	0.0
gene_pa_group_1315	368.0	5.10104606883e-82	1.0	0.0
snp_PA14_33890,aldG_3011215	368.0	5.10104606883e-82	1.0	0.0
snp_PA14_33890,aldG_3011166	368.0	5.10104606883e-82	1.0	0.0
snp_PA14_29800_2581376	368.0	5.10104606883e-82	1.0	0.0
snp_PA14_33890,aldG_3011486	368.0	5.10104606883e-82	1.0	0.0
snp_PA14_42990_3824268	368.0	5.10104606883e-82	1.0	0.0
gene_pa_group_3380	368.0	5.10104606883e-82	1.0	0.0
snp_PA14_47960_4269605	368.0	5.10104606883e-82	1.0	0.0
snp_PA14_33890,aldG_3011202	368.0	5.10104606883e-82	1.0	0.0
snp_PA14_10120_869542	368.0	5.10104606883e-82	1.0	0.0
snp_PA14_39130,ybiT_3486573	368.0	5.10104606883e-82	1.0	0.0
gene_pa_group_724	368.0	5.10104606883e-82	1.0	0.0
snp_PA14_33890,aldG_3011237	368.0	5.10104606883e-82	1.0	0.0
gene_pa_rocC_2	368.0	5.10104606883e-82	1.0	0.0
gene_pa_group_3735	368.0	5.10104606883e-82	1.0	0.0
gene_pa_group_1317	368.0	5.10104606883e-82	1.0	0.0
snp_PA14_60310,pilY1_5373945	368.0	5.10104606883e-82	1.0	0.0
snp_PA14_04410,ptsP_393140	368.0	5.10104606883e-82	1.0	0.0
snp_PA14_59180_5269486	368.0	5.10104606883e-82	1.0	0.0
gene_pa_group_731	368.0	5.10104606883e-82	1.0	0.0
snp_PA14_33890,aldG_3011399	368.0	5.10104606883e-82	1.0	0.0
snp_PA14_33890,aldG_3011217	368.0	5.10104606883e-82	1.0	0.0
snp_PA14_46910,ybeJ_4178149	368.0	5.10104606883e-82	1.0	0.0
snp_PA14_55540_4943062	368.0	5.10104606883e-82	1.0	0.0
snp_PA14_35270_3137050	368.0	5.10104606883e-82	1.0	0.0
snp_PA14_33890,aldG_3011518	368.0	5.10104606883e-82	1.0	0.0
snp_PA14_47960_4269549	368.0	5.10104606883e-82	1.0	0.0
gene_pa_group_7899	368.0	5.10104606883e-82	1.0	0.0
snp_PA14_60310,pilY1_5373946	368.0	5.10104606883e-82	1.0	0.0
snp_PA14_47960_4269690	368.0	5.10104606883e-82	1.0	0.0
snp_PA14_54850_4860590	368.0	5.10104606883e-82	0.0	2.0
snp_PA14_47960_4269602	368.0	5.10104606883e-82	1.0	0.0
snp_PA14_25560,rne_2236312	368.0	5.10104606883e-82	1.0	0.0
gene_pa_purC_2	368.0	5.10104606883e-82	1.0	0.0
snp_PA14_35270_3137055	368.0	5.10104606883e-82	1.0	0.0
snp_PA14_65570_5840487	368.0	5.10104606883e-82	1.0	0.0
snp_PA14_47960_4269860	368.0	5.10104606883e-82	1.0	0.0
gene_pa_group_1318	368.0	5.10104606883e-82	1.0	0.0
gene_pa_group_602	368.0	5.10104606883e-82	1.0	0.0
gene_pa_group_4583	368.0	5.10104606883e-82	1.0	0.0
gene_pa_group_9653	368.0	5.10104606883e-82	1.0	0.0
snp_PA14_33890,aldG_3011168	368.0	5.10104606883e-82	1.0	0.0
gene_pa_group_1316	368.0	5.10104606883e-82	1.0	0.0
gene_pa_group_723	368.0	5.10104606883e-82	1.0	0.0
gene_pa_group_726	368.0	5.10104606883e-82	1.0	0.0
gene_pa_group_598	368.0	5.10104606883e-82	1.0	0.0
snp_PA14_33890,aldG_3011400	368.0	5.10104606883e-82	1.0	0.0
snp_PA14_33890,aldG_3011440	368.0	5.10104606883e-82	1.0	0.0
snp_PA14_60900_5434873	368.0	5.10104606883e-82	1.0	0.0
snp_PA14_35270_3137062	368.0	5.10104606883e-82	1.0	0.0
snp_PA14_47960_4269683	368.0	5.10104606883e-82	1.0	0.0
snp_PA14_58570,piuA_5218728	368.0	5.10104606883e-82	1.0	0.0
snp_PA14_33890,aldG_3011432	368.0	5.10104606883e-82	1.0	0.0
snp_PA14_33890,aldG_3011255	368.0	5.10104606883e-82	1.0	0.0
snp_PA14_47960_4269686	368.0	5.10104606883e-82	1.0	0.0
snp_PA14_33890,aldG_3011272	368.0	5.10104606883e-82	1.0	0.0
snp_PA14_68460_6108289	368.0	5.10104606883e-82	1.0	0.0
snp_PA14_62480,aspC_5573871	368.0	5.10104606883e-82	1.0	0.0
gene_pa_group_725	368.0	5.10104606883e-82	1.0	0.0
snp_PA14_59140_5266282	368.0	5.10104606883e-82	0.0	1.0
snp_PA14_50420,flgH_4480479	368.0	5.10104606883e-82	1.0	0.0
snp_PA14_11845,mpl_1026410	368.0	5.10104606883e-82	1.0	0.0
snp_PA14_59580_5302234	368.0	5.10104606883e-82	1.0	0.0
snp_PA14_33890,aldG_3011229	368.0	5.10104606883e-82	1.0	0.0
snp_PA14_33890,aldG_3011228	368.0	5.10104606883e-82	1.0	0.0
gene_pa_group_1320	368.0	5.10104606883e-82	1.0	0.0
gene_pa_group_597	368.0	5.10104606883e-82	1.0	0.0
gene_pa_cysA_3	368.0	5.10104606883e-82	1.0	0.0
gene_pa_group_1319	368.0	5.10104606883e-82	1.0	0.0
snp_PA14_35270_3137059	368.0	5.10104606883e-82	1.0	0.0
gene_pa_rpoN_2	368.0	5.10104606883e-82	1.0	0.0
snp_PA14_33890,aldG_3011243	368.0	5.10104606883e-82	1.0	0.0
snp_PA14_33890,aldG_3011346	368.0	5.10104606883e-82	1.0	0.0
snp_PA14_60580_5399610	368.0	5.10104606883e-82	1.0	0.0
snp_PA14_49480_4399228	368.0	5.10104606883e-82	1.0	0.0
