feature	score	p-value	#I-out-of-16	#O-out-of-353
snp_PA14_62410_5567759	133.388478222	7.4343653226e-31	7.0	1.0
snp_PA14_05950,dbpA_527678	74.6975212465	5.48649658661e-18	6.0	4.0
snp_PA14_57140_5089477	69.0090651558	9.80118932221e-17	4.0	1.0
snp_PA14_71360_6356694	69.0090651558	9.80118932221e-17	4.0	1.0
snp_PA14_58570,piuA_5217761	69.0090651558	9.80118932221e-17	4.0	1.0
snp_PA14_33630,pvdJ_2974085	66.1875	4.10004486503e-16	3.0	0.0
gene_pa_group_2175	59.9208680064	9.87488689071e-15	7.0	9.0
snp_PA14_61200_5461829	59.9208680064	9.87488689071e-15	7.0	9.0
gene_pa_aacA4	57.6980979361	3.05598182765e-14	8.0	13.0
gene_pa_ant1	57.4677557747	3.43565638525e-14	9.0	17.0
snp_PA14_63900_5694830	56.1968838527	6.55653683523e-14	4.0	2.0
snp_PA14_15435_1307272	56.1968838527	6.55653683523e-14	4.0	2.0
snp_PA14_59150_5266378	56.1968838527	6.55653683523e-14	4.0	2.0
gene_pa_group_14965	56.1968838527	6.55653683523e-14	4.0	2.0
snp_PA14_62480,aspC_5573664	56.1968838527	6.55653683523e-14	4.0	2.0
gene_pa_group_13544	56.1968838527	6.55653683523e-14	4.0	2.0
gene_pa_group_2772	55.6232398767	8.7779743386e-14	7.0	10.0
gene_pa_group_10742	55.6232398767	8.7779743386e-14	7.0	10.0
gene_pa_group_8290	55.6232398767	8.7779743386e-14	7.0	10.0
gene_pa_group_23935	51.8081621813	6.11968791704e-13	7.0	11.0
snp_PA14_08300,JF1_710116	51.8081621813	6.11968791704e-13	7.0	11.0
snp_PA14_31130_2707196	51.7420370042	6.32930032288e-13	11.0	29.0
snp_PA14_24390_2124324	51.3999260993	7.53413760238e-13	8.0	15.0
snp_PA14_41270_3683396	51.3999260993	7.53413760238e-13	8.0	15.0
snp_PA14_65200,rnr_5810395	51.3999260993	7.53413760238e-13	8.0	15.0
snp_PA14_66750,argS_5961898	51.3999260993	7.53413760238e-13	8.0	15.0
snp_PA14_41510,nasA_3703162	51.3999260993	7.53413760238e-13	8.0	15.0
snp_PA14_10330,ompK_890934	51.3999260993	7.53413760238e-13	8.0	15.0
snp_PA14_08560,tyrZ_731614	51.3999260993	7.53413760238e-13	8.0	15.0
snp_PA14_33630,pvdJ_2976500	51.3999260993	7.53413760238e-13	0.0	6.0
snp_PA14_44560_3966854	51.3999260993	7.53413760238e-13	8.0	15.0
snp_PA14_47230_4207743	48.3994427464	3.47666976118e-12	7.0	12.0
snp_PA14_60800_5419508	48.3994427464	3.47666976118e-12	7.0	12.0
snp_PA14_53210_4717172	48.3994427464	3.47666976118e-12	7.0	12.0
snp_PA14_03610,ycaL_326145	48.3994427464	3.47666976118e-12	7.0	12.0
snp_PA14_58670,ampD_5228823	48.3994427464	3.47666976118e-12	7.0	12.0
snp_PA14_03110_273686	48.3994427464	3.47666976118e-12	7.0	12.0
snp_PA14_18210_1561698	48.3994427464	3.47666976118e-12	7.0	12.0
gene_pa_oprD_10	48.3994427464	3.47666976118e-12	7.0	12.0
snp_PA14_50250,fliS_4463168	48.1519564448	3.94435197694e-12	3.0	1.0
gene_pa_group_23917	48.1519564448	3.94435197694e-12	3.0	1.0
snp_PA14_31180_2710308	47.6913951841	4.98876487389e-12	10.0	26.0
snp_PA14_31090_2704708	47.0582760016	6.89070806489e-12	4.0	3.0
gene_pa_group_2863	47.0582760016	6.89070806489e-12	4.0	3.0
gene_pa_group_11291	47.0582760016	6.89070806489e-12	4.0	3.0
gene_pa_group_22574	47.0582760016	6.89070806489e-12	4.0	3.0
snp_PA14_15435_1307237	47.0582760016	6.89070806489e-12	4.0	3.0
snp_PA14_61200_5461758	47.0582760016	6.89070806489e-12	4.0	3.0
gene_pa_group_20	45.5806508727	1.46481451161e-11	9.0	22.0
snp_PA14_05620,sahH_498257	45.3361278329	1.65959334103e-11	7.0	13.0
snp_PA14_48930_4349922	44.8358389132	2.14264860829e-11	5.0	6.0
snp_PA14_48930_4350111	44.8358389132	2.14264860829e-11	5.0	6.0
snp_PA14_22270_1939799	44.8358389132	2.14264860829e-11	5.0	6.0
snp_PA14_59150_5266470	44.125	3.08061221347e-11	2.0	0.0
snp_PA14_53570_4751321	44.125	3.08061221347e-11	2.0	0.0
snp_PA14_59140_5266212	44.125	3.08061221347e-11	2.0	0.0
snp_PA14_33630,pvdJ_2975011	44.125	3.08061221347e-11	2.0	0.0
snp_PA14_08300,JF1_710581	44.125	3.08061221347e-11	0.0	4.0
snp_PA14_33650,pvdD_2982500	44.125	3.08061221347e-11	2.0	0.0
gene_pa_group_999	44.125	3.08061221347e-11	2.0	0.0
snp_PA14_08300,JF1_708844	44.125	3.08061221347e-11	2.0	0.0
snp_PA14_07930,gph_683091	44.125	3.08061221347e-11	2.0	0.0
snp_PA14_03390_311951	44.125	3.08061221347e-11	2.0	0.0
snp_PA14_33630,pvdJ_2975023	44.125	3.08061221347e-11	2.0	0.0
snp_PA14_46550_4145299	44.125	3.08061221347e-11	2.0	0.0
snp_PA14_33630,pvdJ_2975010	44.125	3.08061221347e-11	2.0	0.0
snp_PA14_33280,pvdL_2919764	44.125	3.08061221347e-11	1.0	19.0
snp_PA14_33610_2965040	44.125	3.08061221347e-11	2.0	0.0
snp_PA14_03980_360331	44.125	3.08061221347e-11	2.0	0.0
snp_PA14_59150_5266471	44.125	3.08061221347e-11	2.0	0.0
snp_PA14_33610_2965025	44.125	3.08061221347e-11	2.0	0.0
snp_PA14_59140_5266213	44.125	3.08061221347e-11	2.0	0.0
snp_PA14_59150_5266468	44.125	3.08061221347e-11	2.0	0.0
snp_PA14_31130_2707197	43.8657577904	3.51688225302e-11	11.0	34.0
gene_pa_group_7151	42.5688739377	6.82366449661e-11	7.0	14.0
gene_pa_yfgF_2	42.5688739377	6.82366449661e-11	7.0	14.0
gene_pa_group_22571	42.5688739377	6.82366449661e-11	7.0	14.0
gene_pa_group_3059	42.423911119	7.34861210824e-11	6.0	10.0
snp_PA14_48930_4350069	42.423911119	7.34861210824e-11	6.0	10.0
gene_pa_bcr_3	41.6430594901	1.09553616659e-10	8.0	19.0
gene_pa_group_4715	40.3152885977	2.16111158686e-10	5.0	7.0
snp_PA14_31270_2718883	40.1585621146	2.34162919868e-10	9.0	25.0
gene_pa_group_3769	40.1585621146	2.34162919868e-10	9.0	25.0
snp_PA14_60020_5344968	39.6211933428	3.08319158103e-10	14.0	58.0
gene_pa_cat_5	39.2784952508	3.67466246816e-10	6.0	11.0
snp_PA14_31180_2710616	38.7553658149	4.80387844441e-10	11.0	38.0
snp_PA14_33610_2964925	38.5629350465	5.3016236437e-10	9.0	26.0
snp_PA14_33610_2970025	37.7927127088	7.86751172754e-10	8.0	21.0
snp_PA14_22270_1939841	37.7927127088	7.86751172754e-10	8.0	21.0
gene_pa_group_4000	37.7927127088	7.86751172754e-10	8.0	21.0
snp_PA14_48980_4352337	37.7927127088	7.86751172754e-10	8.0	21.0
gene_pa_group_23226	37.7927127088	7.86751172754e-10	8.0	21.0
gene_pa_group_16	37.7927127088	7.86751172754e-10	8.0	21.0
snp_PA14_08300,JF1_710960	37.7680825841	7.96747424832e-10	0.0	22.0
snp_PA14_50280,flaG_4465001	37.3487606232	9.87836364735e-10	3.0	2.0
snp_PA14_33650,pvdD_2980701	37.3487606232	9.87836364735e-10	3.0	2.0
gene_pa_group_2367	37.3487606232	9.87836364735e-10	3.0	2.0
snp_PA14_31180_2710620	37.1072040319	1.11809881559e-09	10.0	33.0
snp_PA14_31260_2718490	37.0584720255	1.1463940475e-09	0.0	9.0
snp_PA14_58910_5251995	37.0584720255	1.1463940475e-09	9.0	27.0
