feature	score	p-value	#I-out-of-1	#O-out-of-368
snp_PA14_55690,recC_4970026	368.0	5.10104606883e-82	1.0	0.0
snp_PA14_59240,pilL2_5277699	368.0	5.10104606883e-82	1.0	0.0
snp_PA14_03270_297008	368.0	5.10104606883e-82	1.0	0.0
snp_PA14_67130,ybeJ_5992408	368.0	5.10104606883e-82	1.0	0.0
snp_PA14_30970,bphR_2691940	368.0	5.10104606883e-82	1.0	0.0
snp_PA14_60300,pilX_5372811	368.0	5.10104606883e-82	1.0	0.0
snp_PA14_51550_4584823	368.0	5.10104606883e-82	1.0	0.0
snp_PA14_60130_5356967	368.0	5.10104606883e-82	1.0	0.0
snp_PA14_60870,morA_5431843	368.0	5.10104606883e-82	1.0	0.0
snp_PA14_59690_5310287	368.0	5.10104606883e-82	1.0	0.0
snp_PA14_17400,adhC_1494111	368.0	5.10104606883e-82	1.0	0.0
snp_PA14_07530,dnaG_649711	368.0	5.10104606883e-82	1.0	0.0
snp_PA14_03270_296974	368.0	5.10104606883e-82	0.0	3.0
snp_PA14_64400_5738610	368.0	5.10104606883e-82	1.0	0.0
snp_PA14_55090_4894622	368.0	5.10104606883e-82	1.0	0.0
snp_PA14_30940,trbB_2687109	368.0	5.10104606883e-82	0.0	2.0
snp_PA14_31280_2720966	368.0	5.10104606883e-82	1.0	0.0
snp_PA14_17400,adhC_1494090	368.0	5.10104606883e-82	0.0	51.0
snp_PA14_04310,rpiA_385466	368.0	5.10104606883e-82	1.0	0.0
snp_PA14_31190_2712228	368.0	5.10104606883e-82	1.0	0.0
snp_PA14_03270_296813	368.0	5.10104606883e-82	1.0	0.0
snp_PA14_30940,trbB_2687964	368.0	5.10104606883e-82	1.0	0.0
snp_PA14_69090,yhiI_6162551	368.0	5.10104606883e-82	1.0	0.0
snp_PA14_31190_2711920	368.0	5.10104606883e-82	1.0	0.0
snp_PA14_26880_2338881	368.0	5.10104606883e-82	1.0	0.0
snp_PA14_69090,yhiI_6162431	368.0	5.10104606883e-82	1.0	0.0
snp_PA14_55690,recC_4970024	368.0	5.10104606883e-82	1.0	0.0
snp_PA14_30850,trbI_2679201	368.0	5.10104606883e-82	1.0	0.0
snp_PA14_69070,yhiH_6159423	368.0	5.10104606883e-82	1.0	0.0
snp_PA14_46970,ansB_4183233	368.0	5.10104606883e-82	1.0	0.0
snp_PA14_59360,pilM2_5287891	368.0	5.10104606883e-82	1.0	0.0
snp_PA14_17400,adhC_1493167	368.0	5.10104606883e-82	1.0	0.0
snp_PA14_59700_5312535	368.0	5.10104606883e-82	1.0	0.0
snp_PA14_31190_2711589	368.0	5.10104606883e-82	1.0	0.0
snp_PA14_17410_1494460	368.0	5.10104606883e-82	1.0	0.0
snp_PA14_31280_2720256	368.0	5.10104606883e-82	1.0	0.0
snp_PA14_30880,trbL_2682544	368.0	5.10104606883e-82	1.0	0.0
snp_PA14_31070_2701387	368.0	5.10104606883e-82	1.0	0.0
snp_PA14_31280_2720475	368.0	5.10104606883e-82	1.0	0.0
snp_PA14_59210_5273696	368.0	5.10104606883e-82	1.0	0.0
snp_PA14_69060,yhhJ_6158845	368.0	5.10104606883e-82	1.0	0.0
snp_PA14_36020_3207889	368.0	5.10104606883e-82	1.0	0.0
snp_PA14_61520_5488179	368.0	5.10104606883e-82	1.0	0.0
snp_PA14_30910,trbE_2684024	368.0	5.10104606883e-82	1.0	0.0
snp_PA14_37030,cupA3_3298400	368.0	5.10104606883e-82	1.0	0.0
snp_PA14_67180_5996465	368.0	5.10104606883e-82	1.0	0.0
snp_PA14_69070,yhiH_6161855	368.0	5.10104606883e-82	1.0	0.0
snp_PA14_03300_299346	368.0	5.10104606883e-82	1.0	0.0
snp_PA14_03270_296805	368.0	5.10104606883e-82	1.0	0.0
snp_PA14_31160_2708909	368.0	5.10104606883e-82	0.0	1.0
snp_PA14_58960_5255108	368.0	5.10104606883e-82	1.0	0.0
snp_PA14_46760_4165830	368.0	5.10104606883e-82	1.0	0.0
snp_PA14_69090,yhiI_6162253	368.0	5.10104606883e-82	1.0	0.0
snp_PA14_09150,katA_773792	368.0	5.10104606883e-82	1.0	0.0
snp_PA14_17400,adhC_1493954	368.0	5.10104606883e-82	0.0	20.0
snp_PA14_51650_4589564	368.0	5.10104606883e-82	1.0	0.0
snp_PA14_60000_5343872	368.0	5.10104606883e-82	1.0	0.0
snp_PA14_31190_2712023	368.0	5.10104606883e-82	0.0	1.0
snp_PA14_55090_4894703	368.0	5.10104606883e-82	1.0	0.0
snp_PA14_60130_5356621	368.0	5.10104606883e-82	1.0	0.0
snp_PA14_31090_2704561	368.0	5.10104606883e-82	1.0	0.0
snp_PA14_33360_2936070	368.0	5.10104606883e-82	1.0	0.0
snp_PA14_69060,yhhJ_6158535	368.0	5.10104606883e-82	1.0	0.0
snp_PA14_59580_5302740	368.0	5.10104606883e-82	0.0	1.0
snp_PA14_69090,yhiI_6162622	368.0	5.10104606883e-82	1.0	0.0
snp_PA14_30960,traG_2690080	368.0	5.10104606883e-82	0.0	117.0
snp_PA14_69090,yhiI_6162157	368.0	5.10104606883e-82	0.0	4.0
snp_PA14_32790_2864116	368.0	5.10104606883e-82	1.0	0.0
snp_PA14_55090_4894627	368.0	5.10104606883e-82	1.0	0.0
snp_PA14_03300_299239	368.0	5.10104606883e-82	1.0	0.0
snp_PA14_31270_2718925	368.0	5.10104606883e-82	1.0	0.0
snp_PA14_55090_4894626	368.0	5.10104606883e-82	1.0	0.0
snp_PA14_03270_297068	368.0	5.10104606883e-82	1.0	0.0
snp_PA14_56940,colS_5075012	368.0	5.10104606883e-82	1.0	0.0
snp_PA14_55090_4894492	368.0	5.10104606883e-82	1.0	0.0
snp_PA14_69090,yhiI_6162257	368.0	5.10104606883e-82	1.0	0.0
snp_PA14_31070_2701325	368.0	5.10104606883e-82	1.0	0.0
snp_PA14_69070,yhiH_6159906	368.0	5.10104606883e-82	1.0	0.0
snp_PA14_60130_5357054	368.0	5.10104606883e-82	1.0	0.0
snp_PA14_30970,bphR_2691015	368.0	5.10104606883e-82	0.0	6.0
snp_PA14_65750,ompH_5856520	368.0	5.10104606883e-82	1.0	0.0
snp_PA14_59180_5268826	368.0	5.10104606883e-82	1.0	0.0
snp_PA14_17410_1494563	368.0	5.10104606883e-82	1.0	0.0
snp_PA14_59980_5341396	368.0	5.10104606883e-82	0.0	79.0
snp_PA14_26880_2338883	368.0	5.10104606883e-82	1.0	0.0
snp_PA14_42460,pcrH_3781249	368.0	5.10104606883e-82	1.0	0.0
snp_PA14_33680,fpvA_2986278	368.0	5.10104606883e-82	1.0	0.0
snp_PA14_38010_3391247	368.0	5.10104606883e-82	1.0	0.0
snp_PA14_30850,trbI_2679199	368.0	5.10104606883e-82	1.0	0.0
snp_PA14_17410_1494634	368.0	5.10104606883e-82	1.0	0.0
snp_PA14_31060_2701101	368.0	5.10104606883e-82	0.0	77.0
snp_PA14_51550_4584175	368.0	5.10104606883e-82	0.0	18.0
snp_PA14_30850,trbI_2679226	368.0	5.10104606883e-82	0.0	1.0
snp_PA14_35290,gnd_3138396	368.0	5.10104606883e-82	1.0	0.0
snp_PA14_65750,ompH_5856097	368.0	5.10104606883e-82	1.0	0.0
snp_PA14_69090,yhiI_6162374	368.0	5.10104606883e-82	1.0	0.0
snp_PA14_69090,yhiI_6162434	368.0	5.10104606883e-82	1.0	0.0
snp_PA14_05520,mexR_486226	368.0	5.10104606883e-82	1.0	0.0
snp_PA14_55670,recB_4965101	368.0	5.10104606883e-82	1.0	0.0
snp_PA14_30890_2683055	368.0	5.10104606883e-82	1.0	0.0
