feature	score	p-value	#I-out-of-1	#O-out-of-368
snp_PA14_59210_5273602	368.0	5.10104606883e-82	1.0	0.0
snp_PA14_33650,pvdD_2979317	368.0	5.10104606883e-82	1.0	0.0
snp_PA14_59210_5273930	368.0	5.10104606883e-82	1.0	0.0
snp_PA14_33610_2965661	368.0	5.10104606883e-82	1.0	0.0
snp_PA14_59210_5273758	368.0	5.10104606883e-82	1.0	0.0
snp_PA14_33630,pvdJ_2973907	368.0	5.10104606883e-82	1.0	0.0
snp_PA14_59210_5273763	368.0	5.10104606883e-82	1.0	0.0
snp_PA14_33650,pvdD_2982675	368.0	5.10104606883e-82	1.0	0.0
snp_PA14_18960_1635062	368.0	5.10104606883e-82	1.0	0.0
snp_PA14_50290,fliC_4465722	368.0	5.10104606883e-82	1.0	0.0
snp_PA14_33610_2962321	368.0	5.10104606883e-82	1.0	0.0
snp_PA14_59690_5312255	368.0	5.10104606883e-82	0.0	1.0
snp_PA14_59030_5259114	368.0	5.10104606883e-82	1.0	0.0
snp_PA14_59210_5273887	368.0	5.10104606883e-82	1.0	0.0
snp_PA14_33630,pvdJ_2973905	368.0	5.10104606883e-82	1.0	0.0
snp_PA14_59530_5296399	368.0	5.10104606883e-82	1.0	0.0
snp_PA14_59210_5273760	368.0	5.10104606883e-82	1.0	0.0
snp_PA14_59050_5259208	368.0	5.10104606883e-82	1.0	0.0
gene_pa_group_8865	368.0	5.10104606883e-82	1.0	0.0
snp_PA14_14220_1214956	368.0	5.10104606883e-82	1.0	0.0
snp_PA14_59030_5259110	368.0	5.10104606883e-82	1.0	0.0
snp_PA14_53580_4752231	368.0	5.10104606883e-82	1.0	0.0
snp_PA14_26310_2295720	368.0	5.10104606883e-82	1.0	0.0
snp_PA14_59050_5259205	368.0	5.10104606883e-82	0.0	1.0
snp_PA14_12760_1093161	368.0	5.10104606883e-82	1.0	0.0
snp_PA14_33280,pvdL_2920610	368.0	5.10104606883e-82	1.0	0.0
gene_pa_group_4442	368.0	5.10104606883e-82	1.0	0.0
snp_PA14_59210_5273437	368.0	5.10104606883e-82	1.0	0.0
snp_PA14_01190_117704	368.0	5.10104606883e-82	1.0	0.0
snp_PA14_33650,pvdD_2979319	368.0	5.10104606883e-82	1.0	0.0
snp_PA14_08060_693973	368.0	5.10104606883e-82	1.0	0.0
snp_PA14_32570_2828098	368.0	5.10104606883e-82	1.0	0.0
snp_PA14_13130_1127796	368.0	5.10104606883e-82	1.0	0.0
snp_PA14_33610_2961811	368.0	5.10104606883e-82	1.0	0.0
gene_pa_group_5803	368.0	5.10104606883e-82	1.0	0.0
snp_PA14_59210_5273645	368.0	5.10104606883e-82	1.0	0.0
snp_PA14_15460,merA_1308904	368.0	5.10104606883e-82	0.0	5.0
snp_PA14_59050_5259207	368.0	5.10104606883e-82	1.0	0.0
snp_PA14_65770,aspC_5858355	368.0	5.10104606883e-82	1.0	0.0
snp_PA14_38490,gnyL_3434342	368.0	5.10104606883e-82	1.0	0.0
snp_PA14_38480,gnyA_3432600	368.0	5.10104606883e-82	1.0	0.0
snp_PA14_31200_2713834	368.0	5.10104606883e-82	1.0	0.0
snp_PA14_50290,fliC_4465725	368.0	5.10104606883e-82	1.0	0.0
gene_pa_group_4561	368.0	5.10104606883e-82	1.0	0.0
snp_PA14_59210_5273644	368.0	5.10104606883e-82	1.0	0.0
snp_PA14_00510_51166	368.0	5.10104606883e-82	1.0	0.0
snp_PA14_59210_5273759	368.0	5.10104606883e-82	1.0	0.0
snp_PA14_14220_1214957	368.0	5.10104606883e-82	1.0	0.0
snp_PA14_55960,pctC_4996584	368.0	5.10104606883e-82	1.0	0.0
snp_PA14_59210_5273612	368.0	5.10104606883e-82	1.0	0.0
snp_PA14_59210_5273792	368.0	5.10104606883e-82	1.0	0.0
snp_PA14_31200_2713835	368.0	5.10104606883e-82	1.0	0.0
snp_PA14_33610_2965651	368.0	5.10104606883e-82	1.0	0.0
snp_PA14_59210_5273929	368.0	5.10104606883e-82	1.0	0.0
snp_PA14_59210_5273687	368.0	5.10104606883e-82	1.0	0.0
gene_pa_group_12	368.0	5.10104606883e-82	1.0	0.0
snp_PA14_32790_2863910	368.0	5.10104606883e-82	1.0	0.0
snp_PA14_00510_51181	368.0	5.10104606883e-82	1.0	0.0
snp_PA14_59210_5273791	368.0	5.10104606883e-82	1.0	0.0
snp_PA14_59210_5273439	368.0	5.10104606883e-82	1.0	0.0
snp_PA14_59530_5296185	368.0	5.10104606883e-82	1.0	0.0
snp_PA14_38490,gnyL_3434346	368.0	5.10104606883e-82	1.0	0.0
snp_PA14_59210_5273646	368.0	5.10104606883e-82	1.0	0.0
snp_PA14_59210_5273606	368.0	5.10104606883e-82	1.0	0.0
snp_PA14_59690_5312265	368.0	5.10104606883e-82	1.0	0.0
snp_PA14_59210_5273890	368.0	5.10104606883e-82	1.0	0.0
gene_pa_group_4759	368.0	5.10104606883e-82	1.0	0.0
snp_PA14_59690_5310544	368.0	5.10104606883e-82	0.0	2.0
gene_pa_group_3447	368.0	5.10104606883e-82	1.0	0.0
snp_PA14_26310_2295721	368.0	5.10104606883e-82	1.0	0.0
gene_pa_group_8911	368.0	5.10104606883e-82	1.0	0.0
gene_pa_group_1921	368.0	5.10104606883e-82	1.0	0.0
snp_PA14_59210_5273927	368.0	5.10104606883e-82	1.0	0.0
gene_pa_group_18892	368.0	5.10104606883e-82	1.0	0.0
snp_PA14_32790_2856107	183.001358696	1.07184299934e-41	1.0	1.0
snp_PA14_59540_5297673	183.001358696	1.07184299934e-41	1.0	1.0
snp_PA14_14220_1215398	183.001358696	1.07184299934e-41	1.0	1.0
snp_PA14_26310_2295107	183.001358696	1.07184299934e-41	1.0	1.0
snp_PA14_52260,lemA_4635832	183.001358696	1.07184299934e-41	1.0	1.0
snp_PA14_59210_5273684	183.001358696	1.07184299934e-41	1.0	1.0
snp_PA14_42090_3754644	183.001358696	1.07184299934e-41	1.0	1.0
snp_PA14_00510_51157	183.001358696	1.07184299934e-41	1.0	1.0
snp_PA14_59530_5296390	183.001358696	1.07184299934e-41	1.0	1.0
snp_PA14_59940_5337318	183.001358696	1.07184299934e-41	1.0	1.0
snp_PA14_33610_2969125	183.001358696	1.07184299934e-41	1.0	1.0
snp_PA14_59650_5308238	183.001358696	1.07184299934e-41	1.0	1.0
snp_PA14_15480,merR_1311528	183.001358696	1.07184299934e-41	1.0	1.0
snp_PA14_33650,pvdD_2982681	183.001358696	1.07184299934e-41	1.0	1.0
snp_PA14_00510_51162	183.001358696	1.07184299934e-41	1.0	1.0
snp_PA14_59530_5296204	183.001358696	1.07184299934e-41	1.0	1.0
snp_PA14_33630,pvdJ_2973904	183.001358696	1.07184299934e-41	1.0	1.0
snp_PA14_59210_5273680	183.001358696	1.07184299934e-41	1.0	1.0
snp_PA14_00510_51168	183.001358696	1.07184299934e-41	1.0	1.0
snp_PA14_46560_4145660	183.001358696	1.07184299934e-41	1.0	1.0
snp_PA14_42090_3754643	183.001358696	1.07184299934e-41	1.0	1.0
snp_PA14_59050_5259670	183.001358696	1.07184299934e-41	0.0	105.0
snp_PA14_38630,atoB_3446203	183.001358696	1.07184299934e-41	1.0	1.0
snp_PA14_59580_5301995	183.001358696	1.07184299934e-41	1.0	1.0
snp_PA14_59940_5338494	183.001358696	1.07184299934e-41	0.0	1.0
snp_PA14_06960_603311	183.001358696	1.07184299934e-41	1.0	1.0
