feature	score	p-value	#I-out-of-1	#O-out-of-368
snp_PA14_28850_2491773	368.0	5.10104606883e-82	1.0	0.0
snp_PA14_18150,acsL_1558617	368.0	5.10104606883e-82	1.0	0.0
gene_pa_group_1926	368.0	5.10104606883e-82	1.0	0.0
snp_PA14_59700_5313045	368.0	5.10104606883e-82	1.0	0.0
gene_pa_group_396	368.0	5.10104606883e-82	1.0	0.0
snp_PA14_55400_4921207	368.0	5.10104606883e-82	1.0	0.0
snp_PA14_52130_4623120	368.0	5.10104606883e-82	1.0	0.0
snp_PA14_35140_3126757	368.0	5.10104606883e-82	1.0	0.0
snp_PA14_37730_3364394	368.0	5.10104606883e-82	1.0	0.0
snp_PA14_72110_6427069	368.0	5.10104606883e-82	1.0	0.0
gene_pa_group_1925	368.0	5.10104606883e-82	1.0	0.0
snp_PA14_46670_4159973	368.0	5.10104606883e-82	1.0	0.0
gene_pa_group_4965	368.0	5.10104606883e-82	1.0	0.0
snp_PA14_13510_1161510	368.0	5.10104606883e-82	1.0	0.0
snp_PA14_55400_4921194	368.0	5.10104606883e-82	1.0	0.0
snp_PA14_41160_3671152	368.0	5.10104606883e-82	1.0	0.0
snp_PA14_62530,cbrA_5577805	368.0	5.10104606883e-82	1.0	0.0
snp_PA14_55400_4921177	368.0	5.10104606883e-82	1.0	0.0
snp_PA14_42840_3808339	368.0	5.10104606883e-82	1.0	0.0
snp_PA14_68640_6121171	368.0	5.10104606883e-82	1.0	0.0
snp_PA14_33360_2937130	368.0	5.10104606883e-82	1.0	0.0
snp_PA14_40390,modA_3610547	368.0	5.10104606883e-82	1.0	0.0
snp_PA14_17330_1489474	368.0	5.10104606883e-82	1.0	0.0
snp_PA14_14400_1228961	368.0	5.10104606883e-82	1.0	0.0
snp_PA14_55400_4921174	368.0	5.10104606883e-82	1.0	0.0
snp_PA14_51550_4584324	368.0	5.10104606883e-82	1.0	0.0
snp_PA14_27990_2422670	368.0	5.10104606883e-82	1.0	0.0
snp_PA14_51550_4584001	368.0	5.10104606883e-82	1.0	0.0
snp_PA14_55400_4921192	368.0	5.10104606883e-82	1.0	0.0
gene_pa_group_3741	368.0	5.10104606883e-82	1.0	0.0
snp_PA14_59570_5301593	368.0	5.10104606883e-82	1.0	0.0
snp_PA14_50220,fleQ_4461690	368.0	5.10104606883e-82	1.0	0.0
gene_pa_group_1927	368.0	5.10104606883e-82	1.0	0.0
snp_PA14_55400_4921191	368.0	5.10104606883e-82	1.0	0.0
snp_PA14_59570_5301696	368.0	5.10104606883e-82	1.0	0.0
snp_PA14_45960,lasR_4085682	368.0	5.10104606883e-82	1.0	0.0
snp_PA14_16460,wspD_1409295	368.0	5.10104606883e-82	1.0	0.0
gene_pa_group_334	368.0	5.10104606883e-82	1.0	0.0
snp_PA14_37730_3364530	183.001358696	1.07184299934e-41	1.0	1.0
snp_PA14_32790_2851539	183.001358696	1.07184299934e-41	1.0	1.0
snp_PA14_50300_4467326	183.001358696	1.07184299934e-41	1.0	1.0
snp_PA14_59120_5264535	183.001358696	1.07184299934e-41	1.0	1.0
snp_PA14_32790_2856269	183.001358696	1.07184299934e-41	1.0	1.0
snp_PA14_03200_283326	183.001358696	1.07184299934e-41	1.0	1.0
gene_pa_group_17660	183.001358696	1.07184299934e-41	1.0	1.0
snp_PA14_37730_3363922	183.001358696	1.07184299934e-41	1.0	1.0
snp_PA14_48930_4349842	183.001358696	1.07184299934e-41	1.0	1.0
snp_PA14_41160_3671151	183.001358696	1.07184299934e-41	1.0	1.0
snp_PA14_60830,mexD_5423768	183.001358696	1.07184299934e-41	1.0	1.0
snp_PA14_03040_268856	183.001358696	1.07184299934e-41	1.0	1.0
snp_PA14_03390_311865	183.001358696	1.07184299934e-41	1.0	1.0
snp_PA14_71970,wbpW_6415989	183.001358696	1.07184299934e-41	1.0	1.0
snp_PA14_37730_3364398	183.001358696	1.07184299934e-41	1.0	1.0
snp_PA14_48170_4291076	183.001358696	1.07184299934e-41	1.0	1.0
snp_PA14_37870_3377547	183.001358696	1.07184299934e-41	1.0	1.0
gene_pa_group_9097	183.001358696	1.07184299934e-41	1.0	1.0
snp_PA14_48170_4291074	183.001358696	1.07184299934e-41	1.0	1.0
gene_pa_group_2406	183.001358696	1.07184299934e-41	1.0	1.0
snp_PA14_28760_2475565	183.001358696	1.07184299934e-41	1.0	1.0
snp_PA14_62540,cbrB_5579778	183.001358696	1.07184299934e-41	1.0	1.0
snp_PA14_51550_4584320	183.001358696	1.07184299934e-41	1.0	1.0
snp_PA14_37730_3364405	183.001358696	1.07184299934e-41	1.0	1.0
snp_PA14_59350,pilV2_5287269	183.001358696	1.07184299934e-41	1.0	1.0
snp_PA14_59570_5301594	183.001358696	1.07184299934e-41	1.0	1.0
snp_PA14_40260_3594002	183.001358696	1.07184299934e-41	1.0	1.0
snp_PA14_51550_4584185	183.001358696	1.07184299934e-41	1.0	1.0
gene_pa_group_338	183.001358696	1.07184299934e-41	1.0	1.0
snp_PA14_03040_268858	183.001358696	1.07184299934e-41	1.0	1.0
snp_PA14_48170_4291075	183.001358696	1.07184299934e-41	1.0	1.0
snp_PA14_47610_4240237	183.001358696	1.07184299934e-41	1.0	1.0
snp_PA14_28850_2491714	183.001358696	1.07184299934e-41	0.0	13.0
snp_PA14_32790_2849265	183.001358696	1.07184299934e-41	1.0	1.0
snp_PA14_03040_268831	183.001358696	1.07184299934e-41	1.0	1.0
snp_PA14_51550_4584372	183.001358696	1.07184299934e-41	1.0	1.0
snp_PA14_03380_309956	183.001358696	1.07184299934e-41	1.0	1.0
snp_PA14_20950,fabH2_1803923	121.336956522	3.22440694142e-28	1.0	2.0
snp_PA14_21010_1808499	121.336956522	3.22440694142e-28	1.0	2.0
snp_PA14_35940_3198488	121.336956522	3.22440694142e-28	1.0	2.0
snp_PA14_61210,hprA_5465893	121.336956522	3.22440694142e-28	1.0	2.0
snp_PA14_25960,cobW_2264909	121.336956522	3.22440694142e-28	1.0	2.0
snp_PA14_51620_4587874	121.336956522	3.22440694142e-28	0.0	3.0
snp_PA14_30520_2643067	121.336956522	3.22440694142e-28	1.0	2.0
snp_PA14_73220,glmU_6520147	121.336956522	3.22440694142e-28	1.0	2.0
gene_pa_group_14393	121.336956522	3.22440694142e-28	1.0	2.0
snp_PA14_26640_2321596	121.336956522	3.22440694142e-28	1.0	2.0
snp_PA14_51630_4588594	121.336956522	3.22440694142e-28	1.0	2.0
snp_PA14_60830,mexD_5423711	121.336956522	3.22440694142e-28	1.0	2.0
snp_PA14_69950_6241814	121.336956522	3.22440694142e-28	1.0	2.0
snp_PA14_42840_3808599	121.336956522	3.22440694142e-28	1.0	2.0
snp_PA14_58900_5250390	121.336956522	3.22440694142e-28	1.0	2.0
snp_PA14_33280,pvdL_2917280	121.336956522	3.22440694142e-28	0.0	3.0
snp_PA14_01870_172099	121.336956522	3.22440694142e-28	1.0	2.0
snp_PA14_61040,katB_5443606	121.336956522	3.22440694142e-28	0.0	63.0
snp_PA14_51500_4579186	121.336956522	3.22440694142e-28	1.0	2.0
snp_PA14_55060_4891475	121.336956522	3.22440694142e-28	1.0	2.0
snp_PA14_49610_4414341	121.336956522	3.22440694142e-28	1.0	2.0
snp_PA14_31770_2763928	121.336956522	3.22440694142e-28	1.0	2.0
gene_pa_group_16040	121.336956522	3.22440694142e-28	1.0	2.0
snp_PA14_31630_2749139	121.336956522	3.22440694142e-28	1.0	2.0
snp_PA14_39440_3509544	121.336956522	3.22440694142e-28	1.0	2.0
