feature	score	p-value	#I-out-of-1	#O-out-of-368
snp_PA14_46330_4123876	368.0	5.10104606883e-82	1.0	0.0
snp_PA14_47540,ompP1_4234622	368.0	5.10104606883e-82	1.0	0.0
snp_PA14_46490,fabF2_4138011	368.0	5.10104606883e-82	1.0	0.0
snp_PA14_33280,pvdL_2920910	368.0	5.10104606883e-82	1.0	0.0
snp_PA14_38770_3458021	368.0	5.10104606883e-82	1.0	0.0
snp_PA14_33610_2958905	368.0	5.10104606883e-82	1.0	0.0
snp_PA14_43070,hcpD_3832270	368.0	5.10104606883e-82	1.0	0.0
snp_PA14_56140_5014275	368.0	5.10104606883e-82	1.0	0.0
snp_PA14_61580,hemH_5494899	368.0	5.10104606883e-82	1.0	0.0
snp_PA14_23170,hutG_2008445	368.0	5.10104606883e-82	1.0	0.0
snp_PA14_34360,mtlD_3057945	368.0	5.10104606883e-82	1.0	0.0
snp_PA14_28150_2437892	368.0	5.10104606883e-82	0.0	1.0
snp_PA14_45960,lasR_4085422	368.0	5.10104606883e-82	1.0	0.0
snp_PA14_67860_6060566	368.0	5.10104606883e-82	1.0	0.0
snp_PA14_62560,pcnB_5581962	368.0	5.10104606883e-82	1.0	0.0
snp_PA14_46450,aceK_4131487	368.0	5.10104606883e-82	1.0	0.0
snp_PA14_40820_3641927	368.0	5.10104606883e-82	1.0	0.0
snp_PA14_72140_6428996	368.0	5.10104606883e-82	1.0	0.0
snp_PA14_45930_4083484	368.0	5.10104606883e-82	1.0	0.0
snp_PA14_60130_5356832	368.0	5.10104606883e-82	1.0	0.0
snp_PA14_63110_5633614	368.0	5.10104606883e-82	1.0	0.0
snp_PA14_39360_3504547	368.0	5.10104606883e-82	1.0	0.0
snp_PA14_33650,pvdD_2978973	368.0	5.10104606883e-82	1.0	0.0
snp_PA14_33650,pvdD_2979079	368.0	5.10104606883e-82	1.0	0.0
snp_PA14_61770,prs_5510604	368.0	5.10104606883e-82	1.0	0.0
snp_PA14_05640,bfrG_501198	368.0	5.10104606883e-82	1.0	0.0
snp_PA14_02380_214503	368.0	5.10104606883e-82	1.0	0.0
snp_PA14_70070_6248282	368.0	5.10104606883e-82	1.0	0.0
snp_PA14_38750_3456496	368.0	5.10104606883e-82	1.0	0.0
snp_PA14_67530_6033283	368.0	5.10104606883e-82	1.0	0.0
snp_PA14_23510,uvrB_2047535	368.0	5.10104606883e-82	1.0	0.0
snp_PA14_58500_5209802	368.0	5.10104606883e-82	1.0	0.0
snp_PA14_61980_5526363	368.0	5.10104606883e-82	1.0	0.0
snp_PA14_66530_5934303	368.0	5.10104606883e-82	1.0	0.0
snp_PA14_33070_2896232	368.0	5.10104606883e-82	1.0	0.0
snp_PA14_09790_843409	368.0	5.10104606883e-82	1.0	0.0
snp_PA14_33920_3016263	368.0	5.10104606883e-82	1.0	0.0
snp_PA14_10900,ydjL_942870	368.0	5.10104606883e-82	1.0	0.0
snp_PA14_58540_5212965	368.0	5.10104606883e-82	1.0	0.0
snp_PA14_00060_7157	368.0	5.10104606883e-82	1.0	0.0
snp_PA14_33280,pvdL_2918754	368.0	5.10104606883e-82	1.0	0.0
snp_PA14_60210,rluD_5363774	368.0	5.10104606883e-82	1.0	0.0
snp_PA14_53140_4710912	368.0	5.10104606883e-82	1.0	0.0
snp_PA14_69990,dadX_6244536	368.0	5.10104606883e-82	1.0	0.0
snp_PA14_73160_6515252	368.0	5.10104606883e-82	1.0	0.0
snp_PA14_01110_109791	368.0	5.10104606883e-82	1.0	0.0
snp_PA14_38000_3390300	368.0	5.10104606883e-82	1.0	0.0
snp_PA14_50290,fliC_4466266	368.0	5.10104606883e-82	1.0	0.0
snp_PA14_18140,mmsB_1556662	368.0	5.10104606883e-82	1.0	0.0
snp_PA14_66650,pilN_5950712	368.0	5.10104606883e-82	1.0	0.0
snp_PA14_30960,traG_2688804	368.0	5.10104606883e-82	1.0	0.0
snp_PA14_10910,phlE_944618	368.0	5.10104606883e-82	1.0	0.0
snp_PA14_46240_4112761	368.0	5.10104606883e-82	1.0	0.0
snp_PA14_13490_1159872	368.0	5.10104606883e-82	1.0	0.0
snp_PA14_61540,csuD_5491241	368.0	5.10104606883e-82	1.0	0.0
snp_PA14_21820_1897453	368.0	5.10104606883e-82	1.0	0.0
snp_PA14_21300_1846186	368.0	5.10104606883e-82	1.0	0.0
snp_PA14_20230,nosR_1743614	368.0	5.10104606883e-82	1.0	0.0
snp_PA14_53850_4775045	368.0	5.10104606883e-82	1.0	0.0
snp_PA14_21370,fadD1_1851506	368.0	5.10104606883e-82	1.0	0.0
snp_PA14_28040_2427310	368.0	5.10104606883e-82	1.0	0.0
snp_PA14_30970,bphR_2691094	368.0	5.10104606883e-82	0.0	5.0
snp_PA14_47180,cyoC_4203142	368.0	5.10104606883e-82	1.0	0.0
snp_PA14_03770,speB1_338621	368.0	5.10104606883e-82	1.0	0.0
snp_PA14_58390_5202256	368.0	5.10104606883e-82	1.0	0.0
snp_PA14_32750_2845627	368.0	5.10104606883e-82	1.0	0.0
snp_PA14_36200_3226023	368.0	5.10104606883e-82	1.0	0.0
snp_PA14_03700,sbp_331827	368.0	5.10104606883e-82	1.0	0.0
snp_PA14_30080_2605711	368.0	5.10104606883e-82	1.0	0.0
snp_PA14_58250_5187732	368.0	5.10104606883e-82	1.0	0.0
snp_PA14_47140,pfuA_4199924	368.0	5.10104606883e-82	1.0	0.0
snp_PA14_31070_2701678	368.0	5.10104606883e-82	1.0	0.0
snp_PA14_34350,mtlY_3055660	368.0	5.10104606883e-82	1.0	0.0
snp_PA14_28970_2505159	368.0	5.10104606883e-82	1.0	0.0
snp_PA14_62710,pnp_5596546	368.0	5.10104606883e-82	1.0	0.0
snp_PA14_57220,secA_5097866	368.0	5.10104606883e-82	1.0	0.0
snp_PA14_30970,bphR_2691069	368.0	5.10104606883e-82	1.0	0.0
snp_PA14_13190_1136147	368.0	5.10104606883e-82	1.0	0.0
snp_PA14_26480,cobL_2307476	368.0	5.10104606883e-82	1.0	0.0
snp_PA14_55470,hxcY_4938207	368.0	5.10104606883e-82	1.0	0.0
snp_PA14_52240,pirS_4634141	368.0	5.10104606883e-82	1.0	0.0
snp_PA14_72620,metN_6468964	368.0	5.10104606883e-82	1.0	0.0
snp_PA14_19120,rhlR_1651600	368.0	5.10104606883e-82	1.0	0.0
snp_PA14_31070_2701385	368.0	5.10104606883e-82	1.0	0.0
snp_PA14_32410,mexT_2819450	368.0	5.10104606883e-82	1.0	0.0
snp_PA14_06030_535171	368.0	5.10104606883e-82	1.0	0.0
snp_PA14_33990_3023373	368.0	5.10104606883e-82	1.0	0.0
snp_PA14_61990_5528438	368.0	5.10104606883e-82	1.0	0.0
snp_PA14_61440_5483169	368.0	5.10104606883e-82	1.0	0.0
snp_PA14_54130_4800348	368.0	5.10104606883e-82	1.0	0.0
snp_PA14_10840_938190	368.0	5.10104606883e-82	1.0	0.0
snp_PA14_49460,nrdA_4396263	368.0	5.10104606883e-82	1.0	0.0
snp_PA14_33650,pvdD_2978881	368.0	5.10104606883e-82	1.0	0.0
snp_PA14_66940,hisI_5977533	368.0	5.10104606883e-82	1.0	0.0
snp_PA14_33990_3023415	368.0	5.10104606883e-82	1.0	0.0
snp_PA14_27200_2363287	368.0	5.10104606883e-82	1.0	0.0
snp_PA14_64335,ureD_5733710	368.0	5.10104606883e-82	1.0	0.0
snp_PA14_65110,alr_5804682	368.0	5.10104606883e-82	1.0	0.0
snp_PA14_31260_2718082	368.0	5.10104606883e-82	1.0	0.0
snp_PA14_38750_3456498	368.0	5.10104606883e-82	1.0	0.0
