feature	score	p-value	#I-out-of-1	#O-out-of-368
snp_PA14_15540,trbL_1315023	368.0	5.10104606883e-82	0.0	1.0
snp_PA14_15540,trbL_1314525	368.0	5.10104606883e-82	1.0	0.0
snp_PA14_33630,pvdJ_2977141	368.0	5.10104606883e-82	1.0	0.0
snp_PA14_06530,bioH_572399	368.0	5.10104606883e-82	1.0	0.0
snp_PA14_09040,rplO_768143	368.0	5.10104606883e-82	1.0	0.0
gene_pa_group_13263	368.0	5.10104606883e-82	1.0	0.0
snp_PA14_15540,trbL_1314792	368.0	5.10104606883e-82	1.0	0.0
snp_PA14_31070_2701528	368.0	5.10104606883e-82	0.0	1.0
snp_PA14_15540,trbL_1314843	368.0	5.10104606883e-82	1.0	0.0
snp_PA14_15540,trbL_1315176	368.0	5.10104606883e-82	1.0	0.0
snp_PA14_30880,trbL_2681555	368.0	5.10104606883e-82	0.0	1.0
snp_PA14_30850,trbI_2679342	368.0	5.10104606883e-82	0.0	53.0
snp_PA14_31080_2703963	368.0	5.10104606883e-82	0.0	2.0
snp_PA14_31160_2709135	368.0	5.10104606883e-82	1.0	0.0
snp_PA14_15540,trbL_1314712	368.0	5.10104606883e-82	1.0	0.0
snp_PA14_15540,trbL_1315098	368.0	5.10104606883e-82	1.0	0.0
snp_PA14_30910,trbE_2684120	368.0	5.10104606883e-82	1.0	0.0
snp_PA14_15540,trbL_1314709	368.0	5.10104606883e-82	1.0	0.0
gene_pa_group_2092	368.0	5.10104606883e-82	1.0	0.0
snp_PA14_21190_1833451	368.0	5.10104606883e-82	1.0	0.0
snp_PA14_15540,trbL_1314780	368.0	5.10104606883e-82	1.0	0.0
gene_pa_group_12377	368.0	5.10104606883e-82	1.0	0.0
snp_PA14_15540,trbL_1315165	368.0	5.10104606883e-82	1.0	0.0
snp_PA14_10110_868276	368.0	5.10104606883e-82	1.0	0.0
snp_PA14_31070_2701949	368.0	5.10104606883e-82	1.0	0.0
snp_PA14_15540,trbL_1315179	368.0	5.10104606883e-82	1.0	0.0
snp_PA14_10110_867974	368.0	5.10104606883e-82	1.0	0.0
snp_PA14_12630_1083257	368.0	5.10104606883e-82	1.0	0.0
snp_PA14_30910,trbE_2684119	368.0	5.10104606883e-82	1.0	0.0
snp_PA14_10110_867553	368.0	5.10104606883e-82	1.0	0.0
snp_PA14_25030_2190087	368.0	5.10104606883e-82	1.0	0.0
snp_PA14_10110_867975	368.0	5.10104606883e-82	1.0	0.0
snp_PA14_10110_868047	368.0	5.10104606883e-82	1.0	0.0
snp_PA14_34840_3097355	368.0	5.10104606883e-82	1.0	0.0
snp_PA14_20130,yeiE_1734863	368.0	5.10104606883e-82	1.0	0.0
snp_PA14_15780_1344939	368.0	5.10104606883e-82	1.0	0.0
snp_PA14_15540,trbL_1315308	368.0	5.10104606883e-82	1.0	0.0
snp_PA14_10110_867982	368.0	5.10104606883e-82	1.0	0.0
snp_PA14_15540,trbL_1314529	368.0	5.10104606883e-82	1.0	0.0
snp_PA14_15540,trbL_1314614	368.0	5.10104606883e-82	1.0	0.0
snp_PA14_60300,pilX_5372772	368.0	5.10104606883e-82	1.0	0.0
snp_PA14_10110_868231	368.0	5.10104606883e-82	1.0	0.0
snp_PA14_15430,tnpR_1306529	368.0	5.10104606883e-82	0.0	61.0
snp_PA14_15780_1344940	368.0	5.10104606883e-82	1.0	0.0
snp_PA14_09520,mexI_816967	368.0	5.10104606883e-82	1.0	0.0
snp_PA14_31080_2703965	368.0	5.10104606883e-82	0.0	5.0
snp_PA14_31070_2702246	368.0	5.10104606883e-82	1.0	0.0
snp_PA14_15540,trbL_1315159	368.0	5.10104606883e-82	1.0	0.0
snp_PA14_10110_867808	368.0	5.10104606883e-82	1.0	0.0
snp_PA14_15540,trbL_1315188	368.0	5.10104606883e-82	1.0	0.0
snp_PA14_38770_3458623	368.0	5.10104606883e-82	1.0	0.0
snp_PA14_31190_2711729	368.0	5.10104606883e-82	1.0	0.0
snp_PA14_10110_867867	368.0	5.10104606883e-82	1.0	0.0
snp_PA14_10110_867745	368.0	5.10104606883e-82	1.0	0.0
snp_PA14_12630_1085029	368.0	5.10104606883e-82	1.0	0.0
snp_PA14_45560,motC_4053422	368.0	5.10104606883e-82	1.0	0.0
snp_PA14_31090_2704340	368.0	5.10104606883e-82	1.0	0.0
snp_PA14_30850,trbI_2679682	368.0	5.10104606883e-82	1.0	0.0
snp_PA14_15540,trbL_1314739	368.0	5.10104606883e-82	1.0	0.0
snp_PA14_30900,trbJ_2683349	368.0	5.10104606883e-82	0.0	3.0
snp_PA14_15540,trbL_1315158	368.0	5.10104606883e-82	1.0	0.0
snp_PA14_66820,phaC1_5968052	368.0	5.10104606883e-82	1.0	0.0
snp_PA14_43000_3825701	368.0	5.10104606883e-82	1.0	0.0
snp_PA14_15540,trbL_1314803	368.0	5.10104606883e-82	1.0	0.0
snp_PA14_49520,pyoS3A_4405488	368.0	5.10104606883e-82	1.0	0.0
snp_PA14_30910,trbE_2686131	368.0	5.10104606883e-82	1.0	0.0
snp_PA14_34290_3048694	368.0	5.10104606883e-82	1.0	0.0
snp_PA14_15540,trbL_1314629	368.0	5.10104606883e-82	0.0	2.0
snp_PA14_10110_867916	368.0	5.10104606883e-82	1.0	0.0
snp_PA14_10110_868219	368.0	5.10104606883e-82	1.0	0.0
snp_PA14_15540,trbL_1315090	368.0	5.10104606883e-82	0.0	2.0
snp_PA14_31190_2712391	368.0	5.10104606883e-82	1.0	0.0
snp_PA14_15540,trbL_1314831	368.0	5.10104606883e-82	1.0	0.0
snp_PA14_49250,napA_4375638	368.0	5.10104606883e-82	1.0	0.0
snp_PA14_10120_869121	368.0	5.10104606883e-82	1.0	0.0
snp_PA14_35080,arsH_3123564	368.0	5.10104606883e-82	0.0	1.0
snp_PA14_10110_867547	368.0	5.10104606883e-82	1.0	0.0
snp_PA14_15520,trbJ_1314059	368.0	5.10104606883e-82	1.0	0.0
snp_PA14_13780,narG_1185176	368.0	5.10104606883e-82	1.0	0.0
snp_PA14_52050,purN_4619348	368.0	5.10104606883e-82	1.0	0.0
snp_PA14_15540,trbL_1315099	368.0	5.10104606883e-82	1.0	0.0
snp_PA14_15540,trbL_1314897	368.0	5.10104606883e-82	1.0	0.0
snp_PA14_47900_4263726	368.0	5.10104606883e-82	1.0	0.0
snp_PA14_10120_869438	368.0	5.10104606883e-82	1.0	0.0
snp_PA14_33630,pvdJ_2972168	368.0	5.10104606883e-82	1.0	0.0
snp_PA14_15520,trbJ_1313565	368.0	5.10104606883e-82	1.0	0.0
snp_PA14_15540,trbL_1314816	368.0	5.10104606883e-82	1.0	0.0
snp_PA14_30930,trbC_2686836	368.0	5.10104606883e-82	1.0	0.0
snp_PA14_30520_2642608	368.0	5.10104606883e-82	1.0	0.0
snp_PA14_58750,pilB_5235821	368.0	5.10104606883e-82	1.0	0.0
snp_PA14_15540,trbL_1314856	368.0	5.10104606883e-82	1.0	0.0
snp_PA14_60970_5439548	368.0	5.10104606883e-82	1.0	0.0
snp_PA14_31180_2709780	368.0	5.10104606883e-82	1.0	0.0
snp_PA14_59150_5266706	368.0	5.10104606883e-82	1.0	0.0
snp_PA14_70670,glcF_6293235	368.0	5.10104606883e-82	1.0	0.0
snp_PA14_10110_867853	368.0	5.10104606883e-82	1.0	0.0
snp_PA14_33610_2969156	368.0	5.10104606883e-82	1.0	0.0
snp_PA14_15520,trbJ_1313748	368.0	5.10104606883e-82	1.0	0.0
snp_PA14_10110_867607	368.0	5.10104606883e-82	1.0	0.0
snp_PA14_15540,trbL_1314782	368.0	5.10104606883e-82	1.0	0.0
