feature	score	p-value	#I-out-of-1	#O-out-of-368
snp_PA14_14560_1244640	368.0	5.10104606883e-82	1.0	0.0
snp_PA14_60310,pilY1_5375881	368.0	5.10104606883e-82	1.0	0.0
snp_PA14_33650,pvdD_2984728	368.0	5.10104606883e-82	1.0	0.0
snp_PA14_30900,trbJ_2683616	368.0	5.10104606883e-82	0.0	10.0
snp_PA14_11920_1032156	368.0	5.10104606883e-82	1.0	0.0
gene_pa_group_2165	368.0	5.10104606883e-82	1.0	0.0
snp_PA14_08300,JF1_709884	368.0	5.10104606883e-82	1.0	0.0
snp_PA14_54850_4860561	368.0	5.10104606883e-82	1.0	0.0
gene_pa_group_6474	368.0	5.10104606883e-82	1.0	0.0
gene_pa_group_2164	368.0	5.10104606883e-82	1.0	0.0
snp_PA14_28760_2475556	368.0	5.10104606883e-82	1.0	0.0
snp_PA14_62420_5568315	368.0	5.10104606883e-82	1.0	0.0
snp_PA14_15430,tnpR_1306413	368.0	5.10104606883e-82	1.0	0.0
snp_PA14_59130_5265439	368.0	5.10104606883e-82	1.0	0.0
gene_pa_group_2195	368.0	5.10104606883e-82	1.0	0.0
snp_PA14_51390,pqsD_4567848	368.0	5.10104606883e-82	1.0	0.0
snp_PA14_50240_4462692	368.0	5.10104606883e-82	1.0	0.0
snp_PA14_59130_5265437	368.0	5.10104606883e-82	1.0	0.0
snp_PA14_08220_702774	368.0	5.10104606883e-82	1.0	0.0
snp_PA14_41520,ppkB_3704943	368.0	5.10104606883e-82	1.0	0.0
snp_PA14_51580_4585979	368.0	5.10104606883e-82	1.0	0.0
gene_pa_group_22572	183.001358696	1.07184299934e-41	1.0	1.0
snp_PA14_58570,piuA_5218727	183.001358696	1.07184299934e-41	1.0	1.0
gene_pa_group_11288	183.001358696	1.07184299934e-41	1.0	1.0
snp_PA14_50300_4467326	183.001358696	1.07184299934e-41	1.0	1.0
snp_PA14_08300,JF1_708799	183.001358696	1.07184299934e-41	1.0	1.0
snp_PA14_08300,JF1_708800	183.001358696	1.07184299934e-41	1.0	1.0
snp_PA14_28760_2475565	183.001358696	1.07184299934e-41	1.0	1.0
snp_PA14_31080_2704139	183.001358696	1.07184299934e-41	1.0	1.0
snp_PA14_33650,pvdD_2983408	183.001358696	1.07184299934e-41	1.0	1.0
snp_PA14_33610_2969476	183.001358696	1.07184299934e-41	1.0	1.0
gene_pa_group_2860	183.001358696	1.07184299934e-41	1.0	1.0
snp_PA14_30900,trbJ_2683617	121.336956522	3.22440694142e-28	1.0	2.0
snp_PA14_55170,cat_4900437	121.336956522	3.22440694142e-28	1.0	2.0
snp_PA14_08300,JF1_711336	121.336956522	3.22440694142e-28	1.0	2.0
snp_PA14_08220_702766	121.336956522	3.22440694142e-28	1.0	2.0
snp_PA14_62420_5568267	121.336956522	3.22440694142e-28	1.0	2.0
snp_PA14_50290,fliC_4465774	121.336956522	3.22440694142e-28	1.0	2.0
snp_PA14_31110_2706735	121.336956522	3.22440694142e-28	1.0	2.0
gene_pa_group_8540	121.336956522	3.22440694142e-28	1.0	2.0
snp_PA14_33630,pvdJ_2973427	121.336956522	3.22440694142e-28	1.0	2.0
snp_PA14_33630,pvdJ_2975348	121.336956522	3.22440694142e-28	1.0	2.0
snp_PA14_59140_5265898	90.5061141304	1.84406175281e-21	1.0	3.0
snp_PA14_62410_5567789	90.5061141304	1.84406175281e-21	1.0	3.0
snp_PA14_31090_2704663	90.5061141304	1.84406175281e-21	1.0	3.0
snp_PA14_33610_2971911	90.5061141304	1.84406175281e-21	0.0	6.0
snp_PA14_33280,pvdL_2921846	90.5061141304	1.84406175281e-21	0.0	39.0
snp_PA14_55170,cat_4900455	90.5061141304	1.84406175281e-21	1.0	3.0
snp_PA14_55170,cat_4900467	90.5061141304	1.84406175281e-21	1.0	3.0
snp_PA14_33690,pvdE_2989807	90.5061141304	1.84406175281e-21	1.0	3.0
snp_PA14_61200_5461476	72.0086956522	2.14251156654e-17	1.0	4.0
snp_PA14_23460,orfN_2040416	72.0086956522	2.14251156654e-17	1.0	4.0
snp_PA14_30960,traG_2689876	72.0086956522	2.14251156654e-17	0.0	28.0
snp_PA14_08300,JF1_710934	72.0086956522	2.14251156654e-17	1.0	4.0
snp_PA14_55170,cat_4900449	72.0086956522	2.14251156654e-17	1.0	4.0
snp_PA14_62420_5568297	72.0086956522	2.14251156654e-17	1.0	4.0
snp_PA14_61200_5461481	72.0086956522	2.14251156654e-17	1.0	4.0
snp_PA14_22270_1939745	72.0086956522	2.14251156654e-17	1.0	4.0
snp_PA14_61200_5461539	72.0086956522	2.14251156654e-17	1.0	4.0
snp_PA14_60020_5345911	72.0086956522	2.14251156654e-17	1.0	4.0
snp_PA14_65090_5804357	72.0086956522	2.14251156654e-17	1.0	4.0
snp_PA14_33280,pvdL_2921837	72.0086956522	2.14251156654e-17	1.0	4.0
snp_PA14_08300,JF1_708892	59.6779891304	1.11719059228e-14	1.0	5.0
snp_PA14_61200_5461488	59.6779891304	1.11719059228e-14	1.0	5.0
snp_PA14_08300,JF1_709913	59.6779891304	1.11719059228e-14	1.0	5.0
snp_PA14_55631,23S-rRNA_4952974	59.6779891304	1.11719059228e-14	1.0	5.0
snp_PA14_08300,JF1_708533	59.6779891304	1.11719059228e-14	1.0	5.0
gene_pa_group_12165	59.6779891304	1.11719059228e-14	1.0	5.0
snp_PA14_61200_5461487	59.6779891304	1.11719059228e-14	1.0	5.0
snp_PA14_65090_5804358	59.6779891304	1.11719059228e-14	1.0	5.0
snp_PA14_64570,irlR_5752274	59.6779891304	1.11719059228e-14	1.0	5.0
snp_PA14_08300,JF1_708532	59.6779891304	1.11719059228e-14	0.0	34.0
snp_PA14_33610_2969558	59.6779891304	1.11719059228e-14	1.0	5.0
snp_PA14_08210_702555	59.6779891304	1.11719059228e-14	1.0	5.0
snp_PA14_31080_2704143	59.6779891304	1.11719059228e-14	0.0	1.0
snp_PA14_60020_5345907	50.8711180124	9.86343246782e-13	0.0	1.0
snp_PA14_08300,JF1_708891	50.8711180124	9.86343246782e-13	1.0	6.0
snp_PA14_12230,leuS_1056904	50.8711180124	9.86343246782e-13	1.0	6.0
gene_pa_group_1256	44.2666440217	2.86557585262e-11	1.0	7.0
snp_PA14_32270,oprD3_2803919	44.2666440217	2.86557585262e-11	1.0	7.0
snp_PA14_60290,pilW_5371928	44.2666440217	2.86557585262e-11	1.0	7.0
snp_PA14_33650,pvdD_2983221	44.2666440217	2.86557585262e-11	1.0	7.0
snp_PA14_65090_5804359	44.2666440217	2.86557585262e-11	1.0	7.0
snp_PA14_62020_5532671	44.2666440217	2.86557585262e-11	1.0	7.0
snp_PA14_08300,JF1_709957	44.2666440217	2.86557585262e-11	1.0	7.0
snp_PA14_33610_2963576	44.2666440217	2.86557585262e-11	1.0	7.0
snp_PA14_55740,chrA_4975652	44.2666440217	2.86557585262e-11	1.0	7.0
snp_PA14_64580_5752547	44.2666440217	2.86557585262e-11	1.0	7.0
snp_PA14_58570,piuA_5218718	39.1304347826	3.96415970789e-10	1.0	8.0
snp_PA14_31280_2720258	39.1304347826	3.96415970789e-10	1.0	8.0
snp_PA14_33280,pvdL_2921709	39.1304347826	3.96415970789e-10	1.0	8.0
snp_PA14_31090_2704700	39.1304347826	3.96415970789e-10	1.0	8.0
snp_PA14_65090_5804353	39.1304347826	3.96415970789e-10	1.0	8.0
gene_pa_group_11354	39.1304347826	3.96415970789e-10	1.0	8.0
snp_PA14_58910_5252078	39.1304347826	3.96415970789e-10	1.0	8.0
snp_PA14_50290,fliC_4466347	39.1304347826	3.96415970789e-10	1.0	8.0
snp_PA14_22270_1939752	39.1304347826	3.96415970789e-10	1.0	8.0
snp_PA14_58570,piuA_5218719	39.1304347826	3.96415970789e-10	1.0	8.0
snp_PA14_31090_2704699	39.1304347826	3.96415970789e-10	0.0	2.0
snp_PA14_08300,JF1_709959	39.1304347826	3.96415970789e-10	1.0	8.0
