feature	score	p-value	#I-out-of-1	#O-out-of-368
snp_PA14_45130_4025137	368.0	5.10104606883e-82	1.0	0.0
snp_PA14_72740,dctB_6478325	368.0	5.10104606883e-82	1.0	0.0
snp_PA14_13030,cioA_1118946	368.0	5.10104606883e-82	1.0	0.0
gene_pa_group_6178	368.0	5.10104606883e-82	1.0	0.0
snp_PA14_57480_5121486	368.0	5.10104606883e-82	1.0	0.0
snp_PA14_11670_1012086	368.0	5.10104606883e-82	1.0	0.0
snp_PA14_24310_2112581	368.0	5.10104606883e-82	1.0	0.0
snp_PA14_49160,yegE_4366755	368.0	5.10104606883e-82	1.0	0.0
snp_PA14_41130_3668612	368.0	5.10104606883e-82	1.0	0.0
snp_PA14_58490,dppF_5209582	368.0	5.10104606883e-82	1.0	0.0
snp_PA14_34340,mtlZ_3054762	368.0	5.10104606883e-82	1.0	0.0
snp_PA14_53900_4780484	368.0	5.10104606883e-82	1.0	0.0
snp_PA14_39610_3526678	368.0	5.10104606883e-82	1.0	0.0
snp_PA14_19090,dcd_1647754	368.0	5.10104606883e-82	1.0	0.0
snp_PA14_63660_5677096	368.0	5.10104606883e-82	1.0	0.0
snp_PA14_40230_3584112	368.0	5.10104606883e-82	1.0	0.0
snp_PA14_39820,ufrA_3549673	368.0	5.10104606883e-82	1.0	0.0
snp_PA14_53180_4714693	368.0	5.10104606883e-82	1.0	0.0
snp_PA14_33480,sndH_2946312	368.0	5.10104606883e-82	1.0	0.0
snp_PA14_24960_2181728	368.0	5.10104606883e-82	1.0	0.0
snp_PA14_42920_3817659	368.0	5.10104606883e-82	1.0	0.0
snp_PA14_64390,ureC_5736980	368.0	5.10104606883e-82	1.0	0.0
snp_PA14_58375_5199007	368.0	5.10104606883e-82	1.0	0.0
snp_PA14_17380_1492146	368.0	5.10104606883e-82	1.0	0.0
snp_PA14_17780_1526983	368.0	5.10104606883e-82	1.0	0.0
snp_PA14_05650_502525	368.0	5.10104606883e-82	1.0	0.0
snp_PA14_15740,purL_1339665	368.0	5.10104606883e-82	1.0	0.0
snp_PA14_06240_551308	368.0	5.10104606883e-82	1.0	0.0
snp_PA14_32580_2829408	368.0	5.10104606883e-82	1.0	0.0
snp_PA14_26750_2330694	368.0	5.10104606883e-82	1.0	0.0
gene_pa_group_17410	368.0	5.10104606883e-82	1.0	0.0
snp_PA14_41530,nirB_3707415	368.0	5.10104606883e-82	1.0	0.0
snp_PA14_66270,glnE_5904396	368.0	5.10104606883e-82	1.0	0.0
snp_PA14_68620_6119429	368.0	5.10104606883e-82	1.0	0.0
snp_PA14_62650_5593457	368.0	5.10104606883e-82	1.0	0.0
snp_PA14_33650,pvdD_2980060	368.0	5.10104606883e-82	1.0	0.0
snp_PA14_11170_972924	368.0	5.10104606883e-82	1.0	0.0
snp_PA14_52280_4640003	368.0	5.10104606883e-82	1.0	0.0
snp_PA14_17520,cinA_1504954	368.0	5.10104606883e-82	1.0	0.0
snp_PA14_42350,pscC_3773541	368.0	5.10104606883e-82	1.0	0.0
snp_PA14_71650,aspA_6382333	368.0	5.10104606883e-82	1.0	0.0
snp_PA14_45930_4083461	368.0	5.10104606883e-82	1.0	0.0
snp_PA14_45920_4081628	368.0	5.10104606883e-82	1.0	0.0
snp_PA14_57940,rpoN_5157569	368.0	5.10104606883e-82	1.0	0.0
snp_PA14_37250_3318027	368.0	5.10104606883e-82	1.0	0.0
snp_PA14_07340_630732	368.0	5.10104606883e-82	1.0	0.0
snp_PA14_65160_5807725	368.0	5.10104606883e-82	1.0	0.0
snp_PA14_50760_4509760	368.0	5.10104606883e-82	1.0	0.0
snp_PA14_62690_5595021	368.0	5.10104606883e-82	1.0	0.0
snp_PA14_39925,phzD2_3559127	368.0	5.10104606883e-82	1.0	0.0
snp_PA14_05770,dhT_511003	368.0	5.10104606883e-82	1.0	0.0
snp_PA14_01290,coxB_125813	368.0	5.10104606883e-82	1.0	0.0
snp_PA14_48890_4346928	368.0	5.10104606883e-82	1.0	0.0
snp_PA14_61260_5469402	368.0	5.10104606883e-82	1.0	0.0
snp_PA14_64270_5728287	368.0	5.10104606883e-82	1.0	0.0
snp_PA14_26480,cobL_2307475	368.0	5.10104606883e-82	1.0	0.0
snp_PA14_16190_1379692	368.0	5.10104606883e-82	1.0	0.0
snp_PA14_59510_5294827	368.0	5.10104606883e-82	1.0	0.0
snp_PA14_30050,aceA_2602749	368.0	5.10104606883e-82	1.0	0.0
snp_PA14_41810_3733247	368.0	5.10104606883e-82	1.0	0.0
snp_PA14_11650_1010677	368.0	5.10104606883e-82	1.0	0.0
snp_PA14_53850_4774942	368.0	5.10104606883e-82	1.0	0.0
snp_PA14_43160,benE_3844654	368.0	5.10104606883e-82	1.0	0.0
gene_pa_group_3294	368.0	5.10104606883e-82	1.0	0.0
snp_PA14_03980_359073	368.0	5.10104606883e-82	1.0	0.0
snp_PA14_32410,mexT_2818966	368.0	5.10104606883e-82	1.0	0.0
snp_PA14_27360_2372800	368.0	5.10104606883e-82	1.0	0.0
snp_PA14_43530_3876994	368.0	5.10104606883e-82	1.0	0.0
snp_PA14_54740_4853269	368.0	5.10104606883e-82	1.0	0.0
snp_PA14_19010_1642039	368.0	5.10104606883e-82	1.0	0.0
snp_PA14_59390_5289904	368.0	5.10104606883e-82	1.0	0.0
snp_PA14_37900_3382189	368.0	5.10104606883e-82	1.0	0.0
snp_PA14_59000_5257973	368.0	5.10104606883e-82	1.0	0.0
snp_PA14_45170_4028869	368.0	5.10104606883e-82	1.0	0.0
snp_PA14_47900_4263500	368.0	5.10104606883e-82	1.0	0.0
snp_PA14_48090,aprF_4279432	368.0	5.10104606883e-82	1.0	0.0
snp_PA14_35940_3198466	368.0	5.10104606883e-82	1.0	0.0
snp_PA14_19270_1660847	368.0	5.10104606883e-82	1.0	0.0
snp_PA14_59210_5274491	368.0	5.10104606883e-82	1.0	0.0
snp_PA14_36370_3240002	368.0	5.10104606883e-82	1.0	0.0
snp_PA14_60950,cstA_5437735	368.0	5.10104606883e-82	1.0	0.0
gene_pa_group_15107	368.0	5.10104606883e-82	1.0	0.0
snp_PA14_65920_5872063	368.0	5.10104606883e-82	1.0	0.0
snp_PA14_16840_1442949	368.0	5.10104606883e-82	1.0	0.0
snp_PA14_06290,glcB_556868	368.0	5.10104606883e-82	1.0	0.0
snp_PA14_03860_348361	368.0	5.10104606883e-82	1.0	0.0
snp_PA14_33650,pvdD_2983233	368.0	5.10104606883e-82	1.0	0.0
snp_PA14_40230_3584404	368.0	5.10104606883e-82	1.0	0.0
snp_PA14_70830,pstA_6308504	368.0	5.10104606883e-82	1.0	0.0
snp_PA14_60920_5435695	368.0	5.10104606883e-82	1.0	0.0
snp_PA14_65660,parE_5847996	368.0	5.10104606883e-82	1.0	0.0
snp_PA14_68670_6123344	368.0	5.10104606883e-82	1.0	0.0
snp_PA14_50790,yeaG_4512557	368.0	5.10104606883e-82	1.0	0.0
snp_PA14_67050_5985206	368.0	5.10104606883e-82	1.0	0.0
snp_PA14_17010,yjcE_1456760	368.0	5.10104606883e-82	1.0	0.0
snp_PA14_57720,cysD_5140665	368.0	5.10104606883e-82	1.0	0.0
snp_PA14_71430_6362904	368.0	5.10104606883e-82	1.0	0.0
gene_pa_yliI_2	368.0	5.10104606883e-82	1.0	0.0
snp_PA14_64080,dipZ_5710625	368.0	5.10104606883e-82	1.0	0.0
snp_PA14_33650,pvdD_2980050	368.0	5.10104606883e-82	1.0	0.0
