feature	score	p-value	#I-out-of-1	#O-out-of-368
snp_PA14_52900_4689237	368.0	5.10104606883e-82	1.0	0.0
snp_PA14_35020_3118301	368.0	5.10104606883e-82	1.0	0.0
snp_PA14_33690,pvdE_2989381	368.0	5.10104606883e-82	1.0	0.0
snp_PA14_00510_52188	368.0	5.10104606883e-82	1.0	0.0
snp_PA14_07460_640158	368.0	5.10104606883e-82	0.0	25.0
snp_PA14_60060_5347627	368.0	5.10104606883e-82	1.0	0.0
snp_PA14_59840_5330373	368.0	5.10104606883e-82	1.0	0.0
snp_PA14_33650,pvdD_2981514	368.0	5.10104606883e-82	1.0	0.0
snp_PA14_33450,treA_2945207	368.0	5.10104606883e-82	1.0	0.0
snp_PA14_37140_3309724	368.0	5.10104606883e-82	1.0	0.0
gene_pa_group_3952	368.0	5.10104606883e-82	1.0	0.0
snp_PA14_63710,gtrB_5680887	368.0	5.10104606883e-82	1.0	0.0
gene_pa_group_494	368.0	5.10104606883e-82	1.0	0.0
snp_PA14_48150_4286501	368.0	5.10104606883e-82	1.0	0.0
snp_PA14_33630,pvdJ_2978158	368.0	5.10104606883e-82	1.0	0.0
gene_pa_group_3541	368.0	5.10104606883e-82	1.0	0.0
snp_PA14_33360_2936728	368.0	5.10104606883e-82	0.0	1.0
snp_PA14_34810,mxaA_3094494	368.0	5.10104606883e-82	1.0	0.0
gene_pa_group_927	368.0	5.10104606883e-82	1.0	0.0
snp_PA14_65590_5843259	368.0	5.10104606883e-82	1.0	0.0
snp_PA14_34390,mtlG_3059498	368.0	5.10104606883e-82	1.0	0.0
snp_PA14_39610_3527023	368.0	5.10104606883e-82	1.0	0.0
snp_PA14_35370,ptxS_3144167	368.0	5.10104606883e-82	1.0	0.0
snp_PA14_21790,rdgC_1895927	368.0	5.10104606883e-82	1.0	0.0
snp_PA14_48940,coaB_4350910	368.0	5.10104606883e-82	1.0	0.0
snp_PA14_33360_2936011	368.0	5.10104606883e-82	1.0	0.0
snp_PA14_59480_5293540	368.0	5.10104606883e-82	1.0	0.0
snp_PA14_54080_4796113	368.0	5.10104606883e-82	1.0	0.0
snp_PA14_59490_5293961	368.0	5.10104606883e-82	1.0	0.0
snp_PA14_33610_2960356	368.0	5.10104606883e-82	1.0	0.0
snp_PA14_03730_334989	368.0	5.10104606883e-82	1.0	0.0
snp_PA14_52910_4690770	368.0	5.10104606883e-82	1.0	0.0
snp_PA14_46260_4115034	368.0	5.10104606883e-82	1.0	0.0
snp_PA14_46200_4108412	368.0	5.10104606883e-82	1.0	0.0
snp_PA14_35680,pslF_3172133	368.0	5.10104606883e-82	1.0	0.0
snp_PA14_27280_2368412	368.0	5.10104606883e-82	1.0	0.0
snp_PA14_34110_3032556	368.0	5.10104606883e-82	1.0	0.0
snp_PA14_72850_6487996	368.0	5.10104606883e-82	1.0	0.0
snp_PA14_64140,prmA_5716147	368.0	5.10104606883e-82	1.0	0.0
snp_PA14_33610_2960343	368.0	5.10104606883e-82	1.0	0.0
snp_PA14_32790_2862361	368.0	5.10104606883e-82	1.0	0.0
snp_PA14_49000_4352909	368.0	5.10104606883e-82	1.0	0.0
snp_PA14_00080_9279	368.0	5.10104606883e-82	1.0	0.0
snp_PA14_33450,treA_2945182	368.0	5.10104606883e-82	1.0	0.0
snp_PA14_38660,scoA_3448157	368.0	5.10104606883e-82	1.0	0.0
snp_PA14_46250_4113722	368.0	5.10104606883e-82	1.0	0.0
snp_PA14_13240,moaD_1139443	368.0	5.10104606883e-82	1.0	0.0
snp_PA14_34130_3034637	368.0	5.10104606883e-82	1.0	0.0
snp_PA14_33630,pvdJ_2972179	368.0	5.10104606883e-82	1.0	0.0
snp_PA14_50240_4462885	368.0	5.10104606883e-82	1.0	0.0
snp_PA14_50050_4449230	368.0	5.10104606883e-82	1.0	0.0
snp_PA14_52900_4689432	368.0	5.10104606883e-82	1.0	0.0
snp_PA14_44560_3966078	368.0	5.10104606883e-82	1.0	0.0
snp_PA14_03730_334993	368.0	5.10104606883e-82	1.0	0.0
gene_pa_group_1032	368.0	5.10104606883e-82	1.0	0.0
snp_PA14_66920,ubiB_5976815	368.0	5.10104606883e-82	1.0	0.0
snp_PA14_57760,algW_5143875	368.0	5.10104606883e-82	1.0	0.0
snp_PA14_52900_4689431	368.0	5.10104606883e-82	1.0	0.0
snp_PA14_52040,purM_4618385	368.0	5.10104606883e-82	1.0	0.0
snp_PA14_00510_52220	368.0	5.10104606883e-82	1.0	0.0
snp_PA14_48910_4348224	368.0	5.10104606883e-82	0.0	65.0
snp_PA14_61080,dctP_5447104	368.0	5.10104606883e-82	1.0	0.0
snp_PA14_64460,psiF_5743442	368.0	5.10104606883e-82	1.0	0.0
snp_PA14_28210_2441515	368.0	5.10104606883e-82	1.0	0.0
snp_PA14_37570_3343474	368.0	5.10104606883e-82	1.0	0.0
snp_PA14_63920_5697196	368.0	5.10104606883e-82	1.0	0.0
snp_PA14_03285_298365	368.0	5.10104606883e-82	1.0	0.0
snp_PA14_59050_5259271	368.0	5.10104606883e-82	1.0	0.0
snp_PA14_46990_4186279	368.0	5.10104606883e-82	1.0	0.0
snp_PA14_72210_6433411	368.0	5.10104606883e-82	1.0	0.0
snp_PA14_33360_2936020	368.0	5.10104606883e-82	0.0	2.0
snp_PA14_04730_420635	368.0	5.10104606883e-82	1.0	0.0
snp_PA14_50270,fliD_4463984	368.0	5.10104606883e-82	1.0	0.0
snp_PA14_33360_2936969	368.0	5.10104606883e-82	0.0	1.0
snp_PA14_60950,cstA_5436429	368.0	5.10104606883e-82	1.0	0.0
snp_PA14_33690,pvdE_2989354	368.0	5.10104606883e-82	1.0	0.0
snp_PA14_30130_2609339	368.0	5.10104606883e-82	1.0	0.0
snp_PA14_00510_52171	368.0	5.10104606883e-82	1.0	0.0
snp_PA14_54080_4795838	368.0	5.10104606883e-82	1.0	0.0
snp_PA14_33610_2960369	368.0	5.10104606883e-82	1.0	0.0
snp_PA14_65710,aspP_5851911	368.0	5.10104606883e-82	1.0	0.0
snp_PA14_69620_6213135	368.0	5.10104606883e-82	1.0	0.0
snp_PA14_49560,toxA_4408057	368.0	5.10104606883e-82	1.0	0.0
snp_PA14_46890_4176371	368.0	5.10104606883e-82	1.0	0.0
snp_PA14_33630,pvdJ_2975593	368.0	5.10104606883e-82	1.0	0.0
snp_PA14_55340,exbD2_4913056	368.0	5.10104606883e-82	1.0	0.0
snp_PA14_63900_5694898	368.0	5.10104606883e-82	1.0	0.0
snp_PA14_56520_5038905	368.0	5.10104606883e-82	1.0	0.0
snp_PA14_22880_1985318	368.0	5.10104606883e-82	1.0	0.0
snp_PA14_03160_277251	368.0	5.10104606883e-82	1.0	0.0
gene_pa_group_1031	368.0	5.10104606883e-82	1.0	0.0
snp_PA14_36020_3206368	368.0	5.10104606883e-82	1.0	0.0
snp_PA14_52900_4689236	368.0	5.10104606883e-82	1.0	0.0
snp_PA14_48930_4349940	368.0	5.10104606883e-82	1.0	0.0
snp_PA14_59480_5293798	368.0	5.10104606883e-82	1.0	0.0
snp_PA14_33630,pvdJ_2975623	368.0	5.10104606883e-82	1.0	0.0
snp_PA14_52910_4690793	368.0	5.10104606883e-82	1.0	0.0
snp_PA14_26500,cobH_2309905	368.0	5.10104606883e-82	1.0	0.0
gene_pa_group_6654	368.0	5.10104606883e-82	1.0	0.0
snp_PA14_45890_4077877	368.0	5.10104606883e-82	1.0	0.0
