feature	score	p-value	#I-out-of-1	#O-out-of-368
snp_PA14_51750,tolQ_4597575	368.0	5.10104606883e-82	1.0	0.0
snp_PA14_33610_2969969	368.0	5.10104606883e-82	1.0	0.0
snp_PA14_04410,ptsP_393116	368.0	5.10104606883e-82	1.0	0.0
snp_PA14_21450_1859118	368.0	5.10104606883e-82	1.0	0.0
snp_PA14_43920,braB_3909736	368.0	5.10104606883e-82	1.0	0.0
snp_PA14_04410,ptsP_393005	368.0	5.10104606883e-82	1.0	0.0
snp_PA14_33730_2995074	368.0	5.10104606883e-82	1.0	0.0
snp_PA14_67190_5997159	368.0	5.10104606883e-82	1.0	0.0
snp_PA14_63160,pmrB_5637473	368.0	5.10104606883e-82	1.0	0.0
snp_PA14_28850_2491853	368.0	5.10104606883e-82	1.0	0.0
snp_PA14_43920,braB_3909821	368.0	5.10104606883e-82	1.0	0.0
snp_PA14_35740,tpnA_3178920	368.0	5.10104606883e-82	1.0	0.0
snp_PA14_51340,mvfR_4563284	368.0	5.10104606883e-82	1.0	0.0
snp_PA14_62200,mrcB_5551923	368.0	5.10104606883e-82	1.0	0.0
snp_PA14_05770,dhT_510891	368.0	5.10104606883e-82	1.0	0.0
snp_PA14_51740,tolR_4596870	368.0	5.10104606883e-82	1.0	0.0
snp_PA14_21450_1859117	368.0	5.10104606883e-82	1.0	0.0
snp_PA14_28850_2491852	368.0	5.10104606883e-82	1.0	0.0
snp_PA14_41270_3683085	368.0	5.10104606883e-82	1.0	0.0
snp_PA14_34810,mxaA_3092532	368.0	5.10104606883e-82	1.0	0.0
snp_PA14_55450,hxcQ_4935699	368.0	5.10104606883e-82	1.0	0.0
snp_PA14_03620_327216	368.0	5.10104606883e-82	1.0	0.0
snp_PA14_52150,lpxO2_4624832	368.0	5.10104606883e-82	1.0	0.0
snp_PA14_43920,braB_3909842	368.0	5.10104606883e-82	1.0	0.0
snp_PA14_10840_938641	368.0	5.10104606883e-82	1.0	0.0
snp_PA14_43920,braB_3909841	368.0	5.10104606883e-82	1.0	0.0
snp_PA14_24980_2184212	368.0	5.10104606883e-82	1.0	0.0
snp_PA14_04410,ptsP_393008	368.0	5.10104606883e-82	1.0	0.0
snp_PA14_65990,qacH_5877710	368.0	5.10104606883e-82	1.0	0.0
snp_PA14_09280,pchF_792129	368.0	5.10104606883e-82	1.0	0.0
snp_PA14_43920,braB_3909819	368.0	5.10104606883e-82	1.0	0.0
snp_PA14_28850_2491762	368.0	5.10104606883e-82	1.0	0.0
snp_PA14_21880,tsp_1903200	368.0	5.10104606883e-82	1.0	0.0
snp_PA14_43920,braB_3909818	368.0	5.10104606883e-82	1.0	0.0
snp_PA14_48980_4352083	368.0	5.10104606883e-82	1.0	0.0
snp_PA14_28850_2491725	368.0	5.10104606883e-82	1.0	0.0
snp_PA14_21230,hepA_1839756	368.0	5.10104606883e-82	1.0	0.0
snp_PA14_43920,braB_3909836	368.0	5.10104606883e-82	1.0	0.0
snp_PA14_50300_4468019	368.0	5.10104606883e-82	1.0	0.0
snp_PA14_08050_692933	368.0	5.10104606883e-82	1.0	0.0
snp_PA14_33800_3002931	368.0	5.10104606883e-82	1.0	0.0
snp_PA14_21450_1859065	368.0	5.10104606883e-82	1.0	0.0
snp_PA14_44490,anr_3961786	368.0	5.10104606883e-82	0.0	1.0
snp_PA14_37640_3349681	183.001358696	1.07184299934e-41	1.0	1.0
snp_PA14_09790_843531	183.001358696	1.07184299934e-41	1.0	1.0
snp_PA14_01870_171652	183.001358696	1.07184299934e-41	1.0	1.0
snp_PA14_18160_1559032	183.001358696	1.07184299934e-41	1.0	1.0
snp_PA14_50020_4446504	183.001358696	1.07184299934e-41	1.0	1.0
snp_PA14_65420_5828707	183.001358696	1.07184299934e-41	1.0	1.0
snp_PA14_31480_2738140	183.001358696	1.07184299934e-41	1.0	1.0
snp_PA14_70010_6245160	183.001358696	1.07184299934e-41	1.0	1.0
gene_pa_group_23558	183.001358696	1.07184299934e-41	1.0	1.0
snp_PA14_72450,dsbA_6454011	183.001358696	1.07184299934e-41	1.0	1.0
snp_PA14_32350_2810424	183.001358696	1.07184299934e-41	1.0	1.0
snp_PA14_55780_4980204	183.001358696	1.07184299934e-41	1.0	1.0
snp_PA14_37820_3373035	183.001358696	1.07184299934e-41	1.0	1.0
snp_PA14_46400,yqhC_4129079	183.001358696	1.07184299934e-41	1.0	1.0
snp_PA14_13650_1173453	183.001358696	1.07184299934e-41	1.0	1.0
gene_pa_group_20361	183.001358696	1.07184299934e-41	1.0	1.0
snp_PA14_33280,pvdL_2918690	183.001358696	1.07184299934e-41	1.0	1.0
snp_PA14_32880_2877908	183.001358696	1.07184299934e-41	1.0	1.0
snp_PA14_21060_1821393	183.001358696	1.07184299934e-41	1.0	1.0
snp_PA14_16860,plsB_1444358	183.001358696	1.07184299934e-41	1.0	1.0
snp_PA14_27590_2394535	183.001358696	1.07184299934e-41	1.0	1.0
snp_PA14_33450,treA_2944874	183.001358696	1.07184299934e-41	1.0	1.0
snp_PA14_63850,lpd3_5691494	183.001358696	1.07184299934e-41	1.0	1.0
snp_PA14_63350_5653137	183.001358696	1.07184299934e-41	1.0	1.0
snp_PA14_27200_2363488	183.001358696	1.07184299934e-41	1.0	1.0
snp_PA14_06270,catD_553765	183.001358696	1.07184299934e-41	1.0	1.0
snp_PA14_50300_4468020	183.001358696	1.07184299934e-41	1.0	1.0
gene_pa_group_17502	183.001358696	1.07184299934e-41	1.0	1.0
snp_PA14_18330,arnT_1571760	183.001358696	1.07184299934e-41	1.0	1.0
snp_PA14_13850,moaA_1191820	183.001358696	1.07184299934e-41	1.0	1.0
snp_PA14_63530,selB_5663831	183.001358696	1.07184299934e-41	1.0	1.0
snp_PA14_06930_600481	183.001358696	1.07184299934e-41	1.0	1.0
snp_PA14_69740_6219616	183.001358696	1.07184299934e-41	1.0	1.0
snp_PA14_51990,wrbA_4614776	183.001358696	1.07184299934e-41	1.0	1.0
snp_PA14_09450,phzD1_810669	183.001358696	1.07184299934e-41	1.0	1.0
snp_PA14_34300_3050283	183.001358696	1.07184299934e-41	1.0	1.0
snp_PA14_63720_5680988	183.001358696	1.07184299934e-41	1.0	1.0
snp_PA14_33630,pvdJ_2978366	183.001358696	1.07184299934e-41	1.0	1.0
snp_PA14_54300,recO_4817180	183.001358696	1.07184299934e-41	1.0	1.0
snp_PA14_48600_4321624	183.001358696	1.07184299934e-41	1.0	1.0
gene_pa_group_11996	183.001358696	1.07184299934e-41	1.0	1.0
snp_PA14_10910,phlE_943913	183.001358696	1.07184299934e-41	1.0	1.0
snp_PA14_03780_339293	183.001358696	1.07184299934e-41	1.0	1.0
gene_pa_group_14646	183.001358696	1.07184299934e-41	1.0	1.0
snp_PA14_54520,opdH_4833894	183.001358696	1.07184299934e-41	1.0	1.0
snp_PA14_67300,proX_6010248	183.001358696	1.07184299934e-41	1.0	1.0
snp_PA14_20650,dsdA_1778130	183.001358696	1.07184299934e-41	1.0	1.0
snp_PA14_19850_1711552	183.001358696	1.07184299934e-41	1.0	1.0
snp_PA14_63860_5692581	183.001358696	1.07184299934e-41	1.0	1.0
snp_PA14_56660_5048174	183.001358696	1.07184299934e-41	1.0	1.0
snp_PA14_45030,ttuD_4016455	183.001358696	1.07184299934e-41	1.0	1.0
snp_PA14_09970,fpvB_856719	183.001358696	1.07184299934e-41	1.0	1.0
snp_PA14_63700_5678641	183.001358696	1.07184299934e-41	1.0	1.0
snp_PA14_32740,optS_2842209	183.001358696	1.07184299934e-41	1.0	1.0
snp_PA14_64540_5750289	183.001358696	1.07184299934e-41	1.0	1.0
snp_PA14_34300_3050319	183.001358696	1.07184299934e-41	1.0	1.0
gene_pa_group_15946	183.001358696	1.07184299934e-41	1.0	1.0
