feature	score	p-value	#I-out-of-1	#O-out-of-368
snp_PA14_16360_1398238	368.0	5.10104606883e-82	1.0	0.0
snp_PA14_59530_5296140	368.0	5.10104606883e-82	1.0	0.0
snp_PA14_32590,dipZ2_2831217	368.0	5.10104606883e-82	1.0	0.0
snp_PA14_55400_4920829	368.0	5.10104606883e-82	1.0	0.0
snp_PA14_10470,bcr_902531	368.0	5.10104606883e-82	1.0	0.0
snp_PA14_17470,nlpD_1498493	368.0	5.10104606883e-82	1.0	0.0
snp_PA14_36960_3292151	368.0	5.10104606883e-82	1.0	0.0
snp_PA14_27000_2349628	368.0	5.10104606883e-82	1.0	0.0
snp_PA14_69270_6179999	368.0	5.10104606883e-82	1.0	0.0
snp_PA14_15790_1346878	368.0	5.10104606883e-82	1.0	0.0
snp_PA14_04040_364812	368.0	5.10104606883e-82	1.0	0.0
snp_PA14_12680_1087759	368.0	5.10104606883e-82	1.0	0.0
snp_PA14_13710_1177192	368.0	5.10104606883e-82	1.0	0.0
snp_PA14_37090,gbsA_3305144	368.0	5.10104606883e-82	1.0	0.0
snp_PA14_02840,pcaD_251375	368.0	5.10104606883e-82	1.0	0.0
snp_PA14_24840_2171639	368.0	5.10104606883e-82	1.0	0.0
snp_PA14_35790_3183380	368.0	5.10104606883e-82	1.0	0.0
snp_PA14_40220_3583331	368.0	5.10104606883e-82	1.0	0.0
snp_PA14_48330_4299793	368.0	5.10104606883e-82	1.0	0.0
snp_PA14_35890_3194750	368.0	5.10104606883e-82	1.0	0.0
snp_PA14_61850,iutA_5516110	368.0	5.10104606883e-82	1.0	0.0
snp_PA14_19680_1698876	368.0	5.10104606883e-82	1.0	0.0
snp_PA14_49800,gsp69_4429472	368.0	5.10104606883e-82	1.0	0.0
snp_PA14_15070,oprC_1277636	368.0	5.10104606883e-82	1.0	0.0
snp_PA14_01680_154673	368.0	5.10104606883e-82	1.0	0.0
snp_PA14_69270_6179683	368.0	5.10104606883e-82	1.0	0.0
snp_PA14_06840,norD_594960	368.0	5.10104606883e-82	1.0	0.0
snp_PA14_31800_2765765	368.0	5.10104606883e-82	1.0	0.0
snp_PA14_68170,rmlB_6082680	368.0	5.10104606883e-82	1.0	0.0
snp_PA14_35210_3131944	368.0	5.10104606883e-82	1.0	0.0
snp_PA14_59210_5273992	368.0	5.10104606883e-82	1.0	0.0
snp_PA14_43290_3856512	368.0	5.10104606883e-82	1.0	0.0
snp_PA14_43000_3825460	368.0	5.10104606883e-82	1.0	0.0
snp_PA14_60870,morA_5429053	368.0	5.10104606883e-82	1.0	0.0
snp_PA14_27140_2357814	368.0	5.10104606883e-82	1.0	0.0
snp_PA14_33990_3022629	368.0	5.10104606883e-82	1.0	0.0
snp_PA14_63960_5699010	368.0	5.10104606883e-82	1.0	0.0
snp_PA14_30240,infA_2619859	368.0	5.10104606883e-82	1.0	0.0
snp_PA14_01910,pcaG_174458	368.0	5.10104606883e-82	1.0	0.0
snp_PA14_39350,rbsB_3503162	368.0	5.10104606883e-82	1.0	0.0
snp_PA14_22600,grtA_1966825	368.0	5.10104606883e-82	0.0	1.0
snp_PA14_61200_5459474	368.0	5.10104606883e-82	1.0	0.0
snp_PA14_28230_2442876	368.0	5.10104606883e-82	1.0	0.0
snp_PA14_53340_4728805	368.0	5.10104606883e-82	1.0	0.0
snp_PA14_33600_2955843	368.0	5.10104606883e-82	1.0	0.0
snp_PA14_24940_2179199	368.0	5.10104606883e-82	1.0	0.0
snp_PA14_18970,pldA_1636053	368.0	5.10104606883e-82	1.0	0.0
snp_PA14_54700,yjcS_4850490	368.0	5.10104606883e-82	1.0	0.0
snp_PA14_46080_4098323	368.0	5.10104606883e-82	1.0	0.0
snp_PA14_37745_3365552	368.0	5.10104606883e-82	1.0	0.0
snp_PA14_00670_67794	368.0	5.10104606883e-82	1.0	0.0
snp_PA14_34880_3106224	368.0	5.10104606883e-82	1.0	0.0
snp_PA14_65200,rnr_5810116	368.0	5.10104606883e-82	1.0	0.0
snp_PA14_39460_3511050	368.0	5.10104606883e-82	1.0	0.0
snp_PA14_24860,snr1_2173952	368.0	5.10104606883e-82	1.0	0.0
snp_PA14_64370,ureB_5735410	368.0	5.10104606883e-82	1.0	0.0
snp_PA14_37990_3389397	368.0	5.10104606883e-82	1.0	0.0
snp_PA14_52230,pirA_4631863	368.0	5.10104606883e-82	1.0	0.0
snp_PA14_24070,xcpX_2090454	368.0	5.10104606883e-82	1.0	0.0
snp_PA14_02070_189541	368.0	5.10104606883e-82	1.0	0.0
snp_PA14_21870_1900346	368.0	5.10104606883e-82	1.0	0.0
snp_PA14_04630,ilvD_410222	368.0	5.10104606883e-82	1.0	0.0
snp_PA14_20630_1776241	368.0	5.10104606883e-82	1.0	0.0
snp_PA14_54460_4829024	368.0	5.10104606883e-82	1.0	0.0
snp_PA14_66560,gltD_5937874	368.0	5.10104606883e-82	1.0	0.0
snp_PA14_18520,algK_1591078	368.0	5.10104606883e-82	1.0	0.0
snp_PA14_43570_3879385	368.0	5.10104606883e-82	1.0	0.0
snp_PA14_61640,phr_5500155	368.0	5.10104606883e-82	1.0	0.0
snp_PA14_09780_843000	368.0	5.10104606883e-82	1.0	0.0
snp_PA14_46860_4174285	368.0	5.10104606883e-82	1.0	0.0
snp_PA14_38950_3470364	368.0	5.10104606883e-82	1.0	0.0
snp_PA14_70620,rubB_6290817	368.0	5.10104606883e-82	1.0	0.0
snp_PA14_37650_3352046	368.0	5.10104606883e-82	1.0	0.0
snp_PA14_44290,acnA_3943085	368.0	5.10104606883e-82	1.0	0.0
snp_PA14_06030_534486	368.0	5.10104606883e-82	1.0	0.0
snp_PA14_46770_4166329	368.0	5.10104606883e-82	1.0	0.0
snp_PA14_17980,glpF_1544688	368.0	5.10104606883e-82	1.0	0.0
snp_PA14_72520_6461502	368.0	5.10104606883e-82	1.0	0.0
snp_PA14_24760,yqjE_2165157	368.0	5.10104606883e-82	1.0	0.0
snp_PA14_68120,opmG_6078222	368.0	5.10104606883e-82	1.0	0.0
snp_PA14_68170,rmlB_6082600	368.0	5.10104606883e-82	1.0	0.0
snp_PA14_05640,bfrG_500984	368.0	5.10104606883e-82	0.0	8.0
snp_PA14_16700,adk_1430717	368.0	5.10104606883e-82	1.0	0.0
snp_PA14_17880,paaJ_1535916	368.0	5.10104606883e-82	1.0	0.0
snp_PA14_50710,phaD_4503411	368.0	5.10104606883e-82	1.0	0.0
snp_PA14_30230,clpA_2618059	368.0	5.10104606883e-82	1.0	0.0
snp_PA14_32570_2828782	368.0	5.10104606883e-82	1.0	0.0
snp_PA14_14940,ybdL_1269984	368.0	5.10104606883e-82	1.0	0.0
snp_PA14_62450,trmA_5571403	368.0	5.10104606883e-82	1.0	0.0
snp_PA14_26130,morB_2281607	368.0	5.10104606883e-82	1.0	0.0
snp_PA14_64580_5753431	368.0	5.10104606883e-82	1.0	0.0
snp_PA14_33380_2939023	368.0	5.10104606883e-82	1.0	0.0
snp_PA14_30350,yqjG_2630099	368.0	5.10104606883e-82	1.0	0.0
snp_PA14_67210_5999107	368.0	5.10104606883e-82	1.0	0.0
snp_PA14_71030_6329235	368.0	5.10104606883e-82	1.0	0.0
snp_PA14_56590_5044370	368.0	5.10104606883e-82	1.0	0.0
snp_PA14_44190_3932840	368.0	5.10104606883e-82	1.0	0.0
snp_PA14_07380_633312	368.0	5.10104606883e-82	1.0	0.0
snp_PA14_48530_4314861	368.0	5.10104606883e-82	1.0	0.0
snp_PA14_68530_6114017	368.0	5.10104606883e-82	1.0	0.0
