feature	score	p-value	#I-out-of-1	#O-out-of-368
snp_PA14_34330_3053140	368.0	5.10104606883e-82	1.0	0.0
snp_PA14_18780,mexF_1618371	368.0	5.10104606883e-82	1.0	0.0
snp_PA14_35100,arsC_3124433	368.0	5.10104606883e-82	1.0	0.0
snp_PA14_15560_1316751	368.0	5.10104606883e-82	1.0	0.0
snp_PA14_30960,traG_2689579	368.0	5.10104606883e-82	1.0	0.0
snp_PA14_38080_3397277	368.0	5.10104606883e-82	1.0	0.0
snp_PA14_36590,malQ_3256894	368.0	5.10104606883e-82	1.0	0.0
snp_PA14_30910,trbE_2685984	368.0	5.10104606883e-82	0.0	51.0
snp_PA14_31240_2716154	368.0	5.10104606883e-82	0.0	55.0
snp_PA14_59690_5310518	368.0	5.10104606883e-82	1.0	0.0
snp_PA14_31240_2716625	368.0	5.10104606883e-82	1.0	0.0
snp_PA14_31200_2713572	368.0	5.10104606883e-82	1.0	0.0
snp_PA14_35080,arsH_3124171	368.0	5.10104606883e-82	1.0	0.0
snp_PA14_15540,trbL_1315301	368.0	5.10104606883e-82	1.0	0.0
snp_PA14_30950_2688029	368.0	5.10104606883e-82	1.0	0.0
snp_PA14_45350,ccmC_4040607	368.0	5.10104606883e-82	1.0	0.0
snp_PA14_10570,hpcH_911324	368.0	5.10104606883e-82	1.0	0.0
snp_PA14_30910,trbE_2684492	368.0	5.10104606883e-82	1.0	0.0
snp_PA14_48970_4351797	368.0	5.10104606883e-82	1.0	0.0
snp_PA14_34330_3053561	368.0	5.10104606883e-82	1.0	0.0
snp_PA14_15520,trbJ_1313414	368.0	5.10104606883e-82	0.0	1.0
snp_PA14_45720,flhB_4067087	368.0	5.10104606883e-82	1.0	0.0
snp_PA14_62010,hitB_5530978	368.0	5.10104606883e-82	1.0	0.0
snp_PA14_34330_3053162	368.0	5.10104606883e-82	1.0	0.0
snp_PA14_41260_3682883	368.0	5.10104606883e-82	1.0	0.0
snp_PA14_35080,arsH_3123506	368.0	5.10104606883e-82	1.0	0.0
snp_PA14_43650_3886216	368.0	5.10104606883e-82	1.0	0.0
snp_PA14_10850_940191	368.0	5.10104606883e-82	1.0	0.0
snp_PA14_30970,bphR_2691072	368.0	5.10104606883e-82	1.0	0.0
snp_PA14_29030_2510212	368.0	5.10104606883e-82	1.0	0.0
snp_PA14_30230,clpA_2618835	368.0	5.10104606883e-82	1.0	0.0
snp_PA14_17640,potA_1516639	368.0	5.10104606883e-82	1.0	0.0
snp_PA14_24445,gdhB_2133971	368.0	5.10104606883e-82	1.0	0.0
snp_PA14_30940,trbB_2686983	368.0	5.10104606883e-82	1.0	0.0
snp_PA14_30950_2688083	368.0	5.10104606883e-82	1.0	0.0
snp_PA14_14060_1205180	368.0	5.10104606883e-82	1.0	0.0
snp_PA14_36100,pdxA_3217340	368.0	5.10104606883e-82	1.0	0.0
snp_PA14_49160,yegE_4367528	368.0	5.10104606883e-82	1.0	0.0
snp_PA14_30860,trbG_2680652	368.0	5.10104606883e-82	0.0	2.0
snp_PA14_34330_3053514	368.0	5.10104606883e-82	1.0	0.0
snp_PA14_43970,lpdG_3913944	368.0	5.10104606883e-82	1.0	0.0
snp_PA14_31190_2712940	368.0	5.10104606883e-82	0.0	6.0
snp_PA14_31180_2710317	368.0	5.10104606883e-82	1.0	0.0
snp_PA14_31130_2707460	368.0	5.10104606883e-82	1.0	0.0
snp_PA14_30940,trbB_2687215	368.0	5.10104606883e-82	0.0	12.0
snp_PA14_31190_2711312	368.0	5.10104606883e-82	1.0	0.0
snp_PA14_34330_3053554	368.0	5.10104606883e-82	1.0	0.0
snp_PA14_40130_3577726	368.0	5.10104606883e-82	1.0	0.0
snp_PA14_30850,trbI_2678758	368.0	5.10104606883e-82	1.0	0.0
snp_PA14_45960,lasR_4085376	368.0	5.10104606883e-82	1.0	0.0
snp_PA14_05390,chpA_468899	368.0	5.10104606883e-82	1.0	0.0
snp_PA14_30880,trbL_2681582	368.0	5.10104606883e-82	1.0	0.0
snp_PA14_31070_2701932	368.0	5.10104606883e-82	0.0	122.0
snp_PA14_30950_2688032	368.0	5.10104606883e-82	1.0	0.0
snp_PA14_00910_91735	368.0	5.10104606883e-82	1.0	0.0
snp_PA14_64060,ctpL_5710331	368.0	5.10104606883e-82	1.0	0.0
snp_PA14_34330_3053569	368.0	5.10104606883e-82	1.0	0.0
snp_PA14_10470,bcr_902618	368.0	5.10104606883e-82	1.0	0.0
snp_PA14_30860,trbG_2680479	368.0	5.10104606883e-82	0.0	44.0
snp_PA14_30850,trbI_2678811	368.0	5.10104606883e-82	1.0	0.0
snp_PA14_30910,trbE_2683852	368.0	5.10104606883e-82	1.0	0.0
snp_PA14_38720_3452756	368.0	5.10104606883e-82	1.0	0.0
snp_PA14_31950,cztS_2782292	368.0	5.10104606883e-82	1.0	0.0
snp_PA14_15510,traJ_1312730	368.0	5.10104606883e-82	0.0	1.0
snp_PA14_23770,yafE_2066427	368.0	5.10104606883e-82	1.0	0.0
snp_PA14_63800,mgtA_5687026	368.0	5.10104606883e-82	1.0	0.0
snp_PA14_31070_2702338	368.0	5.10104606883e-82	0.0	1.0
snp_PA14_35100,arsC_3124484	368.0	5.10104606883e-82	0.0	1.0
snp_PA14_30960,traG_2690082	368.0	5.10104606883e-82	0.0	15.0
snp_PA14_15510,traJ_1312720	368.0	5.10104606883e-82	1.0	0.0
snp_PA14_35100,arsC_3124529	368.0	5.10104606883e-82	1.0	0.0
snp_PA14_15520,trbJ_1313469	368.0	5.10104606883e-82	1.0	0.0
snp_PA14_71990,gmd_6416323	368.0	5.10104606883e-82	1.0	0.0
snp_PA14_30970,bphR_2691774	368.0	5.10104606883e-82	1.0	0.0
snp_PA14_31070_2701845	368.0	5.10104606883e-82	1.0	0.0
snp_PA14_18780,mexF_1617729	368.0	5.10104606883e-82	1.0	0.0
snp_PA14_31240_2716733	368.0	5.10104606883e-82	1.0	0.0
snp_PA14_15530,trbK_1314233	368.0	5.10104606883e-82	1.0	0.0
snp_PA14_30900,trbJ_2683559	368.0	5.10104606883e-82	1.0	0.0
snp_PA14_31070_2701667	368.0	5.10104606883e-82	1.0	0.0
snp_PA14_33650,pvdD_2985069	368.0	5.10104606883e-82	1.0	0.0
snp_PA14_40020_3566076	368.0	5.10104606883e-82	1.0	0.0
snp_PA14_45720,flhB_4067678	368.0	5.10104606883e-82	1.0	0.0
snp_PA14_31200_2713571	368.0	5.10104606883e-82	1.0	0.0
snp_PA14_47610_4240323	368.0	5.10104606883e-82	1.0	0.0
snp_PA14_15560_1316611	368.0	5.10104606883e-82	1.0	0.0
snp_PA14_35080,arsH_3123507	368.0	5.10104606883e-82	1.0	0.0
snp_PA14_31180_2710575	368.0	5.10104606883e-82	0.0	1.0
snp_PA14_31190_2712954	368.0	5.10104606883e-82	0.0	8.0
snp_PA14_47560_4237339	368.0	5.10104606883e-82	1.0	0.0
snp_PA14_43320,glsA_3858883	368.0	5.10104606883e-82	1.0	0.0
snp_PA14_15510,traJ_1312728	368.0	5.10104606883e-82	1.0	0.0
snp_PA14_15520,trbJ_1313764	368.0	5.10104606883e-82	1.0	0.0
snp_PA14_60820,oprJ_5422512	368.0	5.10104606883e-82	1.0	0.0
snp_PA14_33170_2903809	368.0	5.10104606883e-82	1.0	0.0
snp_PA14_08370,vfr_717016	368.0	5.10104606883e-82	1.0	0.0
snp_PA14_30970,bphR_2691327	368.0	5.10104606883e-82	1.0	0.0
snp_PA14_15560_1316626	368.0	5.10104606883e-82	1.0	0.0
snp_PA14_30910,trbE_2685456	368.0	5.10104606883e-82	1.0	0.0
snp_PA14_30860,trbG_2680495	368.0	5.10104606883e-82	1.0	0.0
