feature	score	p-value	#I-out-of-1	#O-out-of-368
snp_PA14_43070,hcpD_3832013	368.0	5.10104606883e-82	1.0	0.0
snp_PA14_43080_3834487	368.0	5.10104606883e-82	1.0	0.0
snp_PA14_43100_3837241	368.0	5.10104606883e-82	1.0	0.0
snp_PA14_43100_3837727	368.0	5.10104606883e-82	1.0	0.0
snp_PA14_62930,carA_5616093	368.0	5.10104606883e-82	1.0	0.0
snp_PA14_33610_2970414	368.0	5.10104606883e-82	1.0	0.0
snp_PA14_21450_1859513	368.0	5.10104606883e-82	1.0	0.0
snp_PA14_17150_1472574	368.0	5.10104606883e-82	1.0	0.0
snp_PA14_43100_3837149	368.0	5.10104606883e-82	1.0	0.0
snp_PA14_43070,hcpD_3832087	368.0	5.10104606883e-82	1.0	0.0
snp_PA14_43070,hcpD_3832387	368.0	5.10104606883e-82	1.0	0.0
snp_PA14_33280,pvdL_2919767	368.0	5.10104606883e-82	1.0	0.0
snp_PA14_33610_2968930	368.0	5.10104606883e-82	1.0	0.0
snp_PA14_43080_3832729	368.0	5.10104606883e-82	1.0	0.0
snp_PA14_43100_3838079	368.0	5.10104606883e-82	1.0	0.0
snp_PA14_43080_3832826	368.0	5.10104606883e-82	1.0	0.0
snp_PA14_33610_2961055	368.0	5.10104606883e-82	1.0	0.0
snp_PA14_43100_3837198	368.0	5.10104606883e-82	1.0	0.0
snp_PA14_43100_3837156	368.0	5.10104606883e-82	1.0	0.0
snp_PA14_43080_3834517	368.0	5.10104606883e-82	1.0	0.0
snp_PA14_43070,hcpD_3832393	368.0	5.10104606883e-82	1.0	0.0
snp_PA14_69550_6205302	368.0	5.10104606883e-82	1.0	0.0
snp_PA14_33610_2970412	368.0	5.10104606883e-82	1.0	0.0
snp_PA14_43100_3837236	368.0	5.10104606883e-82	1.0	0.0
snp_PA14_28870_2492315	368.0	5.10104606883e-82	1.0	0.0
snp_PA14_63160,pmrB_5637192	368.0	5.10104606883e-82	1.0	0.0
snp_PA14_03220_286144	368.0	5.10104606883e-82	1.0	0.0
snp_PA14_43070,hcpD_3832090	368.0	5.10104606883e-82	1.0	0.0
snp_PA14_43080_3834532	368.0	5.10104606883e-82	1.0	0.0
snp_PA14_43080_3834521	368.0	5.10104606883e-82	1.0	0.0
snp_PA14_43080_3834514	368.0	5.10104606883e-82	1.0	0.0
snp_PA14_43080_3834298	368.0	5.10104606883e-82	1.0	0.0
snp_PA14_43080_3832637	368.0	5.10104606883e-82	1.0	0.0
snp_PA14_43080_3832717	368.0	5.10104606883e-82	1.0	0.0
snp_PA14_43100_3837176	368.0	5.10104606883e-82	1.0	0.0
snp_PA14_59830_5328690	368.0	5.10104606883e-82	1.0	0.0
snp_PA14_43100_3837260	368.0	5.10104606883e-82	1.0	0.0
snp_PA14_43070,hcpD_3832192	368.0	5.10104606883e-82	0.0	0.0
snp_PA14_43100_3837201	368.0	5.10104606883e-82	1.0	0.0
snp_PA14_33280,pvdL_2921652	368.0	5.10104606883e-82	1.0	0.0
snp_PA14_43090_3834789	368.0	5.10104606883e-82	1.0	0.0
snp_PA14_33280,pvdL_2921448	368.0	5.10104606883e-82	1.0	0.0
snp_PA14_43070,hcpD_3832340	368.0	5.10104606883e-82	0.0	2.0
snp_PA14_69550_6204118	368.0	5.10104606883e-82	1.0	0.0
snp_PA14_43080_3832644	368.0	5.10104606883e-82	1.0	0.0
snp_PA14_43080_3832772	368.0	5.10104606883e-82	1.0	0.0
snp_PA14_43080_3834489	368.0	5.10104606883e-82	1.0	0.0
snp_PA14_43100_3837731	368.0	5.10104606883e-82	1.0	0.0
snp_PA14_21450_1859515	368.0	5.10104606883e-82	1.0	0.0
snp_PA14_43080_3834474	368.0	5.10104606883e-82	1.0	0.0
snp_PA14_43070,hcpD_3832339	368.0	5.10104606883e-82	1.0	0.0
snp_PA14_43070,hcpD_3832217	368.0	5.10104606883e-82	1.0	0.0
snp_PA14_43100_3839249	368.0	5.10104606883e-82	1.0	0.0
snp_PA14_43090_3834635	368.0	5.10104606883e-82	1.0	0.0
snp_PA14_43100_3837791	368.0	5.10104606883e-82	1.0	0.0
snp_PA14_21450_1859948	368.0	5.10104606883e-82	0.0	1.0
snp_PA14_21450_1859967	368.0	5.10104606883e-82	1.0	0.0
snp_PA14_59370_5288751	368.0	5.10104606883e-82	0.0	7.0
snp_PA14_69550_6204086	368.0	5.10104606883e-82	1.0	0.0
snp_PA14_43100_3837184	368.0	5.10104606883e-82	1.0	0.0
snp_PA14_59370_5288758	368.0	5.10104606883e-82	1.0	0.0
snp_PA14_43080_3834533	368.0	5.10104606883e-82	1.0	0.0
snp_PA14_59850_5331979	368.0	5.10104606883e-82	0.0	0.0
snp_PA14_43100_3837652	368.0	5.10104606883e-82	1.0	0.0
snp_PA14_55280_4908708	368.0	5.10104606883e-82	1.0	0.0
snp_PA14_21450_1859537	368.0	5.10104606883e-82	1.0	0.0
snp_PA14_43090_3834792	368.0	5.10104606883e-82	1.0	0.0
snp_PA14_43080_3833851	368.0	5.10104606883e-82	1.0	0.0
snp_PA14_43070,hcpD_3832016	368.0	5.10104606883e-82	1.0	0.0
snp_PA14_21450_1859961	368.0	5.10104606883e-82	1.0	0.0
snp_PA14_43070,hcpD_3832318	368.0	5.10104606883e-82	1.0	0.0
snp_PA14_28870_2492292	368.0	5.10104606883e-82	1.0	0.0
snp_PA14_43080_3834421	368.0	5.10104606883e-82	1.0	0.0
snp_PA14_43070,hcpD_3832160	368.0	5.10104606883e-82	1.0	0.0
snp_PA14_43080_3834488	368.0	5.10104606883e-82	1.0	0.0
snp_PA14_33610_2965754	368.0	5.10104606883e-82	1.0	0.0
snp_PA14_43100_3837267	368.0	5.10104606883e-82	1.0	0.0
snp_PA14_33280,pvdL_2920026	368.0	5.10104606883e-82	1.0	0.0
snp_PA14_43080_3834424	368.0	5.10104606883e-82	1.0	0.0
snp_PA14_61200_5461461	368.0	5.10104606883e-82	1.0	0.0
snp_PA14_15610_1327366	368.0	5.10104606883e-82	1.0	0.0
snp_PA14_43070,hcpD_3832195	368.0	5.10104606883e-82	1.0	0.0
snp_PA14_33610_2961050	368.0	5.10104606883e-82	0.0	37.0
snp_PA14_59070_5260910	368.0	5.10104606883e-82	1.0	0.0
snp_PA14_33280,pvdL_2921839	368.0	5.10104606883e-82	1.0	0.0
snp_PA14_43080_3834260	368.0	5.10104606883e-82	1.0	0.0
snp_PA14_43080_3834473	368.0	5.10104606883e-82	1.0	0.0
snp_PA14_55280_4908804	368.0	5.10104606883e-82	1.0	0.0
snp_PA14_31100_2705537	368.0	5.10104606883e-82	1.0	0.0
snp_PA14_43100_3837200	368.0	5.10104606883e-82	1.0	0.0
snp_PA14_33280,pvdL_2919732	368.0	5.10104606883e-82	1.0	0.0
snp_PA14_43100_3837238	368.0	5.10104606883e-82	1.0	0.0
snp_PA14_28780_2478816	368.0	5.10104606883e-82	1.0	0.0
snp_PA14_43100_3837269	368.0	5.10104606883e-82	1.0	0.0
snp_PA14_31000_2693577	368.0	5.10104606883e-82	1.0	0.0
snp_PA14_21450_1859529	368.0	5.10104606883e-82	1.0	0.0
snp_PA14_03240,hcpC_288852	368.0	5.10104606883e-82	1.0	0.0
snp_PA14_43100_3838078	368.0	5.10104606883e-82	1.0	0.0
snp_PA14_43100_3838400	368.0	5.10104606883e-82	1.0	0.0
snp_PA14_43100_3837790	368.0	5.10104606883e-82	1.0	0.0
