feature	score	p-value	#I-out-of-1	#O-out-of-368
snp_PA14_31070_2701517	368.0	5.10104606883e-82	1.0	0.0
gene_pa_group_7251	368.0	5.10104606883e-82	1.0	0.0
snp_PA14_31070_2702207	368.0	5.10104606883e-82	1.0	0.0
snp_PA14_30970,bphR_2691513	368.0	5.10104606883e-82	1.0	0.0
snp_PA14_18985_1641045	368.0	5.10104606883e-82	1.0	0.0
snp_PA14_67190_5997005	368.0	5.10104606883e-82	1.0	0.0
snp_PA14_31070_2701481	368.0	5.10104606883e-82	0.0	81.0
snp_PA14_43220_3850881	368.0	5.10104606883e-82	1.0	0.0
gene_pa_hisD_2	368.0	5.10104606883e-82	1.0	0.0
snp_PA14_59940_5337562	368.0	5.10104606883e-82	1.0	0.0
snp_PA14_43220_3850779	368.0	5.10104606883e-82	1.0	0.0
snp_PA14_43220_3850730	368.0	5.10104606883e-82	1.0	0.0
snp_PA14_65760_5857536	368.0	5.10104606883e-82	1.0	0.0
snp_PA14_65760_5857436	368.0	5.10104606883e-82	1.0	0.0
snp_PA14_13940_1197649	368.0	5.10104606883e-82	1.0	0.0
snp_PA14_33360_2936558	368.0	5.10104606883e-82	1.0	0.0
snp_PA14_31070_2701228	368.0	5.10104606883e-82	1.0	0.0
snp_PA14_65760_5857324	368.0	5.10104606883e-82	1.0	0.0
snp_PA14_59540_5297186	368.0	5.10104606883e-82	1.0	0.0
snp_PA14_31070_2702248	368.0	5.10104606883e-82	0.0	2.0
snp_PA14_59540_5297158	368.0	5.10104606883e-82	1.0	0.0
snp_PA14_43220_3850816	368.0	5.10104606883e-82	1.0	0.0
snp_PA14_31070_2701486	368.0	5.10104606883e-82	1.0	0.0
snp_PA14_49480_4399320	368.0	5.10104606883e-82	1.0	0.0
snp_PA14_59660_5309136	368.0	5.10104606883e-82	1.0	0.0
snp_PA14_60130_5356047	368.0	5.10104606883e-82	1.0	0.0
snp_PA14_65760_5857540	368.0	5.10104606883e-82	1.0	0.0
snp_PA14_59540_5298656	368.0	5.10104606883e-82	1.0	0.0
snp_PA14_59660_5309122	368.0	5.10104606883e-82	1.0	0.0
snp_PA14_65760_5857541	368.0	5.10104606883e-82	1.0	0.0
snp_PA14_59540_5297162	368.0	5.10104606883e-82	1.0	0.0
snp_PA14_59660_5309137	368.0	5.10104606883e-82	1.0	0.0
snp_PA14_60310,pilY1_5374614	368.0	5.10104606883e-82	1.0	0.0
snp_PA14_31380,sfpA_2729640	368.0	5.10104606883e-82	1.0	0.0
snp_PA14_65760_5857334	368.0	5.10104606883e-82	1.0	0.0
snp_PA14_65760_5857210	368.0	5.10104606883e-82	1.0	0.0
snp_PA14_33610_2971754	368.0	5.10104606883e-82	0.0	3.0
snp_PA14_59940_5337564	368.0	5.10104606883e-82	1.0	0.0
snp_PA14_31070_2701216	368.0	5.10104606883e-82	1.0	0.0
snp_PA14_31380,sfpA_2729641	368.0	5.10104606883e-82	1.0	0.0
snp_PA14_30960,traG_2690199	368.0	5.10104606883e-82	0.0	7.0
snp_PA14_65760_5857391	368.0	5.10104606883e-82	1.0	0.0
snp_PA14_12630_1083393	368.0	5.10104606883e-82	1.0	0.0
snp_PA14_13870_1192712	368.0	5.10104606883e-82	1.0	0.0
snp_PA14_59660_5309112	368.0	5.10104606883e-82	1.0	0.0
snp_PA14_49480_4399230	368.0	5.10104606883e-82	1.0	0.0
snp_PA14_31070_2701367	368.0	5.10104606883e-82	1.0	0.0
snp_PA14_65760_5857430	368.0	5.10104606883e-82	1.0	0.0
gene_pa_group_12545	183.001358696	1.07184299934e-41	1.0	1.0
snp_PA14_65760_5857379	183.001358696	1.07184299934e-41	1.0	1.0
snp_PA14_60020_5344836	183.001358696	1.07184299934e-41	0.0	9.0
snp_PA14_33650,pvdD_2979967	183.001358696	1.07184299934e-41	1.0	1.0
snp_PA14_50280,flaG_4465111	183.001358696	1.07184299934e-41	0.0	3.0
gene_pa_group_8473	183.001358696	1.07184299934e-41	1.0	1.0
gene_pa_nuoH_2	183.001358696	1.07184299934e-41	1.0	1.0
snp_PA14_59930_5336959	183.001358696	1.07184299934e-41	1.0	1.0
snp_PA14_60130_5356046	183.001358696	1.07184299934e-41	1.0	1.0
snp_PA14_59540_5297352	183.001358696	1.07184299934e-41	1.0	1.0
snp_PA14_31070_2701852	183.001358696	1.07184299934e-41	0.0	2.0
snp_PA14_59540_5297163	183.001358696	1.07184299934e-41	1.0	1.0
snp_PA14_33360_2936994	183.001358696	1.07184299934e-41	0.0	4.0
snp_PA14_59940_5337409	183.001358696	1.07184299934e-41	1.0	1.0
snp_PA14_31070_2702909	183.001358696	1.07184299934e-41	1.0	1.0
snp_PA14_31280_2720034	183.001358696	1.07184299934e-41	1.0	1.0
gene_pa_group_17752	183.001358696	1.07184299934e-41	1.0	1.0
snp_PA14_46800_4167756	183.001358696	1.07184299934e-41	1.0	1.0
snp_PA14_33610_2964022	183.001358696	1.07184299934e-41	1.0	1.0
snp_PA14_30930,trbC_2686894	183.001358696	1.07184299934e-41	0.0	41.0
snp_PA14_59540_5297937	183.001358696	1.07184299934e-41	1.0	1.0
snp_PA14_03380_311279	121.336956522	3.22440694142e-28	1.0	2.0
snp_PA14_03380_311285	121.336956522	3.22440694142e-28	1.0	2.0
snp_PA14_31070_2703272	121.336956522	3.22440694142e-28	1.0	2.0
snp_PA14_59660_5309082	121.336956522	3.22440694142e-28	1.0	2.0
snp_PA14_31070_2701364	121.336956522	3.22440694142e-28	0.0	1.0
snp_PA14_33650,pvdD_2979966	121.336956522	3.22440694142e-28	1.0	2.0
snp_PA14_03400_312395	121.336956522	3.22440694142e-28	0.0	2.0
snp_PA14_59660_5309076	121.336956522	3.22440694142e-28	1.0	2.0
snp_PA14_03250_291581	121.336956522	3.22440694142e-28	0.0	1.0
snp_PA14_00510_45447	121.336956522	3.22440694142e-28	1.0	2.0
snp_PA14_60130_5356448	121.336956522	3.22440694142e-28	0.0	1.0
snp_PA14_59940_5337408	121.336956522	3.22440694142e-28	1.0	2.0
snp_PA14_00510_45449	121.336956522	3.22440694142e-28	0.0	3.0
snp_PA14_03380_311315	121.336956522	3.22440694142e-28	1.0	2.0
snp_PA14_59540_5297175	121.336956522	3.22440694142e-28	1.0	2.0
snp_PA14_32740,optS_2842925	121.336956522	3.22440694142e-28	1.0	2.0
snp_PA14_60020_5345137	121.336956522	3.22440694142e-28	1.0	2.0
snp_PA14_33610_2958444	121.336956522	3.22440694142e-28	1.0	2.0
snp_PA14_33650,pvdD_2984988	121.336956522	3.22440694142e-28	1.0	2.0
snp_PA14_60020_5345541	121.336956522	3.22440694142e-28	1.0	2.0
snp_PA14_33650,pvdD_2979961	121.336956522	3.22440694142e-28	1.0	2.0
snp_PA14_59540_5298641	121.336956522	3.22440694142e-28	1.0	2.0
snp_PA14_03285_298353	121.336956522	3.22440694142e-28	1.0	2.0
snp_PA14_03380_311334	121.336956522	3.22440694142e-28	1.0	2.0
snp_PA14_46800_4167735	90.5061141304	1.84406175281e-21	1.0	3.0
snp_PA14_60130_5356604	90.5061141304	1.84406175281e-21	1.0	3.0
snp_PA14_31380,sfpA_2729514	90.5061141304	1.84406175281e-21	1.0	3.0
snp_PA14_59540_5297297	90.5061141304	1.84406175281e-21	1.0	3.0
snp_PA14_33690,pvdE_2990223	90.5061141304	1.84406175281e-21	1.0	3.0
snp_PA14_54850_4860450	90.5061141304	1.84406175281e-21	1.0	3.0
snp_PA14_13970_1198646	90.5061141304	1.84406175281e-21	1.0	3.0
