feature	score	p-value	#I-out-of-9	#O-out-of-360
gene_pa_group_17186	80.0	3.7440973842e-19	2.0	0.0
snp_PA14_59880_5332874	80.0	3.7440973842e-19	2.0	0.0
snp_PA14_59100_5263789	80.0	3.7440973842e-19	2.0	0.0
snp_PA14_05870_520474	80.0	3.7440973842e-19	2.0	0.0
snp_PA14_55400_4925511	80.0	3.7440973842e-19	2.0	0.0
gene_pa_group_23571	80.0	3.7440973842e-19	2.0	0.0
snp_PA14_73400,trmE_6533780	80.0	3.7440973842e-19	2.0	0.0
gene_pa_group_13485	80.0	3.7440973842e-19	2.0	0.0
gene_pa_group_21676	80.0	3.7440973842e-19	2.0	0.0
snp_PA14_59100_5264084	80.0	3.7440973842e-19	2.0	0.0
snp_PA14_59050_5259306	80.0	3.7440973842e-19	2.0	0.0
snp_PA14_05870_520234	80.0	3.7440973842e-19	2.0	0.0
snp_PA14_00510_51098	80.0	3.7440973842e-19	2.0	0.0
snp_PA14_05870_519594	80.0	3.7440973842e-19	2.0	0.0
gene_pa_group_16438	80.0	3.7440973842e-19	2.0	0.0
gene_pa_group_21211	80.0	3.7440973842e-19	2.0	0.0
snp_PA14_59880_5332869	80.0	3.7440973842e-19	1.0	74.0
snp_PA14_47380,hxuC_4221441	80.0	3.7440973842e-19	2.0	0.0
snp_PA14_00510_51358	80.0	3.7440973842e-19	2.0	0.0
gene_pa_group_21372	80.0	3.7440973842e-19	2.0	0.0
snp_PA14_05880,nfeD_521533	80.0	3.7440973842e-19	2.0	0.0
snp_PA14_47380,hxuC_4221440	80.0	3.7440973842e-19	2.0	0.0
snp_PA14_32790_2862014	80.0	3.7440973842e-19	2.0	0.0
snp_PA14_00510_49312	80.0	3.7440973842e-19	2.0	0.0
gene_pa_group_23384	80.0	3.7440973842e-19	2.0	0.0
snp_PA14_59010_5258397	80.0	3.7440973842e-19	2.0	0.0
snp_PA14_59020_5258822	80.0	3.7440973842e-19	2.0	0.0
snp_PA14_59020_5258774	80.0	3.7440973842e-19	3.0	43.0
snp_PA14_28250_2444277	80.0	3.7440973842e-19	2.0	0.0
snp_PA14_00310_28757	80.0	3.7440973842e-19	2.0	0.0
gene_pa_group_2864	80.0	3.7440973842e-19	2.0	0.0
snp_PA14_59780,rcsC_5322151	80.0	3.7440973842e-19	2.0	0.0
gene_pa_group_8959	80.0	3.7440973842e-19	2.0	0.0
snp_PA14_59735,cupD3_5315761	52.0083333333	5.52655910306e-13	2.0	1.0
snp_PA14_36090,opdG_3215777	52.0083333333	5.52655910306e-13	2.0	1.0
snp_PA14_15460,merA_1310366	52.0083333333	5.52655910306e-13	2.0	1.0
snp_PA14_50300_4468820	52.0083333333	5.52655910306e-13	2.0	1.0
snp_PA14_59780,rcsC_5322054	52.0083333333	5.52655910306e-13	2.0	1.0
snp_PA14_26920_2341306	52.0083333333	5.52655910306e-13	2.0	1.0
snp_PA14_59110_5264424	52.0083333333	5.52655910306e-13	2.0	1.0
snp_PA14_59735,cupD3_5315819	52.0083333333	5.52655910306e-13	2.0	1.0
snp_PA14_08310_712831	52.0083333333	5.52655910306e-13	2.0	1.0
snp_PA14_59735,cupD3_5315735	52.0083333333	5.52655910306e-13	2.0	1.0
snp_PA14_35500,bkdB_3156974	52.0083333333	5.52655910306e-13	2.0	1.0
gene_pa_group_21422	52.0083333333	5.52655910306e-13	2.0	1.0
snp_PA14_59780,rcsC_5322079	52.0083333333	5.52655910306e-13	2.0	1.0
snp_PA14_24380_2121949	52.0083333333	5.52655910306e-13	2.0	1.0
snp_PA14_20510_1763177	52.0083333333	5.52655910306e-13	2.0	1.0
snp_PA14_24950,glpD2_2180476	52.0083333333	5.52655910306e-13	2.0	1.0
snp_PA14_59780,rcsC_5322067	52.0083333333	5.52655910306e-13	2.0	1.0
snp_PA14_49520,pyoS3A_4404032	52.0083333333	5.52655910306e-13	2.0	1.0
snp_PA14_59800_5326039	52.0083333333	5.52655910306e-13	2.0	1.0
snp_PA14_33650,pvdD_2985084	52.0083333333	5.52655910306e-13	2.0	1.0
snp_PA14_06980_605613	52.0083333333	5.52655910306e-13	2.0	1.0
snp_PA14_59650_5308118	52.0083333333	5.52655910306e-13	2.0	1.0
gene_pa_group_17562	52.0083333333	5.52655910306e-13	2.0	1.0
snp_PA14_32905_2879165	52.0083333333	5.52655910306e-13	2.0	1.0
snp_PA14_59100_5264086	52.0083333333	5.52655910306e-13	2.0	1.0
snp_PA14_07990,hol_688506	52.0083333333	5.52655910306e-13	2.0	1.0
snp_PA14_02990_262087	52.0083333333	5.52655910306e-13	2.0	1.0
gene_pa_group_3910	52.0083333333	5.52655910306e-13	2.0	1.0
snp_PA14_54030_4791072	52.0083333333	5.52655910306e-13	2.0	1.0
snp_PA14_40620_3626058	52.0083333333	5.52655910306e-13	2.0	1.0
snp_PA14_59800_5326013	52.0083333333	5.52655910306e-13	2.0	1.0
snp_PA14_29500,hplS_2559985	52.0083333333	5.52655910306e-13	2.0	1.0
snp_PA14_33280,pvdL_2917062	52.0083333333	5.52655910306e-13	2.0	1.0
snp_PA14_15460,merA_1308982	52.0083333333	5.52655910306e-13	2.0	1.0
snp_PA14_59735,cupD3_5315758	52.0083333333	5.52655910306e-13	2.0	1.0
snp_PA14_22650_1970217	52.0083333333	5.52655910306e-13	2.0	1.0
gene_pa_group_8953	52.0083333333	5.52655910306e-13	2.0	1.0
snp_PA14_16670,cadR_1426712	52.0083333333	5.52655910306e-13	2.0	1.0
snp_PA14_28870_2492097	52.0083333333	5.52655910306e-13	2.0	1.0
gene_pa_group_16091	52.0083333333	5.52655910306e-13	2.0	1.0
snp_PA14_09150,katA_773913	52.0083333333	5.52655910306e-13	2.0	1.0
snp_PA14_52310,dinP_4642923	52.0083333333	5.52655910306e-13	2.0	1.0
snp_PA14_09150,katA_774430	52.0083333333	5.52655910306e-13	2.0	1.0
snp_PA14_69720_6219093	41.328125	1.28703703952e-10	3.0	5.0
snp_PA14_20510_1763036	41.328125	1.28703703952e-10	3.0	5.0
snp_PA14_67830_6057667	40.0	2.53962858947e-10	1.0	0.0
snp_PA14_09440,phzE1_809277	40.0	2.53962858947e-10	1.0	0.0
snp_PA14_46980_4184208	40.0	2.53962858947e-10	1.0	0.0
snp_PA14_30970,bphR_2691638	40.0	2.53962858947e-10	1.0	0.0
snp_PA14_06420_564750	40.0	2.53962858947e-10	1.0	0.0
snp_PA14_05390,chpA_476052	40.0	2.53962858947e-10	1.0	0.0
snp_PA14_47090_4194500	40.0	2.53962858947e-10	1.0	0.0
snp_PA14_65040_5795683	40.0	2.53962858947e-10	1.0	0.0
snp_PA14_31070_2702422	40.0	2.53962858947e-10	1.0	0.0
snp_PA14_24480,pelA_2137887	40.0	2.53962858947e-10	1.0	0.0
gene_pa_group_695	40.0	2.53962858947e-10	1.0	0.0
snp_PA14_11490_995234	40.0	2.53962858947e-10	1.0	0.0
snp_PA14_16860,plsB_1444048	40.0	2.53962858947e-10	1.0	0.0
snp_PA14_33610_2962993	40.0	2.53962858947e-10	1.0	0.0
snp_PA14_55410_4930652	40.0	2.53962858947e-10	1.0	0.0
snp_PA14_09320,pchI_798613	40.0	2.53962858947e-10	1.0	0.0
snp_PA14_31160_2708861	40.0	2.53962858947e-10	1.0	0.0
snp_PA14_64650,ureE_5758727	40.0	2.53962858947e-10	1.0	0.0
snp_PA14_30940,trbB_2687129	40.0	2.53962858947e-10	1.0	0.0
snp_PA14_59860_5332415	40.0	2.53962858947e-10	1.0	0.0
snp_PA14_09150,katA_773635	40.0	2.53962858947e-10	1.0	0.0
snp_PA14_37830,iscS_3374326	40.0	2.53962858947e-10	1.0	0.0
