feature	score	p-value	#I-out-of-1	#O-out-of-368
gene_pa_group_3712	368.0	5.10104606883e-82	1.0	0.0
snp_PA14_00050,gyrB_4687	368.0	5.10104606883e-82	1.0	0.0
snp_PA14_23420_2035336	368.0	5.10104606883e-82	1.0	0.0
snp_PA14_55400_4929120	368.0	5.10104606883e-82	1.0	0.0
snp_PA14_33630,pvdJ_2976452	368.0	5.10104606883e-82	1.0	0.0
snp_PA14_69950_6242268	368.0	5.10104606883e-82	1.0	0.0
snp_PA14_33360_2936252	368.0	5.10104606883e-82	1.0	0.0
snp_PA14_17270,accA_1483598	368.0	5.10104606883e-82	1.0	0.0
snp_PA14_23420_2035341	368.0	5.10104606883e-82	1.0	0.0
snp_PA14_33630,pvdJ_2976450	368.0	5.10104606883e-82	1.0	0.0
gene_pa_group_20427	368.0	5.10104606883e-82	1.0	0.0
snp_PA14_54430,algU_4826627	368.0	5.10104606883e-82	1.0	0.0
snp_PA14_37320_3322063	368.0	5.10104606883e-82	1.0	0.0
snp_PA14_13780,narG_1185330	368.0	5.10104606883e-82	1.0	0.0
snp_PA14_33630,pvdJ_2972594	368.0	5.10104606883e-82	1.0	0.0
snp_PA14_00490_41704	368.0	5.10104606883e-82	1.0	0.0
snp_PA14_45960,lasR_4085412	368.0	5.10104606883e-82	1.0	0.0
snp_PA14_48990_4352512	368.0	5.10104606883e-82	1.0	0.0
snp_PA14_33650,pvdD_2979672	368.0	5.10104606883e-82	1.0	0.0
snp_PA14_33610_2966120	368.0	5.10104606883e-82	1.0	0.0
snp_PA14_57160,apbA_5090931	368.0	5.10104606883e-82	1.0	0.0
snp_PA14_00020,dnaN_3098	368.0	5.10104606883e-82	1.0	0.0
snp_PA14_59490_5293854	368.0	5.10104606883e-82	1.0	0.0
snp_PA14_48890_4347324	368.0	5.10104606883e-82	1.0	0.0
snp_PA14_07770,ostA_667178	368.0	5.10104606883e-82	0.0	1.0
snp_PA14_52070_4620532	368.0	5.10104606883e-82	1.0	0.0
snp_PA14_67190_5997731	368.0	5.10104606883e-82	1.0	0.0
snp_PA14_48890_4346670	368.0	5.10104606883e-82	0.0	8.0
snp_PA14_59490_5294039	368.0	5.10104606883e-82	1.0	0.0
snp_PA14_23260,gyrA_2015552	368.0	5.10104606883e-82	1.0	0.0
snp_PA14_33650,pvdD_2979529	368.0	5.10104606883e-82	1.0	0.0
gene_pa_group_1977	368.0	5.10104606883e-82	1.0	0.0
snp_PA14_33650,pvdD_2982678	368.0	5.10104606883e-82	1.0	0.0
snp_PA14_60860,nfxB_5428252	368.0	5.10104606883e-82	1.0	0.0
snp_PA14_32780_2847338	368.0	5.10104606883e-82	1.0	0.0
snp_PA14_34580_3072785	368.0	5.10104606883e-82	1.0	0.0
snp_PA14_48990_4352511	368.0	5.10104606883e-82	1.0	0.0
gene_pa_mpl_2	368.0	5.10104606883e-82	1.0	0.0
snp_PA14_45920_4082078	368.0	5.10104606883e-82	1.0	0.0
snp_PA14_36605_3259985	368.0	5.10104606883e-82	1.0	0.0
snp_PA14_35600,pslL_3164776	368.0	5.10104606883e-82	1.0	0.0
snp_PA14_48890_4346711	368.0	5.10104606883e-82	0.0	3.0
snp_PA14_29390_2545606	368.0	5.10104606883e-82	1.0	0.0
snp_PA14_11845,mpl_1027147	368.0	5.10104606883e-82	1.0	0.0
snp_PA14_48890_4346976	183.001358696	1.07184299934e-41	1.0	1.0
snp_PA14_33650,pvdD_2982246	183.001358696	1.07184299934e-41	1.0	1.0
snp_PA14_20520_1763891	183.001358696	1.07184299934e-41	1.0	1.0
snp_PA14_33610_2958328	183.001358696	1.07184299934e-41	1.0	1.0
snp_PA14_48890_4346679	183.001358696	1.07184299934e-41	1.0	1.0
snp_PA14_23420_2035314	183.001358696	1.07184299934e-41	1.0	1.0
snp_PA14_33720,pvdN_2993713	183.001358696	1.07184299934e-41	1.0	1.0
snp_PA14_48890_4347281	183.001358696	1.07184299934e-41	1.0	1.0
snp_PA14_71710,mtr_6389213	183.001358696	1.07184299934e-41	1.0	1.0
snp_PA14_16480,wspF_1412527	183.001358696	1.07184299934e-41	1.0	1.0
snp_PA14_45720,flhB_4067137	183.001358696	1.07184299934e-41	1.0	1.0
snp_PA14_60030_5346164	183.001358696	1.07184299934e-41	1.0	1.0
gene_pa_group_23455	183.001358696	1.07184299934e-41	1.0	1.0
snp_PA14_33630,pvdJ_2973111	183.001358696	1.07184299934e-41	0.0	1.0
snp_PA14_23380,orfH_2030238	183.001358696	1.07184299934e-41	1.0	1.0
snp_PA14_00450,trpB_38303	183.001358696	1.07184299934e-41	1.0	1.0
snp_PA14_59690_5310199	183.001358696	1.07184299934e-41	1.0	1.0
snp_PA14_59180_5269351	183.001358696	1.07184299934e-41	1.0	1.0
gene_pa_group_12301	183.001358696	1.07184299934e-41	1.0	1.0
snp_PA14_33630,pvdJ_2972740	183.001358696	1.07184299934e-41	1.0	1.0
snp_PA14_66410_5924982	183.001358696	1.07184299934e-41	1.0	1.0
snp_PA14_33610_2958340	183.001358696	1.07184299934e-41	1.0	1.0
snp_PA14_59940_5337224	183.001358696	1.07184299934e-41	1.0	1.0
snp_PA14_48890_4347282	183.001358696	1.07184299934e-41	1.0	1.0
snp_PA14_33650,pvdD_2984793	183.001358696	1.07184299934e-41	1.0	1.0
snp_PA14_33610_2967613	183.001358696	1.07184299934e-41	1.0	1.0
snp_PA14_59180_5268934	183.001358696	1.07184299934e-41	1.0	1.0
snp_PA14_36020_3206644	183.001358696	1.07184299934e-41	1.0	1.0
snp_PA14_34290_3049430	183.001358696	1.07184299934e-41	1.0	1.0
snp_PA14_01100,clpB_106760	183.001358696	1.07184299934e-41	1.0	1.0
snp_PA14_49920_4438442	183.001358696	1.07184299934e-41	1.0	1.0
snp_PA14_62650_5591633	183.001358696	1.07184299934e-41	1.0	1.0
snp_PA14_30840_2677378	183.001358696	1.07184299934e-41	1.0	1.0
snp_PA14_33360_2936013	183.001358696	1.07184299934e-41	0.0	0.0
snp_PA14_59350,pilV2_5287182	183.001358696	1.07184299934e-41	1.0	1.0
snp_PA14_09280,pchF_791944	183.001358696	1.07184299934e-41	1.0	1.0
snp_PA14_48890_4346589	183.001358696	1.07184299934e-41	1.0	1.0
snp_PA14_60030_5346156	183.001358696	1.07184299934e-41	1.0	1.0
snp_PA14_59990_5342391	183.001358696	1.07184299934e-41	1.0	1.0
snp_PA14_01200_118195	183.001358696	1.07184299934e-41	1.0	1.0
snp_PA14_02370_213196	183.001358696	1.07184299934e-41	1.0	1.0
snp_PA14_34290_3049207	183.001358696	1.07184299934e-41	1.0	1.0
snp_PA14_05440_479995	183.001358696	1.07184299934e-41	1.0	1.0
snp_PA14_33650,pvdD_2982108	183.001358696	1.07184299934e-41	1.0	1.0
gene_pa_group_5183	183.001358696	1.07184299934e-41	1.0	1.0
snp_PA14_29230_2529923	183.001358696	1.07184299934e-41	1.0	1.0
snp_PA14_17590_1512302	183.001358696	1.07184299934e-41	1.0	1.0
snp_PA14_34830_3096250	183.001358696	1.07184299934e-41	1.0	1.0
snp_PA14_69550_6205537	183.001358696	1.07184299934e-41	1.0	1.0
snp_PA14_59920_5335513	183.001358696	1.07184299934e-41	1.0	1.0
snp_PA14_00560,exoT_58333	183.001358696	1.07184299934e-41	1.0	1.0
snp_PA14_68510_6112297	183.001358696	1.07184299934e-41	1.0	1.0
snp_PA14_59690_5310169	183.001358696	1.07184299934e-41	1.0	1.0
snp_PA14_33610_2970602	183.001358696	1.07184299934e-41	1.0	1.0
snp_PA14_33650,pvdD_2982512	183.001358696	1.07184299934e-41	0.0	1.0
snp_PA14_00320_30112	183.001358696	1.07184299934e-41	1.0	1.0
