feature	score	std	#I-out-of-5	#O-out-of-364
snp_PA14_09520,mexI_816523	0.00387392423161	0.0520186605984	3.0	1.0
snp_PA14_03380_311583	0.00383594446109	0.0384236986879	4.0	2.0
gene_pa_leuB_2	0.0029972826087	0.0498828888274	1.0	0.0
snp_PA14_06640_579527	0.0028300618985	0.0377063908695	4.0	6.0
snp_PA14_09520,mexI_816749	0.00282525537503	0.0370674060655	4.0	5.0
gene_pa_group_22321	0.00268243083003	0.035440854956	4.0	4.0
snp_PA14_31100_2705202	0.00260452364687	0.0344213218136	0.0	110.0
snp_PA14_09920_853302	0.00255694375831	0.0378085519193	4.0	5.0
snp_PA14_30910,trbE_2683939	0.00251898172141	0.0335156018233	4.0	4.0
snp_PA14_01190_117269	0.00238099061586	0.0378150619347	2.0	1.0
snp_PA14_31190_2711016	0.00233662554655	0.0372071071151	4.0	3.0
snp_PA14_28840_2491375	0.00231324923701	0.039002939577	4.0	10.0
snp_PA14_03380_310381	0.00230512321681	0.0363831470843	4.0	5.0
gene_pa_spo0C_2	0.0022731833132	0.0411278733313	4.0	6.0
snp_PA14_47260_4210301	0.00222573135312	0.0391811331894	4.0	6.0
snp_PA14_09520,mexI_816705	0.00221604805577	0.0315102027921	4.0	6.0
snp_PA14_03270_294753	0.0021977767797	0.0360615600832	4.0	26.0
gene_pa_group_18731	0.00218925727558	0.03671194512	4.0	5.0
snp_PA14_00510_45451	0.00217113654352	0.0261361961772	2.0	1.0
snp_PA14_03380_311082	0.00217076638422	0.0295988707448	4.0	5.0
snp_PA14_08270_707004	0.00215803018564	0.0288853014327	1.0	0.0
snp_PA14_30960,traG_2689284	0.00212366395167	0.0341876806765	4.0	6.0
snp_PA14_57730,mltB1_5142535	0.00209712006626	0.0293205276917	4.0	6.0
snp_PA14_60130_5356079	0.00203482951161	0.0356066216514	3.0	111.0
snp_PA14_54600_4840177	0.00203454494116	0.0328660453117	4.0	7.0
snp_PA14_13860_1192469	0.00201156916685	0.0263957092312	4.0	4.0
snp_PA14_03380_311571	0.00199998429717	0.0317010316274	4.0	5.0
snp_PA14_25580,rluC_2237420	0.00198691140116	0.0315630797845	4.0	5.0
gene_pa_group_5693	0.00197597751824	0.025749376507	1.0	1.0
snp_PA14_66100_5888134	0.00195866881374	0.0366865271068	3.0	145.0
snp_PA14_55400_4922149	0.00195455069906	0.0317314357414	1.0	189.0
snp_PA14_24300_2111211	0.00194847558974	0.0326970740002	4.0	5.0
snp_PA14_37640_3350625	0.00194537070956	0.025836223322	4.0	5.0
gene_pa_group_5484	0.00193626240527	0.0215174677474	1.0	1.0
snp_PA14_67180_5996213	0.00192348106439	0.0375730159075	4.0	5.0
snp_PA14_10890_942543	0.00192087096359	0.0303833208131	4.0	6.0
snp_PA14_01070_103736	0.00191132769168	0.0301889439054	1.0	2.0
gene_pa_group_8711	0.00190118331163	0.0300181787303	5.0	12.0
gene_pa_group_9978	0.00189952062793	0.0322922722558	4.0	364.0
gene_pa_group_13944	0.00185102178307	0.0304126871783	4.0	5.0
snp_PA14_36580,glgB_3256650	0.00184981035756	0.0294778371849	4.0	6.0
snp_PA14_58980_5256004	0.00182358484298	0.0242157659634	1.0	1.0
snp_PA14_28820_2486914	0.00180316302716	0.0284626287198	5.0	12.0
snp_PA14_59390_5289891	0.00178260869565	0.0398204619153	1.0	11.0
snp_PA14_59110_5264497	0.00178260869565	0.0398204619153	1.0	6.0
snp_PA14_28820_2486560	0.00177087116813	0.0294359075558	4.0	4.0
snp_PA14_36830_3282262	0.00176130136986	0.0277931458638	4.0	6.0
snp_PA14_31070_2701300	0.0017602184067	0.0278110032772	4.0	6.0
snp_PA14_37640_3349194	0.00175475543478	0.0391982671978	2.0	226.0
snp_PA14_37060,cupA1_3300426	0.00171212140939	0.0323844268327	3.0	5.0
snp_PA14_31110_2706450	0.00168999928643	0.0279147670616	2.0	77.0
snp_PA14_08300,JF1_710481	0.00167119565217	0.0373316830456	2.0	121.0
gene_pa_group_4628	0.00167119565217	0.0373316830456	1.0	64.0
snp_PA14_09520,mexI_818036	0.00166844254495	0.0220289104491	4.0	5.0
snp_PA14_03380_311330	0.00166305741886	0.0314513812802	4.0	3.0
snp_PA14_09520,mexI_817991	0.00166208791209	0.0371282315432	3.0	2.0
snp_PA14_31740_2761494	0.00166208791209	0.0371282315432	4.0	8.0
gene_pa_group_18366	0.00166208791209	0.0371282315432	4.0	6.0
snp_PA14_33360_2936920	0.00164528114937	0.0367527969027	4.0	0.0
snp_PA14_33610_2965822	0.00161336564677	0.0250600022832	1.0	1.0
snp_PA14_59540_5298574	0.00160434782609	0.0358384157237	1.0	35.0
snp_PA14_03285_298276	0.00158292801969	0.0252537345041	4.0	5.0
snp_PA14_56940,colS_5074865	0.00156770840797	0.0264054994529	4.0	5.0
snp_PA14_06000,clpA_532610	0.00156403269755	0.0349378439693	1.0	55.0
snp_PA14_31200_2713441	0.00155082664351	0.0247008501129	4.0	6.0
snp_PA14_28820_2487024	0.00154696132597	0.0345564984145	4.0	7.0
snp_PA14_30940,trbB_2687298	0.00150817438692	0.0336900638275	2.0	68.0
snp_PA14_50340,flgL_4475468	0.00150815886589	0.0221549713907	1.0	163.0
snp_PA14_34840_3099268	0.00150407608696	0.033598514741	1.0	0.0
snp_PA14_33650,pvdD_2984559	0.00150407608696	0.033598514741	4.0	40.0
snp_PA14_59940_5337091	0.00149590163934	0.0334159114133	0.0	1.0
snp_PA14_30970,bphR_2691733	0.00148974546728	0.0288893420665	4.0	2.0
snp_PA14_12360_1065503	0.00146066346883	0.0231180695874	4.0	5.0
gene_pa_group_14279	0.00145993182536	0.0326124066333	3.0	5.0
gene_pa_hisF_2	0.00145674270499	0.0234386129194	1.0	0.0
snp_PA14_54850_4860490	0.00145407523894	0.0191664417683	0.0	7.0
gene_pa_group_9610	0.00145221411554	0.0244675032018	1.0	0.0
gene_pa_group_8906	0.00143635655897	0.0320857750738	1.0	22.0
snp_PA14_31340_2725439	0.00142982017982	0.0232629144165	4.0	6.0
snp_PA14_67130,ybeJ_5992896	0.00142072213501	0.0317365284974	4.0	6.0
snp_PA14_03265_293245	0.00142072213501	0.0317365284974	4.0	5.0
gene_pa_group_4566	0.0014171339284	0.0266162579066	3.0	4.0
snp_PA14_50290,fliC_4466345	0.00140792465111	0.0248351027961	0.0	4.0
gene_pa_group_23304	0.00140583228247	0.0224766582071	4.0	6.0
snp_PA14_31090_2704659	0.00140169588893	0.0233448639037	2.0	10.0
snp_PA14_11240_977960	0.00138839779006	0.0310144573271	4.0	6.0
snp_PA14_31180_2710374	0.00138839779006	0.0310144573271	4.0	6.0
gene_pa_group_19922	0.00138839779006	0.0310144573271	3.0	5.0
snp_PA14_31180_2709785	0.0013815989457	0.0191441552392	4.0	10.0
gene_pa_group_13749	0.001381445207	0.0198439291278	4.0	6.0
snp_PA14_64530_5749349	0.00134794520548	0.0301108150373	2.0	24.0
snp_PA14_12640_1085626	0.00134532749962	0.0263345345379	0.0	6.0
snp_PA14_09520,mexI_816634	0.00134097967843	0.0227201747041	3.0	2.0
snp_PA14_33280,pvdL_2921376	0.00134059945504	0.0299467234022	1.0	68.0
snp_PA14_59650_5308294	0.00133695652174	0.0298653464365	1.0	8.0
gene_pa_group_2237	0.00133695652174	0.0298653464365	1.0	28.0
snp_PA14_59690_5311246	0.00133695652174	0.0298653464365	3.0	157.0
snp_PA14_59440_5292101	0.00133695652174	0.0298653464365	2.0	17.0
snp_PA14_66100_5888124	0.00133457420271	0.0227995309196	3.0	191.0
snp_PA14_59940_5337088	0.00132970027248	0.0297032541063	1.0	0.0
