feature	score	std	#I-out-of-7	#O-out-of-362
snp_PA14_15460,merA_1310214	0.00335857561857	0.0333275648803	1.0	0.0
snp_PA14_58360_5197758	0.00270304464066	0.0403573719402	1.0	0.0
snp_PA14_63130_5635219	0.00236881012551	0.0326665238567	0.0	9.0
snp_PA14_11000,hpaA_952131	0.00222315724573	0.0330289764135	1.0	0.0
snp_PA14_08200_702202	0.00203991799059	0.0231186669639	1.0	0.0
snp_PA14_51540_4583380	0.002	0.0446766158074	1.0	1.0
snp_PA14_30200,cspD_2616517	0.0019398210708	0.0264165369704	1.0	0.0
snp_PA14_51650_4590368	0.00193558422836	0.0255801101241	1.0	0.0
snp_PA14_32790_2861066	0.00193405339563	0.0269641502289	1.0	0.0
gene_pa_group_2314	0.00186218944099	0.0415981611079	0.0	24.0
snp_PA14_08300,JF1_709573	0.00186092405201	0.0256304121656	1.0	0.0
snp_PA14_32820_2868780	0.00186007743883	0.0241833076815	1.0	2.0
snp_PA14_08050_693148	0.00182677801883	0.0374861744167	0.0	2.0
snp_PA14_54480_4830526	0.00180018023222	0.0273912007632	1.0	0.0
snp_PA14_10370,choS_897250	0.00169395269755	0.0267836406549	1.0	1.0
snp_PA14_06990_606694	0.00168773916005	0.0226831616832	1.0	0.0
snp_PA14_08210_702564	0.00164233988719	0.026562261662	1.0	0.0
snp_PA14_44860,allA_3998126	0.00159046825988	0.0187889643988	1.0	0.0
snp_PA14_08820,fusA1_757106	0.00158309840214	0.0280278836111	2.0	2.0
snp_PA14_55470,hxcY_4938563	0.00157562199818	0.0207323297418	1.0	0.0
snp_PA14_08270_706896	0.00156924560074	0.0205774386638	4.0	12.0
snp_PA14_17450,surE_1497117	0.00156704340488	0.0256343304744	1.0	0.0
gene_pa_group_2432	0.00155314859131	0.0226052265812	1.0	0.0
snp_PA14_62630,acsB_5589364	0.00154990972767	0.0206126449638	1.0	0.0
snp_PA14_15460,merA_1310213	0.00154332245803	0.0207767993164	1.0	0.0
snp_PA14_33610_2968988	0.00153403281589	0.0219611845624	1.0	0.0
snp_PA14_32880_2877380	0.00152781750958	0.0265659867134	1.0	1.0
gene_pa_group_1619	0.00148891787869	0.0247890981032	1.0	0.0
snp_PA14_05250,pyrC_458612	0.00148537630562	0.0248108297762	1.0	0.0
snp_PA14_28760_2475784	0.00147936152869	0.0183324111413	1.0	1.0
snp_PA14_70270,algC_6265171	0.00144928215849	0.0178347702902	1.0	0.0
snp_PA14_30570,potF_2646685	0.00142072213501	0.0317365284974	1.0	3.0
gene_pa_group_14249	0.00141142983748	0.0193663646226	1.0	2.0
snp_PA14_68140,emrB_6081357	0.00140635079029	0.0222219669544	1.0	0.0
gene_pa_yabI	0.00140183307488	0.0143784413205	6.0	361.0
snp_PA14_59540_5298010	0.00139874066664	0.0180413090886	1.0	78.0
snp_PA14_19730_1702319	0.00138839779006	0.0310144573271	1.0	3.0
snp_PA14_23470,wbpM_2041656	0.00138761861287	0.0214421142127	1.0	4.0
snp_PA14_71300,etfA-1_6353754	0.00138565596995	0.02332526494	1.0	0.0
snp_PA14_37200_3314264	0.0013793117482	0.0181264776514	1.0	2.0
snp_PA14_33690,pvdE_2990061	0.0013685311918	0.0219637280998	2.0	40.0
snp_PA14_36020_3208493	0.00134945550785	0.0188007116494	1.0	0.0
snp_PA14_31010_2693939	0.00134154895666	0.0240848377588	1.0	21.0
snp_PA14_43100_3838460	0.00133695652174	0.0298653464365	2.0	168.0
gene_pa_group_2895	0.00133151429444	0.0235583708643	1.0	0.0
snp_PA14_70940,betA_6321629	0.00132970027248	0.0297032541063	1.0	4.0
snp_PA14_29090,potF4_2516983	0.00132335475655	0.0233852547453	1.0	0.0
gene_pa_group_892	0.00131513824988	0.020752612355	1.0	0.0
gene_pa_group_6231	0.001308016038	0.0179873621385	1.0	1.0
snp_PA14_55690,recC_4971152	0.0012828965174	0.02316000317	1.0	0.0
snp_PA14_00490_41991	0.0012545657823	0.0209887288264	1.0	0.0
snp_PA14_38410,amrB_3424089	0.00125354720161	0.0153544820586	1.0	1.0
snp_PA14_10660,hpaA_919004	0.00124915687856	0.0201186271049	1.0	1.0
snp_PA14_33650,pvdD_2979294	0.00124704164002	0.0140856987913	1.0	23.0
snp_PA14_48450_4306790	0.00124019653312	0.0174856993372	0.0	65.0
snp_PA14_55540_4943384	0.00123074456812	0.0221118918239	1.0	0.0
gene_pa_group_503	0.00122990480942	0.0160593679643	1.0	2.0
snp_PA14_33630,pvdJ_2975925	0.00121899793513	0.0183635737851	3.0	19.0
snp_PA14_33610_2964420	0.00121783691994	0.017268276939	1.0	0.0
snp_PA14_48100,aprE_4281462	0.00120871296372	0.0201164353739	1.0	0.0
snp_PA14_33650,pvdD_2984440	0.00119344262295	0.0266594887769	1.0	0.0
snp_PA14_18150,acsL_1558015	0.00119158662807	0.0163061194739	1.0	0.0
snp_PA14_58110,maf_5173753	0.00118057670797	0.0226879475644	1.0	0.0
snp_PA14_10850_939200	0.00117657952347	0.0202986005532	1.0	0.0
snp_PA14_08300,JF1_708588	0.00117109702253	0.0189044192961	2.0	17.0
snp_PA14_03720_333687	0.00116650997983	0.0185949314875	0.0	1.0
snp_PA14_49160,yegE_4368998	0.00116384238995	0.018559439801	1.0	0.0
gene_pa_group_2813	0.00116234868863	0.0192159856401	1.0	0.0
snp_PA14_56300,fumA_5025986	0.00115684642333	0.0188023616659	1.0	0.0
gene_pa_group_8398	0.00115566950765	0.0157127053608	1.0	0.0
snp_PA14_44470,hemN_3960173	0.00115436420059	0.0183841671885	1.0	0.0
snp_PA14_59670_5309688	0.00115059058996	0.0150819594205	1.0	0.0
snp_PA14_15460,merA_1310387	0.00113791096459	0.0152093451995	1.0	0.0
snp_PA14_31190_2711505	0.00112021857923	0.0250237875424	0.0	3.0
snp_PA14_08300,JF1_708490	0.00111679583412	0.024947329208	1.0	3.0
snp_PA14_32640_2834727	0.00111679583412	0.024947329208	1.0	1.0
snp_PA14_30940,trbB_2688002	0.00110798879809	0.0149409415459	0.0	28.0
snp_PA14_68200,rmlA_6084451	0.00110378850458	0.0177685977804	1.0	0.0
snp_PA14_60000_5343232	0.00110286425903	0.0246361213942	4.0	62.0
snp_PA14_33650,pvdD_2979862	0.00110212755859	0.0147118124486	1.0	0.0
snp_PA14_67300,proX_6010248	0.00110126970414	0.01423680276	1.0	1.0
snp_PA14_32850_2875451	0.00109950263629	0.0135873018506	1.0	0.0
snp_PA14_60140_5358254	0.00109536784741	0.0176419515085	1.0	1.0
snp_PA14_31180_2710257	0.00109093442752	0.0172625891647	0.0	8.0
gene_pa_group_20718	0.00108109846465	0.0170901817251	1.0	0.0
snp_PA14_40260_3591724	0.00107286441871	0.0169513695111	1.0	1.0
snp_PA14_12820_1101275	0.00106903327279	0.0168941875565	1.0	0.0
snp_PA14_60020_5344473	0.00106458903996	0.0180345108843	1.0	0.0
snp_PA14_30320,ycaJ_2626507	0.0010608212099	0.0167724324294	1.0	0.0
snp_PA14_13850,moaA_1192016	0.00105869565217	0.0172326089699	1.0	0.0
snp_PA14_51540_4583466	0.0010549632186	0.0235660932041	1.0	1.0
snp_PA14_33610_2958396	0.0010549632186	0.0235660932041	2.0	4.0
snp_PA14_48600_4321624	0.0010549632186	0.0235660932041	1.0	1.0
gene_pa_group_628	0.0010539698234	0.014203838718	1.0	0.0
snp_PA14_08060_693971	0.00104861608156	0.0166378213505	2.0	2.0
snp_PA14_69420,hemY_6191582	0.0010477157269	0.0170505614406	1.0	1.0
gene_pa_group_4836	0.00104508549227	0.0170205644705	1.0	0.0
snp_PA14_58990_5256570	0.00104175844136	0.0187912039623	1.0	225.0
snp_PA14_27330,dhs_2371009	0.00103754523612	0.0169503918907	1.0	1.0
snp_PA14_59940_5337062	0.00103511961558	0.0178840844053	1.0	0.0
