feature	score	std	#I-out-of-5	#O-out-of-364
snp_PA14_43910_3908924	0.00306113149146	0.04202066421	1.0	0.0
snp_PA14_37820_3373002	0.00280169104779	0.0341665965085	2.0	2.0
snp_PA14_15190_1287235	0.00265940054496	0.0470141694395	1.0	0.0
snp_PA14_58050,pmbA_5164495	0.00262283735329	0.0457224523296	1.0	0.0
snp_PA14_28760_2475953	0.00251947002021	0.039811797838	1.0	0.0
snp_PA14_38395_3422377	0.00250133987941	0.0299229753475	1.0	0.0
snp_PA14_18300_1569903	0.00234540987586	0.026456421281	1.0	0.0
snp_PA14_19510,ssuC_1687173	0.00234153984483	0.0307174831564	1.0	0.0
snp_PA14_37310_3321496	0.00233241766378	0.037166279321	1.0	0.0
snp_PA14_15790_1346886	0.0023324102191	0.0371661793625	1.0	0.0
snp_PA14_15150_1284276	0.00231783067595	0.0369545513017	1.0	0.0
snp_PA14_36810,katE_3280218	0.00229803346986	0.0378851901966	1.0	0.0
snp_PA14_06270,catD_554218	0.00225203773499	0.0450187720398	1.0	0.0
snp_PA14_55810_4984692	0.00219889221423	0.034825019174	1.0	0.0
snp_PA14_71170_6339951	0.00213625764953	0.034709583861	1.0	0.0
snp_PA14_60000_5343683	0.0021280142052	0.0336512540962	0.0	1.0
snp_PA14_10380_897738	0.00203048371048	0.0275512497906	1.0	0.0
snp_PA14_62620,pgi_5585694	0.00202305786388	0.0266089636045	1.0	0.0
snp_PA14_16960_1453651	0.002	0.0446766158074	1.0	0.0
snp_PA14_25980,aroF_2268941	0.002	0.0446766158074	1.0	0.0
snp_PA14_10380_897796	0.002	0.0446766158074	1.0	0.0
snp_PA14_59410_5291036	0.002	0.0446766158074	1.0	0.0
snp_PA14_63605,fdnG_5672191	0.002	0.0446766158074	1.0	0.0
snp_PA14_18250,fruI_1566357	0.002	0.0446766158074	1.0	0.0
snp_PA14_64110,accC_5713651	0.002	0.0446766158074	1.0	0.0
snp_PA14_17500,mutS_1501044	0.002	0.0446766158074	1.0	0.0
gene_pa_group_21535	0.002	0.0446766158074	1.0	1.0
snp_PA14_38570_3441633	0.00198891416653	0.031532965439	1.0	0.0
snp_PA14_10870_941225	0.00198487830695	0.0261638655661	1.0	0.0
snp_PA14_20230,nosR_1743720	0.00197308906031	0.0440754709506	1.0	2.0
gene_pa_group_20318	0.00193113649819	0.0313132477675	1.0	3.0
snp_PA14_64335,ureD_5733430	0.00191857909873	0.0312181843381	1.0	0.0
snp_PA14_02930_257644	0.00189581520734	0.0248148589589	1.0	1.0
snp_PA14_22730_1977988	0.00189334371351	0.0322383873853	1.0	0.0
gene_pa_group_7190	0.0018319545171	0.0342340556795	2.0	0.0
snp_PA14_08450_723254	0.0018310515031	0.0317234169965	1.0	0.0
gene_pa_napA_1	0.00181236651424	0.0211580904231	1.0	0.0
snp_PA14_13360_1150043	0.00179229890635	0.0236450352881	1.0	0.0
snp_PA14_33650,pvdD_2980788	0.00178801089918	0.0283929225289	1.0	1.0
snp_PA14_33280,pvdL_2924862	0.00169476755667	0.0227502804121	1.0	0.0
snp_PA14_66400,aefA_5921624	0.00165668315365	0.0266823207588	1.0	0.0
snp_PA14_37070_3302459	0.00163618859212	0.0276777724163	1.0	0.0
snp_PA14_63730_5682284	0.00160716312586	0.0255162396299	1.0	1.0
snp_PA14_56140_5013515	0.00160434782609	0.0358384157237	1.0	0.0
snp_PA14_50360,flgK_4476340	0.00160434782609	0.0358384157237	4.0	264.0
snp_PA14_46800_4168336	0.00160434782609	0.0358384157237	1.0	1.0
snp_PA14_14890,hisS_1264595	0.00159591306219	0.0263551478971	1.0	1.0
snp_PA14_53780_4769049	0.00159561643836	0.0356433712962	1.0	0.0
snp_PA14_32790_2855837	0.00157853445984	0.0279965843902	2.0	2.0
snp_PA14_38690,acsA_3450549	0.00157061465523	0.0256519674763	1.0	0.0
snp_PA14_06000,clpA_533521	0.00156237006103	0.0334459098042	1.0	2.0
snp_PA14_51650_4590007	0.00155107187894	0.0346483212125	1.0	44.0
snp_PA14_04030_363434	0.001548269635	0.0246992212449	1.0	1.0
snp_PA14_31690_2754458	0.00154466132293	0.0246181307261	1.0	3.0
snp_PA14_61050,mscL_5444938	0.00154336912299	0.0245793796931	1.0	0.0
snp_PA14_67065,mdoH_5988101	0.00153963336186	0.0253374821094	1.0	0.0
snp_PA14_56680,feoB_5050679	0.00153787635236	0.0278331518854	1.0	0.0
snp_PA14_54620_4841982	0.00153063462762	0.0178119629148	1.0	0.0
snp_PA14_38740_3455681	0.00151431238046	0.0195937891124	1.0	0.0
snp_PA14_45930_4083565	0.0015108186539	0.024018578814	1.0	0.0
snp_PA14_13560_1167020	0.00150407608696	0.033598514741	1.0	1.0
snp_PA14_35900_3196018	0.00149954078883	0.0199966538289	1.0	0.0
snp_PA14_11960_1034803	0.00149857933434	0.0248865846723	1.0	0.0
snp_PA14_35490,lpdV_3154697	0.00149726027431	0.0249004687813	1.0	1.0
snp_PA14_69520_6200647	0.00149590163934	0.0334159114133	1.0	1.0
snp_PA14_09340,fptA_800858	0.00149590163934	0.0334159114133	1.0	0.0
snp_PA14_32905_2879349	0.00149590163934	0.0334159114133	1.0	0.0
snp_PA14_72590,znuB_6467421	0.00149590163934	0.0334159114133	1.0	0.0
snp_PA14_60080_5351729	0.00149590163934	0.0334159114133	1.0	2.0
snp_PA14_62250_5554776	0.00149590163934	0.0248325739444	1.0	0.0
snp_PA14_60070_5349995	0.00149454300438	0.0248460841343	1.0	2.0
snp_PA14_16220,recJ_1386002	0.00148644510087	0.0183563887425	1.0	0.0
snp_PA14_21700_1884815	0.00148387945884	0.0274249435134	1.0	0.0
snp_PA14_05390,chpA_473869	0.00147134785383	0.029865005633	1.0	1.0
snp_PA14_34010_3026375	0.00147092605597	0.0203247064831	1.0	0.0
snp_PA14_20200,nosZ_1741568	0.00145286103542	0.0230235424972	1.0	0.0
snp_PA14_21020_1814350	0.00145286103542	0.0230235424972	1.0	0.0
snp_PA14_72490,polA_6457943	0.00145286103542	0.0230235424972	1.0	0.0
snp_PA14_01770_163206	0.00144676298095	0.0244174011762	1.0	1.0
snp_PA14_29100_2517846	0.00144454621085	0.029808714973	1.0	0.0
snp_PA14_15230,xseA_1289980	0.00143806949073	0.0207544684249	1.0	0.0
snp_PA14_57160,apbA_5090640	0.00143082819872	0.0242738526152	0.0	1.0
snp_PA14_60140_5357855	0.0014287313351	0.0225993644691	1.0	5.0
snp_PA14_20780_1788984	0.00142072213501	0.0317365284974	1.0	1.0
snp_PA14_05640,bfrG_500535	0.00141642281674	0.0193711818234	1.0	0.0
snp_PA14_64170_5717538	0.00140821738827	0.0222498667813	1.0	2.0
snp_PA14_15230,xseA_1290212	0.00140641089258	0.0222228646232	1.0	0.0
snp_PA14_47140,pfuA_4201379	0.00139925981125	0.0229294165129	1.0	0.0
snp_PA14_18100_1553293	0.00139020258263	0.0238935747824	1.0	0.0
snp_PA14_23460,orfN_2040505	0.00133695652174	0.0298653464365	1.0	2.0
gene_pa_group_12838	0.00133695652174	0.0298653464365	0.0	4.0
snp_PA14_38395_3422379	0.001336936615	0.0298649017536	1.0	0.0
snp_PA14_71460,glyA1_6367867	0.00133331358844	0.0210393335482	1.0	0.0
snp_PA14_16580_1418985	0.00133330784813	0.0210395527513	1.0	0.0
snp_PA14_64490_5744801	0.00133328747334	0.0210392295015	1.0	0.0
snp_PA14_21450_1860381	0.00133044977837	0.0234352161158	1.0	0.0
snp_PA14_15270_1294925	0.00132970027248	0.0297032541063	1.0	0.0
snp_PA14_37660_3353566	0.00132970027248	0.0297032541063	1.0	0.0
snp_PA14_71930,wbpX_6411275	0.00132970027248	0.0297032541063	1.0	0.0
snp_PA14_60000_5342916	0.00132970027248	0.0297032541063	1.0	1.0
