feature	score	std	#I-out-of-6	#O-out-of-363
snp_PA14_45640,fleN_4059630	0.00306609840965	0.0359301114837	1.0	0.0
snp_PA14_00550_56599	0.00278905906131	0.044467625368	2.0	0.0
snp_PA14_32060,xylS_2790405	0.00261269747346	0.0416611466088	1.0	1.0
snp_PA14_06950_601795	0.00251731226056	0.0287412852863	1.0	0.0
gene_pa_group_2544	0.00245053913601	0.0457764963107	1.0	0.0
gene_pa_nadR	0.00236454163414	0.0311258254841	4.0	363.0
snp_PA14_66100_5888806	0.00233514986376	0.0372029961526	1.0	0.0
snp_PA14_25500,exbD_2229422	0.00229501676157	0.0305814625657	1.0	0.0
snp_PA14_27580_2394055	0.00218799303167	0.0297415630449	1.0	0.0
snp_PA14_14270_1217887	0.002	0.0446766158074	1.0	0.0
snp_PA14_35990_3203158	0.002	0.0446766158074	1.0	0.0
gene_pa_group_14540	0.002	0.0446766158074	1.0	2.0
snp_PA14_49300_4379945	0.002	0.0446766158074	1.0	0.0
snp_PA14_31380,sfpA_2729196	0.002	0.0446766158074	1.0	0.0
snp_PA14_60830,mexD_5426489	0.002	0.0446766158074	1.0	0.0
snp_PA14_33630,pvdJ_2973144	0.00199274375074	0.0331646454329	1.0	0.0
snp_PA14_33990_3023208	0.00198176510218	0.0330188265244	1.0	0.0
snp_PA14_69090,yhiI_6162428	0.00196509635449	0.0257146931615	1.0	0.0
gene_pa_group_6054	0.00185299126552	0.0300067040225	5.0	363.0
snp_PA14_49920_4438210	0.0018319101422	0.0237775023303	1.0	0.0
snp_PA14_25510,lpxK_2230060	0.00181563689325	0.0291390360147	2.0	0.0
snp_PA14_15430,tnpR_1306958	0.00180660445444	0.0256990633335	1.0	0.0
snp_PA14_60630_5404108	0.00179234085776	0.0284532524025	1.0	0.0
snp_PA14_45180_4029075	0.001673955575	0.0285315165175	2.0	2.0
snp_PA14_20510_1763159	0.00166208791209	0.0371282315432	1.0	1.0
snp_PA14_58650_5225443	0.00165668315365	0.0266823207588	1.0	0.0
snp_PA14_47060_4192149	0.00164360472119	0.0306274630543	1.0	0.0
snp_PA14_44740,xdhB_3987993	0.00163047198703	0.0261335451675	1.0	0.0
snp_PA14_45590,cheA_4056534	0.00161985978278	0.021172963063	1.0	0.0
gene_pa_dmlR_11	0.0016082893969	0.0288750516441	4.0	363.0
snp_PA14_10770_931205	0.00159561643836	0.0356433712962	1.0	1.0
snp_PA14_62410_5567503	0.00159561643836	0.0356433712962	1.0	1.0
gene_pa_group_5449	0.00159561643836	0.0281154502759	4.0	363.0
gene_pa_group_12375	0.00158452262923	0.0302325637699	2.0	0.0
snp_PA14_07280,yhiN_626522	0.00157857681452	0.0240589632174	1.0	0.0
snp_PA14_11460,thiL_993064	0.00157632177656	0.0207466667013	1.0	0.0
snp_PA14_60820,oprJ_5423285	0.00156784981922	0.0255987016698	2.0	0.0
snp_PA14_71780_6394535	0.00156514046352	0.0255459726905	1.0	0.0
snp_PA14_08760,rpoB_747682	0.00154689142408	0.018548534306	1.0	0.0
snp_PA14_15590_1322828	0.00154544192929	0.02439547963	1.0	0.0
snp_PA14_60820,oprJ_5422416	0.00153133658138	0.0300338977844	0.0	23.0
snp_PA14_65350,mutL_5821979	0.0015071757206	0.0239686114515	1.0	0.0
snp_PA14_06690,nirG_585458	0.00150540186093	0.0200767258994	1.0	0.0
snp_PA14_64620_5757014	0.00150407608696	0.0250502771746	1.0	0.0
snp_PA14_35420,pvcB_3149112	0.00150407608696	0.033598514741	3.0	74.0
snp_PA14_66380,cvrA_5920750	0.00149864876938	0.0248872836649	1.0	0.0
snp_PA14_03800,oprE_342817	0.00149590163934	0.0248596875333	1.0	0.0
snp_PA14_67530_6030172	0.00149590163934	0.0334159114133	1.0	0.0
snp_PA14_59760,cupD5_5318849	0.00149590163934	0.0334159114133	1.0	0.0
snp_PA14_58490,dppF_5209114	0.00149590163934	0.0334159114133	1.0	0.0
snp_PA14_19110,rhlB_1650143	0.00149590163934	0.0334159114133	1.0	0.0
snp_PA14_60830,mexD_5426342	0.00149590163934	0.0334159114133	1.0	0.0
snp_PA14_05390,chpA_474830	0.0014862565787	0.0247083751841	1.0	0.0
snp_PA14_37790,pcoA_3370411	0.00145694607012	0.0195389346859	0.0	1.0
snp_PA14_60850,mexC_5426810	0.00142340265948	0.0297727291468	1.0	0.0
snp_PA14_21450_1858832	0.00142072213501	0.0317365284974	1.0	0.0
snp_PA14_17260,dnaE_1479575	0.00142072213501	0.0228936772223	1.0	0.0
snp_PA14_45590,cheA_4056216	0.00141431697067	0.0231559788207	2.0	3.0
snp_PA14_05590,metF_496431	0.00141138198379	0.0223192872291	1.0	0.0
gene_pa_group_3113	0.00140841225627	0.0314615466358	2.0	5.0
snp_PA14_18850_1626005	0.00140074052884	0.0181162347431	1.0	0.0
snp_PA14_33610_2961287	0.00136954234575	0.0218826250875	1.0	0.0
snp_PA14_35880_3192905	0.00135803166511	0.0258019612195	1.0	0.0
snp_PA14_34930_3109541	0.00135627977907	0.0176816149718	1.0	0.0
snp_PA14_36000,prpR_3204489	0.00134640167132	0.0219513728011	1.0	0.0
snp_PA14_39945,phzC2_3560671	0.00134059945504	0.0299467234022	2.0	4.0
snp_PA14_30400,dsrE_2632939	0.00133061092355	0.023436362071	1.0	0.0
snp_PA14_09480,phzA1_812662	0.00132970027248	0.0297032541063	1.0	0.0
snp_PA14_22870_1984772	0.00132970027248	0.0297032541063	1.0	0.0
snp_PA14_41000,nhaB_3656108	0.00132970027248	0.0297032541063	1.0	0.0
snp_PA14_18820_1622934	0.00132970027248	0.0297032541063	1.0	0.0
snp_PA14_00290,aroE_27332	0.00132970027248	0.0297032541063	1.0	0.0
snp_PA14_50100,fliI_4452838	0.00132970027248	0.0297032541063	1.0	0.0
snp_PA14_61220,rsmC_5467022	0.00132970027248	0.0297032541063	1.0	0.0
snp_PA14_15590_1322804	0.00132970027248	0.0297032541063	1.0	1.0
snp_PA14_28290_2445763	0.00132970027248	0.0297032541063	1.0	0.0
snp_PA14_19100,rhlA_1649415	0.00132970027248	0.0297032541063	1.0	1.0
snp_PA14_35920_3196607	0.00132970027248	0.0297032541063	0.0	1.0
snp_PA14_26160_2284038	0.00132970027248	0.0297032541063	2.0	9.0
snp_PA14_21040_1818630	0.00132970027248	0.0297032541063	1.0	2.0
snp_PA14_35880_3193013	0.00132602739726	0.0296212082887	1.0	0.0
snp_PA14_23850,trpF_2074455	0.00132602739726	0.0296212082887	1.0	1.0
gene_pa_group_20527	0.00131855955679	0.0294543893689	4.0	363.0
gene_pa_group_13472	0.00131306630415	0.021334481232	1.0	2.0
snp_PA14_05110_448461	0.00130428224523	0.0168822635817	1.0	0.0
gene_pa_group_11545	0.00128547581074	0.0207900857465	1.0	1.0
snp_PA14_49200,oprH_4371497	0.0012715297248	0.0207428581867	1.0	0.0
snp_PA14_66350_5917279	0.001271223886	0.0283969905801	1.0	1.0
snp_PA14_46120,ilvG_4102243	0.0012519552891	0.0201280624856	1.0	0.0
gene_pa_group_13557	0.00124774228018	0.0209234642394	4.0	363.0
snp_PA14_60820,oprJ_5423093	0.00124385245902	0.0199781999362	2.0	0.0
snp_PA14_02530_226863	0.0012396978022	0.027692751213	1.0	0.0
snp_PA14_16500,wspR_1413966	0.00123912533354	0.0196013532041	1.0	0.0
snp_PA14_60280,fimU_5370825	0.00123662388445	0.0202844135536	1.0	0.0
snp_PA14_68200,rmlA_6084566	0.00123234750432	0.0194941008538	1.0	0.0
snp_PA14_70590_6289761	0.00122922090041	0.019448423434	1.0	0.0
snp_PA14_41130_3668399	0.00121521622937	0.0227005901816	1.0	0.0
gene_pa_group_3989	0.00121489580355	0.0226523806111	1.0	0.0
snp_PA14_68300,arcD_6093467	0.00120652743424	0.0191563365661	1.0	1.0
snp_PA14_27590_2395083	0.00120635723768	0.0159664047942	1.0	0.0
