feature	score	std	#I-out-of-5	#O-out-of-364
snp_PA14_32580_2829569	0.00327322029267	0.0423336667517	4.0	2.0
snp_PA14_32580_2829103	0.00321014104937	0.0367110355315	4.0	5.0
snp_PA14_32570_2828200	0.00304695581698	0.0416981597374	4.0	4.0
snp_PA14_32610,dsbG_2832777	0.00304638563668	0.0419807053353	4.0	4.0
snp_PA14_32590,dipZ2_2830548	0.00282035848172	0.0367662476113	4.0	5.0
snp_PA14_20500_1760579	0.00281608402586	0.0386395826031	1.0	1.0
snp_PA14_19650_1696416	0.00280644866133	0.0330285888105	1.0	1.0
snp_PA14_31180_2709875	0.00272877775526	0.0353530980508	4.0	4.0
snp_PA14_59200_5272099	0.00271713695877	0.0405326425392	4.0	5.0
snp_PA14_32580_2829416	0.00269032419389	0.0431850738093	4.0	4.0
gene_pa_group_6584	0.00266175732113	0.0374177594552	3.0	3.0
snp_PA14_32580_2829571	0.0025868159238	0.0429933952763	4.0	2.0
gene_pa_group_14975	0.00249019117071	0.0333141250966	1.0	1.0
snp_PA14_32580_2829487	0.00242207460012	0.0325321973338	4.0	3.0
snp_PA14_52850_4685949	0.00236449588528	0.0329194175162	1.0	1.0
snp_PA14_63160,pmrB_5636687	0.00235753911011	0.0287457819685	4.0	114.0
snp_PA14_51630_4588961	0.00232148337023	0.0304711250432	1.0	0.0
snp_PA14_32570_2828705	0.0022791451333	0.0328020149376	4.0	5.0
gene_pa_group_20366	0.00226963909445	0.0269867197111	4.0	9.0
snp_PA14_55650,sbcC_4962404	0.00216150273634	0.0342463849374	4.0	8.0
snp_PA14_38440,gnyD_3428044	0.00212196094047	0.0285526917869	4.0	5.0
snp_PA14_61390_5479152	0.00206149774117	0.0330404726708	4.0	5.0
gene_pa_group_1049	0.00204481009228	0.0383143519935	5.0	29.0
gene_pa_group_21711	0.00200548013196	0.0318768926005	4.0	4.0
snp_PA14_47000_4187967	0.002	0.0446766158074	1.0	1.0
gene_pa_group_21807	0.00199490156985	0.0290842799663	4.0	4.0
gene_pa_group_22834	0.00196243117324	0.0294012931323	1.0	1.0
snp_PA14_32580_2829493	0.0019598865701	0.0329538505895	4.0	3.0
snp_PA14_60140_5358646	0.001921875	0.0393681875246	2.0	17.0
snp_PA14_15480,merR_1311420	0.00190864179834	0.0387158711852	2.0	20.0
snp_PA14_31180_2709975	0.00184974866976	0.0297826709623	3.0	1.0
gene_pa_group_4505	0.0018225219721	0.0235306616114	4.0	5.0
snp_PA14_61200_5460719	0.00180658773818	0.0248895527248	3.0	164.0
snp_PA14_30910,trbE_2684018	0.00180475592773	0.0307746025156	4.0	6.0
snp_PA14_32540_2826847	0.00179192452252	0.0297998648604	1.0	0.0
snp_PA14_08300,JF1_711250	0.00178260869565	0.0398204619153	1.0	73.0
snp_PA14_60020_5344521	0.00177446632304	0.0234699745158	5.0	121.0
snp_PA14_03300_299687	0.00173631184273	0.0310435679816	1.0	1.0
snp_PA14_46260_4115193	0.00172601783462	0.0275135785421	4.0	4.0
snp_PA14_32590,dipZ2_2830620	0.00172245050529	0.0271831382408	4.0	5.0
snp_PA14_31080_2703902	0.00171257153433	0.0270316417964	4.0	4.0
snp_PA14_71880_6406479	0.0017105345352	0.0269987563326	4.0	8.0
snp_PA14_59540_5298591	0.00170193208431	0.0261118720251	4.0	76.0
gene_pa_group_14851	0.00170118965151	0.0287720766208	4.0	4.0
snp_PA14_31200_2713287	0.00169836512262	0.0290848855385	0.0	2.0
snp_PA14_52760,aotO_4676271	0.00169424442757	0.0336995596994	4.0	8.0
snp_PA14_18010,glpK_1546511	0.00168860852356	0.0234310557008	4.0	6.0
snp_PA14_32580_2829490	0.00166245158168	0.0356716362409	4.0	3.0
snp_PA14_30970,bphR_2691157	0.00165754561746	0.0266758153329	1.0	80.0
snp_PA14_11150_971419	0.00165428710867	0.022461992846	3.0	4.0
snp_PA14_23970,xcpQ_2082352	0.00165161452633	0.0261635811063	1.0	65.0
snp_PA14_03860_347884	0.00164222377524	0.0265561012535	4.0	4.0
gene_pa_greB_1	0.0016294099254	0.0283642629877	4.0	6.0
snp_PA14_42340,pscD_3773006	0.0016143397733	0.026403393292	4.0	4.0
snp_PA14_48910_4348251	0.00159179077588	0.0303918216167	0.0	43.0
snp_PA14_01890,pcaQ_173469	0.00158958371174	0.0257830790496	4.0	8.0
snp_PA14_31110_2707045	0.00157968921178	0.0267265822382	4.0	5.0
snp_PA14_59940_5339894	0.00156971565225	0.0250078307129	0.0	5.0
snp_PA14_55400_4922837	0.00156919743112	0.0253934063341	2.0	176.0
snp_PA14_37790,pcoA_3369301	0.00156403269755	0.0349378439693	2.0	35.0
snp_PA14_07960,prtR_685944	0.00155472056741	0.0185277853281	3.0	27.0
snp_PA14_31230_2715070	0.00154696132597	0.0345564984145	0.0	10.0
snp_PA14_30970,bphR_2691724	0.00154617244158	0.0345388760722	0.0	16.0
snp_PA14_59690_5310944	0.00153179241186	0.021294531113	4.0	26.0
snp_PA14_30950_2688432	0.00152585049992	0.0220780901368	0.0	4.0
snp_PA14_32540_2827281	0.00152279933344	0.0240507469965	4.0	5.0
snp_PA14_66080,msbA_5885978	0.00151161824284	0.0239262454591	4.0	8.0
snp_PA14_50340,flgL_4475595	0.00150817438692	0.0336900638275	5.0	256.0
snp_PA14_59540_5298599	0.00150407608696	0.033598514741	4.0	82.0
snp_PA14_60300,pilX_5372844	0.00149590163934	0.0334159114133	1.0	3.0
snp_PA14_32580_2828956	0.00149590163934	0.0334159114133	4.0	5.0
snp_PA14_34010_3025932	0.0014875	0.0332282330067	4.0	8.0
gene_pa_group_17393	0.00147596773114	0.022099514575	4.0	4.0
snp_PA14_32570_2828201	0.00146843931361	0.0258827113075	4.0	3.0
snp_PA14_32590,dipZ2_2831216	0.00146082191781	0.0231203688608	4.0	5.0
snp_PA14_31180_2710040	0.00144611505311	0.0233706870187	4.0	4.0
snp_PA14_59070_5260935	0.00144424452999	0.0196609140429	3.0	114.0
snp_PA14_30870,trbF_2681315	0.0014364498186	0.0234568161954	0.0	3.0
snp_PA14_23460,orfN_2040743	0.00143635655897	0.0320857750738	0.0	44.0
snp_PA14_30860,trbG_2679997	0.00143635655897	0.0320857750738	0.0	4.0
snp_PA14_46010_4092558	0.00143424106119	0.0191809770368	5.0	314.0
gene_pa_group_11526	0.00142072213501	0.0317365284974	4.0	5.0
snp_PA14_30910,trbE_2685814	0.00141200717286	0.027093248497	1.0	2.0
snp_PA14_61200_5461082	0.00140906745345	0.0241758644645	2.0	5.0
snp_PA14_37370_3326412	0.00140842854624	0.0230215746468	4.0	8.0
gene_pa_group_16915	0.00139455675803	0.02559076592	4.0	4.0
snp_PA14_55400_4929349	0.00135027322404	0.0235428117456	1.0	0.0
snp_PA14_30970,bphR_2691320	0.00134426229508	0.0300285450509	4.0	83.0
snp_PA14_50360,flgK_4477248	0.00134426229508	0.0300285450509	4.0	253.0
snp_PA14_55400_4924062	0.00134059945504	0.0299467234022	4.0	183.0
snp_PA14_71970,wbpW_6415904	0.00134059945504	0.0299467234022	2.0	104.0
snp_PA14_32590,dipZ2_2831423	0.00134032114936	0.0151633350803	4.0	3.0
snp_PA14_31070_2703427	0.00133695652174	0.0298653464365	0.0	2.0
snp_PA14_50340,flgL_4474815	0.00133695652174	0.0298653464365	1.0	9.0
snp_PA14_35740,tpnA_3179032	0.00133315346208	0.0162886043225	5.0	82.0
snp_PA14_60870,morA_5431399	0.00133182151476	0.0256957045557	4.0	4.0
snp_PA14_32570_2828557	0.00132970027248	0.0297032541063	1.0	1.0
snp_PA14_50290,fliC_4465501	0.00132968966686	0.0215891177781	3.0	196.0
snp_PA14_60310,pilY1_5374736	0.00132906383452	0.0208190395478	3.0	133.0
gene_pa_group_19125	0.00132602739726	0.0296212082887	4.0	10.0
