feature	score	std	#I-out-of-2	#O-out-of-367
snp_PA2852-PA2853,P14_2362579	0.00690258804477	0.079119169652	1.0	0.0
snp_PA14_26930_2343924	0.00545380434783	0.0703956699873	1.0	0.0
gene_pa_group_11599	0.00467028479747	0.0565935660298	1.0	0.0
snp_PA14_47810_4253749	0.00452314289543	0.0597975353405	1.0	0.0
snp_PA14_07480_640807	0.00450052107051	0.0605158443378	1.0	0.0
snp_PA14_38380,amrR_3420995	0.00403789341612	0.0580055366289	1.0	1.0
snp_PA14_40260_3592618	0.0039099378882	0.0617142103093	1.0	0.0
snp_PA14_07480_640680	0.00366758233622	0.0476076674219	1.0	0.0
snp_PA14_61610_5498006	0.00349590163934	0.0557372364674	1.0	1.0
snp_PA14_66620,pilQ_5947529	0.00334421774768	0.0480367683962	0.0	198.0
snp_PA14_13750,narK1_1182092	0.00332970027248	0.0536000420094	1.0	1.0
snp_PA14_31730_2760884	0.00324050048037	0.0501633623673	1.0	2.0
snp_PA14_29390_2545016	0.0030027173913	0.0499370080369	1.0	0.0
snp_PA14_43420_3868050	0.00300270994662	0.0499369337415	1.0	0.0
snp_PA14_32790_2859669	0.0029972826087	0.0498828888274	1.0	1.0
snp_PA14_14660,ycfJ_1250958	0.00288161784467	0.0487885364672	1.0	1.0
snp_PA14_33650,pvdD_2980234	0.00280435967302	0.0481210225226	1.0	1.0
snp_PA14_50300_4471561	0.00266304347826	0.0470395740464	1.0	2.0
snp_PA14_36180_3224039	0.00266304347826	0.0470395740464	1.0	0.0
snp_PA14_37680_3356447	0.00265757916012	0.0470015153896	1.0	2.0
snp_PA14_55117_4896865	0.00265572766974	0.0419067160131	1.0	0.0
snp_PA14_33630,pvdJ_2973280	0.00250679347826	0.0403430230343	1.0	19.0
snp_PA14_54420,mucA_4826012	0.00250409836066	0.0460520039739	1.0	0.0
snp_PA14_40040_3568625	0.00249045204806	0.0400901953554	1.0	0.0
snp_PA14_48115,aprD_4282867	0.00243354559003	0.0456952814323	1.0	2.0
gene_pa_group_23704	0.00238523552464	0.0388410721859	1.0	2.0
snp_PA14_55400_4929350	0.00238384447933	0.0388900493093	1.0	62.0
gene_pa_group_8232	0.00233239520735	0.0371659778038	1.0	0.0
snp_PA14_24940_2178761	0.0021553021843	0.0364913697898	1.0	2.0
snp_PA14_67500,gloA3_6025875	0.0020915403514	0.0373040431039	1.0	4.0
snp_PA14_06000,clpA_532412	0.00203131728235	0.0325429465425	0.0	23.0
snp_PA14_33650,pvdD_2982346	0.00200817444761	0.0354139414874	1.0	51.0
snp_PA14_40260_3592591	0.002	0.0446766158074	1.0	0.0
snp_PA14_16130_1373104	0.002	0.0446766158074	1.0	2.0
snp_PA14_40260_3592138	0.002	0.0446766158074	1.0	0.0
snp_PA14_40260_3592177	0.002	0.0446766158074	1.0	0.0
gene_pa_group_1169	0.002	0.0446766158074	1.0	0.0
snp_PA14_23460,orfN_2040236	0.002	0.0446766158074	1.0	0.0
snp_PA14_47370_4220036	0.002	0.0446766158074	1.0	1.0
gene_pa_group_3797	0.002	0.0446766158074	1.0	3.0
snp_PA14_60010_5344349	0.002	0.0446766158074	1.0	3.0
snp_PA14_07480_640660	0.002	0.0446766158074	0.0	15.0
gene_pa_group_4523	0.002	0.0446766158074	1.0	1.0
snp_PA14_45770,fliP_4069423	0.002	0.0446766158074	1.0	1.0
snp_PA14_40660_3630726	0.002	0.0446766158074	1.0	0.0
snp_PA14_68660,rimK_6122088	0.002	0.0446766158074	1.0	1.0
snp_PA14_44740,xdhB_3986966	0.002	0.0446766158074	1.0	0.0
snp_PA14_60320,pilE_5377373	0.002	0.0446766158074	1.0	0.0
snp_PA14_08760,rpoB_749860	0.002	0.0446766158074	1.0	0.0
snp_PA14_40040_3569637	0.002	0.0446766158074	1.0	1.0
snp_PA14_16100_1371576	0.002	0.0446766158074	1.0	1.0
snp_PA14_29770_2579829	0.002	0.0446766158074	1.0	1.0
snp_PA14_15030,leuA_1274147	0.002	0.0446766158074	1.0	2.0
snp_PA14_73310,atpB_6527258	0.002	0.0446766158074	1.0	0.0
snp_PA14_17570_1509161	0.002	0.0446766158074	1.0	4.0
snp_PA14_70350_6273389	0.002	0.0446766158074	0.0	1.0
snp_PA14_66720,priA_5960770	0.002	0.0446766158074	1.0	2.0
snp_PA14_17980,glpF_1544403	0.002	0.0446766158074	1.0	2.0
snp_PA14_68330,arcA_6095165	0.00199998996482	0.0332369611019	1.0	0.0
snp_PA14_32790_2849840	0.00199726780002	0.0315166188302	1.0	2.0
snp_PA14_34880_3105739	0.00199723777585	0.0315161431192	1.0	1.0
snp_PA14_64230,retS_5725596	0.00199183301741	0.0314306245528	1.0	0.0
snp_PA14_41590,cmpX_3715028	0.00198910081744	0.0313874814762	1.0	0.0
snp_PA14_13060_1121044	0.00198689709231	0.036682399379	1.0	4.0
snp_PA14_63660_5677750	0.00191427865613	0.042761746034	1.0	9.0
snp_PA14_19380_1675399	0.00190631201782	0.0307327308434	1.0	0.0
snp_PA14_61220,rsmC_5466454	0.00190516304348	0.0425581186719	1.0	2.0
snp_PA14_42060_3751723	0.00189918256131	0.0424245248198	1.0	8.0
snp_PA14_13870_1192841	0.0018800951087	0.0419981434263	1.0	43.0
gene_pa_group_2218	0.0018800951087	0.0419981434263	1.0	363.0
snp_PA14_54770_4855411	0.00187173913043	0.041811485011	1.0	17.0
snp_PA14_39410_3507179	0.00186218944099	0.0415981611079	1.0	21.0
snp_PA14_15435_1307219	0.00186218944099	0.0415981611079	1.0	4.0
snp_PA14_54180_4807179	0.00185285826203	0.0318977344743	1.0	4.0
snp_PA14_55400_4919308	0.00184105488239	0.0318966215458	0.0	1.0
snp_PA14_65795_5859560	0.00182426553022	0.0316705045693	1.0	1.0
snp_PA14_53680_4761352	0.00182312252964	0.0407254724133	1.0	7.0
snp_PA14_03380_311263	0.00182312252964	0.0407254724133	0.0	9.0
gene_pa_group_16708	0.00182125859334	0.0406838352302	1.0	9.0
snp_PA14_67960_6064640	0.00181475409836	0.0405385358187	1.0	36.0
snp_PA14_63100_5633033	0.00180980926431	0.040428076593	1.0	37.0
snp_PA14_03400_312370	0.00178260869565	0.0398204619153	1.0	46.0
snp_PA14_53560_4749660	0.00178260869565	0.0398204619153	1.0	329.0
snp_PA14_32790_2851269	0.00175475543478	0.0391982671978	1.0	234.0
snp_PA14_03380_311175	0.00175475543478	0.0391982671978	1.0	23.0
snp_PA14_02870_253029	0.00172362787077	0.0385029300886	1.0	4.0
snp_PA14_31200_2713506	0.00171894409938	0.0383983025612	0.0	24.0
gene_pa_group_2821	0.00171894409938	0.0383983025612	1.0	1.0
snp_PA14_31000_2693240	0.00170153007755	0.0380093027797	1.0	33.0
snp_PA14_16910_1449619	0.00170153007755	0.0380093027797	1.0	12.0
snp_PA14_20270,rhlG_1746504	0.00169425935762	0.0336996028868	1.0	4.0
snp_PA14_29390_2544970	0.00167297923502	0.0269173776303	1.0	0.0
snp_PA14_60010_5344351	0.001672959136	0.0269168474733	1.0	2.0
snp_PA14_59100_5264126	0.00167119565217	0.0373316830456	1.0	57.0
snp_PA14_03380_310430	0.00167119565217	0.0373316830456	1.0	13.0
snp_PA14_33650,pvdD_2979721	0.00167119565217	0.0373316830456	1.0	31.0
snp_PA14_31040_2698687	0.00167119565217	0.0373316830456	1.0	36.0
snp_PA14_51630_4588916	0.00167119565217	0.0373316830456	1.0	5.0
snp_PA14_59540_5298542	0.00167119565217	0.0373316830456	1.0	60.0
snp_PA14_07480_641723	0.00166758233622	0.0268170903029	1.0	0.0
