feature	score	std	#I-out-of-1	#O-out-of-368
snp_PA14_51470,cupC1_4576260	0.00578260869565	0.0745346115411	1.0	0.0
snp_PA14_60810,nfxB_5422044	0.00532970027248	0.0696824633772	1.0	1.0
snp_PA14_15920,yhjE_1355584	0.00415894511761	0.0576313921386	1.0	1.0
snp_PA14_33800_3003258	0.004	0.0631189353522	1.0	0.0
snp_PA14_13110_1125790	0.004	0.0631189353522	1.0	0.0
snp_PA14_21690,lhr1_1882773	0.004	0.0631189353522	1.0	0.0
snp_PA14_70160,bioA_6258115	0.004	0.0631189353522	1.0	1.0
snp_PA14_55480,hxcX_4939543	0.004	0.0631189353522	1.0	0.0
snp_PA14_69795,amtB_6224709	0.004	0.0631189353522	1.0	0.0
snp_PA14_58410_5202541	0.004	0.0631189353522	0.0	20.0
snp_PA14_34990_3115386	0.004	0.0631189353522	1.0	0.0
snp_PA14_40080_3572746	0.004	0.0631189353522	1.0	0.0
snp_PA14_57370,murD_5111075	0.00399183301742	0.0545519644716	1.0	2.0
snp_PA14_32590,dipZ2_2831207	0.00380980926431	0.0601929409479	1.0	1.0
snp_PA14_09270,pchE_787818	0.00370153007755	0.0585994963928	1.0	1.0
snp_PA14_16190_1379377	0.0036757493188	0.0582284875012	1.0	0.0
snp_PA14_24360_2120637	0.00359744533779	0.0567719735419	1.0	13.0
snp_PA14_49940_4440642	0.00356403269755	0.0566603636631	1.0	0.0
snp_PA14_38500_3435157	0.00349590163934	0.0557372364674	1.0	1.0
snp_PA14_40320,xqhA_3601890	0.00332970027248	0.0536000420094	1.0	1.0
snp_PA14_19370,asnB_1674697	0.0029972826087	0.0498828888274	1.0	1.0
snp_PA14_40080_3572767	0.0029972826087	0.0498828888274	1.0	1.0
snp_PA14_61540,csuD_5491109	0.00299455040872	0.0498557712366	1.0	1.0
snp_PA14_52020_4617441	0.00279346049046	0.0480310977748	1.0	1.0
snp_PA14_10480_903003	0.00266304347826	0.0470395740464	1.0	1.0
snp_PA14_12200,holA_1053968	0.00266304347826	0.0470395740464	1.0	1.0
snp_PA14_33610_2969470	0.00250952567824	0.0403768393866	1.0	66.0
snp_PA14_03290_298787	0.00249318424804	0.0401239478417	1.0	2.0
snp_PA14_14700,cysE_1253129	0.00217437581448	0.0367565693428	0.0	1.0
snp_PA14_71500,soxA_6370218	0.00215894511761	0.0365241446212	1.0	1.0
snp_PA14_41740_3725384	0.002	0.0446766158074	0.0	0.0
snp_PA14_39130,ybiT_3486265	0.002	0.0446766158074	1.0	1.0
snp_PA14_41070_3661943	0.002	0.0446766158074	1.0	0.0
snp_PA14_42900_3813059	0.002	0.0446766158074	1.0	1.0
snp_PA14_62200,mrcB_5549965	0.002	0.0446766158074	1.0	0.0
snp_PA14_52260,lemA_4637129	0.002	0.0446766158074	1.0	1.0
snp_PA14_44200_3933958	0.002	0.0446766158074	1.0	0.0
snp_PA14_17740,ycjJ_1525325	0.002	0.0446766158074	1.0	0.0
snp_PA14_33170_2903908	0.002	0.0446766158074	1.0	0.0
snp_PA14_04420_395292	0.002	0.0446766158074	1.0	1.0
snp_PA14_59880_5332956	0.002	0.0446766158074	1.0	1.0
snp_PA14_42450,popB_3780573	0.002	0.0446766158074	1.0	0.0
snp_PA14_58650_5226383	0.002	0.0446766158074	1.0	1.0
snp_PA14_69610,cyaA_6210795	0.002	0.0446766158074	1.0	0.0
snp_PA14_33650,pvdD_2981193	0.002	0.0446766158074	1.0	0.0
snp_PA14_36260_3229512	0.002	0.0446766158074	1.0	1.0
snp_PA14_08950,rplN_764269	0.002	0.0446766158074	1.0	0.0
snp_PA14_41590,cmpX_3714598	0.002	0.0446766158074	1.0	1.0
snp_PA14_14500,yjgP_1239636	0.002	0.0446766158074	1.0	0.0
snp_PA14_24330_2114903	0.002	0.0446766158074	1.0	0.0
snp_PA14_46110_4100578	0.002	0.0446766158074	1.0	1.0
gene_pa_group_4372	0.002	0.0446766158074	1.0	1.0
snp_PA14_58190,gatB_5179625	0.002	0.0446766158074	1.0	0.0
snp_PA14_15790_1345462	0.002	0.0446766158074	1.0	0.0
snp_PA14_18430,algJ_1581578	0.002	0.0446766158074	1.0	1.0
snp_PA14_37745_3364947	0.002	0.0446766158074	1.0	0.0
snp_PA14_51850_4605068	0.002	0.0446766158074	1.0	0.0
snp_PA14_53980_4787474	0.002	0.0446766158074	1.0	1.0
snp_PA14_11190,styD_974387	0.002	0.0446766158074	1.0	0.0
snp_PA14_66460_5929485	0.002	0.0446766158074	1.0	1.0
snp_PA14_63350_5653273	0.002	0.0446766158074	1.0	1.0
snp_PA14_43510_3875381	0.002	0.0446766158074	1.0	0.0
snp_PA14_43710_3892012	0.002	0.0446766158074	1.0	0.0
snp_PA14_62630,acsB_5587776	0.002	0.0446766158074	1.0	3.0
snp_PA14_54760_4853901	0.002	0.0446766158074	1.0	1.0
snp_PA14_47860_4258655	0.002	0.0446766158074	1.0	0.0
snp_PA14_26620_2319935	0.002	0.0446766158074	1.0	0.0
snp_PA14_58900_5250221	0.002	0.0446766158074	1.0	1.0
snp_PA14_40020_3565723	0.002	0.0446766158074	1.0	1.0
snp_PA14_17650_1517297	0.002	0.0446766158074	1.0	3.0
snp_PA14_01250,ychM_123179	0.002	0.0446766158074	1.0	1.0
snp_PA14_41730_3724938	0.002	0.0446766158074	1.0	0.0
snp_PA14_16470,wspE_1410803	0.002	0.0446766158074	1.0	1.0
snp_PA14_59820_5328601	0.002	0.0446766158074	1.0	1.0
snp_PA14_23510,uvrB_2047274	0.002	0.0446766158074	1.0	1.0
snp_PA14_40230_3584737	0.002	0.0446766158074	1.0	0.0
snp_PA14_69130,glpT_6165680	0.002	0.0446766158074	1.0	1.0
snp_PA14_38740_3455919	0.002	0.0446766158074	1.0	0.0
snp_PA14_58150,mreB_5176649	0.002	0.0446766158074	1.0	0.0
snp_PA14_29940,nuoG_2593496	0.002	0.0446766158074	1.0	1.0
snp_PA14_58070_5167274	0.002	0.0446766158074	1.0	1.0
snp_PA14_40080_3572770	0.002	0.0446766158074	1.0	2.0
snp_PA14_29520,hplU_2560710	0.002	0.0446766158074	1.0	1.0
gene_pa_group_10754	0.002	0.0446766158074	1.0	1.0
snp_PA14_63160,pmrB_5636895	0.002	0.0446766158074	1.0	1.0
snp_PA14_69040_6156961	0.002	0.0446766158074	1.0	1.0
snp_PA14_41790_3730016	0.002	0.0446766158074	1.0	1.0
snp_PA14_36810,katE_3280035	0.002	0.0446766158074	1.0	1.0
snp_PA14_49910_4437809	0.002	0.0446766158074	1.0	1.0
snp_PA14_07430_635538	0.002	0.0446766158074	1.0	0.0
snp_PA14_32160,antA_2796560	0.002	0.0446766158074	1.0	6.0
snp_PA14_46820_4170413	0.002	0.0446766158074	1.0	0.0
snp_PA14_55631,23S-rRNA_4952581	0.002	0.0446766158074	1.0	1.0
snp_PA14_45430_4045573	0.002	0.0446766158074	1.0	1.0
snp_PA14_66320_5912984	0.002	0.0446766158074	1.0	1.0
gene_pa_group_18256	0.002	0.0446766158074	1.0	1.0
snp_PA14_56180_5017099	0.002	0.0446766158074	1.0	0.0
snp_PA14_68890_6146281	0.002	0.0446766158074	1.0	1.0
snp_PA14_20110_1733363	0.002	0.0446766158074	1.0	1.0
snp_PA14_58820_5240087	0.002	0.0446766158074	1.0	1.0
