feature	score	std	#I-out-of-1	#O-out-of-368
snp_PA14_64300_5731305	0.00550817438692	0.0714629624743	1.0	0.0
snp_PA14_24100,xcpZ_2092135	0.004	0.0631189353522	1.0	0.0
snp_PA14_43250_3854046	0.004	0.0631189353522	1.0	0.0
snp_PA14_59580_5303189	0.004	0.0631189353522	1.0	0.0
snp_PA14_26670_2324914	0.004	0.0631189353522	1.0	0.0
snp_PA14_30880,trbL_2681771	0.004	0.0631189353522	0.0	1.0
snp_PA14_44130_3928300	0.004	0.0631189353522	1.0	0.0
snp_PA14_24480,pelA_2135541	0.004	0.0631189353522	1.0	0.0
snp_PA14_23380,orfH_2030354	0.004	0.0631189353522	1.0	0.0
snp_PA14_30960,traG_2690254	0.004	0.0631189353522	1.0	0.0
snp_PA14_61200_5461479	0.004	0.0631189353522	1.0	0.0
snp_PA14_23380,orfH_2030355	0.004	0.0631189353522	1.0	0.0
snp_PA14_30970,bphR_2691484	0.004	0.0631189353522	1.0	0.0
snp_PA14_46880_4174901	0.004	0.0631189353522	1.0	0.0
snp_PA14_30970,bphR_2691067	0.004	0.0631189353522	1.0	0.0
snp_PA14_30910,trbE_2685761	0.004	0.0631189353522	1.0	0.0
snp_PA14_03170_280023	0.004	0.0631189353522	1.0	0.0
snp_PA14_62370_5564378	0.004	0.0631189353522	1.0	0.0
snp_PA14_44400,ccoP_3953478	0.004	0.0631189353522	1.0	0.0
snp_PA14_66690_5956405	0.004	0.0631189353522	1.0	0.0
snp_PA14_29460,qor_2553884	0.004	0.0631189353522	1.0	0.0
snp_PA14_61200_5460249	0.004	0.0631189353522	1.0	1.0
snp_PA14_07170,epd_620999	0.004	0.0631189353522	1.0	0.0
snp_PA14_67510,estA_6026570	0.004	0.0631189353522	1.0	0.0
snp_PA14_31070_2701453	0.004	0.0631189353522	1.0	0.0
snp_PA14_56000,pctA_4999747	0.004	0.0631189353522	1.0	0.0
snp_PA14_30880,trbL_2681557	0.00233423913043	0.037223164817	1.0	3.0
snp_PA14_59220_5276092	0.00220925690084	0.0350101279831	1.0	136.0
snp_PA14_65250,hisZ_5815013	0.00219072523165	0.0347079194263	1.0	2.0
snp_PA14_24445,gdhB_2130878	0.002	0.0446766158074	1.0	0.0
snp_PA14_01190_117943	0.002	0.0446766158074	1.0	0.0
gene_pa_group_13886	0.002	0.0446766158074	1.0	0.0
snp_PA14_17070,tsf_1464197	0.002	0.0446766158074	1.0	0.0
snp_PA14_19370,asnB_1673389	0.002	0.0446766158074	1.0	0.0
snp_PA14_28430_2456034	0.002	0.0446766158074	1.0	0.0
gene_pa_group_20599	0.002	0.0446766158074	1.0	0.0
snp_PA14_12870,tesB_1105427	0.002	0.0446766158074	1.0	0.0
snp_PA14_64390,ureC_5735824	0.002	0.0446766158074	1.0	0.0
snp_PA14_01750_160457	0.002	0.0446766158074	1.0	0.0
snp_PA14_00700_70559	0.002	0.0446766158074	1.0	1.0
snp_PA14_31190_2712773	0.002	0.0446766158074	1.0	1.0
snp_PA14_26165_2285347	0.002	0.0446766158074	1.0	0.0
snp_PA14_18760,mexE_1614488	0.002	0.0446766158074	1.0	0.0
snp_PA14_31090_2704786	0.002	0.0446766158074	1.0	1.0
snp_PA14_64360,yncA_5734645	0.002	0.0446766158074	1.0	1.0
snp_PA14_00160_16955	0.002	0.0446766158074	1.0	0.0
snp_PA14_62420_5568252	0.002	0.0446766158074	1.0	0.0
gene_pa_group_16947	0.002	0.0446766158074	1.0	0.0
gene_pa_group_16750	0.002	0.0446766158074	1.0	1.0
snp_PA14_27420,trpB_2379405	0.002	0.0446766158074	1.0	0.0
snp_PA14_30850,trbI_2678878	0.002	0.0446766158074	0.0	20.0
snp_PA14_58120,mreD_5174883	0.002	0.0446766158074	1.0	0.0
snp_PA14_62420_5568618	0.002	0.0446766158074	1.0	0.0
snp_PA14_27330,dhs_2370980	0.002	0.0446766158074	1.0	0.0
gene_pa_group_17007	0.002	0.0446766158074	1.0	0.0
snp_PA14_42990_3824958	0.002	0.0446766158074	1.0	3.0
snp_PA14_73070,pyrQ_6506933	0.002	0.0446766158074	1.0	0.0
snp_PA14_28300_2446597	0.002	0.0446766158074	1.0	0.0
snp_PA14_06510,bioF_571315	0.002	0.0446766158074	1.0	0.0
snp_PA14_00310_28728	0.002	0.0446766158074	1.0	0.0
snp_PA14_30390_2632713	0.002	0.0446766158074	1.0	0.0
snp_PA14_54080_4795049	0.002	0.0446766158074	1.0	1.0
snp_PA14_33040,gcvT2_2891917	0.002	0.0446766158074	1.0	0.0
snp_PA14_40260_3591968	0.002	0.0446766158074	1.0	0.0
gene_pa_group_3832	0.002	0.0446766158074	1.0	1.0
snp_PA14_31190_2711831	0.002	0.0446766158074	1.0	1.0
snp_PA14_20520_1765187	0.002	0.0446766158074	1.0	0.0
snp_PA14_14500,yjgP_1239832	0.002	0.0446766158074	1.0	0.0
snp_PA14_72010_6418851	0.002	0.0446766158074	1.0	0.0
snp_PA14_32830_2871354	0.002	0.0446766158074	1.0	0.0
snp_PA14_48930_4350550	0.002	0.0446766158074	1.0	2.0
snp_PA14_00550_56872	0.002	0.0446766158074	1.0	0.0
snp_PA14_56940,colS_5074808	0.002	0.0446766158074	1.0	0.0
snp_PA14_60870,morA_5429246	0.002	0.0446766158074	1.0	0.0
snp_PA14_23380,orfH_2030347	0.002	0.0446766158074	1.0	1.0
snp_PA14_25620_2240482	0.002	0.0446766158074	1.0	0.0
snp_PA14_59580_5302294	0.002	0.0446766158074	0.0	3.0
snp_PA14_53030,yaeJ_4701920	0.002	0.0446766158074	1.0	0.0
snp_PA14_37370_3326741	0.002	0.0446766158074	1.0	0.0
snp_PA14_56000,pctA_4999777	0.002	0.0446766158074	1.0	0.0
snp_PA14_49720_4423917	0.002	0.0446766158074	1.0	0.0
gene_pa_group_23715	0.002	0.0446766158074	1.0	0.0
snp_PA14_60490_5392231	0.002	0.0446766158074	1.0	0.0
snp_PA14_05410,chpC_477576	0.002	0.0446766158074	1.0	0.0
snp_PA14_48970_4351586	0.002	0.0446766158074	1.0	0.0
snp_PA14_03130_275797	0.002	0.0446766158074	1.0	0.0
snp_PA14_68700,ompR_6125278	0.002	0.0446766158074	1.0	0.0
snp_PA14_31070_2701408	0.002	0.0446766158074	1.0	4.0
snp_PA14_21870_1901386	0.002	0.0446766158074	1.0	0.0
gene_pa_group_23688	0.002	0.0446766158074	1.0	0.0
snp_PA14_29400,rhs_2548899	0.002	0.0446766158074	0.0	265.0
snp_PA14_69000,pepP_6154298	0.002	0.0446766158074	1.0	0.0
snp_PA14_06540,bioC_573325	0.002	0.0446766158074	1.0	0.0
snp_PA14_31270_2718948	0.002	0.0446766158074	1.0	2.0
snp_PA14_54430,algU_4826601	0.002	0.0446766158074	1.0	0.0
snp_PA14_06830,norB_593224	0.002	0.0446766158074	1.0	0.0
snp_PA14_08240_704086	0.002	0.0446766158074	1.0	0.0
snp_PA14_21710_1888046	0.002	0.0446766158074	1.0	0.0
snp_PA14_35990_3202521	0.002	0.0446766158074	1.0	0.0
gene_pa_group_19755	0.002	0.0446766158074	1.0	0.0
