feature	score	std	#I-out-of-2	#O-out-of-367
snp_PA14_44240_3937167	0.00413625764953	0.0564996476202	1.0	0.0
gene_pa_rpoS	0.00400816698259	0.0547002753298	1.0	366.0
snp_PA14_49090_4360496	0.004	0.0631189353522	1.0	0.0
snp_PA14_66520_5933243	0.004	0.0631189353522	1.0	0.0
snp_PA14_40910_3649005	0.004	0.0631189353522	1.0	0.0
gene_pa_group_10743	0.004	0.0631189353522	1.0	0.0
snp_PA14_37640_3349782	0.00399456521739	0.0545766987856	1.0	0.0
snp_PA14_59090_5262861	0.00399456521739	0.0545766987856	1.0	0.0
snp_PA14_39210,nadR_3491973	0.00399456521739	0.0545766987856	1.0	0.0
snp_PA14_11080,cupB3_958689	0.00399183301741	0.0545519644716	1.0	0.0
gene_pa_group_2763	0.00398415974538	0.051967449191	1.0	7.0
snp_PA14_59540_5298807	0.00366469332298	0.0578799162852	0.0	19.0
snp_PA14_54370,lepA_4820937	0.00349590163934	0.0557372364674	1.0	0.0
snp_PA14_28810_2483447	0.00332970027248	0.0536000420094	1.0	0.0
snp_PA14_62860,ftsH_5608982	0.00318392370572	0.0437941623509	1.0	50.0
snp_PA14_27140_2359009	0.00300269493487	0.0499367839306	1.0	0.0
snp_PA14_31840_2769371	0.0029972826087	0.0498828888274	1.0	0.0
snp_PA14_15990,trmD_1361948	0.0029972826087	0.0498828888274	1.0	0.0
snp_PA14_41380,glnS_3691360	0.00299455040872	0.0498557712366	1.0	0.0
snp_PA14_50970,yfcG_4527425	0.00299455040872	0.0498557712366	1.0	0.0
snp_PA14_35750,tpnC_3180590	0.00289211771721	0.0391342408316	1.0	0.0
snp_PA14_19740_1703132	0.00282560191182	0.0446646195377	1.0	0.0
gene_pa_group_1874	0.00277733861482	0.0465106397822	1.0	10.0
snp_PA14_23470,wbpM_2041633	0.00272480103181	0.0370027128755	1.0	5.0
snp_PA14_45400_4043490	0.00266304347826	0.0470395740464	1.0	0.0
snp_PA14_00360_32355	0.00266304347826	0.0470395740464	1.0	0.0
snp_PA14_52310,dinP_4642962	0.00266304347826	0.0470395740464	1.0	0.0
snp_PA14_20520_1765833	0.00266099718904	0.0447864259061	1.0	5.0
snp_PA14_60020_5344755	0.00265630091131	0.0422833007945	1.0	183.0
snp_PA14_20900_1801341	0.00259831137322	0.0420588070847	1.0	0.0
gene_pa_group_11433	0.00247775302922	0.041419507422	1.0	9.0
snp_PA14_28810_2481221	0.00247555034851	0.0355942621435	1.0	1.0
snp_PA14_23690_2059998	0.00243354559003	0.0456952814323	1.0	2.0
snp_PA14_72320_6442497	0.00240438356164	0.0455629451655	1.0	0.0
snp_PA14_05550,oprM_491756	0.00237841755035	0.0309795960326	1.0	0.0
snp_PA14_05390,chpA_474865	0.00233967391304	0.0372957555213	1.0	0.0
snp_PA14_37780_3368818	0.00232698288118	0.0370934341736	1.0	0.0
snp_PA14_11260_980060	0.00232698288118	0.0370934341736	1.0	0.0
snp_PA14_38200,ilvG_3408838	0.00232698288118	0.0370934341736	1.0	0.0
snp_PA14_28810_2483443	0.00216619133169	0.0365897883055	1.0	1.0
snp_PA14_17400,adhC_1493763	0.00211065142942	0.0362026851389	1.0	33.0
snp_PA14_59940_5338277	0.00210427743787	0.0404494040405	1.0	22.0
snp_PA14_64110,accC_5714762	0.00209940003723	0.0353124047435	1.0	0.0
gene_pa_naiP_3	0.00202663065529	0.0377952859071	2.0	8.0
snp_PA14_17410_1494714	0.00200662345089	0.0354742084229	1.0	8.0
snp_PA14_59820_5328094	0.0020045040471	0.031631098964	0.0	88.0
snp_PA14_35380,ptxR_3145937	0.002	0.0446766158074	1.0	0.0
snp_PA14_02220_199523	0.002	0.0446766158074	1.0	1.0
snp_PA14_24170,fadH1_2097057	0.002	0.0446766158074	1.0	0.0
snp_PA14_37200_3314239	0.002	0.0446766158074	1.0	0.0
snp_PA14_34520,srpM_3068635	0.002	0.0446766158074	1.0	1.0
snp_PA14_67510,estA_6026633	0.002	0.0446766158074	1.0	0.0
snp_PA14_71090,yeiE_6333682	0.002	0.0446766158074	1.0	0.0
gene_pa_group_2178	0.002	0.0446766158074	1.0	0.0
snp_PA14_55650,sbcC_4960004	0.002	0.0446766158074	1.0	0.0
snp_PA14_67530_6031607	0.002	0.0446766158074	1.0	0.0
snp_PA14_40260_3591129	0.002	0.0446766158074	1.0	0.0
snp_PA14_18630,eprS_1600839	0.002	0.0446766158074	1.0	0.0
snp_PA14_60660_5406734	0.002	0.0446766158074	1.0	0.0
snp_PA14_56450_5034664	0.002	0.0446766158074	1.0	0.0
snp_PA14_19920_1717883	0.002	0.0446766158074	1.0	0.0
snp_PA14_08760,rpoB_746353	0.002	0.0446766158074	1.0	0.0
snp_PA14_69430,hemX_6192044	0.002	0.0446766158074	1.0	1.0
snp_PA14_00150_16350	0.002	0.0446766158074	1.0	0.0
snp_PA14_30740,mdaB_2667317	0.002	0.0446766158074	1.0	0.0
snp_PA14_35490,lpdV_3154976	0.002	0.0446766158074	0.0	4.0
snp_PA14_09600,ddlA_825723	0.002	0.0446766158074	1.0	0.0
snp_PA14_05000,trmB_439941	0.002	0.0446766158074	1.0	0.0
snp_PA14_62060,23S-rRNA_5536665	0.002	0.0446766158074	1.0	0.0
snp_PA14_37000,cupA5_3295066	0.002	0.0446766158074	1.0	0.0
snp_PA14_05360,pilJ_467101	0.002	0.0446766158074	1.0	0.0
snp_PA14_36740_3275930	0.002	0.0446766158074	1.0	0.0
snp_PA14_00680_68933	0.002	0.0446766158074	1.0	0.0
snp_PA14_00320_30283	0.002	0.0446766158074	1.0	0.0
snp_PA14_31160_2709124	0.002	0.0446766158074	0.0	2.0
snp_PA14_11630_1008578	0.002	0.0446766158074	1.0	0.0
snp_PA14_25940_2262690	0.002	0.0446766158074	1.0	0.0
snp_PA14_48930_4349931	0.002	0.0446766158074	1.0	0.0
snp_PA14_71880_6406521	0.002	0.0446766158074	1.0	0.0
snp_PA14_56900,pncB2_5072134	0.002	0.0446766158074	1.0	0.0
snp_PA14_37130_3309333	0.002	0.0446766158074	1.0	0.0
snp_PA14_17150_1472625	0.002	0.0446766158074	1.0	0.0
snp_PA14_60730_5412604	0.002	0.0446766158074	1.0	0.0
snp_PA14_01150_112604	0.002	0.0446766158074	0.0	0.0
gene_pa_group_2349	0.002	0.0446766158074	1.0	0.0
snp_PA14_24720_2162071	0.002	0.0446766158074	1.0	0.0
snp_PA14_41450_3696467	0.002	0.0446766158074	1.0	2.0
snp_PA14_34130_3035332	0.002	0.0446766158074	1.0	0.0
snp_PA14_09520,mexI_818149	0.002	0.0446766158074	1.0	0.0
snp_PA14_24170,fadH1_2095692	0.002	0.0446766158074	1.0	0.0
snp_PA14_10370,choS_896986	0.002	0.0446766158074	1.0	0.0
snp_PA14_39750_3540954	0.002	0.0446766158074	1.0	0.0
snp_PA14_23060,hexR_1999186	0.002	0.0446766158074	1.0	0.0
snp_PA14_09460,phzC1_810937	0.002	0.0446766158074	1.0	0.0
snp_PA14_21280_1843511	0.002	0.0446766158074	1.0	0.0
snp_PA14_17930,glpD_1540938	0.002	0.0446766158074	1.0	0.0
snp_PA14_08540_730464	0.002	0.0446766158074	1.0	0.0
snp_PA14_33380_2938761	0.002	0.0446766158074	1.0	0.0
snp_PA14_51600_4586711	0.002	0.0446766158074	1.0	0.0
snp_PA14_01870_170279	0.002	0.0446766158074	1.0	0.0
