feature	score	std	#I-out-of-1	#O-out-of-368
snp_PA14_55400_4924182	0.00644180615025	0.0741318262022	1.0	0.0
gene_pa_group_17861	0.00460163043478	0.0644965470965	1.0	1.0
snp_PA14_03040_269128	0.004	0.0631189353522	1.0	0.0
snp_PA14_72220_6434763	0.004	0.0631189353522	1.0	1.0
snp_PA14_32410,mexT_2819392	0.004	0.0631189353522	1.0	0.0
snp_PA14_65410,orn_5827972	0.004	0.0631189353522	1.0	1.0
snp_PA14_56660_5047863	0.004	0.0631189353522	1.0	0.0
snp_PA14_50690,phaF_4502655	0.004	0.0631189353522	1.0	1.0
snp_PA14_08820,fusA1_755726	0.004	0.0631189353522	1.0	0.0
snp_PA14_29030_2510604	0.00399456521739	0.0545766987856	1.0	1.0
snp_PA14_19470,mqoA_1683149	0.00388746803069	0.0613690098971	1.0	1.0
snp_PA14_49560,toxA_4408047	0.00378260869565	0.0597874464446	1.0	2.0
snp_PA14_37880_3380172	0.00349590163934	0.0557372364674	1.0	1.0
snp_PA14_01230_120902	0.00332970027248	0.0536000420094	1.0	1.0
gene_pa_ttgE	0.00332970027248	0.0536000420094	0.0	367.0
gene_pa_group_9355	0.00322302018634	0.0509717469482	0.0	367.0
snp_PA14_33630,pvdJ_2978141	0.00319344262295	0.0519803286961	1.0	1.0
snp_PA14_33610_2961587	0.00305590062112	0.0485980683803	1.0	44.0
snp_PA14_49750_4426789	0.00302771580311	0.0481301642991	1.0	2.0
snp_PA14_49520,pyoS3A_4403411	0.0029972826087	0.0498828888274	1.0	1.0
snp_PA14_33070_2896676	0.0029972826087	0.0498828888274	1.0	1.0
snp_PA14_50710,phaD_4504462	0.00299455040872	0.0498557712366	1.0	1.0
snp_PA14_23420_2035286	0.00284376480867	0.0467662149555	1.0	7.0
snp_PA14_46230,aphA_4110490	0.00271771717162	0.0471423486473	1.0	1.0
snp_PA14_55400_4925346	0.00267755597678	0.0422511599122	0.0	107.0
snp_PA14_08760,rpoB_747025	0.00267029972752	0.0470905549099	1.0	0.0
snp_PA14_36360_3239013	0.00266596482537	0.044887263577	1.0	55.0
gene_pa_group_14094	0.00266304347826	0.0470395740464	1.0	1.0
snp_PA14_23470,wbpM_2042529	0.00266304347826	0.0470395740464	1.0	1.0
snp_PA14_68140,emrB_6080696	0.00266304347826	0.0470395740464	1.0	1.0
snp_PA14_09300,pchH_796988	0.00266304347826	0.0470395740464	1.0	1.0
gene_pa_group_18950	0.00265940054496	0.0470141694395	1.0	1.0
gene_pa_group_21272	0.00251637110823	0.0404869507565	0.0	359.0
snp_PA14_33630,pvdJ_2976430	0.00250679347826	0.0403430230343	0.0	57.0
snp_PA14_10590,hpcG_911993	0.00249592391304	0.0460080495955	1.0	1.0
snp_PA14_49740_4424785	0.00239812009979	0.0437603218995	1.0	0.0
snp_PA14_33610_2968821	0.00234240611302	0.0373323444806	0.0	78.0
snp_PA14_05500_485064	0.00232698288118	0.0370934341736	1.0	1.0
snp_PA14_67820_6055917	0.00219072523165	0.0347079194263	1.0	1.0
snp_PA14_23420_2035638	0.00214351389879	0.034848229796	1.0	7.0
snp_PA14_32140,antC_2795444	0.00200816698258	0.0316883699342	0.0	1.0
snp_PA14_17930,glpD_1540041	0.002	0.0446766158074	1.0	1.0
snp_PA14_24490,pelB_2138647	0.002	0.0446766158074	1.0	0.0
snp_PA14_34840_3102407	0.002	0.0446766158074	1.0	1.0
gene_pa_group_21135	0.002	0.0446766158074	1.0	1.0
snp_PA14_33610_2969114	0.002	0.0446766158074	1.0	0.0
snp_PA14_32400,mexE_2818425	0.002	0.0446766158074	1.0	0.0
snp_PA14_67530_6030662	0.002	0.0446766158074	1.0	1.0
snp_PA14_32420_2820368	0.002	0.0446766158074	1.0	0.0
snp_PA14_31440_2734043	0.002	0.0446766158074	1.0	1.0
gene_pa_group_23180	0.002	0.0446766158074	1.0	1.0
snp_PA14_33940_3017537	0.002	0.0446766158074	1.0	1.0
snp_PA14_37680_3355367	0.002	0.0446766158074	1.0	1.0
snp_PA14_58720_5232772	0.002	0.0446766158074	1.0	0.0
snp_PA14_31310_2723257	0.002	0.0446766158074	1.0	1.0
snp_PA14_23420_2034252	0.002	0.0446766158074	1.0	0.0
snp_PA14_57760,algW_5144454	0.002	0.0446766158074	1.0	0.0
snp_PA14_43530_3877055	0.002	0.0446766158074	1.0	1.0
snp_PA14_16870_1446773	0.002	0.0446766158074	1.0	1.0
snp_PA14_09940,pfpI_854640	0.002	0.0446766158074	1.0	0.0
snp_PA14_57425,ftsI_5116577	0.002	0.0446766158074	1.0	1.0
snp_PA14_15830_1350253	0.002	0.0446766158074	1.0	1.0
snp_PA14_33130_2902160	0.002	0.0446766158074	1.0	0.0
snp_PA14_33610_2961229	0.002	0.0446766158074	1.0	1.0
snp_PA14_20720,flgN_1783669	0.002	0.0446766158074	1.0	1.0
snp_PA14_00640,phzH_64764	0.002	0.0446766158074	1.0	1.0
snp_PA14_09940,pfpI_854520	0.002	0.0446766158074	1.0	0.0
snp_PA14_40850,gpmA_3644701	0.002	0.0446766158074	1.0	1.0
snp_PA14_11100,cupB5_963666	0.002	0.0446766158074	1.0	0.0
snp_PA14_10530_906138	0.002	0.0446766158074	1.0	0.0
snp_PA14_09490,phzM_814177	0.002	0.0446766158074	1.0	0.0
snp_PA14_49520,pyoS3A_4403442	0.002	0.0446766158074	1.0	0.0
snp_PA14_05810,amaB_514248	0.002	0.0446766158074	1.0	1.0
snp_PA14_14270_1217825	0.002	0.0446766158074	1.0	1.0
snp_PA14_07310_629395	0.002	0.0446766158074	1.0	1.0
snp_PA14_22060_1918402	0.002	0.0446766158074	1.0	1.0
snp_PA14_58810_5239792	0.002	0.0446766158074	1.0	1.0
snp_PA14_17660_1518505	0.002	0.0446766158074	1.0	0.0
snp_PA14_04370_390284	0.002	0.0446766158074	1.0	0.0
snp_PA14_17550_1507968	0.002	0.0446766158074	1.0	0.0
snp_PA14_24290,gbt_2108498	0.002	0.0446766158074	1.0	1.0
gene_pa_group_23595	0.002	0.0446766158074	1.0	1.0
snp_PA14_22880_1985305	0.002	0.0446766158074	1.0	2.0
snp_PA14_50700,phaE_4503110	0.002	0.0446766158074	1.0	1.0
snp_PA14_41480,nasS_3700027	0.002	0.0446766158074	1.0	1.0
snp_PA14_64510,yhjG_5746920	0.002	0.0446766158074	1.0	1.0
snp_PA14_29940,nuoG_2592626	0.002	0.0446766158074	1.0	1.0
snp_PA14_54170,putA_4803408	0.002	0.0446766158074	1.0	0.0
gene_pa_group_19480	0.002	0.0446766158074	0.0	367.0
snp_PA14_12960_1109415	0.002	0.0446766158074	1.0	1.0
snp_PA14_14210_1214338	0.002	0.0446766158074	1.0	0.0
snp_PA14_48890_4347351	0.002	0.0446766158074	1.0	0.0
snp_PA14_71880_6406409	0.002	0.0446766158074	1.0	2.0
snp_PA14_72400_6450178	0.002	0.0446766158074	1.0	1.0
snp_PA14_43420_3868620	0.002	0.0446766158074	1.0	1.0
snp_PA14_30590_2650228	0.002	0.0446766158074	1.0	1.0
snp_PA14_34490_3066288	0.002	0.0446766158074	1.0	1.0
snp_PA14_00380,betC_33769	0.002	0.0446766158074	1.0	1.0
snp_PA14_51630_4588258	0.002	0.0446766158074	1.0	0.0
snp_PA14_58300_5192414	0.002	0.0446766158074	1.0	1.0
