feature	score	std	#I-out-of-2	#O-out-of-367
snp_PA14_21450_1859013	0.00549590163934	0.0713348156405	1.0	0.0
snp_PA14_04870_430083	0.00467397260274	0.0648480802702	1.0	0.0
snp_PA14_28350_2450239	0.00444200924061	0.0577686614822	1.0	0.0
snp_PA14_32950_2884344	0.004	0.0631189353522	1.0	0.0
snp_PA14_16910_1450076	0.004	0.0631189353522	1.0	0.0
snp_PA14_21410,phoA_1857663	0.004	0.0631189353522	1.0	0.0
snp_PA14_41800_3733127	0.004	0.0631189353522	1.0	0.0
snp_PA14_40450,str_3614891	0.004	0.0631189353522	1.0	0.0
snp_PA14_14490_1238238	0.004	0.0546260687238	1.0	0.0
snp_PA14_71160_6339420	0.00375475792919	0.0491776359775	1.0	0.0
snp_PA14_33910_3014740	0.00367485351553	0.0476707829168	1.0	0.0
snp_PA14_17580_1510625	0.00366758233622	0.0520431167684	1.0	0.0
snp_PA14_40260_3591901	0.00363003979568	0.0518296304637	1.0	0.0
snp_PA14_20560,amiE_1769485	0.00359473251762	0.0516026878735	1.0	0.0
snp_PA14_14210_1214242	0.00349590163934	0.0557372364674	1.0	0.0
snp_PA14_44920_4005431	0.00335164835165	0.0538724705818	1.0	0.0
snp_PA14_33300_2927735	0.00333687623852	0.0536887725276	1.0	0.0
snp_PA14_71570_6376802	0.00332970027248	0.0536000420094	1.0	0.0
snp_PA14_30040_2602167	0.00332970027248	0.0536000420094	1.0	0.0
snp_PA14_67530_6030751	0.00332602739726	0.0535547558196	1.0	0.0
snp_PA14_18780,mexF_1618639	0.0032386809309	0.0512543815947	1.0	1.0
snp_PA14_07300_628181	0.00300544959128	0.0499643043888	1.0	0.0
snp_PA14_72750_6479851	0.0030027173913	0.0499370080369	1.0	0.0
snp_PA14_28230_2442785	0.0030027173913	0.0499370080369	1.0	0.0
snp_PA14_70570,recG_6287947	0.0030027173913	0.0499370080369	1.0	0.0
snp_PA14_33360_2937106	0.0030027173913	0.0499370080369	0.0	3.0
gene_pa_group_824	0.00300270246125	0.0499368590405	1.0	0.0
snp_PA14_28895_2495579	0.00300269493487	0.0499367839306	1.0	0.0
snp_PA14_11110,cupB6_965049	0.0029972826087	0.0498828888274	1.0	0.0
snp_PA14_13340_1147461	0.0029972826087	0.0498828888274	1.0	0.0
snp_PA14_29210,tetV_2526207	0.0029972826087	0.0498828888274	1.0	0.0
snp_PA14_52260,lemA_4636708	0.0029972826087	0.0498828888274	1.0	0.0
snp_PA14_07980_687586	0.00299184782609	0.0385085412473	1.0	0.0
snp_PA14_11860_1028196	0.00293733569657	0.0395108524703	1.0	0.0
snp_PA14_03480_319213	0.00292531671084	0.0463518051281	1.0	0.0
snp_PA14_45910_4080938	0.00287746817961	0.0482601219899	1.0	4.0
snp_PA14_17790_1528642	0.00273975409836	0.047603695345	1.0	0.0
snp_PA14_31200_2713625	0.00267029972752	0.0470905549099	1.0	2.0
snp_PA14_24960_2182751	0.0026648253742	0.0470520466591	1.0	1.0
snp_PA14_67340,codB_6013940	0.00266304347826	0.0470395740464	1.0	0.0
snp_PA14_33630,pvdJ_2978231	0.00257438758274	0.0406453833301	0.0	37.0
snp_PA14_61720_5507729	0.00253623978202	0.0400685373968	1.0	0.0
snp_PA14_60770_5415826	0.00252314289543	0.0398727702121	1.0	0.0
snp_PA14_66550,hemE_5936876	0.00250409836066	0.0460520039739	1.0	0.0
snp_PA14_66760_5963404	0.00250409077224	0.0460519628543	1.0	0.0
snp_PA14_56450_5034363	0.00246711668274	0.0412056954846	1.0	84.0
snp_PA14_20370,phnH_1752258	0.00236538461538	0.0430541031175	1.0	0.0
snp_PA14_28880_2493536	0.00233423913043	0.037223164817	1.0	1.0
snp_PA14_40350_3606492	0.00233241766378	0.037166279321	1.0	0.0
snp_PA14_64710_5763673	0.00231855909654	0.0449361019424	1.0	2.0
snp_PA14_18830_1623747	0.00220284286648	0.0404366414836	0.0	88.0
gene_pa_group_12295	0.00219435364173	0.0390957722399	1.0	5.0
snp_PA14_51720,tolB_4594660	0.00219151420786	0.0353639689854	1.0	0.0
snp_PA14_61890_5520525	0.00214351389879	0.034848229796	1.0	0.0
snp_PA14_35490,lpdV_3155426	0.00205605725803	0.0324613043771	1.0	0.0
snp_PA14_55400_4923810	0.002	0.0446766158074	1.0	0.0
snp_PA14_41830,thrH_3737824	0.002	0.0446766158074	1.0	0.0
snp_PA14_62530,cbrA_5577327	0.002	0.0446766158074	1.0	0.0
snp_PA14_33350_2935608	0.002	0.0446766158074	1.0	0.0
snp_PA14_39870,apaH_3555216	0.002	0.0446766158074	1.0	0.0
snp_PA14_08450_723300	0.002	0.0446766158074	1.0	0.0
snp_PA14_36345,exoY_3237816	0.002	0.0446766158074	1.0	1.0
snp_PA14_37850,yejE_3376686	0.002	0.0446766158074	1.0	0.0
snp_PA14_05580_495602	0.002	0.0446766158074	2.0	2.0
snp_PA14_65230,purA_5813951	0.002	0.0446766158074	1.0	0.0
snp_PA14_28840_2491530	0.002	0.0446766158074	1.0	0.0
snp_PA14_18480,algX_1586403	0.002	0.0446766158074	1.0	0.0
snp_PA14_44650_3976176	0.002	0.0446766158074	1.0	0.0
snp_PA14_46960,ggt_4181261	0.002	0.0446766158074	1.0	0.0
snp_PA14_39230_3493354	0.002	0.0446766158074	1.0	0.0
snp_PA14_32190_2798339	0.002	0.0446766158074	0.0	0.0
snp_PA14_71680_6386219	0.002	0.0446766158074	1.0	0.0
snp_PA14_20030,hasD_1726824	0.002	0.0446766158074	1.0	0.0
snp_PA14_21870_1901629	0.002	0.0446766158074	1.0	0.0
snp_PA14_60920_5435362	0.002	0.0446766158074	1.0	0.0
snp_PA14_57410,murE_5114931	0.002	0.0446766158074	1.0	1.0
snp_PA14_30430_2634766	0.002	0.0446766158074	1.0	0.0
snp_PA14_24480,pelA_2135694	0.002	0.0446766158074	1.0	0.0
snp_PA14_02390_215403	0.002	0.0446766158074	1.0	0.0
snp_PA14_49570_4410725	0.002	0.0446766158074	1.0	0.0
snp_PA14_37070_3302234	0.002	0.0446766158074	1.0	0.0
snp_PA14_10040_863547	0.002	0.0446766158074	1.0	0.0
snp_PA14_31510_2740179	0.002	0.0446766158074	1.0	0.0
snp_PA14_46800_4167726	0.002	0.0446766158074	1.0	0.0
gene_pa_group_12104	0.002	0.0446766158074	1.0	3.0
snp_PA14_30650,gacA_2655885	0.002	0.0446766158074	1.0	0.0
snp_PA14_61670,moeB_5503199	0.002	0.0446766158074	1.0	0.0
snp_PA14_40840,sohB_3643250	0.002	0.0446766158074	1.0	0.0
snp_PA14_26140,cifR_2282372	0.002	0.0446766158074	1.0	1.0
snp_PA14_56840_5063278	0.002	0.0446766158074	1.0	0.0
snp_PA14_33110_2899645	0.002	0.0446766158074	1.0	0.0
snp_PA14_17340,ispD_1490075	0.002	0.0446766158074	1.0	2.0
snp_PA14_34210,sfnR_3043098	0.002	0.0446766158074	1.0	1.0
snp_PA14_68120,opmG_6079290	0.002	0.0446766158074	1.0	0.0
snp_PA14_38050_3395283	0.002	0.0446766158074	1.0	0.0
snp_PA14_21050_1819192	0.002	0.0446766158074	0.0	1.0
snp_PA14_07620,cca_655106	0.002	0.0446766158074	1.0	0.0
snp_PA14_09280,pchF_790385	0.002	0.0446766158074	1.0	0.0
snp_PA14_13530_1165635	0.002	0.0446766158074	1.0	0.0
snp_PA14_08900,rplV_762446	0.002	0.0446766158074	1.0	0.0
