feature	score	std	#I-out-of-1	#O-out-of-368
gene_pa_group_5803	0.0050027173913	0.0669155729417	1.0	0.0
snp_PA14_72510,thrB_6460610	0.004	0.0631189353522	1.0	2.0
snp_PA14_59210_5273437	0.004	0.0631189353522	1.0	0.0
snp_PA14_50290,fliC_4465722	0.004	0.0631189353522	1.0	0.0
snp_PA14_33610_2962321	0.004	0.0631189353522	1.0	0.0
snp_PA14_31200_2713835	0.004	0.0631189353522	1.0	0.0
snp_PA14_46560_4145660	0.004	0.0631189353522	1.0	1.0
snp_PA14_59210_5273791	0.004	0.0631189353522	1.0	0.0
snp_PA14_59690_5312265	0.004	0.0631189353522	1.0	0.0
snp_PA14_52670,astD_4669847	0.00382288452052	0.0498556327746	1.0	2.0
gene_pa_group_18265	0.00332970027248	0.0536000420094	1.0	2.0
snp_PA14_59210_5273680	0.00320653950954	0.042791665029	1.0	1.0
snp_PA14_59210_5273645	0.0030027173913	0.0499370080369	1.0	0.0
snp_PA14_59920_5336217	0.0029972826087	0.0498828888274	1.0	1.0
snp_PA14_59580_5301967	0.0029972826087	0.0498828888274	1.0	1.0
snp_PA14_10330,ompK_890823	0.0029972826087	0.0498828888274	1.0	2.0
snp_PA14_15020_1273737	0.0029972826087	0.0498828888274	1.0	2.0
snp_PA14_32790_2861478	0.00299455040872	0.0498557712366	1.0	2.0
gene_pa_group_4481	0.00282524194318	0.0371914099849	0.0	305.0
snp_PA14_33610_2968859	0.00281088733562	0.0447988133767	1.0	8.0
snp_PA14_59210_5273602	0.00280655737705	0.0481392837185	1.0	0.0
snp_PA14_24840_2171825	0.00266304347826	0.0470395740464	1.0	2.0
snp_PA14_59530_5296204	0.00266304347826	0.0470395740464	1.0	1.0
snp_PA14_46810_4168869	0.00266304347826	0.0470395740464	1.0	2.0
snp_PA14_21230,hepA_1838090	0.00255547645844	0.0338255534016	1.0	2.0
snp_PA14_33610_2969578	0.00233967391304	0.0372957555213	0.0	1.0
snp_PA14_59050_5259205	0.00227464755361	0.0388129207146	0.0	1.0
snp_PA14_33650,pvdD_2984014	0.00201092912448	0.0334185886774	0.0	90.0
snp_PA14_37070_3302594	0.00201089918256	0.0334546050083	0.0	23.0
snp_PA14_59070_5260528	0.00200725624926	0.0333818536816	0.0	1.0
snp_PA14_67220_5999587	0.00200725624926	0.0333818536816	0.0	31.0
snp_PA14_69890_6234042	0.002	0.0446766158074	1.0	2.0
snp_PA14_26310_2295720	0.002	0.0446766158074	1.0	0.0
snp_PA14_33650,pvdD_2982681	0.002	0.0446766158074	1.0	1.0
snp_PA14_38480,gnyA_3432600	0.002	0.0446766158074	1.0	0.0
snp_PA14_33280,pvdL_2913840	0.002	0.0446766158074	1.0	2.0
gene_pa_group_1921	0.002	0.0446766158074	1.0	0.0
snp_PA14_64060,ctpL_5708659	0.002	0.0446766158074	1.0	2.0
snp_PA14_20570,amiB_1770687	0.002	0.0446766158074	1.0	2.0
snp_PA14_28180,ordL_2439970	0.002	0.0446766158074	1.0	2.0
gene_pa_group_23464	0.002	0.0446766158074	1.0	2.0
snp_PA14_05650_502410	0.002	0.0446766158074	1.0	2.0
snp_PA14_00510_51181	0.002	0.0446766158074	1.0	0.0
gene_pa_group_20898	0.002	0.0446766158074	1.0	3.0
snp_PA14_59940_5337539	0.002	0.0446766158074	0.0	1.0
snp_PA14_59210_5273890	0.002	0.0446766158074	1.0	0.0
snp_PA14_59940_5337537	0.002	0.0446766158074	1.0	1.0
gene_pa_group_8911	0.002	0.0446766158074	1.0	0.0
gene_pa_vioA_2	0.002	0.0446766158074	1.0	2.0
snp_PA14_59210_5273687	0.002	0.0446766158074	1.0	0.0
snp_PA14_59050_5259671	0.002	0.0446766158074	1.0	1.0
gene_pa_group_12	0.002	0.0446766158074	1.0	0.0
snp_PA14_24600_2149292	0.002	0.0446766158074	1.0	4.0
snp_PA14_52250,pirR_4635544	0.002	0.0446766158074	1.0	2.0
snp_PA14_65850,rocE_5866466	0.002	0.0446766158074	1.0	2.0
snp_PA14_38630,atoB_3446193	0.002	0.0446766158074	1.0	4.0
snp_PA14_33610_2965651	0.002	0.0446766158074	1.0	0.0
snp_PA14_59210_5273929	0.002	0.0446766158074	1.0	0.0
snp_PA14_27430_2380908	0.002	0.0446766158074	1.0	2.0
snp_PA14_05890_522561	0.002	0.0446766158074	1.0	1.0
snp_PA14_59210_5273439	0.002	0.0446766158074	1.0	0.0
gene_pa_group_15295	0.002	0.0446766158074	1.0	2.0
snp_PA14_05390,chpA_473173	0.002	0.0446766158074	1.0	2.0
snp_PA14_18275,fruA_1567659	0.002	0.0446766158074	1.0	2.0
snp_PA14_06960_603311	0.002	0.0446766158074	1.0	1.0
snp_PA14_29270,yaiW_2532811	0.002	0.0446766158074	1.0	2.0
snp_PA14_59210_5273612	0.002	0.0446766158074	1.0	0.0
snp_PA14_32780_2847214	0.002	0.0446766158074	1.0	2.0
snp_PA14_59650_5308260	0.002	0.0446766158074	1.0	1.0
snp_PA14_53580_4752182	0.002	0.0446766158074	1.0	1.0
snp_PA14_06170,fiuR_545804	0.002	0.0446766158074	1.0	2.0
gene_pa_group_17078	0.002	0.0446766158074	1.0	3.0
snp_PA14_59210_5273930	0.002	0.0446766158074	1.0	0.0
gene_pa_group_8865	0.002	0.0446766158074	1.0	0.0
snp_PA14_20900_1801734	0.002	0.0446766158074	1.0	2.0
snp_PA14_24080,xcpY_2091074	0.002	0.0446766158074	1.0	2.0
snp_PA14_12760_1093161	0.002	0.0446766158074	1.0	0.0
snp_PA14_33280,pvdL_2920610	0.002	0.0446766158074	1.0	0.0
snp_PA14_01190_117704	0.002	0.0446766158074	1.0	0.0
snp_PA14_62650_5592104	0.002	0.0446766158074	1.0	2.0
snp_PA14_26310_2295721	0.002	0.0446766158074	1.0	0.0
snp_PA14_59210_5273551	0.002	0.0315599381819	1.0	2.0
snp_PA14_67410_6020641	0.00199456521739	0.0314737082531	1.0	2.0
gene_pa_group_17156	0.00191824196597	0.0428502796697	1.0	8.0
snp_PA14_21790,rdgC_1895690	0.00187683923706	0.0419254127631	1.0	4.0
gene_pa_group_19678	0.00182312252964	0.0407254724133	1.0	4.0
gene_pa_group_15108	0.00178260869565	0.0398204619153	1.0	8.0
snp_PA14_33650,pvdD_2982861	0.00175475543478	0.0391982671978	1.0	39.0
snp_PA14_21470_1861838	0.00175475543478	0.0391982671978	0.0	230.0
snp_PA14_50360,flgK_4477500	0.00171894409938	0.0383983025612	1.0	161.0
snp_PA14_59990_5342373	0.00171894409938	0.0383983025612	1.0	143.0
snp_PA14_06160,fiuA_543468	0.00171894409938	0.0383983025612	1.0	18.0
snp_PA14_33650,pvdD_2984136	0.00171894409938	0.0383983025612	0.0	84.0
snp_PA14_70270,algC_6264507	0.00171894409938	0.0383983025612	0.0	289.0
gene_pa_topA_3	0.00170153007755	0.0380093027797	1.0	8.0
gene_pa_group_13218	0.0016757493188	0.0374334042528	1.0	8.0
snp_PA14_38440,gnyD_3428806	0.0016757493188	0.0374334042528	1.0	10.0
snp_PA14_33610_2969080	0.00167301711882	0.0269178929244	0.0	0.0
snp_PA14_02700_241552	0.00167119565217	0.0373316830456	1.0	2.0
gene_pa_group_17917	0.00167119565217	0.0373316830456	1.0	7.0
