feature	score	std	#I-out-of-2	#O-out-of-367
snp_PA14_49700_4421876	0.0043242506812	0.0579647955323	1.0	0.0
snp_PA14_39780,hvn_3545285	0.00429870113215	0.0535018418906	1.0	0.0
gene_pa_group_7042	0.004	0.0631189353522	1.0	0.0
snp_PA14_46010_4092512	0.00373740118577	0.0589928054772	1.0	335.0
gene_pa_group_51	0.00317527173913	0.0501745706607	1.0	27.0
snp_PA14_01580,gabP_144645	0.0029972826087	0.0498828888274	1.0	0.0
snp_PA14_03290_298859	0.0028497465748	0.0472135710852	1.0	2.0
gene_pa_fda_2	0.0028410326087	0.0449085441971	1.0	0.0
snp_PA14_60310,pilY1_5373938	0.00278578421342	0.0464938952915	1.0	50.0
snp_PA14_69850,betT_6229497	0.00267482626515	0.042770629415	1.0	3.0
snp_PA14_19810_1707758	0.00263533057851	0.046849519792	1.0	0.0
snp_PA14_01580,gabP_144633	0.00260573608627	0.0358462644568	1.0	0.0
snp_PA14_40550_3621329	0.00249456525774	0.0460008102239	1.0	2.0
snp_PA14_03450,gabT_316206	0.00249318424804	0.0401239478417	1.0	1.0
snp_PA14_32790_2863842	0.00246952531192	0.0428620888299	1.0	19.0
snp_PA14_35440,ansA_3151256	0.00241800803833	0.0408590878644	0.0	1.0
snp_PA14_32790_2862564	0.0023892438269	0.0411864878897	1.0	56.0
snp_PA14_21790,rdgC_1895914	0.00230940376857	0.0364786271012	1.0	18.0
snp_PA14_33360_2936855	0.00228654780239	0.0365972658788	0.0	2.0
snp_PA14_55400_4929123	0.00227313132817	0.043131822224	1.0	12.0
snp_PA14_60140_5358646	0.00222955864787	0.0431563255321	1.0	18.0
snp_PA14_06090_539812	0.00221131811714	0.0356059895455	1.0	2.0
snp_PA14_51590_4586361	0.00217483118114	0.0352138247323	0.0	54.0
snp_PA14_35980_3202231	0.00215474187139	0.0430871181801	1.0	9.0
snp_PA14_60020_5345823	0.00214715683209	0.0349179118534	1.0	223.0
gene_pa_group_242	0.00214527151747	0.0296614119729	1.0	0.0
snp_PA14_48980_4352101	0.00212117926233	0.0418018265235	1.0	5.0
snp_PA14_07500_646144	0.00211018040272	0.0447394344984	1.0	2.0
gene_pa_nuoH_2	0.00208960810006	0.0374210940282	1.0	1.0
snp_PA14_46950_4181063	0.0020884571662	0.0420811761525	1.0	16.0
snp_PA14_65750,ompH_5855784	0.00207459597088	0.0333384586494	0.0	116.0
snp_PA14_49520,pyoS3A_4403569	0.00204278458658	0.0430809593176	1.0	5.0
gene_pa_hspA_2	0.00200817444761	0.0354139414874	0.0	60.0
snp_PA14_66620,pilQ_5947187	0.002	0.0446766158074	0.0	33.0
snp_PA14_31160_2709113	0.002	0.0446766158074	1.0	0.0
snp_PA14_49000_4352818	0.002	0.0446766158074	1.0	0.0
gene_pa_apc3	0.002	0.0446766158074	1.0	4.0
gene_pa_group_335	0.002	0.0446766158074	1.0	0.0
gene_pa_hmgA_2	0.002	0.0446766158074	2.0	0.0
snp_PA14_23460,orfN_2040911	0.00197168700252	0.0380829147541	1.0	9.0
snp_PA14_44910_4004518	0.00194074333801	0.0433529222465	1.0	18.0
snp_PA14_31280_2720483	0.00194041339986	0.0366015136888	0.0	86.0
snp_PA14_43100_3838469	0.00193858695652	0.0377946873165	2.0	90.0
snp_PA14_66100_5888091	0.00193628185907	0.0432532603562	0.0	8.0
snp_PA14_13130_1126881	0.001921875	0.0429314355024	0.0	1.0
gene_pa_group_16992	0.00191514207863	0.0427810334317	1.0	11.0
snp_PA14_46010_4092558	0.0019099378882	0.0426647806235	1.0	318.0
snp_PA14_40550_3621371	0.00188746803069	0.0421628420279	1.0	3.0
snp_PA14_66640,pilO_5949893	0.00188746803069	0.0421628420279	1.0	59.0
snp_PA14_34410,mtlF_3061061	0.00185117056856	0.0413520181428	1.0	225.0
snp_PA14_51620_4588133	0.00184332425068	0.0411767446781	1.0	6.0
snp_PA14_26310_2295823	0.00183899783108	0.0292913302404	1.0	0.0
gene_pa_group_4791	0.00183603838408	0.0410139907465	1.0	15.0
snp_PA14_56340,mntH1_5027433	0.00182805842577	0.0317000005392	1.0	3.0
snp_PA14_15180_1285976	0.00182312252964	0.0407254724133	2.0	224.0
snp_PA14_31190_2711039	0.0018110663119	0.0283982814341	1.0	4.0
snp_PA14_60270_5369919	0.00180489130435	0.0403182176892	1.0	234.0
snp_PA14_54460_4828694	0.00178801089918	0.0283929225289	1.0	3.0
snp_PA14_33410,opdJ_2940800	0.00178468828636	0.0251297399496	0.0	171.0
snp_PA14_03170_280473	0.00178260869565	0.0398204619153	0.0	1.0
snp_PA14_48980_4352193	0.00175953678474	0.0393050744654	1.0	21.0
snp_PA14_55400_4922779	0.00175475543478	0.0391982671978	1.0	166.0
snp_PA14_55600_4947655	0.00175475543478	0.0391982671978	1.0	58.0
snp_PA14_05960,cspB_528184	0.00175475543478	0.0391982671978	1.0	13.0
snp_PA14_28840_2491562	0.00174516574586	0.0389840497739	1.0	1.0
snp_PA14_01120_110889	0.00174497699558	0.0276140932631	1.0	31.0
snp_PA14_28230_2442792	0.00174041126654	0.0277810759118	1.0	4.0
snp_PA14_48890_4346562	0.00171894409938	0.0383983025612	1.0	31.0
snp_PA14_70850,pstC_6310383	0.00171894409938	0.0383983025612	1.0	17.0
snp_PA14_07960,prtR_686053	0.00171894409938	0.0383983025612	1.0	39.0
snp_PA14_08310_712465	0.0016757493188	0.0269686330184	0.0	8.0
snp_PA14_06000,clpA_532025	0.00167119565217	0.0373316830456	0.0	68.0
snp_PA14_07960,prtR_685968	0.00167119565217	0.0373316830456	0.0	13.0
snp_PA14_50340,flgL_4475175	0.00167119565217	0.0373316830456	1.0	183.0
gene_pa_group_18193	0.00167119565217	0.0373316830456	0.0	32.0
snp_PA14_07960,prtR_686071	0.00167119565217	0.0373316830456	1.0	54.0
snp_PA14_01200_118557	0.00167119565217	0.0373316830456	0.0	31.0
snp_PA14_16660,cadA_1425432	0.00167119565217	0.0373316830456	1.0	32.0
snp_PA14_23470,wbpM_2041676	0.00167119565217	0.0373316830456	0.0	50.0
snp_PA14_03430,gabD_314176	0.00166032608696	0.0267271948607	1.0	2.0
snp_PA14_60140_5358640	0.00164528114937	0.0367527969027	1.0	12.0
snp_PA14_59580_5302849	0.00164528114937	0.0367527969027	1.0	41.0
snp_PA14_60310,pilY1_5375521	0.00163284034212	0.0264307090787	2.0	86.0
snp_PA14_55400_4929057	0.00163048708115	0.0261337377975	2.0	62.0
gene_pa_group_4925	0.00162802986908	0.0235137571208	1.0	9.0
snp_PA14_49500_4402179	0.00162393110522	0.0262676252461	1.0	3.0
snp_PA14_08160,lys_701279	0.00160434782609	0.0358384157237	1.0	1.0
snp_PA14_60000_5343263	0.00160434782609	0.0358384157237	1.0	40.0
snp_PA14_03430,gabD_314878	0.00160434782609	0.0358384157237	1.0	4.0
snp_PA14_22560_1962807	0.00160434782609	0.0358384157237	1.0	48.0
snp_PA14_61200_5461466	0.00160434782609	0.0358384157237	1.0	90.0
snp_PA14_40550_3621628	0.00159561643836	0.0356433712962	1.0	3.0
snp_PA14_51620_4588137	0.00158166780987	0.0243872635949	1.0	13.0
snp_PA14_06160,fiuA_543321	0.00155694737337	0.024709164146	1.0	39.0
snp_PA14_67180_5996679	0.00154214548925	0.0264626167531	1.0	84.0
snp_PA14_54050_4793752	0.00153225532675	0.0252345148714	1.0	0.0
snp_PA14_32790_2859665	0.00150954795194	0.0251046466594	1.0	14.0
snp_PA14_55400_4921889	0.00150817438692	0.0336900638275	0.0	15.0
snp_PA14_34490_3065874	0.00150817438692	0.0336900638275	1.0	225.0
snp_PA14_02410_217151	0.00150817438692	0.0239456310171	1.0	19.0
