feature	score	std	#I-out-of-1	#O-out-of-368
snp_PA14_34540_3069866	0.006	0.0772269383052	1.0	0.0
snp_PA14_28510_2459446	0.006	0.0772269383052	1.0	0.0
snp_PA14_45950,rsaL_4085321	0.006	0.0772269383052	1.0	0.0
snp_PA14_59960_5340792	0.004	0.0631189353522	1.0	0.0
snp_PA14_29470_2555275	0.004	0.0631189353522	1.0	2.0
snp_PA14_01240_122128	0.004	0.0631189353522	1.0	0.0
snp_PA14_55540_4943131	0.004	0.0631189353522	1.0	0.0
snp_PA14_43350,kdpD_3861739	0.004	0.0631189353522	1.0	0.0
snp_PA14_28570,endA_2462701	0.004	0.0631189353522	1.0	1.0
snp_PA14_51550_4584608	0.004	0.0631189353522	1.0	0.0
snp_PA14_02760,catI_246203	0.0037992255844	0.0600347585715	1.0	3.0
snp_PA14_55400_4919249	0.00371894409938	0.0588519656696	1.0	0.0
snp_PA14_15350_1302301	0.00370153007755	0.0585994963928	1.0	0.0
snp_PA14_54590,ung_4839614	0.00333695652174	0.053689767104	1.0	0.0
snp_PA14_43350,kdpD_3860358	0.0030027173913	0.0499370080369	1.0	0.0
snp_PA14_01980_182312	0.0029972826087	0.0498828888274	1.0	1.0
snp_PA14_51420,pqsB_4569087	0.00282290679422	0.0386825434675	1.0	2.0
snp_PA14_70420,rph_6276925	0.00266304347826	0.0470395740464	1.0	2.0
gene_pa_group_13894	0.00259289904705	0.041994750678	1.0	2.0
snp_PA14_14460,holC_1235139	0.00249592391304	0.0460080495955	1.0	2.0
snp_PA14_18500,algG_1588187	0.00232880434783	0.0452618251939	1.0	2.0
snp_PA14_58980_5256004	0.00232698288118	0.0370934341736	1.0	1.0
snp_PA14_17130,dxr_1467934	0.00212316076294	0.0345591286154	1.0	2.0
snp_PA14_28650,thrS_2467385	0.002	0.0446766158074	1.0	0.0
snp_PA14_47860_4258739	0.002	0.0446766158074	1.0	0.0
gene_pa_narX	0.002	0.0446766158074	0.0	368.0
snp_PA14_59580_5302762	0.002	0.0446766158074	1.0	0.0
snp_PA14_66040_5881283	0.002	0.0446766158074	1.0	0.0
snp_PA14_33430_2942559	0.002	0.0446766158074	1.0	0.0
snp_PA14_23110,yciL_2004704	0.002	0.0446766158074	1.0	0.0
snp_PA14_30660,uvrC_2656864	0.002	0.0446766158074	1.0	0.0
snp_PA14_33360_2937269	0.002	0.0446766158074	1.0	0.0
snp_PA14_45700_4065146	0.002	0.0446766158074	1.0	0.0
snp_PA14_17470,nlpD_1498448	0.002	0.0446766158074	0.0	0.0
snp_PA14_53140_4710094	0.002	0.0446766158074	1.0	0.0
snp_PA14_51090_4540090	0.002	0.0446766158074	1.0	2.0
snp_PA14_23470,wbpM_2043117	0.002	0.0446766158074	1.0	0.0
snp_PA14_13970_1198454	0.002	0.0446766158074	1.0	0.0
snp_PA14_25500,exbD_2229319	0.002	0.0446766158074	1.0	0.0
snp_PA14_48890_4346544	0.002	0.0446766158074	1.0	0.0
snp_PA14_50070_4451812	0.002	0.0446766158074	1.0	0.0
snp_PA14_13970_1198459	0.002	0.0446766158074	0.0	3.0
snp_PA14_33900_3012662	0.002	0.0446766158074	1.0	1.0
snp_PA14_56000,pctA_4999736	0.002	0.0446766158074	1.0	3.0
snp_PA14_50910_4524276	0.002	0.0446766158074	1.0	0.0
snp_PA14_44700,alkB2_3985145	0.002	0.0446766158074	1.0	0.0
snp_PA14_33010,glyA2_2889381	0.002	0.0446766158074	1.0	0.0
gene_pa_group_18160	0.002	0.0446766158074	1.0	2.0
snp_PA14_43310_3858139	0.002	0.0446766158074	1.0	1.0
snp_PA14_33780_3002479	0.002	0.0446766158074	1.0	0.0
gene_pa_group_18961	0.002	0.0446766158074	1.0	3.0
snp_PA14_14140_1210524	0.002	0.0446766158074	1.0	0.0
snp_PA14_59580_5302477	0.002	0.0446766158074	1.0	0.0
snp_PA14_30940,trbB_2687027	0.002	0.0446766158074	0.0	1.0
snp_PA14_11110,cupB6_965538	0.002	0.0446766158074	1.0	0.0
snp_PA14_23050_1998889	0.002	0.0446766158074	1.0	0.0
snp_PA14_03680,cysT_330742	0.002	0.0446766158074	1.0	0.0
snp_PA14_38200,ilvG_3408535	0.002	0.0446766158074	1.0	2.0
snp_PA14_58980_5255909	0.002	0.0446766158074	1.0	2.0
snp_PA14_39530_3519624	0.002	0.0446766158074	1.0	0.0
snp_PA14_32940_2882193	0.002	0.0446766158074	1.0	0.0
snp_PA14_43440_3870813	0.002	0.0446766158074	1.0	0.0
snp_PA14_51160_4546719	0.002	0.0446766158074	1.0	2.0
snp_PA14_52910_4690684	0.002	0.0446766158074	1.0	2.0
gene_pa_group_21902	0.002	0.0446766158074	0.0	368.0
snp_PA14_25500,exbD_2229328	0.002	0.0446766158074	1.0	0.0
snp_PA14_64770,mdlC_5770218	0.002	0.0446766158074	1.0	0.0
snp_PA14_34540_3069673	0.002	0.0446766158074	1.0	1.0
snp_PA14_35590,pslM_3162757	0.002	0.0446766158074	1.0	0.0
snp_PA14_45050,pykF_4018185	0.002	0.0446766158074	1.0	0.0
gene_pa_group_3627	0.002	0.0446766158074	1.0	2.0
gene_pa_group_11896	0.002	0.0446766158074	1.0	0.0
snp_PA14_59580_5302718	0.002	0.0446766158074	1.0	0.0
gene_pa_group_17805	0.002	0.0446766158074	1.0	1.0
snp_PA14_33430_2942571	0.002	0.0446766158074	1.0	0.0
snp_PA14_58550,lpxO1_5214080	0.002	0.0446766158074	1.0	2.0
snp_PA14_28880_2493380	0.002	0.0446766158074	1.0	2.0
snp_PA14_71470,soxB_6368656	0.002	0.0446766158074	1.0	0.0
snp_PA14_60310,pilY1_5374324	0.002	0.0446766158074	1.0	0.0
snp_PA14_69450,hemC_6194561	0.002	0.0446766158074	1.0	2.0
snp_PA14_58900_5250683	0.002	0.0446766158074	1.0	0.0
snp_PA14_48710_4332606	0.002	0.0446766158074	1.0	2.0
snp_PA14_51550_4584359	0.002	0.0446766158074	1.0	1.0
snp_PA14_39640,cobN_3531185	0.002	0.0446766158074	1.0	0.0
snp_PA14_46400,yqhC_4128166	0.002	0.0446766158074	1.0	0.0
snp_PA14_60700,ccpR_5409355	0.002	0.0446766158074	1.0	0.0
snp_PA14_58970_5255638	0.002	0.0446766158074	1.0	0.0
snp_PA14_32270,oprD3_2803682	0.002	0.0446766158074	1.0	0.0
snp_PA14_43830,panB_3903163	0.002	0.0446766158074	1.0	0.0
snp_PA14_58970_5255815	0.002	0.0446766158074	1.0	3.0
gene_pa_group_11372	0.002	0.0446766158074	1.0	0.0
snp_PA14_47380,hxuC_4222049	0.002	0.0446766158074	1.0	0.0
snp_PA14_42130_3758260	0.002	0.0446766158074	1.0	0.0
snp_PA14_22060_1918168	0.002	0.0446766158074	1.0	0.0
snp_PA14_00230,smf_22972	0.002	0.0446766158074	1.0	2.0
snp_PA14_60310,pilY1_5374211	0.002	0.0446766158074	1.0	0.0
snp_PA14_34300_3051024	0.002	0.0446766158074	1.0	0.0
gene_pa_group_6472	0.002	0.0446766158074	0.0	367.0
snp_PA14_50610_4497935	0.002	0.0446766158074	1.0	2.0
gene_pa_group_11894	0.002	0.0446766158074	1.0	0.0
