feature	score	std	#I-out-of-2	#O-out-of-367
snp_PA14_47890_4262761	0.00598910081744	0.067943247592	2.0	1.0
snp_PA14_52840,dctP_4684313	0.005921875	0.0762347240718	2.0	1.0
snp_PA14_46270_4116293	0.0043242506812	0.0579647955323	2.0	1.0
snp_PA14_55070_4892239	0.00421508676749	0.0484166528913	2.0	2.0
snp_PA14_42350,pscC_3774093	0.00413625764953	0.0564996476202	2.0	1.0
snp_PA14_13800,narH_1188229	0.004	0.0631189353522	2.0	1.0
gene_pa_group_18629	0.004	0.0631189353522	2.0	3.0
snp_PA14_58560,piuB_5216858	0.004	0.0631189353522	2.0	1.0
snp_PA14_55130,gloA2_4897565	0.004	0.0631189353522	2.0	1.0
snp_PA14_21830_1898269	0.004	0.0631189353522	2.0	1.0
snp_PA14_39210,nadR_3492200	0.004	0.0631189353522	2.0	1.0
snp_PA14_05110_448018	0.004	0.0631189353522	2.0	1.0
snp_PA14_56140_5013619	0.004	0.0631189353522	2.0	0.0
snp_PA14_45840_4074324	0.00399456521739	0.0545766987856	2.0	1.0
snp_PA14_62270,phuW_5556757	0.00399456521739	0.0545766987856	2.0	1.0
gene_pa_group_15103	0.00359561643836	0.0570970003731	2.0	2.0
snp_PA14_62650_5590642	0.00349590163934	0.0557372364674	2.0	1.0
snp_PA14_40130_3578015	0.00349590163934	0.0557372364674	2.0	1.0
snp_PA14_46300_4119282	0.00349590163934	0.0557372364674	2.0	1.0
snp_PA14_72480,engB_6456001	0.00340481793411	0.0537574840696	0.0	1.0
snp_PA14_69550_6204019	0.00339287671233	0.0543924733349	2.0	1.0
snp_PA14_21450_1860080	0.00332970027248	0.0536000420094	1.0	0.0
snp_PA14_72740,dctB_6478721	0.00332970027248	0.0536000420094	2.0	1.0
gene_pa_group_23608	0.00332970027248	0.0536000420094	2.0	1.0
snp_PA14_17910,lipG_1538622	0.00332970027248	0.0536000420094	2.0	1.0
snp_PA14_71850_6401095	0.00332970027248	0.0536000420094	2.0	1.0
gene_pa_group_20748	0.00332970027248	0.0536000420094	2.0	1.0
snp_PA14_64290_5730507	0.00331883070726	0.0402027809782	2.0	1.0
snp_PA14_13800,narH_1188934	0.00319344262295	0.0519803286961	2.0	1.0
snp_PA14_06240_551787	0.00304497149664	0.0484488068596	2.0	1.0
snp_PA14_00490_41335	0.00300544959128	0.0499643043888	2.0	0.0
snp_PA14_36550_3252231	0.0029972826087	0.0498828888274	2.0	1.0
snp_PA14_32790_2855645	0.0029972826087	0.0498828888274	2.0	1.0
snp_PA14_65350,mutL_5821796	0.0029972826087	0.0498828888274	2.0	1.0
snp_PA14_72280,citA_6439369	0.0029972826087	0.0498828888274	2.0	1.0
snp_PA14_47340_4216945	0.0029972826087	0.0498828888274	2.0	1.0
snp_PA14_53100_4707053	0.0029972826087	0.0498828888274	2.0	1.0
snp_PA14_00510_51628	0.00299455040872	0.0498557712366	1.0	0.0
snp_PA14_58240_5183772	0.00299455040872	0.0498557712366	2.0	1.0
snp_PA14_29400,rhs_2547896	0.00299455040872	0.0498557712366	2.0	1.0
snp_PA14_37360_3325522	0.00299455040872	0.0498557712366	2.0	1.0
snp_PA14_69370,algP_6187524	0.00299178818457	0.0475012497154	2.0	1.0
snp_PA14_38420_3426337	0.0029325729601	0.0464555948786	2.0	4.0
snp_PA14_68110_6077392	0.00292844202899	0.0492181524224	2.0	1.0
snp_PA14_60300,pilX_5372698	0.00291664890488	0.0347634764365	2.0	213.0
snp_PA14_21450_1859928	0.00289373297003	0.045812409414	1.0	2.0
snp_PA14_19370,asnB_1673385	0.00279346049046	0.0480310977748	2.0	1.0
snp_PA14_00140_15837	0.00277715910437	0.0455598455436	2.0	2.0
snp_PA14_67975_6066100	0.002681228852	0.0365828891605	1.0	252.0
gene_pa_group_18286	0.00266304347826	0.0470395740464	2.0	1.0
snp_PA14_36410_3243466	0.00265940054496	0.0470141694395	2.0	2.0
snp_PA14_18810_1621300	0.00263115757183	0.0463640688413	2.0	1.0
snp_PA14_03180_280839	0.00259289904705	0.041994750678	2.0	1.0
snp_PA14_35860_3191490	0.00251934379715	0.0406289995357	2.0	1.0
snp_PA14_34230_3044250	0.00251273570131	0.0352110512537	1.0	127.0
snp_PA14_57990_5161002	0.00249318424804	0.0401239478417	2.0	1.0
gene_pa_group_19827	0.00247519103187	0.0429807003429	2.0	0.0
snp_PA14_53270_4722154	0.00244313320574	0.0424533478309	2.0	3.0
snp_PA14_25420_2221926	0.00242492849616	0.0384328747756	2.0	1.0
gene_pa_group_14003	0.00241482438132	0.0386952575851	2.0	3.0
snp_PA14_36690,ybhO_3267846	0.00234440148877	0.037327797526	2.0	1.0
gene_pa_group_179	0.00233967391304	0.0372957555213	0.0	24.0
snp_PA14_03480_319069	0.00232698288118	0.0370934341736	2.0	1.0
snp_PA14_56260_5023353	0.0023242506812	0.037056909259	2.0	1.0
gene_pa_hhaIM	0.00230468169433	0.0367972041883	2.0	4.0
snp_PA14_49520,pyoS3A_4403575	0.00225273972603	0.0450207046622	1.0	2.0
gene_pa_group_12555	0.00223707732166	0.0359265006237	2.0	3.0
snp_PA14_48980_4352380	0.00217210395785	0.0416805766903	2.0	11.0
snp_PA14_46010_4092557	0.00210570652174	0.036161692822	1.0	326.0
snp_PA14_63160,pmrB_5637702	0.00209345150762	0.0330752858054	2.0	1.0
snp_PA14_08050_693105	0.00209266752269	0.0399035881866	2.0	124.0
snp_PA14_20520_1763971	0.00207015495172	0.0330481370023	2.0	4.0
snp_PA14_17580_1511525	0.00205324606089	0.0280790506739	2.0	1.0
snp_PA14_03370_308554	0.00201089918256	0.031731453876	1.0	45.0
gene_pa_sbcD	0.00200725624926	0.0333818536816	1.0	19.0
gene_pa_group_1457	0.00200543478261	0.0316452270992	1.0	280.0
snp_PA14_32300_2808059	0.002	0.0446766158074	2.0	2.0
snp_PA14_63730_5681997	0.002	0.0446766158074	2.0	1.0
snp_PA14_20520_1765796	0.002	0.0446766158074	0.0	2.0
snp_PA14_54000,prpD_4789869	0.002	0.0446766158074	2.0	1.0
snp_PA14_72820_6486536	0.002	0.0446766158074	2.0	2.0
gene_pa_group_12971	0.002	0.0446766158074	2.0	1.0
snp_PA14_05460,bioA_482092	0.002	0.0446766158074	0.0	1.0
snp_PA14_62450,trmA_5571984	0.002	0.0446766158074	2.0	1.0
snp_PA14_63880_5693611	0.002	0.0446766158074	2.0	1.0
gene_pa_group_12801	0.002	0.0446766158074	2.0	2.0
snp_PA14_60780_5417822	0.002	0.0446766158074	2.0	1.0
snp_PA14_45250_4034608	0.002	0.0446766158074	2.0	1.0
snp_PA14_70690,glcD_6296030	0.002	0.0446766158074	2.0	1.0
gene_pa_group_21217	0.002	0.0446766158074	2.0	3.0
snp_PA14_53150_4712421	0.002	0.0446766158074	2.0	1.0
snp_PA14_24970,yegS_2183843	0.002	0.0446766158074	2.0	1.0
snp_PA14_33740,pvdP_2995575	0.002	0.0446766158074	2.0	1.0
snp_PA14_69870,pchP_6230870	0.002	0.0446766158074	2.0	1.0
snp_PA14_31380,sfpA_2728622	0.002	0.0446766158074	0.0	0.0
snp_PA14_19860_1712840	0.002	0.0446766158074	2.0	1.0
snp_PA14_73090_6508578	0.002	0.0446766158074	2.0	1.0
snp_PA14_18520,algK_1590829	0.002	0.0446766158074	2.0	1.0
snp_PA14_48510_4312320	0.002	0.0446766158074	1.0	2.0
snp_PA14_57680_5137559	0.002	0.0446766158074	2.0	1.0
