feature	score	std	#I-out-of-1	#O-out-of-368
gene_pa_group_494	0.006	0.0772269383052	1.0	0.0
snp_PA14_40260_3591724	0.0049972826087	0.0668753576987	1.0	1.0
snp_PA14_38660,scoA_3448157	0.004	0.0631189353522	1.0	0.0
snp_PA14_21790,rdgC_1895927	0.004	0.0631189353522	1.0	0.0
snp_PA14_37140_3309724	0.004	0.0631189353522	1.0	0.0
gene_pa_group_1032	0.004	0.0631189353522	1.0	0.0
snp_PA14_48170_4290395	0.004	0.0631189353522	1.0	0.0
snp_PA14_48880,intT_4345921	0.004	0.0631189353522	1.0	0.0
snp_PA14_40260_3591723	0.004	0.0631189353522	1.0	0.0
gene_pa_group_1031	0.004	0.0631189353522	1.0	0.0
snp_PA14_33630,pvdJ_2978158	0.004	0.0631189353522	1.0	0.0
snp_PA14_33630,pvdJ_2975593	0.004	0.0631189353522	1.0	0.0
snp_PA14_33690,pvdE_2989385	0.004	0.0631189353522	1.0	1.0
snp_PA14_00510_52173	0.004	0.0631189353522	1.0	0.0
snp_PA14_09230,pchC_782043	0.00399183301742	0.0545519644716	1.0	1.0
gene_pa_group_18980	0.00332426548987	0.043215428586	1.0	2.0
snp_PA14_50300_4467848	0.00319344262295	0.0519803286961	1.0	5.0
snp_PA14_46120,ilvG_4101835	0.00315282280212	0.0503587032671	1.0	3.0
snp_PA14_60050_5346890	0.00309171195652	0.0492316057593	0.0	1.0
snp_PA14_08070,gpFI_694576	0.00300544959128	0.0499643043888	1.0	2.0
snp_PA14_03730_334993	0.0030027173913	0.0499370080369	1.0	0.0
snp_PA14_69620_6213135	0.0030027173913	0.0499370080369	1.0	0.0
snp_PA14_09440,phzE1_809199	0.0029972826087	0.0498828888274	1.0	1.0
snp_PA14_11930_1032412	0.0029972826087	0.0498828888274	1.0	1.0
gene_pa_group_21404	0.0029972826087	0.0498828888274	1.0	2.0
snp_PA14_32140,antC_2795478	0.0029972826087	0.0498828888274	1.0	1.0
snp_PA14_33630,pvdJ_2978186	0.0029972826087	0.0498828888274	1.0	1.0
snp_PA14_33610_2962119	0.00299455040872	0.0498557712366	1.0	3.0
gene_pa_group_19861	0.00282560191182	0.0446646195377	1.0	2.0
snp_PA14_27550_2391709	0.00279346049046	0.0480310977748	1.0	1.0
snp_PA14_51640_4589138	0.00267029972752	0.0470905549099	1.0	0.0
snp_PA14_52910_4690721	0.00266847826087	0.0434351583225	1.0	1.0
snp_PA14_49460,nrdA_4395123	0.00266665679422	0.042079290861	1.0	2.0
snp_PA14_14010_1200922	0.00266304347826	0.0470395740464	1.0	4.0
snp_PA14_55360,exbB2_4914146	0.00265940054496	0.0470141694395	1.0	1.0
snp_PA14_08090,gpFII_695434	0.00264103706344	0.0428694725963	1.0	18.0
snp_PA14_48990_4352583	0.00251057111352	0.0438693265162	1.0	5.0
snp_PA14_60310,pilY1_5374554	0.00233967391304	0.0372957555213	0.0	256.0
snp_PA14_27675_2399211	0.0023242506812	0.037056909259	1.0	1.0
snp_PA14_00510_48523	0.00229748379628	0.0440999106204	1.0	9.0
snp_PA14_35020_3118301	0.002	0.0446766158074	1.0	0.0
snp_PA14_49560,toxA_4407513	0.002	0.0446766158074	1.0	2.0
snp_PA14_39750_3540933	0.002	0.0446766158074	1.0	1.0
snp_PA14_33690,pvdE_2989354	0.002	0.0446766158074	1.0	0.0
snp_PA14_02840,pcaD_251492	0.002	0.0446766158074	1.0	2.0
snp_PA14_45890_4077877	0.002	0.0446766158074	1.0	0.0
snp_PA14_07730,ksgA_663958	0.002	0.0446766158074	1.0	2.0
gene_pa_group_17631	0.002	0.0446766158074	1.0	2.0
snp_PA14_31370,tam_2727492	0.002	0.0446766158074	1.0	1.0
gene_pa_group_18301	0.002	0.0446766158074	1.0	1.0
snp_PA14_48150_4286501	0.002	0.0446766158074	1.0	0.0
snp_PA14_10830_936957	0.002	0.0446766158074	1.0	2.0
snp_PA14_71430_6362523	0.002	0.0446766158074	1.0	1.0
snp_PA14_02900,pcaK_255941	0.002	0.0446766158074	1.0	1.0
snp_PA14_33610_2960343	0.002	0.0446766158074	1.0	0.0
snp_PA14_61580,hemH_5494775	0.002	0.0446766158074	1.0	2.0
snp_PA14_59050_5259271	0.002	0.0446766158074	1.0	0.0
snp_PA14_41930_3744471	0.002	0.0446766158074	1.0	2.0
snp_PA14_48940,coaB_4350910	0.002	0.0446766158074	1.0	0.0
snp_PA14_10160,fepD_872310	0.002	0.0446766158074	1.0	1.0
snp_PA14_20900_1802175	0.002	0.0446766158074	0.0	302.0
snp_PA14_52910_4690722	0.002	0.0446766158074	1.0	1.0
snp_PA14_09180,uvrA_776231	0.002	0.0446766158074	1.0	1.0
snp_PA14_46320,pyc_4120370	0.002	0.0446766158074	1.0	0.0
snp_PA14_38730,yhhS_3453186	0.002	0.0446766158074	1.0	2.0
snp_PA14_14780,hscA_1258609	0.002	0.0446766158074	1.0	2.0
snp_PA14_57760,algW_5143875	0.002	0.0446766158074	1.0	0.0
snp_PA14_18370,arnB_1577963	0.002	0.0446766158074	1.0	1.0
gene_pa_group_13328	0.002	0.0446766158074	1.0	2.0
snp_PA14_46990_4186279	0.002	0.0446766158074	1.0	0.0
snp_PA14_36100,pdxA_3216859	0.002	0.0446766158074	1.0	1.0
snp_PA14_61130_5450565	0.002	0.0446766158074	1.0	2.0
snp_PA14_38640,scoB_3447653	0.002	0.0446766158074	1.0	1.0
snp_PA14_29760_2578184	0.002	0.0446766158074	1.0	2.0
snp_PA14_33360_2936969	0.002	0.0446766158074	0.0	1.0
snp_PA14_33610_2959493	0.002	0.0446766158074	1.0	2.0
gene_pa_group_6746	0.002	0.0446766158074	1.0	0.0
snp_PA14_52910_4690679	0.002	0.0446766158074	1.0	0.0
snp_PA14_07460_640158	0.002	0.0446766158074	0.0	25.0
snp_PA14_16190_1381422	0.002	0.0446766158074	1.0	4.0
snp_PA14_52910_4690770	0.002	0.0446766158074	1.0	0.0
snp_PA14_01100,clpB_105916	0.002	0.0446766158074	1.0	1.0
snp_PA14_60060_5347613	0.002	0.0446766158074	1.0	0.0
snp_PA14_50270,fliD_4463984	0.002	0.0446766158074	1.0	0.0
snp_PA14_60950,cstA_5436429	0.002	0.0446766158074	1.0	0.0
snp_PA14_22880_1985318	0.002	0.0446766158074	1.0	0.0
snp_PA14_33630,pvdJ_2975623	0.002	0.0446766158074	1.0	0.0
gene_pa_vspIM	0.002	0.0446766158074	1.0	2.0
gene_pa_zraR_4	0.002	0.0446766158074	0.0	367.0
snp_PA14_33650,pvdD_2982607	0.002	0.0446766158074	1.0	0.0
snp_PA14_05690,codA_505390	0.002	0.0446766158074	1.0	1.0
snp_PA14_68940_6150209	0.002	0.0446766158074	1.0	0.0
snp_PA14_08640_740710	0.002	0.0446766158074	1.0	0.0
snp_PA14_45440_4046498	0.002	0.0446766158074	1.0	0.0
snp_PA14_10540,fixG_908398	0.002	0.0446766158074	1.0	1.0
snp_PA14_60060_5347627	0.002	0.0446766158074	1.0	0.0
snp_PA14_43710_3892534	0.002	0.0446766158074	1.0	2.0
snp_PA14_39610_3527023	0.002	0.0446766158074	1.0	0.0
snp_PA14_59480_5293540	0.002	0.0446766158074	1.0	0.0
snp_PA14_36010_3205974	0.002	0.0446766158074	1.0	1.0
