feature	score	std	#I-out-of-0	#O-out-of-369
gene_pa_group_11101	0.0	0.0	0.0	5.0
snp_PA14_56720_5053454	0.0	0.0	0.0	1.0
snp_PA14_32590,dipZ2_2831400	0.0	0.0	0.0	10.0
snp_PA14_66220,waaP_5899535	0.0	0.0	0.0	0.0
snp_PA14_03320_303065	0.0	0.0	0.0	62.0
snp_PA14_58950_5254333	0.0	0.0	0.0	2.0
snp_PA14_55400_4920664	0.0	0.0	0.0	0.0
snp_PA14_41160_3672066	0.0	0.0	0.0	0.0
snp_PA14_00680_68923	0.0	0.0	0.0	2.0
snp_PA14_41930_3744153	0.0	0.0	0.0	2.0
snp_PA14_33630,pvdJ_2977450	0.0	0.0	0.0	139.0
snp_PA14_30910,trbE_2683864	0.0	0.0	0.0	0.0
snp_PA14_72020_6420682	0.0	0.0	0.0	1.0
gene_pa_novR_3	0.0	0.0	0.0	11.0
snp_PA14_35920_3196648	0.0	0.0	0.0	1.0
snp_PA14_21870_1900490	0.0	0.0	0.0	1.0
snp_PA14_53830_4773435	0.0	0.0	0.0	1.0
snp_PA14_64850_5778479	0.0	0.0	0.0	8.0
snp_PA14_18780,mexF_1618291	0.0	0.0	0.0	12.0
snp_PA14_30910,trbE_2685332	0.0	0.0	0.0	1.0
snp_PA14_55180,migA_4901418	0.0	0.0	0.0	0.0
snp_PA14_11630_1007609	0.0	0.0	0.0	1.0
snp_PA14_00020,dnaN_2692	0.0	0.0	0.0	1.0
snp_PA14_37790,pcoA_3369308	0.0	0.0	0.0	36.0
snp_PA14_09710,aldH_836665	0.0	0.0	0.0	1.0
snp_PA14_18160_1559187	0.0	0.0	0.0	12.0
snp_PA14_59930_5336734	0.0	0.0	0.0	5.0
snp_PA14_65850,rocE_5865553	0.0	0.0	0.0	1.0
snp_PA14_11370_987691	0.0	0.0	0.0	1.0
snp_PA14_28450,eco_2457019	0.0	0.0	0.0	3.0
gene_pa_oppD	0.0	0.0	0.0	366.0
snp_PA14_49610_4414671	0.0	0.0	0.0	7.0
snp_PA14_15990,trmD_1362000	0.0	0.0	0.0	1.0
snp_PA14_59540_5297222	0.0	0.0	0.0	55.0
snp_PA14_20670_1779481	0.0	0.0	0.0	3.0
snp_PA14_15140_1283683	0.0	0.0	0.0	0.0
gene_pa_cobB_2	0.0	0.0	0.0	368.0
snp_PA14_11110,cupB6_966042	0.0	0.0	0.0	1.0
snp_PA14_37260,opdO_3319321	0.0	0.0	0.0	1.0
snp_PA14_58090_5171860	0.0	0.0	0.0	0.0
snp_PA14_24010,xcpS_2087449	0.0	0.0	0.0	0.0
snp_PA14_38460,gnyB_3430717	0.0	0.0	0.0	11.0
snp_PA14_40260_3594317	0.0	0.0	0.0	1.0
snp_PA14_20630_1776063	0.0	0.0	0.0	0.0
snp_PA14_31060_2701125	0.0	0.0	0.0	6.0
snp_PA14_02370_212953	0.0	0.0	0.0	0.0
snp_PA14_62590,panC_5585001	0.0	0.0	0.0	1.0
gene_pa_group_15073	0.0	0.0	0.0	23.0
snp_PA14_68100_6076163	0.0	0.0	0.0	1.0
snp_PA14_20880_1799866	0.0	0.0	0.0	10.0
snp_PA14_36550_3252324	0.0	0.0	0.0	1.0
snp_PA14_63960_5699028	0.0	0.0	0.0	2.0
snp_PA14_43460,paaH_3872209	0.0	0.0	0.0	1.0
snp_PA14_46820_4169821	0.0	0.0	0.0	1.0
snp_PA14_58980_5255942	0.0	0.0	0.0	3.0
snp_PA14_07060_611452	0.0	0.0	0.0	1.0
gene_pa_group_19152	0.0	0.0	0.0	2.0
gene_pa_group_523	0.0	0.0	0.0	366.0
snp_PA14_62890_5610934	0.0	0.0	0.0	3.0
snp_PA14_47010_4189030	0.0	0.0	0.0	2.0
snp_PA14_40380_3609842	0.0	0.0	0.0	7.0
snp_PA14_31380,sfpA_2728488	0.0	0.0	0.0	3.0
snp_PA14_35680,pslF_3171631	0.0	0.0	0.0	0.0
snp_PA14_13510_1161615	0.0	0.0	0.0	25.0
snp_PA14_55610,dnaE2_4951543	0.0	0.0	0.0	3.0
snp_PA14_32830_2870642	0.0	0.0	0.0	0.0
snp_PA14_16860,plsB_1445728	0.0	0.0	0.0	1.0
snp_PA14_12400,thiE_1067756	0.0	0.0	0.0	0.0
snp_PA14_32290_2806332	0.0	0.0	0.0	1.0
snp_PA14_26720,mccB_2327438	0.0	0.0	0.0	1.0
gene_pa_group_14824	0.0	0.0	0.0	367.0
snp_PA14_30930,trbC_2686909	0.0	0.0	0.0	3.0
gene_pa_group_18398	0.0	0.0	0.0	2.0
gene_pa_group_12555	0.0	0.0	0.0	5.0
snp_PA14_11100,cupB5_963222	0.0	0.0	0.0	1.0
snp_PA14_55740,chrA_4975421	0.0	0.0	0.0	14.0
snp_PA14_30700_2661953	0.0	0.0	0.0	3.0
gene_pa_group_20958	0.0	0.0	0.0	6.0
snp_PA14_49090_4360803	0.0	0.0	0.0	2.0
snp_PA14_01190_118114	0.0	0.0	0.0	138.0
snp_PA14_39640,cobN_3531995	0.0	0.0	0.0	56.0
snp_PA14_14100,yhdW_1208455	0.0	0.0	0.0	12.0
snp_PA14_51110_4542370	0.0	0.0	0.0	0.0
gene_pa_group_17304	0.0	0.0	0.0	3.0
snp_PA14_25960,cobW_2264853	0.0	0.0	0.0	0.0
snp_PA14_49330_4383148	0.0	0.0	0.0	356.0
snp_PA14_66440,metY_5927139	0.0	0.0	0.0	1.0
snp_PA14_61200_5460066	0.0	0.0	0.0	1.0
snp_PA14_34810,mxaA_3090906	0.0	0.0	0.0	1.0
snp_PA14_31190_2712143	0.0	0.0	0.0	41.0
snp_PA14_67830_6057667	0.0	0.0	0.0	1.0
snp_PA14_67510,estA_6028107	0.0	0.0	0.0	1.0
snp_PA14_63480_5659667	0.0	0.0	0.0	0.0
snp_PA14_03610,ycaL_326357	0.0	0.0	0.0	21.0
snp_PA14_20860_1796218	0.0	0.0	0.0	1.0
snp_PA14_62270,phuW_5556859	0.0	0.0	0.0	1.0
gene_pa_tlyC	0.0	0.0	0.0	369.0
snp_PA14_15310,guaB_1297994	0.0	0.0	0.0	2.0
snp_PA14_18780,mexF_1617010	0.0	0.0	0.0	1.0
snp_PA14_10140,fepG_870612	0.0	0.0	0.0	3.0
