feature	score	std	#I-out-of-1	#O-out-of-368
snp_PA14_36290,yncB_3232538	0.006	0.0772269383052	0.0	1.0
snp_PA14_27810,copR_2411256	0.006	0.0772269383052	1.0	0.0
snp_PA14_50300_4467713	0.00595985671937	0.0767137490161	1.0	1.0
snp_PA14_21690,lhr1_1879791	0.00555107187894	0.0719172968612	1.0	0.0
snp_PA14_31190_2712054	0.0041280142052	0.0558560188827	1.0	2.0
snp_PA14_50300_4468541	0.004	0.0631189353522	1.0	0.0
snp_PA14_66310,aceF_5911249	0.004	0.0631189353522	1.0	0.0
snp_PA14_53480,pta_4740428	0.004	0.0631189353522	1.0	0.0
snp_PA14_33650,pvdD_2981098	0.004	0.0631189353522	1.0	0.0
snp_PA14_27810,copR_2410910	0.004	0.0631189353522	1.0	0.0
snp_PA14_00510_47257	0.00386218944099	0.0609832620462	1.0	0.0
snp_PA14_31030_2698023	0.00382312252964	0.0603926453566	1.0	0.0
snp_PA14_31030_2698193	0.00375475543478	0.0593757958227	0.0	5.0
snp_PA14_31240_2716627	0.00375475543478	0.0593757958227	1.0	0.0
snp_PA14_44440,fixI_3956391	0.00375475543478	0.0593757958227	1.0	0.0
snp_PA14_38970_3472457	0.00372833723653	0.0589887642102	1.0	0.0
gene_pa_group_8488	0.00365991847826	0.0578014829031	1.0	9.0
snp_PA14_52670,astD_4669697	0.00365663991212	0.0577873635883	1.0	0.0
gene_pa_group_2101	0.00356371951855	0.0562918907364	1.0	30.0
snp_PA14_46630_4154961	0.00349181585678	0.0552814704851	0.0	221.0
gene_pa_group_13247	0.00343528610354	0.054224086415	1.0	63.0
snp_PA14_51350,phnB_4564357	0.00334426229508	0.0537804468993	1.0	0.0
snp_PA14_70470,spoT_6281146	0.00334059945504	0.0537349406319	1.0	0.0
snp_PA14_31030_2698028	0.00322976275328	0.0452341435445	1.0	2.0
snp_PA14_31190_2712052	0.0031589673913	0.0482991150625	1.0	1.0
snp_PA14_31040_2698516	0.00312204999926	0.0498052505531	1.0	3.0
snp_PA14_59540_5297880	0.00280760869565	0.0460831284428	1.0	86.0
snp_PA14_59340,pilT2_5286198	0.00271873433808	0.0441863381189	1.0	9.0
gene_pa_group_17489	0.00266304347826	0.0470395740464	1.0	2.0
snp_PA14_23350,orfA_2026344	0.00265940054496	0.0470141694395	1.0	4.0
gene_pa_group_5497	0.00259860240311	0.04557492438	0.0	125.0
snp_PA14_30960,traG_2690318	0.00244455328028	0.0391639445912	0.0	4.0
snp_PA14_59940_5338531	0.00237601902174	0.0434131731879	1.0	3.0
snp_PA14_31040_2699368	0.00233423913043	0.037223164817	1.0	2.0
snp_PA14_22680,yrbE_1972620	0.0022339673913	0.0431727767278	1.0	10.0
snp_PA14_22680,yrbE_1972730	0.00211459627329	0.0393850633154	1.0	4.0
gene_pa_group_12015	0.00204093332328	0.0377833289	1.0	8.0
snp_PA14_15470,merP_1310574	0.00200725624926	0.0333818536816	0.0	15.0
snp_PA14_07300_629278	0.002	0.0446766158074	1.0	0.0
snp_PA14_72880,fabG_6491199	0.002	0.0446766158074	1.0	0.0
snp_PA14_29180_2523702	0.002	0.0446766158074	1.0	0.0
snp_PA14_69590_6208912	0.002	0.0446766158074	1.0	0.0
gene_pa_group_19358	0.002	0.0446766158074	1.0	1.0
snp_PA14_44160_3930514	0.002	0.0446766158074	1.0	0.0
snp_PA14_31050_2699917	0.002	0.0446766158074	1.0	3.0
snp_PA14_42380,exsD_3776202	0.002	0.0446766158074	1.0	0.0
snp_PA14_33650,pvdD_2981092	0.002	0.0446766158074	1.0	0.0
gene_pa_group_15726	0.002	0.0446766158074	1.0	1.0
snp_PA14_48930_4350625	0.002	0.0446766158074	1.0	0.0
snp_PA14_58670,ampD_5228631	0.002	0.0446766158074	1.0	0.0
snp_PA14_60130_5357475	0.002	0.0446766158074	1.0	0.0
snp_PA14_28810_2481042	0.002	0.0446766158074	1.0	0.0
snp_PA14_51880,oprD_4606763	0.002	0.0446766158074	1.0	0.0
snp_PA14_10040_863341	0.002	0.0446766158074	1.0	0.0
snp_PA14_47000_4188010	0.002	0.0446766158074	1.0	5.0
snp_PA14_49250,napA_4374784	0.002	0.0446766158074	1.0	0.0
gene_pa_group_20862	0.002	0.0446766158074	1.0	1.0
snp_PA14_38530,fahA_3437969	0.002	0.0446766158074	1.0	0.0
snp_PA14_35340,kguK_3142992	0.002	0.0446766158074	1.0	0.0
snp_PA14_60250,pilS_5366026	0.002	0.0446766158074	1.0	0.0
snp_PA14_50760_4509666	0.002	0.0446766158074	1.0	0.0
gene_pa_group_13495	0.002	0.0446766158074	1.0	1.0
snp_PA14_12780_1096386	0.002	0.0446766158074	1.0	0.0
snp_PA14_10040_863334	0.002	0.0446766158074	1.0	0.0
snp_PA14_36290,yncB_3232116	0.00199274375074	0.0331646454329	1.0	2.0
snp_PA14_28810_2483374	0.00199274375074	0.0331646454329	0.0	5.0
snp_PA14_17400,adhC_1493083	0.00194429347826	0.0399767130745	1.0	13.0
gene_pa_group_81	0.00193115942029	0.0431388337415	1.0	64.0
gene_pa_group_11524	0.0019252173913	0.0430060988685	1.0	15.0
snp_PA14_31190_2710984	0.00191427865613	0.042761746034	1.0	5.0
gene_pa_group_4089	0.0019099378882	0.0426647806235	1.0	64.0
snp_PA14_31110_2707156	0.0019099378882	0.0426647806235	1.0	36.0
gene_pa_group_5785	0.00189988558352	0.0424402291465	1.0	62.0
snp_PA14_32790_2862335	0.00189402173913	0.042309240785	0.0	128.0
gene_pa_group_19301	0.00189402173913	0.042309240785	1.0	40.0
snp_PA14_50270,fliD_4464052	0.00189402173913	0.042309240785	1.0	25.0
gene_pa_group_4076	0.00188746803069	0.0421628420279	0.0	168.0
gene_pa_group_7698	0.00188746803069	0.0421628420279	0.0	335.0
snp_PA14_15475,merT_1310765	0.0018800951087	0.0419981434263	0.0	1.0
gene_pa_group_16213	0.0018800951087	0.0419981434263	0.0	71.0
gene_pa_group_5521	0.00187173913043	0.041811485011	0.0	81.0
snp_PA14_15460,merA_1309928	0.00186218944099	0.0415981611079	0.0	80.0
snp_PA14_50270,fliD_4463757	0.00185117056856	0.0413520181428	1.0	6.0
gene_pa_group_5493	0.00185117056856	0.0413520181428	0.0	159.0
snp_PA14_55570,pigB_4945466	0.00185117056856	0.0413520181428	1.0	64.0
gene_pa_group_1457	0.00185117056856	0.0413520181428	0.0	281.0
snp_PA14_60020_5345130	0.00185002724796	0.0413264782951	1.0	5.0
gene_pa_group_6600	0.00185002724796	0.0413264782951	1.0	40.0
snp_PA14_55530,hxcW_4942425	0.00183831521739	0.0410648513501	0.0	0.0
snp_PA14_32840_2873503	0.00183831521739	0.0410648513501	1.0	154.0
snp_PA14_57425,ftsI_5116305	0.00183831521739	0.0410648513501	1.0	1.0
snp_PA14_46630_4154962	0.00183831521739	0.0410648513501	0.0	221.0
gene_pa_ftsH_3	0.00183831521739	0.0410648513501	1.0	59.0
snp_PA14_28810_2483384	0.00183831521739	0.0410648513501	0.0	20.0
snp_PA14_31010_2695480	0.00183831521739	0.0410648513501	1.0	9.0
snp_PA14_55400_4929394	0.00182809016596	0.040836441003	1.0	41.0
snp_PA14_58570,piuA_5217572	0.00182312252964	0.0407254724133	1.0	151.0
snp_PA14_59540_5298119	0.00182312252964	0.0407254724133	0.0	108.0
snp_PA14_59350,pilV2_5287191	0.00182312252964	0.0407254724133	0.0	12.0
gene_pa_group_6955	0.00182312252964	0.0407254724133	1.0	68.0
