feature	score	std	#I-out-of-14	#O-out-of-355
snp_PA14_13170_1134827	0.002	0.0446766158074	1.0	2.0
snp_PA14_30880,trbL_2682077	0.00198890719266	0.018536508713	3.0	0.0
snp_PA14_28790_2479037	0.00191670593088	0.022873681586	4.0	2.0
snp_PA14_53140_4710137	0.00190950604985	0.0237254810054	2.0	0.0
snp_PA14_72380,algB_6447415	0.00171376421564	0.0184526007694	3.0	1.0
snp_PA14_00640,phzH_65986	0.00155086809309	0.0201773344683	3.0	1.0
snp_PA14_03120_274293	0.00152961454767	0.0184555997863	3.0	1.0
snp_PA14_00925_93169	0.00149948541769	0.0237512806126	2.0	2.0
gene_pa_group_11214	0.00147113617289	0.0138696412874	1.0	2.0
snp_PA14_15930,yfjD_1357395	0.00144123413556	0.0152375764833	1.0	0.0
snp_PA14_46010_4091814	0.00143213077076	0.0203131579252	3.0	3.0
snp_PA14_48890_4346648	0.00138635237869	0.0156152189209	0.0	1.0
snp_PA14_69850,betT_6230063	0.00133523363993	0.0161946476423	3.0	1.0
gene_pa_group_21073	0.00132851281603	0.017372079591	3.0	2.0
snp_PA14_28780_2478673	0.00130916024871	0.0165956174173	1.0	0.0
snp_PA14_08300,JF1_708063	0.00122392113294	0.0117230008309	1.0	0.0
snp_PA14_27870_2413720	0.00122308871453	0.0177973655512	3.0	3.0
snp_PA14_01140_111818	0.0011729818047	0.0155899661441	1.0	0.0
snp_PA14_17640,potA_1516012	0.00114768527779	0.0148230595651	2.0	1.0
snp_PA14_60200_5362746	0.00113346379648	0.0253196632834	2.0	1.0
snp_PA14_66880,phaI_5973471	0.00111818217841	0.0146069786247	3.0	1.0
snp_PA14_18985_1640112	0.00111476264597	0.010536870678	0.0	1.0
snp_PA14_68850,gcvP1_6141932	0.00109266293731	0.0161145060265	2.0	1.0
snp_PA14_15400,repC_1305565	0.00109172771602	0.0134433493633	0.0	1.0
snp_PA14_60390,mviN_5383991	0.0010906478342	0.017111487823	3.0	1.0
snp_PA14_30970,bphR_2691746	0.00108930503586	0.0171925403829	0.0	62.0
snp_PA14_32610,dsbG_2832993	0.00107358836836	0.0169936612645	3.0	3.0
snp_PA14_41520,ppkB_3704630	0.00106873443596	0.0145985780823	1.0	0.0
snp_PA14_33080_2897656	0.00105565256107	0.0167061636477	2.0	0.0
snp_PA14_33810,pvdA_3004072	0.00105515868656	0.0131226531412	1.0	135.0
snp_PA14_25810_2253486	0.00103288712556	0.0198856903694	2.0	1.0
snp_PA14_37150_3310799	0.00103050505827	0.0163049075957	3.0	3.0
snp_PA14_28790_2479066	0.00102332966279	0.0162692836632	2.0	0.0
snp_PA14_05390,chpA_469171	0.00101569347808	0.0109392778433	1.0	0.0
snp_PA14_26160_2284035	0.00101059814929	0.0225750526258	3.0	3.0
snp_PA14_10090_867200	0.00100747150501	0.0131967695008	1.0	0.0
snp_PA14_31070_2703447	0.00100396295279	0.0116785402428	3.0	2.0
snp_PA14_38410,amrB_3425787	0.000991728472168	0.0129147002489	1.0	0.0
gene_pa_group_23672	0.000978116367442	0.0128217399961	2.0	0.0
snp_PA14_21380_1851895	0.000976419634814	0.0113686544373	1.0	1.0
snp_PA14_08300,JF1_709116	0.000960199184845	0.00997716690755	1.0	2.0
gene_pa_group_866	0.000953435850172	0.015048637755	3.0	4.0
snp_PA14_48970_4351670	0.000938617662143	0.0125405666112	3.0	3.0
snp_PA14_59940_5337109	0.000938517193267	0.0108414005882	1.0	0.0
snp_PA14_55080_4893459	0.000927396474969	0.0106166967404	0.0	0.0
snp_PA14_59370_5288895	0.000903260139311	0.0117527240907	1.0	0.0
gene_pa_group_5506	0.000893078025944	0.0163879220669	2.0	1.0
snp_PA14_44920_4005290	0.000889527970862	0.0156869383316	1.0	0.0
snp_PA14_34250_3045573	0.000873078200437	0.0144213277921	3.0	1.0
snp_PA14_31190_2710994	0.000869958466703	0.0177091170448	3.0	3.0
snp_PA14_31280_2720345	0.000865833091432	0.0106473907758	4.0	9.0
snp_PA14_20520_1763753	0.000864169859266	0.00985188928654	3.0	1.0
snp_PA14_08300,JF1_708887	0.000860898688954	0.0118698594191	1.0	1.0
snp_PA14_39780,hvn_3545280	0.000854362239432	0.0151942359395	5.0	81.0
snp_PA14_22930,glk_1988765	0.000853245856354	0.0190600686568	0.0	1.0
snp_PA14_31070_2701232	0.000848108017296	0.0123510139131	2.0	0.0
snp_PA14_09680_831485	0.000845986371437	0.0123738806834	2.0	2.0
snp_PA14_51540_4583689	0.000844762128687	0.012475477772	1.0	2.0
snp_PA14_63700_5678905	0.0008441549466	0.0110271886392	1.0	2.0
snp_PA14_28790_2479041	0.000842482851093	0.0133121618515	3.0	0.0
snp_PA14_22980,gltB_1992646	0.000842169333487	0.0134352677698	1.0	2.0
snp_PA14_59380_5289552	0.000842061319259	0.0100426102135	3.0	2.0
snp_PA14_51650_4590427	0.000841998032282	0.0133108194286	1.0	0.0
snp_PA14_25650,fabD_2242421	0.000838252656434	0.0187251459405	3.0	3.0
gene_pa_group_17259	0.000834650068454	0.0107732257048	2.0	0.0
gene_pa_group_3441	0.000823815373464	0.0111282265325	1.0	0.0
snp_PA14_08330_713968	0.000820603912192	0.0129630950107	0.0	2.0
gene_pa_group_16293	0.00081747807897	0.0129429217637	1.0	1.0
snp_PA14_30590_2648828	0.000817307692308	0.0182572708828	2.0	1.0
snp_PA14_67220_6001386	0.000816412439788	0.0129633934691	3.0	1.0
snp_PA14_14160_1211600	0.000813543649093	0.0107949538493	1.0	0.0
gene_pa_group_21888	0.000809943418986	0.0132457812122	5.0	5.0
snp_PA14_39650,cirA_3533509	0.000807370952409	0.0144971459906	3.0	3.0
snp_PA14_28790_2479032	0.000799671464205	0.0127933084916	4.0	3.0
snp_PA14_60860,nfxB_5428360	0.000787861362079	0.0118807303238	1.0	0.0
gene_pa_group_20606	0.000786849315068	0.0175768822738	2.0	0.0
snp_PA14_58930_5253472	0.000782986111111	0.0174905848343	11.0	216.0
snp_PA14_59270,pilO2_5281412	0.000780474216658	0.0107142054648	1.0	0.0
gene_pa_group_16818	0.000780344400919	0.0124530183824	2.0	0.0
snp_PA14_07810_672573	0.000780165289256	0.0174275724472	2.0	1.0
snp_PA14_36420_3244763	0.000779834738769	0.0117764117071	1.0	0.0
snp_PA14_44340,ccoN_3947800	0.000779228290404	0.0140735064046	2.0	1.0
snp_PA14_06000,clpA_532439	0.000776994433981	0.0122709483243	1.0	0.0
snp_PA14_31280_2721118	0.000768652463062	0.0171703953908	1.0	66.0
gene_pa_group_18166	0.000767949746882	0.0147221613811	2.0	0.0
snp_PA14_30950_2688182	0.000764525524072	0.0113887038535	3.0	5.0
snp_PA14_59100_5263829	0.000762248267106	0.00995057520558	1.0	0.0
snp_PA14_32790_2858975	0.000760356712193	0.0101600003221	1.0	0.0
snp_PA14_17410_1494549	0.000759833782364	0.0136849066092	2.0	3.0
snp_PA14_36230,glnP_3227215	0.000758533724937	0.0119872783956	1.0	0.0
snp_PA14_00890_88205	0.000752324598478	0.0168056585243	3.0	1.0
snp_PA14_32390,mexF_2814197	0.000744985854465	0.0123584657315	1.0	0.0
snp_PA14_57070_5085372	0.0007414812932	0.0165634374323	4.0	12.0
gene_pa_group_18805	0.000739754098361	0.0165248548222	2.0	0.0
snp_PA14_48890_4346780	0.000738334904701	0.0124291014983	2.0	1.0
snp_PA14_21080,toxR_1823172	0.000737539561042	0.0135550493464	3.0	1.0
snp_PA14_30970,bphR_2691265	0.000733750457803	0.00993006920006	0.0	5.0
gene_pa_group_15221	0.00073265686042	0.0116967916384	2.0	0.0
snp_PA14_22670,yrbF_1972040	0.000728227928283	0.0115400218229	1.0	0.0
snp_PA14_09200,ssb_779748	0.000726514481347	0.0114857045968	1.0	2.0
