feature	score	std	#I-out-of-9	#O-out-of-360
snp_PA14_59100_5263789	0.00269656455628	0.0306976427971	2.0	0.0
snp_PA14_00510_51358	0.00252933282922	0.0304961470383	2.0	0.0
snp_PA14_59200_5271378	0.00198542794222	0.0330550592856	1.0	0.0
snp_PA14_05440_480298	0.00192255527011	0.026603120096	1.0	0.0
snp_PA14_23260,gyrA_2016797	0.00184971279089	0.0214670535833	1.0	0.0
snp_PA14_15460,merA_1308911	0.00183431300971	0.0241166693349	0.0	1.0
snp_PA14_59120_5264723	0.00180189153211	0.0248165152103	1.0	0.0
snp_PA14_31180_2710059	0.00179754228169	0.0228466801756	1.0	0.0
snp_PA14_38440,gnyD_3428963	0.00172376654336	0.0309079467486	1.0	0.0
snp_PA14_59880_5332874	0.00170068770182	0.0220633466567	2.0	0.0
snp_PA14_59210_5273755	0.00165650294962	0.0221408497833	1.0	0.0
snp_PA14_21620,oprP_1874973	0.0016294099254	0.0283642629877	1.0	0.0
gene_pa_group_21676	0.00160703066284	0.0194144352794	2.0	0.0
gene_pa_group_235	0.00156970369597	0.023903847048	1.0	0.0
snp_PA14_09080,rpsM_770074	0.00149176589153	0.0248183704227	1.0	0.0
snp_PA14_46010_4092944	0.00149038105756	0.0247497633841	1.0	0.0
snp_PA14_09710,aldH_836543	0.00145179779526	0.019605530545	1.0	0.0
snp_PA14_59020_5258822	0.0014385769006	0.018967568131	2.0	0.0
gene_pa_group_14182	0.00140862483642	0.024250852064	2.0	2.0
snp_PA14_70940,betA_6321743	0.00140482554633	0.0189409873529	1.0	0.0
snp_PA14_71560,fdhA_6375127	0.00140134486779	0.0181245084986	1.0	0.0
gene_pa_group_10507	0.001400922204	0.0221513736512	2.0	2.0
snp_PA14_09770_842292	0.00139304713482	0.0187127401158	1.0	2.0
snp_PA14_20820_1792465	0.00139249308227	0.016204480188	1.0	0.0
snp_PA14_15460,merA_1310200	0.00138762059434	0.0212879197559	1.0	0.0
snp_PA14_41630,cmaX_3715425	0.00137806355939	0.0225408456531	1.0	0.0
gene_pa_group_21372	0.00136755772248	0.0268083998629	2.0	0.0
snp_PA14_15520,trbJ_1313355	0.0013667512959	0.0186709673817	1.0	0.0
snp_PA14_63890_5694382	0.00136084210217	0.0177426675232	1.0	0.0
gene_pa_group_23384	0.00135351719262	0.0178693017078	2.0	0.0
snp_PA14_44360,ccoP_3949548	0.00134703199789	0.0183881415596	1.0	0.0
snp_PA14_12710_1090514	0.00132970027248	0.0297032541063	1.0	1.0
snp_PA14_26220,hisM_2288484	0.00132970027248	0.0297032541063	1.0	1.0
gene_pa_group_19975	0.00132830925009	0.0156982828888	1.0	0.0
snp_PA14_28510_2459298	0.00132602739726	0.0296212082887	1.0	1.0
snp_PA14_59070_5261040	0.00129613193634	0.020963041483	1.0	0.0
snp_PA14_44000,sucB_3916150	0.00126958105647	0.028360292548	1.0	0.0
snp_PA14_30910,trbE_2684795	0.0012637210555	0.0168974535441	2.0	134.0
snp_PA14_11790_1021059	0.00124792513512	0.0197237881457	1.0	0.0
snp_PA14_55380_4916541	0.00124771654678	0.0160785887396	1.0	0.0
snp_PA14_67280,proW_6008979	0.00124467594233	0.0173899929146	1.0	0.0
snp_PA14_32790_2862014	0.00124171244753	0.016132384773	2.0	0.0
snp_PA14_59780,rcsC_5322079	0.0012396978022	0.027692751213	2.0	1.0
snp_PA14_55400_4925511	0.00123732769625	0.017272575882	2.0	0.0
snp_PA14_19930_1718313	0.00123613337807	0.0173397500011	1.0	0.0
snp_PA14_19480_1684569	0.00123171524201	0.01605896993	1.0	0.0
snp_PA14_48020_4274204	0.00122960107148	0.0190212247389	1.0	0.0
snp_PA14_30620_2653216	0.00122918642368	0.0194479205541	1.0	0.0
snp_PA14_24970,yegS_2183206	0.0012162510389	0.0193044994935	1.0	1.0
snp_PA14_20510_1763177	0.0012048537794	0.0170696856756	2.0	1.0
snp_PA14_21020_1810012	0.00120372404634	0.0164097538607	1.0	0.0
snp_PA14_08240_703846	0.00119959235173	0.0159813925599	1.0	0.0
snp_PA14_35990_3202984	0.00119808845808	0.0189903323457	1.0	0.0
snp_PA14_63580,fdnH_5668362	0.00119620117082	0.0176050947643	1.0	0.0
snp_PA14_25880,etfA_2257706	0.00119344262295	0.0266594887769	1.0	0.0
snp_PA14_34000_3024033	0.00119344262295	0.0266594887769	1.0	0.0
snp_PA14_13970_1198471	0.00119176184422	0.0146303143105	1.0	0.0
snp_PA14_67370_6017775	0.00118659022903	0.0158338518875	1.0	0.0
snp_PA14_15360_1303239	0.0011691390256	0.0155869530205	1.0	0.0
snp_PA14_59410_5290909	0.00116429534274	0.0185495137189	1.0	0.0
snp_PA14_59400_5290756	0.00116255763275	0.0158289569888	1.0	0.0
snp_PA14_23030,oprB_1997307	0.00115773091159	0.0156060527143	1.0	0.0
snp_PA14_48890_4346288	0.00114753610277	0.0207487173378	0.0	2.0
snp_PA14_55400_4921789	0.00113346379648	0.0178860236741	1.0	0.0
gene_pa_group_23571	0.00113305495458	0.0147100161286	2.0	0.0
snp_PA14_24480,pelA_2137887	0.00112866564469	0.0199383353338	1.0	0.0
snp_PA14_60130_5356895	0.00112751145713	0.0157819148506	2.0	2.0
snp_PA14_31090_2704652	0.00111418303864	0.0131787470676	1.0	43.0
snp_PA14_70580_6288189	0.00110599419419	0.0174555409792	1.0	0.0
snp_PA14_15470,merP_1310582	0.00110152067622	0.0124080854894	1.0	0.0
snp_PA14_54520,opdH_4834303	0.00110033714231	0.0189911998794	1.0	1.0
snp_PA14_51340,mvfR_4563503	0.00109189197408	0.0151980502332	1.0	0.0
snp_PA14_43350,kdpD_3860362	0.00107755182871	0.0139257001086	1.0	1.0
snp_PA14_31180_2710471	0.00107429818999	0.0169898946655	1.0	0.0
snp_PA14_55410_4931503	0.00107215683209	0.0181028818547	1.0	0.0
snp_PA14_30910,trbE_2685814	0.00106784079804	0.0130754799861	1.0	2.0
snp_PA14_18320_1571469	0.00105936764949	0.017212469953	1.0	0.0
snp_PA14_38840,exaC_3463123	0.00104909110306	0.0121677512418	1.0	0.0
snp_PA14_31250_2717422	0.00104473699494	0.0141054641577	1.0	1.0
snp_PA14_09730,dapA_836726	0.00103916522897	0.01350280013	1.0	0.0
snp_PA14_24380_2121949	0.00103899729566	0.0165831680512	2.0	1.0
snp_PA14_64335,ureD_5734031	0.00103516867404	0.014014459102	1.0	0.0
snp_PA14_14960,yafV_1271009	0.00101452527385	0.0198186577772	1.0	0.0
snp_PA14_07890_679970	0.00101423894766	0.0136982996943	1.0	0.0
snp_PA14_18200_1560885	0.00100908588705	0.0159281843921	1.0	0.0
gene_pa_group_1069	0.00100404206449	0.0158436527242	1.0	0.0
snp_PA14_09730,dapA_836857	0.00100086828634	0.0166451964255	1.0	2.0
snp_PA14_30850,trbI_2679670	0.00100086828634	0.0166451964255	0.0	1.0
snp_PA14_09150,katA_773913	0.00099772827702	0.0165069465018	2.0	1.0
snp_PA14_31190_2712111	0.000994550408719	0.0222165732557	2.0	2.0
snp_PA14_35850_3190393	0.000994550408719	0.0222165732557	1.0	0.0
snp_PA14_39270_3497469	0.000994550408719	0.0222165732557	1.0	0.0
snp_PA14_05520,mexR_486296	0.000994550408719	0.0222165732557	1.0	0.0
snp_PA14_68510_6113072	0.000994550408719	0.0222165732557	1.0	1.0
snp_PA14_38840,exaC_3463143	0.000990700424745	0.0154555361209	1.0	0.0
snp_PA14_16440,wspB_1407282	0.00098904109589	0.0220935045294	1.0	1.0
snp_PA14_69900_6235541	0.00098904109589	0.0174273309574	1.0	0.0
snp_PA14_38950_3470758	0.00098551122196	0.0157408968812	1.0	0.0
snp_PA14_43270,ybbB_3854125	0.000983651226158	0.0155217545383	1.0	0.0
snp_PA14_58950_5254493	0.000980173656737	0.0128351204067	1.0	0.0
