feature	score	std	#I-out-of-1	#O-out-of-368
snp_PA14_13200_1137050	0.00550407608696	0.0714200782981	1.0	0.0
snp_PA14_46810_4168991	0.004	0.0631189353522	1.0	0.0
snp_PA14_03250_292846	0.004	0.0631189353522	1.0	0.0
snp_PA14_03270_295382	0.004	0.0631189353522	0.0	1.0
gene_pa_group_5770	0.004	0.0631189353522	1.0	0.0
snp_PA14_03285_297583	0.004	0.0631189353522	1.0	0.0
snp_PA14_27430_2380775	0.004	0.0631189353522	0.0	3.0
gene_pa_group_13265	0.004	0.0631189353522	1.0	0.0
snp_PA14_03250_292790	0.004	0.0631189353522	1.0	0.0
snp_PA14_03270_296557	0.004	0.0631189353522	1.0	0.0
snp_PA14_69795,amtB_6224805	0.004	0.0631189353522	1.0	0.0
gene_pa_group_2478	0.004	0.0631189353522	1.0	0.0
snp_PA14_68440_6105947	0.004	0.0631189353522	1.0	0.0
snp_PA14_03270_296775	0.004	0.0631189353522	1.0	0.0
snp_PA14_59990_5342655	0.004	0.0631189353522	1.0	0.0
snp_PA14_03270_296391	0.004	0.0631189353522	1.0	0.0
snp_PA14_03250_292877	0.004	0.0631189353522	1.0	0.0
snp_PA14_68440_6105599	0.004	0.0631189353522	1.0	0.0
snp_PA14_03265_293340	0.004	0.0631189353522	1.0	0.0
snp_PA14_68440_6105396	0.004	0.0631189353522	1.0	0.0
snp_PA14_27430_2380863	0.004	0.0631189353522	1.0	0.0
snp_PA14_03270_295597	0.004	0.0631189353522	1.0	0.0
snp_PA14_03270_295467	0.00388746803069	0.0613690098971	1.0	0.0
snp_PA14_08480,argC_726046	0.00350407608696	0.0558466103578	1.0	0.0
snp_PA14_53400_4736090	0.00332970027248	0.0536000420094	1.0	1.0
snp_PA14_39720_3540003	0.0029972826087	0.0498828888274	1.0	1.0
gene_pa_group_13347	0.0029972826087	0.0498828888274	1.0	1.0
snp_PA14_59100_5262986	0.00281525885559	0.0448768546	1.0	19.0
snp_PA14_68430,fdhD_6104503	0.00267397260274	0.0471165512866	1.0	0.0
snp_PA14_03270_296785	0.002	0.0446766158074	1.0	0.0
snp_PA14_59540_5297804	0.002	0.0446766158074	1.0	1.0
snp_PA14_59900_5333997	0.002	0.0446766158074	1.0	0.0
snp_PA14_68440_6107089	0.002	0.0446766158074	1.0	0.0
snp_PA14_69795,amtB_6225150	0.002	0.0446766158074	1.0	1.0
snp_PA14_33130_2900785	0.002	0.0446766158074	1.0	0.0
snp_PA14_40050_3570033	0.002	0.0446766158074	1.0	5.0
snp_PA14_03270_294822	0.002	0.0446766158074	1.0	0.0
gene_pa_group_21496	0.002	0.0446766158074	1.0	1.0
snp_PA14_68440_6105618	0.002	0.0446766158074	1.0	0.0
gene_pa_group_15744	0.002	0.0446766158074	1.0	1.0
snp_PA14_03250_292957	0.002	0.0446766158074	0.0	1.0
snp_PA14_13680_1175768	0.002	0.0446766158074	1.0	0.0
snp_PA14_43940,sucD_3912045	0.002	0.0446766158074	1.0	0.0
snp_PA14_44900_4002054	0.002	0.0446766158074	1.0	0.0
snp_PA14_18780,mexF_1616210	0.002	0.0446766158074	1.0	5.0
snp_PA14_52230,pirA_4632396	0.002	0.0446766158074	1.0	1.0
snp_PA14_53910,pmtA_4781290	0.002	0.0446766158074	1.0	0.0
snp_PA14_03265_293466	0.002	0.0446766158074	1.0	0.0
snp_PA14_27430_2381049	0.002	0.0446766158074	1.0	0.0
snp_PA14_03270_297209	0.002	0.0446766158074	1.0	0.0
snp_PA14_03265_293467	0.002	0.0446766158074	1.0	0.0
gene_pa_engB_2	0.002	0.0446766158074	1.0	1.0
snp_PA14_59680_5309954	0.002	0.0446766158074	1.0	1.0
snp_PA14_03250_291631	0.002	0.0446766158074	1.0	0.0
snp_PA14_03265_293312	0.002	0.0446766158074	1.0	0.0
snp_PA14_60130_5357258	0.002	0.0446766158074	1.0	0.0
snp_PA14_03285_298011	0.002	0.0446766158074	1.0	0.0
snp_PA14_68440_6105364	0.002	0.0446766158074	1.0	0.0
snp_PA14_68440_6107145	0.002	0.0446766158074	0.0	5.0
gene_pa_group_19378	0.002	0.0446766158074	1.0	1.0
snp_PA14_03270_294882	0.002	0.0446766158074	1.0	0.0
snp_PA14_68440_6106615	0.002	0.0446766158074	1.0	0.0
snp_PA14_68440_6105681	0.002	0.0446766158074	1.0	0.0
snp_PA14_27430_2381104	0.002	0.0446766158074	1.0	0.0
snp_PA14_03265_293523	0.002	0.0446766158074	1.0	0.0
snp_PA14_35080,arsH_3123498	0.002	0.0446766158074	1.0	3.0
snp_PA14_59100_5264189	0.002	0.0446766158074	1.0	0.0
snp_PA14_27430_2381198	0.002	0.0446766158074	1.0	0.0
snp_PA14_03270_296412	0.002	0.0446766158074	1.0	0.0
gene_pa_group_983	0.002	0.0446766158074	1.0	0.0
snp_PA14_27430_2380950	0.002	0.0446766158074	1.0	0.0
snp_PA14_49940_4439948	0.002	0.0446766158074	1.0	0.0
snp_PA14_46890_4176453	0.002	0.0446766158074	0.0	0.0
snp_PA14_70280,argB_6266848	0.002	0.0446766158074	1.0	1.0
snp_PA14_03250_293148	0.002	0.0446766158074	1.0	0.0
snp_PA14_27420,trpB_2379354	0.002	0.0446766158074	1.0	0.0
snp_PA14_61590_5495843	0.002	0.0446766158074	1.0	0.0
snp_PA14_35080,arsH_3123975	0.002	0.0446766158074	1.0	1.0
snp_PA14_03270_297205	0.002	0.0446766158074	1.0	0.0
snp_PA14_59070_5262119	0.002	0.0446766158074	1.0	0.0
snp_PA14_03250_292510	0.002	0.0446766158074	1.0	0.0
snp_PA14_58950_5254296	0.002	0.0446766158074	1.0	0.0
snp_PA14_69795,amtB_6225014	0.002	0.0446766158074	1.0	1.0
snp_PA14_27430_2381087	0.002	0.0446766158074	1.0	0.0
snp_PA14_27430_2380823	0.002	0.0446766158074	1.0	0.0
snp_PA14_62030_5534838	0.002	0.0446766158074	1.0	1.0
snp_PA14_55850_4987538	0.002	0.0446766158074	0.0	0.0
gene_pa_moeZ_2	0.002	0.0446766158074	1.0	1.0
snp_PA14_34250_3045499	0.002	0.0446766158074	1.0	1.0
snp_PA14_27430_2380839	0.002	0.0446766158074	1.0	0.0
gene_pa_group_2256	0.002	0.0446766158074	1.0	4.0
snp_PA14_03285_298077	0.002	0.0446766158074	1.0	0.0
snp_PA14_03250_291627	0.002	0.0446766158074	1.0	0.0
snp_PA14_03250_292847	0.002	0.0446766158074	1.0	0.0
snp_PA14_03250_292468	0.002	0.0446766158074	1.0	0.0
snp_PA14_03285_298059	0.002	0.0446766158074	1.0	0.0
snp_PA14_57380,mraY_5112839	0.002	0.0446766158074	1.0	0.0
snp_PA14_40080_3571915	0.002	0.0446766158074	1.0	2.0
snp_PA14_21020_1813939	0.002	0.0446766158074	1.0	0.0
gene_pa_group_3526	0.002	0.0446766158074	1.0	0.0
