feature	score	p-value	#I-out-of-72	#O-out-of-354
PA14_00090,glyS_12145|1	38.8721537408	4.52489443479e-10	19.0	14.0
PA14_41510,nasA_3703792|1	33.2958397535	7.91517881737e-09	18.0	15.0
PA14_05390,chpA_469164|1	32.9915646579	9.25595918097e-09	19.0	17.0
PA14_44660,ligA_3978116|1	32.2841000807	1.33198833189e-08	16.0	12.0
PA14_00150_16433|1	32.2841000807	1.33198833189e-08	16.0	12.0
PA14_25330,nqrD_2215656|2	31.6583149103	1.83825847202e-08	14.0	9.0
PA14_37730_3363525|1	31.6583149103	1.83825847202e-08	14.0	9.0
PA14_58890_5245448|1	31.3221567183	2.18570907965e-08	22.0	24.0
PA14_18660_1607114|1	31.2652695068	2.25070233976e-08	19.0	18.0
PA14_13000_1116086|1	31.0194260215	2.55458784665e-08	29.0	40.0
PA14_03410_313019|1	30.8023142112	2.85696949276e-08	15.0	11.0
PA14_31180_2710620|1	29.7691640986	4.86671533105e-08	21.0	23.0
PA14_37730_3362998|1	29.3335687382	6.09309765729e-08	14.0	10.0
PA14_25480_2227202|1	29.3335687382	6.09309765729e-08	14.0	10.0
PA14_49820,cobB_4431004|1	29.3335687382	6.09309765729e-08	14.0	10.0
PA14_32570_2828060|1	29.3335687382	6.09309765729e-08	14.0	10.0
PA14_17620,potC_1514342|2	29.3335687382	6.09309765729e-08	14.0	10.0
PA14_45070_4020850|1	29.3335687382	6.09309765729e-08	14.0	10.0
PA14_67350,hutU_6016131|1	29.3335687382	6.09309765729e-08	14.0	10.0
PA14_45030,ttuD_4016164|2	29.3335687382	6.09309765729e-08	14.0	10.0
PA14_55450,hxcQ_4937085|1	28.7236346516	8.3478694605e-08	15.0	12.0
PA14_26130,morB_2281925|1	28.7236346516	8.3478694605e-08	15.0	12.0
PA14_58210_5180838|1	28.3510357815	1.01192646508e-07	16.0	14.0
PA14_44230_3935721|1	28.1510443417	1.12207107825e-07	17.0	16.0
PA14_41430,miaE_3694491|1	28.0805084746	1.16372021027e-07	18.0	18.0
PA14_31260_2718490.1|1	28.0805084746	1.16372021027e-07	18.0	18.0
PA14_51600_4586765|1	27.8814201335	1.28982400451e-07	13.0	9.0
PA14_38550,maiA_3438141|1	27.8814201335	1.28982400451e-07	13.0	9.0
PA14_37560,asnB_3342717|4	27.8814201335	1.28982400451e-07	13.0	9.0
PA14_49820,cobB_4431079|1	27.2110734463	1.82410924745e-07	14.0	11.0
PA14_15830_1350011|2	27.2110734463	1.82410924745e-07	14.0	11.0
PA14_66190_5897741|1	27.2110734463	1.82410924745e-07	14.0	11.0
PA14_30350,yqjG_2630695|4	27.2110734463	1.82410924745e-07	14.0	11.0
PA14_07760,surA_666000|5	27.2110734463	1.82410924745e-07	14.0	11.0
PA14_42770_3804739|1	26.8079600484	2.24709833219e-07	15.0	13.0
PA14_01250,ychM_123164|1	26.8079600484	2.24709833219e-07	15.0	13.0
PA14_31280_2720319.1|1	26.8079600484	2.24709833219e-07	15.0	13.0
PA14_45030,ttuD_4016662|1	26.5944960816	2.5095766563e-07	16.0	15.0
PA14_41480,nasS_3700206|1	26.5519926706	2.56539972191e-07	18.0	19.0
PA14_00800_78409|1	26.520480226	2.60758945887e-07	17.0	17.0
PA14_31070_2703433|1	26.4899530967	2.64912312197e-07	23.0	30.0
PA14_22290,vacJ_1942429|1	25.824287775	3.73953112593e-07	21.0	26.0
PA14_03630_327869|1	25.706767379	3.97430954669e-07	13.0	10.0
PA14_49610_4414412|1	25.706767379	3.97430954669e-07	13.0	10.0
PA14_04050_365392|1	25.706767379	3.97430954669e-07	13.0	10.0
PA14_14960,yafV_1270947|1	25.706767379	3.97430954669e-07	13.0	10.0
PA14_03130_275251|16	25.706767379	3.97430954669e-07	13.0	10.0
PA14_00080_10195|81	25.706767379	3.97430954669e-07	13.0	10.0
PA14_38510,hmgA_3436217|1	25.706767379	3.97430954669e-07	13.0	10.0
PA14_66580_5944220|1	25.706767379	3.97430954669e-07	13.0	10.0
PA14_27410,trpC_2378662|1	25.706767379	3.97430954669e-07	13.0	10.0
PA14_13450,fecR_1156925|1	25.706767379	3.97430954669e-07	13.0	10.0
PA14_04010_362156|1	25.706767379	3.97430954669e-07	13.0	10.0
PA14_31110_2706660|1	25.2971939736	4.91423132809e-07	29.0	46.0
PA14_55160,toxR_4899853|1	25.2674923946	4.99049087158e-07	14.0	12.0
PA14_05390,chpA_470677|1	25.2674923946	4.99049087158e-07	14.0	12.0
PA14_15780_1343908|1	25.2674923946	4.99049087158e-07	14.0	12.0
PA14_22370_1949060|1	25.2674923946	4.99049087158e-07	14.0	12.0
PA14_25560,rne_2233896|1	25.2674923946	4.99049087158e-07	14.0	12.0
PA14_17370,yedE_1491641|1	25.2674923946	4.99049087158e-07	14.0	12.0
PA14_04340_389663|1	25.2674923946	4.99049087158e-07	14.0	12.0
PA14_30970,bphR_2691742|1	25.1886866722	5.19862632145e-07	25.0	36.0
PA14_31090_2704897.1|1	25.1146297948	5.40214574357e-07	18.0	20.0
PA14_41350,folD_3687902|1	25.1146297948	5.40214574357e-07	18.0	20.0
PA14_67710,trmH_6048573|1	25.1146297948	5.40214574357e-07	18.0	20.0
PA14_58440_5205903|1	25.0490426868	5.58904968109e-07	11.0	7.0
PA14_11460,thiL_993763|1	25.03842782	5.61990269541e-07	15.0	14.0
PA14_24600_2149298|1	25.03842782	5.61990269541e-07	15.0	14.0
PA14_30730_2665506|1	25.03842782	5.61990269541e-07	15.0	14.0
PA14_28180,ordL_2440383|1	25.03842782	5.61990269541e-07	15.0	14.0
PA14_29350,pfeA_2540524|1	24.9947134786	5.74877221238e-07	17.0	18.0
PA14_66230,waaG_5900532|1	24.9947134786	5.74877221238e-07	17.0	18.0
PA14_66460_5929538|1	24.9947134786	5.74877221238e-07	17.0	18.0
PA14_31180_2710616|1	24.9944610613	5.74952487548e-07	22.0	29.0
PA14_32820_2868306|1	24.9944610613	5.74952487548e-07	22.0	29.0
PA14_30960,traG_2689066|1	24.6956214689	6.7136526281e-07	35.0	63.0
PA14_58750,pilB_5234800.1|1	24.4088341037	7.7910608088e-07	8.0	3.0
PA14_61400,mqoB_5480877|1	24.3125064201	8.1905544454e-07	23.0	32.0
PA14_30860,trbG_2680029|1	24.2757921887	8.34816772204e-07	27.0	42.0
PA14_37830,iscS_3374340|1	24.2154410425	8.61389010518e-07	25.0	37.0
PA14_32790_2851377|1	24.2130750605	8.62447841416e-07	12.0	9.0
PA14_54320,era_4818078|1	24.1684322034	8.82672991274e-07	30.0	50.0
PA14_03550,cynX_323079|1	23.7614080834	1.09047108586e-06	18.0	21.0
PA14_41290_3686190|1	23.7614080834	1.09047108586e-06	18.0	21.0
PA14_31090_2704699.1|1	23.7478028876	1.09820670042e-06	7.0	2.0
PA14_59540_5297759|1	23.7478028876	1.09820670042e-06	7.0	2.0
PA14_62410_5567759|1	23.7478028876	1.09820670042e-06	7.0	2.0
PA14_19290,srmB_1662810|3	23.7302848399	1.10824818196e-06	13.0	11.0
PA14_03450,gabT_316007|1	23.7302848399	1.10824818196e-06	13.0	11.0
PA14_51250,yycJ_4554516|1	23.7302848399	1.10824818196e-06	13.0	11.0
PA14_25960,cobW_2264771|1	23.7302848399	1.10824818196e-06	13.0	11.0
PA14_39180_3489786|2	23.7302848399	1.10824818196e-06	13.0	11.0
PA14_09520,mexI_818960|1	23.7302848399	1.10824818196e-06	13.0	11.0
PA14_58750,pilB_5234285|1	23.7302848399	1.10824818196e-06	13.0	11.0
PA14_55640,sbcD_4958486|1	23.7302848399	1.10824818196e-06	13.0	11.0
PA14_05650_503392|4	23.7302848399	1.10824818196e-06	13.0	11.0
PA14_29320_2536399|1	23.7302848399	1.10824818196e-06	13.0	11.0
PA14_17510_1503969|5	23.7302848399	1.10824818196e-06	13.0	11.0
PA14_20000_1721638|1	23.7302848399	1.10824818196e-06	13.0	11.0
PA14_57160,apbA_5091483|1	23.7302848399	1.10824818196e-06	13.0	11.0
PA14_09680_832408|1	23.7302848399	1.10824818196e-06	13.0	11.0
PA14_36130_3220610|1	23.7302848399	1.10824818196e-06	13.0	11.0
PA14_18985_1639941|2	23.7302848399	1.10824818196e-06	13.0	11.0
PA14_19510,ssuC_1687059|1	23.7302848399	1.10824818196e-06	13.0	11.0
PA14_45100,muiA_4022089|2	23.7302848399	1.10824818196e-06	13.0	11.0
PA14_13950_1198167|1	23.7302848399	1.10824818196e-06	13.0	11.0
PA14_03980_358945|1	23.7302848399	1.10824818196e-06	13.0	11.0
PA14_28750_2475003|2	23.6867937853	1.13357747284e-06	10.0	6.0
PA14_26070_2277673|1	23.5650109856	1.20763606151e-06	17.0	19.0
PA14_26420_2302000|1	23.5042372881	1.24638962227e-06	21.0	28.0
PA14_04370_390149|1	23.4829462231	1.26025929939e-06	14.0	13.0
PA14_03170_279866|1	23.4829462231	1.26025929939e-06	14.0	13.0
PA14_59220_5275461|1	23.4829462231	1.26025929939e-06	14.0	13.0
PA14_14860_1262690|1	23.4829462231	1.26025929939e-06	14.0	13.0
PA14_15280_1295914|1	23.4377675056	1.29020503346e-06	16.0	17.0
PA14_30970,bphR_2691746|1	23.4045399516	1.31268371488e-06	27.0	43.0
PA14_38020_3392444|1	23.4004237288	1.3154955749e-06	15.0	15.0
PA14_55290_4909108|1	23.4004237288	1.3154955749e-06	15.0	15.0
PA14_30960,traG_2689606|1	23.1685629839	1.4840366706e-06	37.0	71.0
PA14_42400,exsB_3777873|1	23.1338737411	1.51105140566e-06	20.0	26.0
PA14_31130_2707197|1	23.1338737411	1.51105140566e-06	20.0	26.0
PA14_60310,pilY1_5375421.1|1	23.1199051655	1.52206842989e-06	38.0	74.0
PA14_31180_2710582|1	22.8514017695	1.75021634732e-06	22.0	31.0
PA14_31110_2707060|1	22.793220339	1.80400981207e-06	24.0	36.0
PA14_30850,trbI_2679076.1|1	22.793220339	1.80400981207e-06	24.0	36.0
PA14_31130_2707541|1	22.793220339	1.80400981207e-06	24.0	36.0
PA14_21790,rdgC_1895300.2|1	22.733348201	1.86109858817e-06	11.0	8.0
PA14_39440_3508454|2	22.733348201	1.86109858817e-06	11.0	8.0
PA14_37910_3383753|2	22.733348201	1.86109858817e-06	11.0	8.0
PA14_31130_2707196|1	22.4860169492	2.11678899903e-06	18.0	22.0
PA14_58910_5251995|1	22.4860169492	2.11678899903e-06	18.0	22.0
PA14_30960,traG_2688711|1	22.4438477204	2.16377450418e-06	31.0	55.0
PA14_37915_3386013|1	22.4260169492	2.18395518112e-06	21.0	29.0
PA14_35420,pvcB_3149701|1	22.4260169492	2.18395518112e-06	21.0	29.0
PA14_26420_2301826|1	22.4260169492	2.18395518112e-06	21.0	29.0
PA14_21790,rdgC_1895446|1	22.3810532688	2.23568700884e-06	9.0	5.0
PA14_67380_6018472|1	22.3164089603	2.31222363863e-06	23.0	34.0
PA14_30910,trbE_2684033|1	22.2985561833	2.33382016234e-06	32.0	58.0
PA14_01110_108980|1	22.1972265023	2.4602894283e-06	12.0	10.0
PA14_25790_2251684|1	22.1972265023	2.4602894283e-06	12.0	10.0
PA14_23200,yciK_2010129|3	22.1972265023	2.4602894283e-06	12.0	10.0
PA14_25000,slt_2186963|3	22.1972265023	2.4602894283e-06	12.0	10.0
PA14_01800_165119|3	22.1972265023	2.4602894283e-06	12.0	10.0
PA14_57990_5160471|1	22.1972265023	2.4602894283e-06	12.0	10.0
PA14_05880,nfeD_521452|1	22.0199543214	2.69830567639e-06	20.0	27.0
PA14_31180_2710460|1	22.0199543214	2.69830567639e-06	20.0	27.0
PA14_31070_2703026.1|1	22.0189570178	2.69970807064e-06	35.0	67.0
PA14_30910,trbE_2685152|1	22.0189570178	2.69970807064e-06	35.0	67.0
PA14_28040_2427934|1	22.0166168162	2.70300170098e-06	16.0	18.0
PA14_54620_4843385|1	22.0166168162	2.70300170098e-06	16.0	18.0
PA14_66910_5975111|1	21.9281920904	2.83045080954e-06	13.0	12.0
PA14_64230,retS_5724487|1	21.9281920904	2.83045080954e-06	13.0	12.0
PA14_09580_824204|1	21.9281920904	2.83045080954e-06	13.0	12.0
PA14_41910_3742195|1	21.9281920904	2.83045080954e-06	13.0	12.0
PA14_35460_3153119|1	21.9281920904	2.83045080954e-06	13.0	12.0
PA14_29420,ysgA_2552159|1	21.9281920904	2.83045080954e-06	13.0	12.0
PA14_28760_2475506.1|1	21.9281920904	2.83045080954e-06	13.0	12.0
PA14_71210_6344506|1	21.9281920904	2.83045080954e-06	13.0	12.0
PA14_10400_898089.1|1	21.9281920904	2.83045080954e-06	13.0	12.0
PA14_25910_2260649|1	21.9281920904	2.83045080954e-06	13.0	12.0
PA14_37590,kynB_3345818|1	21.9281920904	2.83045080954e-06	13.0	12.0
PA14_35230_3132877|1	21.9281920904	2.83045080954e-06	13.0	12.0
PA14_38820,pqqB_3462017|1	21.9281920904	2.83045080954e-06	13.0	12.0
PA14_41820,pabB_3737292|1	21.9281920904	2.83045080954e-06	13.0	12.0
PA14_11140_969989|1	21.9281920904	2.83045080954e-06	13.0	12.0
PA14_17260,dnaE_1479819|2	21.9281920904	2.83045080954e-06	13.0	12.0
PA14_41470,acnB_3697703|1	21.8812192455	2.90058871215e-06	15.0	16.0
PA14_04290_384076|1	21.8812192455	2.90058871215e-06	15.0	16.0
PA14_47670,cobT_4243374|1	21.876076688	2.90837250148e-06	24.0	37.0
PA14_33460_2945782|1	21.8403954802	2.96295994061e-06	14.0	14.0
PA14_44480_3961100|1	21.8403954802	2.96295994061e-06	14.0	14.0
PA14_47820_4255711|1	21.8403954802	2.96295994061e-06	14.0	14.0
PA14_00180,sun_19558|1	21.8403954802	2.96295994061e-06	14.0	14.0
PA14_27460,tpm_2383749|1	21.8403954802	2.96295994061e-06	14.0	14.0
PA14_30860,trbG_2680489|1	21.7515889831	3.10332728504e-06	27.0	45.0
PA14_31150_2708615|1	21.6371661531	3.29406649788e-06	19.0	25.0
PA14_21020_1815090|1	21.6371661531	3.29406649788e-06	19.0	25.0
PA14_30890_2683058.1|1	21.6117216117	3.33805580396e-06	32.0	59.0
PA14_16310_1393337|1	21.5168004758	3.50742355337e-06	28.0	48.0
PA14_30880,trbL_2682609.1|1	21.5166369313	3.5077226846e-06	33.0	62.0
PA14_31180_2710268|1	21.5129291612	3.51451126031e-06	25.0	40.0
PA14_31150_2708622.1|1	21.3980558325	3.73149374477e-06	21.0	30.0
PA14_31070_2701554|1	21.3394538606	3.84731376102e-06	37.0	74.0
PA14_21870_1900687|1	21.272515786	3.98402964108e-06	10.0	7.0
PA14_03290_298729|1	21.272515786	3.98402964108e-06	10.0	7.0
PA14_60350_5378896|1	21.213542946	4.10851147736e-06	26.0	43.0
PA14_29400,rhs_2548909|1	21.1676755448	4.20802237101e-06	30.0	54.0
PA14_30960,traG_2689078|1	21.1676755448	4.20802237101e-06	30.0	54.0
PA14_30910,trbE_2685934|1	21.0423889317	4.49233779423e-06	31.0	57.0
PA14_31100_2705304|1	20.9950792783	4.60464499233e-06	24.0	38.0
PA14_00080_9164|1	20.9674367309	4.67156467747e-06	27.0	46.0
PA14_18790,opmE_1619700|1	20.9634626821	4.6812653465e-06	17.0	21.0
PA14_58900_5247020|1	20.9634626821	4.6812653465e-06	17.0	21.0
PA14_31150_2708644|1	20.9609227872	4.68747582665e-06	20.0	28.0
PA14_30860,trbG_2680596|1	20.9442397445	4.72847477666e-06	32.0	60.0
PA14_30940,trbB_2687298|1	20.7663071392	5.18878488401e-06	28.0	49.0
PA14_27410,trpC_2379110|1	20.6882970137	5.40453129231e-06	16.0	19.0
PA14_30880,trbL_2681549|1	20.6882970137	5.40453129231e-06	16.0	19.0
PA14_30940,trbB_2687634|1	20.6790147235	5.43079482742e-06	25.0	41.0
PA14_30950_2688200|1	20.6790147235	5.43079482742e-06	25.0	41.0
PA14_31190_2712484|1	20.6790147235	5.43079482742e-06	25.0	41.0
PA14_36020_3207880|1	20.6695621469	5.45767182425e-06	11.0	9.0
PA14_25760,holB_2248331|1	20.6695621469	5.45767182425e-06	11.0	9.0
PA14_30930,trbC_2686915.2|1	20.4832184238	6.01563728587e-06	23.0	36.0
PA14_06330_560565|1	20.4696769068	6.0583489881e-06	15.0	17.0
PA14_37400_3329441|1	20.4696769068	6.0583489881e-06	15.0	17.0
PA14_67700_6047917|1	20.4696769068	6.0583489881e-06	15.0	17.0
PA14_42960_3819729|1	20.4696769068	6.0583489881e-06	15.0	17.0
PA14_58410_5203878|1	20.4696769068	6.0583489881e-06	15.0	17.0
PA14_39070_3483354|1	20.4696769068	6.0583489881e-06	15.0	17.0
PA14_31180_2709738|1	20.4174543677	6.22593566404e-06	21.0	31.0
PA14_24950,glpD2_2181243|1	20.3743551953	6.36774419122e-06	12.0	11.0
PA14_08560,tyrZ_731614|8	20.3743551953	6.36774419122e-06	12.0	11.0
PA14_58030,fumC_5163394|1	20.3743551953	6.36774419122e-06	12.0	11.0
PA14_15710_1336699|1	20.3743551953	6.36774419122e-06	12.0	11.0
PA14_28710,pheT_2472158|1	20.3743551953	6.36774419122e-06	12.0	11.0
PA14_33650,pvdD_2985531|1	20.3743551953	6.36774419122e-06	12.0	11.0
PA14_51070,opdD_4538177|1	20.3743551953	6.36774419122e-06	12.0	11.0
PA14_61210,hprA_5466094|1	20.3743551953	6.36774419122e-06	12.0	11.0
PA14_58110,maf_5174305|1	20.3743551953	6.36774419122e-06	12.0	11.0
PA14_58410_5202849|1	20.3743551953	6.36774419122e-06	12.0	11.0
PA14_31110_2706979.1|1	20.3721354663	6.37513489729e-06	31.0	58.0
PA14_30900,trbJ_2683330.1|1	20.3721354663	6.37513489729e-06	31.0	58.0
PA14_27410,trpC_2379035|1	20.3251509838	6.53360819357e-06	14.0	15.0
PA14_40200_3581936|1	20.3251509838	6.53360819357e-06	14.0	15.0
PA14_53740_4764914|1	20.3251509838	6.53360819357e-06	14.0	15.0
PA14_23080,pgl_2001949|1	20.3251509838	6.53360819357e-06	14.0	15.0
PA14_08050_692025|2	20.3251509838	6.53360819357e-06	14.0	15.0
PA14_37830,iscS_3374375|1	20.3251509838	6.53360819357e-06	14.0	15.0
PA14_49790_4428305|1	20.3251509838	6.53360819357e-06	14.0	15.0
PA14_42900_3815561|1	20.2803672316	6.68833833475e-06	13.0	13.0
PA14_54760_4854336|1	20.2803672316	6.68833833475e-06	13.0	13.0
PA14_11900_1031086|1	20.2803672316	6.68833833475e-06	13.0	13.0
PA14_09950_855175|1	20.2803672316	6.68833833475e-06	13.0	13.0
PA14_31380,sfpA_2728441|1	20.2803672316	6.68833833475e-06	13.0	13.0
PA14_58410_5202960|1	20.2803672316	6.68833833475e-06	13.0	13.0
PA14_64060,ctpL_5709485|1	20.2803672316	6.68833833475e-06	13.0	13.0
PA14_71180_6341004|1	20.2803672316	6.68833833475e-06	13.0	13.0
PA14_16280_1391274|1	20.2803672316	6.68833833475e-06	13.0	13.0
PA14_20010,hasR_1722468|1	20.2803672316	6.68833833475e-06	13.0	13.0
PA14_20070_1730470|2	20.2803672316	6.68833833475e-06	13.0	13.0
PA14_11590_1003044|1	20.2803672316	6.68833833475e-06	13.0	13.0
PA14_31070_2703161.1|1	20.2405643893	6.82894409561e-06	33.0	64.0
PA14_30960,traG_2688718|1	20.2099748053	6.93901680818e-06	27.0	47.0
PA14_30890_2683013.1|1	20.2047882754	6.95785568104e-06	34.0	67.0
PA14_30960,traG_2689222|1	20.182242264	7.040347379e-06	36.0	73.0
PA14_30880,trbL_2681690.1|1	20.1464891041	7.17317923474e-06	18.0	24.0
PA14_47650,cobS_4242351|1	19.9783091203	7.83256562977e-06	22.0	34.0
PA14_43000_3826223|1	19.9783091203	7.83256562977e-06	22.0	34.0
PA14_48660_4328760|1	19.9534186556	7.9351945749e-06	20.0	29.0
PA14_30960,traG_2690079|1	19.9053500069	8.13722919601e-06	29.0	53.0
PA14_33360_2936815.2|1	19.8381355932	8.42842360335e-06	9.0	6.0
PA14_31180_2709684|1	19.8003547497	8.59667199152e-06	30.0	56.0
PA14_68830_6139501|1	19.7783934521	8.69601709495e-06	17.0	22.0
PA14_30910,trbE_2683965|1	19.7212962963	8.95973203133e-06	31.0	59.0
PA14_33630,pvdJ_2974085|1	19.6666666667	9.21956412564e-06	4.0	0.0
PA14_31090_2704663|1	19.6666666667	9.21956412564e-06	4.0	0.0
PA14_33360_2937034.2|1	19.6666666667	9.21956412564e-06	4.0	0.0
PA14_30910,trbE_2685949|1	19.6648635653	9.22826791068e-06	32.0	62.0
PA14_30930,trbC_2686942|1	19.6282860602	9.40662399278e-06	33.0	65.0
PA14_31110_2706661|1	19.6226224105	9.43454837078e-06	23.0	37.0
PA14_31180_2710084|1	19.6226224105	9.43454837078e-06	23.0	37.0
PA14_30910,trbE_2684908|1	19.6160246533	9.46718329639e-06	36.0	74.0
PA14_33610_2963729|1	19.5040837632	1.00384842086e-05	19.0	27.0
PA14_21940_1908693|1	19.5040837632	1.00384842086e-05	19.0	27.0
PA14_21930_1908623|1	19.4815318196	1.01577044416e-05	21.0	32.0
PA14_40440_3614165|1	19.4815318196	1.01577044416e-05	21.0	32.0
PA14_31260_2718313|1	19.4815318196	1.01577044416e-05	21.0	32.0
PA14_20450,phnP_1758737|1	19.4781355932	1.01757812599e-05	27.0	48.0
PA14_51610_4587509|1	19.4450721908	1.03534619356e-05	16.0	20.0
PA14_55400_4921827|1	19.4450721908	1.03534619356e-05	16.0	20.0
PA14_31070_2701944.1|1	19.3377672889	1.09518589337e-05	28.0	51.0
PA14_31130_2707811|1	19.3377672889	1.09518589337e-05	28.0	51.0
PA14_31090_2704229|1	19.3347457627	1.09692023845e-05	24.0	40.0
PA14_30910,trbE_2684755|1	19.2289326799	1.15942791123e-05	29.0	54.0
PA14_30930,trbC_2686772|1	19.2289326799	1.15942791123e-05	29.0	54.0
PA14_28760_2475872|1	19.156009245	1.2045767287e-05	15.0	18.0
PA14_25600,sppA_2238674|1	19.156009245	1.2045767287e-05	15.0	18.0
PA14_66600,aroB_5946283|1	19.156009245	1.2045767287e-05	15.0	18.0
PA14_55400_4921889|1	19.1490897677	1.20895141599e-05	10.0	8.0
PA14_33360_2936816.1|1	19.1490897677	1.20895141599e-05	10.0	8.0
PA14_38480,gnyA_3433152|1	19.1490897677	1.20895141599e-05	10.0	8.0
PA14_39710,nrdG_3538211|1	19.1490897677	1.20895141599e-05	10.0	8.0
PA14_28750_2474884|1	19.1472822911	1.21009677912e-05	30.0	57.0
PA14_30970,bphR_2691752.1|1	19.1472822911	1.21009677912e-05	30.0	57.0
PA14_31260_2718438|1	19.1027126952	1.2386870078e-05	25.0	43.0
PA14_31260_2718440|1	19.1027126952	1.2386870078e-05	25.0	43.0
PA14_31080_2703653|1	19.1020913867	1.23909031831e-05	22.0	35.0
PA14_30900,trbJ_2683456|1	19.0986121346	1.24135124587e-05	37.0	78.0
PA14_30970,bphR_2691692.1|1	19.0892313901	1.24746781402e-05	31.0	60.0
PA14_54480_4830034|1	19.0892313901	1.24746781402e-05	31.0	60.0
PA14_05110_446718|1	19.0725266062	1.25843494205e-05	18.0	25.0
PA14_44520,ydgF_3964810|1	19.0725266062	1.25843494205e-05	18.0	25.0
PA14_31260_2718385.1|1	19.051798989	1.27217787616e-05	32.0	63.0
PA14_30960,traG_2689605.2|1	19.0400892339	1.28000826092e-05	35.0	72.0
PA14_30960,traG_2688610.1|1	19.0324858757	1.28511857222e-05	33.0	66.0
PA14_30850,trbI_2679290|1	19.0324858757	1.28511857222e-05	33.0	66.0
PA14_30950_2688299.1|1	19.0291810652	1.28734615983e-05	34.0	69.0
PA14_06290,glcB_556900|1	18.9244821092	1.35996163318e-05	14.0	16.0
PA14_14440,valS_1233052|1	18.9244821092	1.35996163318e-05	14.0	16.0
PA14_58440_5205909|1	18.9244821092	1.35996163318e-05	14.0	16.0
PA14_21790,rdgC_1895264|1	18.9244821092	1.35996163318e-05	14.0	16.0
PA14_30930,trbC_2686700|1	18.9172159448	1.3651512475e-05	26.0	46.0
PA14_02030_185217|1	18.8533427495	1.41163500883e-05	5.0	1.0
PA14_34820_3095567|1	18.8216976056	1.43525038091e-05	11.0	10.0
PA14_28410_2454551|1	18.8216976056	1.43525038091e-05	11.0	10.0
PA14_26750_2330476|1	18.8216976056	1.43525038091e-05	11.0	10.0
PA14_37510_3338476|1	18.8216976056	1.43525038091e-05	11.0	10.0
PA14_16950,dapD_1452966|2	18.8216976056	1.43525038091e-05	11.0	10.0
PA14_37950,cynT_3387113|1	18.8216976056	1.43525038091e-05	11.0	10.0
PA14_40200_3581731|1	18.8216976056	1.43525038091e-05	11.0	10.0
PA14_36100,pdxA_3217637|1	18.8216976056	1.43525038091e-05	11.0	10.0
PA14_14220_1215673|1	18.8216976056	1.43525038091e-05	11.0	10.0
PA14_00990_98330|128	18.8216976056	1.43525038091e-05	11.0	10.0
PA14_67230_6002831|1	18.8216976056	1.43525038091e-05	11.0	10.0
PA14_35880_3192479|1	18.8216976056	1.43525038091e-05	11.0	10.0
PA14_30960,traG_2690340|1	18.796911179	1.45402417989e-05	23.0	38.0
PA14_31080_2704032|1	18.796911179	1.45402417989e-05	23.0	38.0
PA14_31110_2707164.2|1	18.796911179	1.45402417989e-05	23.0	38.0
PA14_30970,bphR_2691741|1	18.796911179	1.45402417989e-05	23.0	38.0
PA14_30910,trbE_2684440.2|1	18.7709076717	1.47398499659e-05	27.0	49.0
PA14_06450,accC_566672|1	18.7696693869	1.47494236431e-05	13.0	14.0
PA14_00570_59351|1	18.7696693869	1.47494236431e-05	13.0	14.0
PA14_06070,creC_538170|1	18.7696693869	1.47494236431e-05	13.0	14.0
PA14_20010,hasR_1722385|1	18.7696693869	1.47494236431e-05	13.0	14.0
PA14_12440_1071877|1	18.7696693869	1.47494236431e-05	13.0	14.0
PA14_51350,phnB_4564253|1	18.7696693869	1.47494236431e-05	13.0	14.0
PA14_38740_3455682|1	18.7696693869	1.47494236431e-05	13.0	14.0
PA14_71500,soxA_6372471|1	18.7696693869	1.47494236431e-05	13.0	14.0
PA14_35440,ansA_3151241|1	18.7696693869	1.47494236431e-05	13.0	14.0
PA14_55510,hxcP_4941192|1	18.7696693869	1.47494236431e-05	13.0	14.0
PA14_37810,pcoB_3371910|1	18.7696693869	1.47494236431e-05	13.0	14.0
PA14_10020_862362|3	18.7696693869	1.47494236431e-05	13.0	14.0
PA14_03420_313400|1	18.7696693869	1.47494236431e-05	13.0	14.0
PA14_23170,hutG_2008433|1	18.7203389831	1.51359403786e-05	12.0	12.0
PA14_21870_1901218|1	18.7203389831	1.51359403786e-05	12.0	12.0
PA14_33340_2933038|1	18.7203389831	1.51359403786e-05	12.0	12.0
PA14_11140_969535|1	18.7203389831	1.51359403786e-05	12.0	12.0
PA14_16360_1399392|1	18.7203389831	1.51359403786e-05	12.0	12.0
PA14_36090,opdG_3216526|1	18.7203389831	1.51359403786e-05	12.0	12.0
PA14_70680,glcE_6294743|1	18.7203389831	1.51359403786e-05	12.0	12.0
PA14_37900_3381092|1	18.7203389831	1.51359403786e-05	12.0	12.0
PA14_38950_3470825|1	18.7203389831	1.51359403786e-05	12.0	12.0
PA14_24890,mobA_2175078|2	18.7203389831	1.51359403786e-05	12.0	12.0
PA14_71970,wbpW_6415785|1	18.7203389831	1.51359403786e-05	12.0	12.0
PA14_51100_4541184|1	18.7203389831	1.51359403786e-05	12.0	12.0
PA14_08300,JF1_709998|1	18.7203389831	1.51359403786e-05	12.0	12.0
PA14_23310_2021191|1	18.7203389831	1.51359403786e-05	12.0	12.0
PA14_08360,trpC_716922|2	18.7203389831	1.51359403786e-05	12.0	12.0
PA14_58390_5202185|13	18.7203389831	1.51359403786e-05	12.0	12.0
PA14_22670,yrbF_1971855|1	18.6579096045	1.56397106031e-05	28.0	52.0
PA14_30960,traG_2688715|1	18.6579096045	1.56397106031e-05	28.0	52.0
PA14_30910,trbE_2684439.2|1	18.6579096045	1.56397106031e-05	28.0	52.0
PA14_31090_2704946.2|2	18.5878060264	1.62255110608e-05	21.0	33.0
PA14_30910,trbE_2685849|1	18.5734631423	1.63480527283e-05	29.0	55.0
PA14_31260_2718302.1|1	18.5522816167	1.65307240868e-05	24.0	41.0
PA14_31090_2704228.1|1	18.5522816167	1.65307240868e-05	24.0	41.0
PA14_31190_2711409.1|1	18.5522816167	1.65307240868e-05	24.0	41.0
PA14_37640_3350652|1	18.5186019954	1.68254114249e-05	19.0	28.0
PA14_30760_2669277|1	18.5186019954	1.68254114249e-05	19.0	28.0
PA14_26920_2341620|1	18.5136748844	1.68689625069e-05	30.0	58.0
PA14_22670,yrbF_1971858|1	18.5136748844	1.68689625069e-05	30.0	58.0
PA14_31130_2707899|1	18.4753285434	1.72118014039e-05	31.0	61.0
PA14_30850,trbI_2679573|1	18.4753285434	1.72118014039e-05	31.0	61.0
PA14_30910,trbE_2686102|1	18.4753285434	1.72118014039e-05	31.0	61.0
PA14_31200_2713383|1	18.4642003477	1.73125981185e-05	34.0	70.0
PA14_22680,yrbE_1972786|1	18.4557438795	1.73895912377e-05	32.0	64.0
PA14_49700_4422242|1	18.4557438795	1.73895912377e-05	32.0	64.0
PA14_30870,trbF_2680774|1	18.4557438795	1.73895912377e-05	32.0	64.0
PA14_22670,yrbF_1972083|1	18.4526694915	1.74176676122e-05	33.0	67.0
PA14_31130_2707431.1|1	18.4526694915	1.74176676122e-05	33.0	67.0
PA14_21790,rdgC_1895447|1	18.4424163407	1.75116325068e-05	8.0	5.0
PA14_28760_2475527|1	18.4424163407	1.75116325068e-05	8.0	5.0
PA14_55180,migA_4901463|1	18.3582498716	1.83024760607e-05	61.0	159.0
PA14_40370_3607727|1	18.3576721526	1.83080265835e-05	25.0	44.0
PA14_26210,hisP_2288071|1	18.2800427546	1.90694534934e-05	16.0	21.0
PA14_08300,JF1_711031|1	18.2800427546	1.90694534934e-05	16.0	21.0
PA14_22960_1991359|1	18.2800427546	1.90694534934e-05	16.0	21.0
PA14_51590_4586428|1	18.2800427546	1.90694534934e-05	16.0	21.0
PA14_17740,ycjJ_1525343|1	18.2631015001	1.92398056561e-05	22.0	36.0
PA14_30860,trbG_2679757|1	18.2048603049	1.98371958904e-05	26.0	47.0
PA14_30910,trbE_2686015|1	18.2048603049	1.98371958904e-05	26.0	47.0
PA14_31180_2710292.1|1	18.2048603049	1.98371958904e-05	26.0	47.0
PA14_30900,trbJ_2683609|1	18.2048603049	1.98371958904e-05	26.0	47.0
PA14_19720_1701515|1	18.2048603049	1.98371958904e-05	26.0	47.0
PA14_30960,traG_2688696.1|1	18.0873321594	2.1100056904e-05	27.0	50.0
PA14_30860,trbG_2680693|1	18.0808685056	2.11718078145e-05	20.0	31.0
PA14_03620_327245|1	18.0808685056	2.11718078145e-05	20.0	31.0
PA14_66570,gltB_5939748|1	18.0808685056	2.11718078145e-05	20.0	31.0
PA14_31150_2708610|1	18.0566255778	2.14431113945e-05	18.0	26.0
PA14_31130_2707542|1	18.0566255778	2.14431113945e-05	18.0	26.0
PA14_40260_3594226|1	18.0566255778	2.14431113945e-05	18.0	26.0
PA14_31130_2707845|1	18.0566255778	2.14431113945e-05	18.0	26.0
PA14_31100_2705294|1	18.0566255778	2.14431113945e-05	18.0	26.0
PA14_31130_2707844|1	18.0566255778	2.14431113945e-05	18.0	26.0
PA14_30900,trbJ_2683634|1	18.004396756	2.20395343436e-05	23.0	39.0
PA14_31190_2711325|1	18.004396756	2.20395343436e-05	23.0	39.0
PA14_31260_2718271|1	17.9998605008	2.20921158656e-05	28.0	53.0
PA14_30880,trbL_2681932|1	17.9998605008	2.20921158656e-05	28.0	53.0
PA14_30910,trbE_2686060|1	17.9998605008	2.20921158656e-05	28.0	53.0
PA14_30900,trbJ_2683647|1	17.9382020605	2.281945001e-05	29.0	56.0
PA14_22680,yrbE_1972739|1	17.9382020605	2.281945001e-05	29.0	56.0
PA14_31260_2718494|1	17.9382020605	2.281945001e-05	29.0	56.0
PA14_21790,rdgC_1895353|1	17.9315802592	2.28989789009e-05	15.0	19.0
PA14_21690,lhr1_1879803|1	17.9315802592	2.28989789009e-05	15.0	19.0
PA14_09970,fpvB_858644|1	17.9315802592	2.28989789009e-05	15.0	19.0
PA14_37420_3331138|1	17.9315802592	2.28989789009e-05	15.0	19.0
PA14_31270_2718883|1	17.9315802592	2.28989789009e-05	15.0	19.0
PA14_58440_5205893|1	17.9315802592	2.28989789009e-05	15.0	19.0
PA14_30890_2683025.1|1	17.9138552596	2.3113232067e-05	34.0	71.0
PA14_30910,trbE_2686165|1	17.9138552596	2.3113232067e-05	34.0	71.0
PA14_31070_2701541|1	17.9138552596	2.3113232067e-05	34.0	71.0
PA14_30880,trbL_2681647|1	17.8988764045	2.32958604028e-05	30.0	59.0
PA14_31200_2713463|1	17.8988764045	2.32958604028e-05	30.0	59.0
PA14_30910,trbE_2686169|1	17.8883621413	2.3424920004e-05	33.0	68.0
PA14_30850,trbI_2679514|1	17.8883621413	2.3424920004e-05	33.0	68.0
PA14_30910,trbE_2685647|1	17.8883621413	2.3424920004e-05	33.0	68.0
PA14_30910,trbE_2685681.1|1	17.8883621413	2.3424920004e-05	33.0	68.0
PA14_22670,yrbF_1971897|1	17.8790018832	2.35404188529e-05	31.0	62.0
PA14_30960,traG_2688660|1	17.8790018832	2.35404188529e-05	31.0	62.0
PA14_30960,traG_2688609.1|1	17.8790018832	2.35404188529e-05	31.0	62.0
PA14_30940,trbB_2686986.1|1	17.8761721708	2.3575447976e-05	32.0	65.0
PA14_30930,trbC_2686711|1	17.8761721708	2.3575447976e-05	32.0	65.0
PA14_30860,trbG_2680000.1|1	17.8761721708	2.3575447976e-05	32.0	65.0
PA14_31180_2710269|1	17.7996918336	2.45422990112e-05	24.0	42.0
PA14_31180_2710338|1	17.7996918336	2.45422990112e-05	24.0	42.0
PA14_30860,trbG_2679975|1	17.7996918336	2.45422990112e-05	24.0	42.0
PA14_59970_5341052|1	17.7339753467	2.54048453073e-05	21.0	34.0
PA14_31090_2704796.2|1	17.6397296207	2.66952928237e-05	25.0	45.0
PA14_05880,nfeD_520919|1	17.6397296207	2.66952928237e-05	25.0	45.0
PA14_52040,purM_4618361|1	17.6397296207	2.66952928237e-05	25.0	45.0
PA14_30950_2688053|1	17.6397296207	2.66952928237e-05	25.0	45.0
PA14_26190_2287259|1	17.627300893	2.68703173402e-05	14.0	17.0
PA14_26830_2335198|1	17.627300893	2.68703173402e-05	14.0	17.0
PA14_36050_3210434|1	17.627300893	2.68703173402e-05	14.0	17.0
PA14_59140_5266089|1	17.627300893	2.68703173402e-05	14.0	17.0
PA14_35820,tnpS_3187758|1	17.627300893	2.68703173402e-05	14.0	17.0
PA14_08010,gpV_689592|1	17.6114441229	2.70952915458e-05	17.0	24.0
PA14_07400_633621|2	17.6114441229	2.70952915458e-05	17.0	24.0
PA14_30870,trbF_2681168.1|1	17.5826565443	2.75085755037e-05	19.0	29.0
PA14_31190_2712558|1	17.5826565443	2.75085755037e-05	19.0	29.0
PA14_30910,trbE_2686081.1|1	17.5172545427	2.84712077693e-05	26.0	48.0
PA14_26420_2302118|1	17.5172545427	2.84712077693e-05	26.0	48.0
PA14_66400,aefA_5921015|1	17.4594465192	2.93502175145e-05	22.0	37.0
PA14_31110_2705952|1	17.4594465192	2.93502175145e-05	22.0	37.0
PA14_30970,bphR_2691804|1	17.4264993481	2.98633506018e-05	27.0	51.0
PA14_30960,traG_2688908|1	17.4264993481	2.98633506018e-05	27.0	51.0
PA14_10010_861082.1|1	17.3814063761	3.05802941779e-05	13.0	15.0
PA14_40260_3594224|1	17.3814063761	3.05802941779e-05	13.0	15.0
PA14_43380,kdpB_3865544|1	17.3814063761	3.05802941779e-05	13.0	15.0
PA14_30750_2667913|1	17.3814063761	3.05802941779e-05	13.0	15.0
PA14_03200_282917|1	17.3814063761	3.05802941779e-05	13.0	15.0
PA14_26210,hisP_2288240|1	17.3814063761	3.05802941779e-05	13.0	15.0
PA14_64480,osmE_5744407|1	17.3814063761	3.05802941779e-05	13.0	15.0
PA14_30960,traG_2688621.2|1	17.3777315851	3.06394772934e-05	34.0	72.0
PA14_30860,trbG_2679974|1	17.3628221028	3.08807802817e-05	28.0	54.0
PA14_30890_2683077|1	17.3628221028	3.08807802817e-05	28.0	54.0
PA14_22670,yrbF_1972058|2	17.339107677	3.1268528288e-05	33.0	69.0
PA14_30940,trbB_2687838|1	17.339107677	3.1268528288e-05	33.0	69.0
PA14_30880,trbL_2681902|1	17.3224444882	3.15439070081e-05	29.0	57.0
PA14_30930,trbC_2686773|1	17.3224444882	3.15439070081e-05	29.0	57.0
PA14_30910,trbE_2683983|1	17.312579269	3.17080886639e-05	32.0	66.0
PA14_30910,trbE_2685080.2|1	17.312579269	3.17080886639e-05	32.0	66.0
PA14_30860,trbG_2680589|1	17.312579269	3.17080886639e-05	32.0	66.0
PA14_30960,traG_2688846|1	17.302259887	3.18807478647e-05	30.0	60.0
PA14_30960,traG_2690392|1	17.302259887	3.18807478647e-05	30.0	60.0
PA14_22670,yrbF_1971895|1	17.302259887	3.18807478647e-05	30.0	60.0
PA14_22680,yrbE_1972413.1|1	17.2996904676	3.19238849485e-05	31.0	63.0
PA14_30930,trbC_2686930.1|1	17.2996904676	3.19238849485e-05	31.0	63.0
PA14_30850,trbI_2679595|1	17.2996904676	3.19238849485e-05	31.0	63.0
PA14_31110_2706838|1	17.2996904676	3.19238849485e-05	31.0	63.0
PA14_30910,trbE_2684648|1	17.2996904676	3.19238849485e-05	31.0	63.0
PA14_30850,trbI_2679088|1	17.2996904676	3.19238849485e-05	31.0	63.0
PA14_30930,trbC_2686881|3	17.2996904676	3.19238849485e-05	31.0	63.0
PA14_48930_4349986|1	17.2705917336	3.2416526806e-05	10.0	9.0
PA14_31090_2704706.1|1	17.2705917336	3.2416526806e-05	10.0	9.0
PA14_33360_2936492|1	17.2705917336	3.2416526806e-05	10.0	9.0
PA14_31200_2713880|1	17.243498341	3.28820853082e-05	23.0	40.0
PA14_46490,fabF2_4137217.1|1	17.243498341	3.28820853082e-05	23.0	40.0
PA14_31260_2718397|1	17.243498341	3.28820853082e-05	23.0	40.0
PA14_31080_2703732|1	17.243498341	3.28820853082e-05	23.0	40.0
PA14_31180_2710089|1	17.243498341	3.28820853082e-05	23.0	40.0
PA14_51570_4585775|2	17.243498341	3.28820853082e-05	23.0	40.0
PA14_30880,trbL_2681619.1|1	17.2149152542	3.3380528873e-05	12.0	13.0
PA14_25020,uup_2189297|1	17.2149152542	3.3380528873e-05	12.0	13.0
PA14_55890,cpaF2_4990615|1	17.2149152542	3.3380528873e-05	12.0	13.0
PA14_24960_2182607|1	17.2149152542	3.3380528873e-05	12.0	13.0
PA14_09280,pchF_795067|1	17.2149152542	3.3380528873e-05	12.0	13.0
PA14_48160_4287862|1	17.2149152542	3.3380528873e-05	12.0	13.0
PA14_33360_2936633.2|1	17.2149152542	3.3380528873e-05	12.0	13.0
PA14_58410_5202847|1	17.2149152542	3.3380528873e-05	12.0	13.0
PA14_28500_2459100|1	17.2149152542	3.3380528873e-05	12.0	13.0
PA14_24400_2126006|1	17.2149152542	3.3380528873e-05	12.0	13.0
PA14_12170_1053160|1	17.2149152542	3.3380528873e-05	12.0	13.0
PA14_42460,pcrH_3781138|1	17.210343329	3.3460957513e-05	20.0	32.0
PA14_23760,leuD_2065590|1	17.210343329	3.3460957513e-05	20.0	32.0
PA14_31130_2707476|1	17.210343329	3.3460957513e-05	20.0	32.0
PA14_24665_2156114|1	17.1870353851	3.38740251599e-05	16.0	22.0
PA14_21960_1910575|1	17.1870353851	3.38740251599e-05	16.0	22.0
PA14_70070_6249161|1	17.1870353851	3.38740251599e-05	16.0	22.0
