feature	score	p-value	#I-out-of-73	#O-out-of-353
,,group_5356	24.1780821918	8.78261213552e-07	5.0	0.0
,,group_19034	18.5162016376	1.68466142309e-05	5.0	1.0
,,group_11797	18.2544918313	1.93269649077e-05	12.0	12.0
,,group_33662	18.0499556712	2.15183653973e-05	8.0	5.0
,,group_18787	17.1466353045	3.46021813814e-05	14.0	17.0
,,group_11286	16.9196043973	3.89967464991e-05	13.0	15.0
,,group_20652	16.9196043973	3.89967464991e-05	13.0	15.0
,,group_20651	16.9196043973	3.89967464991e-05	13.0	15.0
,,group_13319	16.9196043973	3.89967464991e-05	13.0	15.0
,,group_16107	16.9196043973	3.89967464991e-05	13.0	15.0
,,group_16106	16.9196043973	3.89967464991e-05	13.0	15.0
,,group_6364	16.7711110249	4.21704526499e-05	12.0	13.0
,,group_2265	16.7711110249	4.21704526499e-05	12.0	13.0
,,group_16966	15.9619892118	6.46271595834e-05	14.0	18.0
,,group_33533	15.7803008044	7.11393595338e-05	8.0	6.0
,,group_25058	15.6606788965	7.57834482724e-05	13.0	16.0
,,group_6491	15.6606788965	7.57834482724e-05	13.0	16.0
,,group_13318	15.6606788965	7.57834482724e-05	13.0	16.0
,,group_11285	15.6606788965	7.57834482724e-05	13.0	16.0
,,group_11284	15.6606788965	7.57834482724e-05	13.0	16.0
,,group_17369	14.5310866323	0.000137865708824	5.0	2.0
,,group_23610	14.5310866323	0.000137865708824	5.0	2.0
,,group_5536	14.5068493151	0.000139650863963	3.0	0.0
,,cusR_2	14.5068493151	0.000139650863963	3.0	0.0
,,group_10083	14.5068493151	0.000139650863963	3.0	0.0
,,group_8776	14.5068493151	0.000139650863963	3.0	0.0
,,group_1433	14.5068493151	0.000139650863963	3.0	0.0
,,group_22364	14.5068493151	0.000139650863963	3.0	0.0
,,group_30810	14.5068493151	0.000139650863963	3.0	0.0
,,group_4412	14.5068493151	0.000139650863963	3.0	0.0
,,group_532	14.5068493151	0.000139650863963	3.0	0.0
,,group_36101	14.5068493151	0.000139650863963	3.0	0.0
,,group_36119	14.5068493151	0.000139650863963	3.0	0.0
,,group_17262	14.5068493151	0.000139650863963	3.0	0.0
,,group_19149	14.5068493151	0.000139650863963	3.0	0.0
,,group_18915	14.3429314292	0.000152350613449	7.0	5.0
,,group_14497	14.179944895	0.00016613181148	12.0	15.0
,,group_8694	13.9191082308	0.000190848378719	11.0	13.0
,,group_1195	13.9191082308	0.000190848378719	11.0	13.0
,,group_11065	13.9153323761	0.000191232141784	4.0	1.0
,,group_34655	13.9153323761	0.000191232141784	4.0	1.0
,,group_34633	13.9153323761	0.000191232141784	4.0	1.0
,,group_19038	13.9153323761	0.000191232141784	4.0	1.0
,,group_2279	13.9153323761	0.000191232141784	4.0	1.0
,,group_34076	13.9153323761	0.000191232141784	4.0	1.0
,,group_34653	13.9153323761	0.000191232141784	4.0	1.0
,,group_53	13.9153323761	0.000191232141784	4.0	1.0
,,group_34651	13.9153323761	0.000191232141784	4.0	1.0
,,group_34654	13.9153323761	0.000191232141784	4.0	1.0
,,group_34638	13.9153323761	0.000191232141784	4.0	1.0
,,group_34650	13.9153323761	0.000191232141784	4.0	1.0
,,davT_1	13.9153323761	0.000191232141784	4.0	1.0
,,group_34632	13.9153323761	0.000191232141784	4.0	1.0
,,group_34635	13.9153323761	0.000191232141784	4.0	1.0
,,group_34636	13.9153323761	0.000191232141784	4.0	1.0
,,group_34634	13.9153323761	0.000191232141784	4.0	1.0
,,gabP	13.9153323761	0.000191232141784	4.0	1.0
,,group_19037	13.9153323761	0.000191232141784	4.0	1.0
,,group_11458	13.9153323761	0.000191232141784	4.0	1.0
,,apc4	13.9153323761	0.000191232141784	4.0	1.0
,,group_34637	13.9153323761	0.000191232141784	4.0	1.0
,,group_34652	13.9153323761	0.000191232141784	4.0	1.0
,,davD_1	13.9153323761	0.000191232141784	4.0	1.0
,,group_18512	13.8408397687	0.000198964277444	8.0	7.0
,,group_18715	13.8408397687	0.000198964277444	8.0	7.0
,,group_5527	13.8408397687	0.000198964277444	8.0	7.0
,,group_941	13.8382461371	0.00019923909151	14.0	20.0
,,group_8512	13.8382461371	0.00019923909151	14.0	20.0
,,group_30922	13.7421098441	0.000209699820048	10.0	11.0
,,group_30025	13.7421098441	0.000209699820048	10.0	11.0
,,inaZ	13.6908688735	0.000215499738769	9.0	9.0
,,group_5639	13.0453313228	0.000304041367701	12.0	16.0
,,group_5705	12.9390973651	0.000321790133573	6.0	4.0
,,group_34072	12.9390973651	0.000321790133573	6.0	4.0
,,group_22756	12.8851177772	0.000331205299739	14.0	21.0
,,group_968	12.7056866778	0.000364545299603	11.0	14.0
,,group_7457	12.4245763938	0.000423720637645	10.0	12.0
,,group_33655	12.3376895913	0.000443904076088	7.0	6.0
,,group_14849	12.3376895913	0.000443904076088	7.0	6.0
,,group_10553	12.2297272733	0.000470340729889	9.0	10.0
,,group_10299	12.2297272733	0.000470340729889	9.0	10.0
,,group_1980	12.2297272733	0.000470340729889	9.0	10.0
,,group_14647	12.1696612208	0.000485731277186	8.0	8.0
,,yadA	12.1696612208	0.000485731277186	8.0	8.0
,,group_14696	12.1696612208	0.000485731277186	8.0	8.0
,,group_2335	12.0032289533	0.000531084558274	12.0	17.0
,,group_7041	11.9964298188	0.000533025652273	14.0	22.0
,,group_13676	11.6299412171	0.000648986057133	22.0	45.0
,,group_7044	11.6015128494	0.000658981915221	11.0	15.0
,,group_17056	11.6015128494	0.000658981915221	11.0	15.0
,,group_8877	11.5939500951	0.000661667188256	5.0	3.0
,,group_363	11.5939500951	0.000661667188256	5.0	3.0
,,group_4233	11.5132946916	0.000691001939365	13.0	20.0
,,group_11589	11.5132946916	0.000691001939365	13.0	20.0
,,group_5369	11.4556390871	0.000712773716299	16.0	28.0
,,group_14417	11.2395935797	0.000800706874285	10.0	13.0
,,group_6494	11.1669573644	0.000832670725953	14.0	23.0
,,group_14415	11.0443866661	0.00088956127469	12.0	18.0
,,group_13679	11.0443866661	0.00088956127469	12.0	18.0
,,group_33661	10.9353797198	0.000943451470182	9.0	11.0
,,group_33532	10.9353797198	0.000943451470182	9.0	11.0
,,group_33535	10.9353797198	0.000943451470182	9.0	11.0
,,group_33534	10.9353797198	0.000943451470182	9.0	11.0
,,group_13932	10.9353797198	0.000943451470182	9.0	11.0
,,group_33650	10.9353797198	0.000943451470182	9.0	11.0
,,group_33530	10.9353797198	0.000943451470182	9.0	11.0
,,group_33652	10.9353797198	0.000943451470182	9.0	11.0
,,group_33654	10.9353797198	0.000943451470182	9.0	11.0
,,oatA_3	10.9353797198	0.000943451470182	9.0	11.0
,,group_33528	10.9353797198	0.000943451470182	9.0	11.0
,,group_33524	10.9353797198	0.000943451470182	9.0	11.0
,,group_22329	10.9353797198	0.000943451470182	9.0	11.0
,,group_33526	10.9353797198	0.000943451470182	9.0	11.0
,,group_33523	10.9353797198	0.000943451470182	9.0	11.0
,,group_33525	10.9353797198	0.000943451470182	9.0	11.0
,,group_18924	10.9353797198	0.000943451470182	9.0	11.0
,,group_33529	10.9353797198	0.000943451470182	9.0	11.0
,,group_18923	10.9353797198	0.000943451470182	9.0	11.0
,,group_31720	10.9353797198	0.000943451470182	9.0	11.0
,,group_14457	10.9353797198	0.000943451470182	9.0	11.0
,,group_33531	10.9353797198	0.000943451470182	9.0	11.0
,,group_33527	10.9353797198	0.000943451470182	9.0	11.0
,,group_4427	10.8411057684	0.000992714329639	6.0	5.0
,,group_18977	10.8411057684	0.000992714329639	6.0	5.0
,,group_30426	10.7194211924	0.00106016830969	8.0	9.0
,,group_12191	10.7194211924	0.00106016830969	8.0	9.0
,,nreC_3	10.7194211924	0.00106016830969	8.0	9.0
,,group_18505	10.7194211924	0.00106016830969	8.0	9.0
,,group_18504	10.7194211924	0.00106016830969	8.0	9.0
,,group_126	10.7194211924	0.00106016830969	8.0	9.0
,,group_5553	10.7194211924	0.00106016830969	8.0	9.0
,,topB_3	10.7194211924	0.00106016830969	8.0	9.0
,,group_7471	10.6484535682	0.0011016297885	7.0	7.0
,,group_3425	10.6484535682	0.0011016297885	7.0	7.0
,,group_3107	10.6484535682	0.0011016297885	7.0	7.0
,,group_25057	10.5944481095	0.00113427752592	11.0	16.0
,,group_1573	10.392025506	0.00126560713174	14.0	24.0
,,group_6455	10.392025506	0.00126560713174	14.0	24.0
,,group_1674	10.392025506	0.00126560713174	14.0	24.0
,,group_8610	10.392025506	0.00126560713174	14.0	24.0
,,group_14213	10.3661764135	0.00128345087845	4.0	2.0
,,group_1825	10.3661764135	0.00128345087845	4.0	2.0
,,group_9583	10.3661764135	0.00128345087845	4.0	2.0
,,group_26505	10.3661764135	0.00128345087845	4.0	2.0
,,group_26504	10.3661764135	0.00128345087845	4.0	2.0
,,group_12168	10.1705925725	0.00142698404915	10.0	14.0
,,group_18434	10.1705925725	0.00142698404915	10.0	14.0
,,group_21535	10.1607470341	0.00143462478035	12.0	19.0
,,group_4309	10.0877562693	0.00149257735959	16.0	30.0
,,group_1383	10.0877562693	0.00149257735959	16.0	30.0
,,group_565	10.0139423338	0.00155359608561	17.0	33.0
,,group_6397	9.97687143467	0.00158518797261	18.0	36.0
,,group_8747	9.86599513258	0.00168361587862	13.0	22.0
,,group_16476	9.86599513258	0.00168361587862	13.0	22.0
,,group_13617	9.86599513258	0.00168361587862	13.0	22.0
,,group_33566	9.7839984921	0.00176037085073	9.0	12.0
,,group_2685	9.7839984921	0.00176037085073	9.0	12.0
,,group_33568	9.7839984921	0.00176037085073	9.0	12.0
,,group_33561	9.7839984921	0.00176037085073	9.0	12.0
,,group_33560	9.7839984921	0.00176037085073	9.0	12.0
,,group_33548	9.7839984921	0.00176037085073	9.0	12.0
,,group_33563	9.7839984921	0.00176037085073	9.0	12.0
,,group_4312	9.7839984921	0.00176037085073	9.0	12.0
,,group_31710	9.7839984921	0.00176037085073	9.0	12.0
,,group_27098	9.7839984921	0.00176037085073	9.0	12.0
,,group_2070	9.7839984921	0.00176037085073	9.0	12.0
,,group_33564	9.7839984921	0.00176037085073	9.0	12.0
,,group_33565	9.7839984921	0.00176037085073	9.0	12.0
,,group_33567	9.7839984921	0.00176037085073	9.0	12.0
,,group_18909	9.7839984921	0.00176037085073	9.0	12.0
,,group_6352	9.7839984921	0.00176037085073	9.0	12.0
,,group_7647	9.7839984921	0.00176037085073	9.0	12.0
,,group_18830	9.7839984921	0.00176037085073	9.0	12.0
,,group_33569	9.7839984921	0.00176037085073	9.0	12.0
,,group_33653	9.7839984921	0.00176037085073	9.0	12.0
,,group_24001	9.7839984921	0.00176037085073	9.0	12.0
,,group_33562	9.7839984921	0.00176037085073	9.0	12.0
,,group_3799	9.67408791294	0.00186885023779	11.0	17.0
,,group_22382	9.67123287671	0.00187175665026	2.0	0.0
,,group_16986	9.67123287671	0.00187175665026	2.0	0.0
,,group_34386	9.67123287671	0.00187175665026	2.0	0.0
,,rpfG_3	9.67123287671	0.00187175665026	2.0	0.0
,,group_19078	9.67123287671	0.00187175665026	2.0	0.0
,,group_36769	9.67123287671	0.00187175665026	2.0	0.0
,,group_34389	9.67123287671	0.00187175665026	2.0	0.0
,,group_14547	9.67123287671	0.00187175665026	2.0	0.0
,,group_26193	9.67123287671	0.00187175665026	2.0	0.0
,,group_36765	9.67123287671	0.00187175665026	2.0	0.0
,,group_34388	9.67123287671	0.00187175665026	2.0	0.0
,,group_36762	9.67123287671	0.00187175665026	2.0	0.0
,,group_11570	9.67123287671	0.00187175665026	2.0	0.0
,,group_11847	9.67123287671	0.00187175665026	2.0	0.0
,,group_36768	9.67123287671	0.00187175665026	2.0	0.0
,,group_36767	9.67123287671	0.00187175665026	2.0	0.0
,,group_22381	9.67123287671	0.00187175665026	2.0	0.0
,,group_17042	9.67123287671	0.00187175665026	2.0	0.0
,,group_33814	9.67123287671	0.00187175665026	2.0	0.0
,,group_34359	9.67123287671	0.00187175665026	2.0	0.0
,,group_14918	9.67123287671	0.00187175665026	2.0	0.0
,,group_34380	9.67123287671	0.00187175665026	2.0	0.0
,,group_34381	9.67123287671	0.00187175665026	2.0	0.0
,,group_36121	9.67123287671	0.00187175665026	2.0	0.0
,,group_34360	9.67123287671	0.00187175665026	2.0	0.0
,,group_41834	9.67123287671	0.00187175665026	2.0	0.0
,,group_17962	9.67123287671	0.00187175665026	2.0	0.0
,,group_11851	9.67123287671	0.00187175665026	2.0	0.0
,,group_34402	9.67123287671	0.00187175665026	2.0	0.0
,,group_22379	9.67123287671	0.00187175665026	2.0	0.0
,,group_25082	9.67123287671	0.00187175665026	2.0	0.0
,,group_36766	9.67123287671	0.00187175665026	2.0	0.0
,,group_34400	9.67123287671	0.00187175665026	2.0	0.0
,,group_36763	9.67123287671	0.00187175665026	2.0	0.0
,,group_22380	9.67123287671	0.00187175665026	2.0	0.0
,,group_34364	9.67123287671	0.00187175665026	2.0	0.0
,,group_10889	9.67123287671	0.00187175665026	2.0	0.0
,,group_22602	9.67123287671	0.00187175665026	2.0	0.0
,,group_1129	9.67123287671	0.00187175665026	2.0	0.0
,,group_34356	9.67123287671	0.00187175665026	2.0	0.0
,,group_3120	9.67123287671	0.00187175665026	2.0	0.0
,,group_34358	9.67123287671	0.00187175665026	2.0	0.0
,,group_36775	9.67123287671	0.00187175665026	2.0	0.0
,,rrrD_2	9.67123287671	0.00187175665026	2.0	0.0
,,group_23521	9.67123287671	0.00187175665026	2.0	0.0
,,group_4897	9.67123287671	0.00187175665026	2.0	0.0
,,group_34384	9.67123287671	0.00187175665026	2.0	0.0
,,group_22607	9.67123287671	0.00187175665026	2.0	0.0
,,group_9035	9.67123287671	0.00187175665026	2.0	0.0
,,group_34375	9.67123287671	0.00187175665026	2.0	0.0
,,group_22383	9.67123287671	0.00187175665026	2.0	0.0
,,group_1575	9.67123287671	0.00187175665026	2.0	0.0
,,group_34404	9.67123287671	0.00187175665026	2.0	0.0
,,group_34398	9.67123287671	0.00187175665026	2.0	0.0
,,group_16749	9.67123287671	0.00187175665026	2.0	0.0
,,group_36764	9.67123287671	0.00187175665026	2.0	0.0
,,group_36774	9.67123287671	0.00187175665026	2.0	0.0
,,group_34378	9.67123287671	0.00187175665026	2.0	0.0
,,group_34394	9.67123287671	0.00187175665026	2.0	0.0
,,group_36776	9.67123287671	0.00187175665026	2.0	0.0
,,group_34408	9.67123287671	0.00187175665026	2.0	0.0
,,group_4290	9.67123287671	0.00187175665026	2.0	0.0
,,group_1525	9.67123287671	0.00187175665026	2.0	0.0
,,nosZ_1	9.67123287671	0.00187175665026	2.0	0.0
,,group_25850	9.67123287671	0.00187175665026	2.0	0.0
,,group_22386	9.67123287671	0.00187175665026	2.0	0.0
,,group_34383	9.67123287671	0.00187175665026	2.0	0.0
,,group_34361	9.67123287671	0.00187175665026	2.0	0.0
,,group_34382	9.67123287671	0.00187175665026	2.0	0.0
,,group_10967	9.67123287671	0.00187175665026	2.0	0.0
,,group_34387	9.67123287671	0.00187175665026	2.0	0.0
,,group_22635	9.67123287671	0.00187175665026	2.0	0.0
,,group_34363	9.67123287671	0.00187175665026	2.0	0.0
,,group_36761	9.67123287671	0.00187175665026	2.0	0.0
,,group_11846	9.67123287671	0.00187175665026	2.0	0.0
,,group_3347	9.67123287671	0.00187175665026	2.0	0.0
,,group_424	9.67123287671	0.00187175665026	2.0	0.0
,,group_22634	9.67123287671	0.00187175665026	2.0	0.0
,,group_34405	9.67123287671	0.00187175665026	2.0	0.0
,,group_34379	9.67123287671	0.00187175665026	2.0	0.0
,,group_1921	9.67123287671	0.00187175665026	2.0	0.0
,,group_36770	9.67123287671	0.00187175665026	2.0	0.0
,,group_19200	9.67123287671	0.00187175665026	2.0	0.0
,,group_4372	9.67123287671	0.00187175665026	2.0	0.0
,,group_5340	9.67123287671	0.00187175665026	2.0	0.0
,,group_22621	9.67123287671	0.00187175665026	2.0	0.0
,,group_34403	9.67123287671	0.00187175665026	2.0	0.0
,,group_34401	9.67123287671	0.00187175665026	2.0	0.0
,,group_36760	9.67123287671	0.00187175665026	2.0	0.0
,,group_22385	9.67123287671	0.00187175665026	2.0	0.0
,,group_16827	9.67123287671	0.00187175665026	2.0	0.0
,,group_22604	9.67123287671	0.00187175665026	2.0	0.0
,,group_425	9.67123287671	0.00187175665026	2.0	0.0
,,group_34385	9.67123287671	0.00187175665026	2.0	0.0
,,group_22387	9.67123287671	0.00187175665026	2.0	0.0
,,group_36772	9.67123287671	0.00187175665026	2.0	0.0
,,group_18437	9.67123287671	0.00187175665026	2.0	0.0
,,group_14515	9.67123287671	0.00187175665026	2.0	0.0
,,group_34368	9.67123287671	0.00187175665026	2.0	0.0
,,group_32259	9.67123287671	0.00187175665026	2.0	0.0
,,group_16992	9.67123287671	0.00187175665026	2.0	0.0
,,group_34374	9.67123287671	0.00187175665026	2.0	0.0
,,group_22384	9.67123287671	0.00187175665026	2.0	0.0
,,group_829	9.67123287671	0.00187175665026	2.0	0.0
,,group_36771	9.67123287671	0.00187175665026	2.0	0.0
,,group_34406	9.67123287671	0.00187175665026	2.0	0.0
,,group_26506	9.67123287671	0.00187175665026	2.0	0.0
,,group_22389	9.67123287671	0.00187175665026	2.0	0.0
,,group_32258	9.67123287671	0.00187175665026	2.0	0.0
,,group_19201	9.67123287671	0.00187175665026	2.0	0.0
,,group_36759	9.67123287671	0.00187175665026	2.0	0.0
,,group_34367	9.67123287671	0.00187175665026	2.0	0.0
,,group_34376	9.67123287671	0.00187175665026	2.0	0.0
,,group_13878	9.67123287671	0.00187175665026	2.0	0.0
,,group_26394	9.67123287671	0.00187175665026	2.0	0.0
,,group_7329	9.67123287671	0.00187175665026	2.0	0.0
,,group_34355	9.67123287671	0.00187175665026	2.0	0.0
,,group_34366	9.67123287671	0.00187175665026	2.0	0.0
,,group_1938	9.67123287671	0.00187175665026	2.0	0.0
,,group_30808	9.67123287671	0.00187175665026	2.0	0.0
,,group_18436	9.67123287671	0.00187175665026	2.0	0.0
,,group_34407	9.67123287671	0.00187175665026	2.0	0.0
,,group_36777	9.67123287671	0.00187175665026	2.0	0.0
,,group_4918	9.67123287671	0.00187175665026	2.0	0.0
,,group_34395	9.67123287671	0.00187175665026	2.0	0.0
,,group_30805	9.67123287671	0.00187175665026	2.0	0.0
,,group_34392	9.67123287671	0.00187175665026	2.0	0.0
,,group_22388	9.67123287671	0.00187175665026	2.0	0.0
,,group_17374	9.67123287671	0.00187175665026	2.0	0.0
,,group_34377	9.67123287671	0.00187175665026	2.0	0.0
,,group_34357	9.67123287671	0.00187175665026	2.0	0.0
,,group_5072	9.67123287671	0.00187175665026	2.0	0.0
,,group_22603	9.67123287671	0.00187175665026	2.0	0.0
,,group_1440	9.67123287671	0.00187175665026	2.0	0.0
,,group_34353	9.67123287671	0.00187175665026	2.0	0.0
,,group_34369	9.67123287671	0.00187175665026	2.0	0.0
,,group_34393	9.67123287671	0.00187175665026	2.0	0.0
,,group_25103	9.67123287671	0.00187175665026	2.0	0.0
,,group_34365	9.67123287671	0.00187175665026	2.0	0.0
,,group_34362	9.67123287671	0.00187175665026	2.0	0.0
,,group_33812	9.67123287671	0.00187175665026	2.0	0.0
,,group_36773	9.67123287671	0.00187175665026	2.0	0.0
,,group_22615	9.67123287671	0.00187175665026	2.0	0.0
,,group_13404	9.66743881288	0.00187562607903	14.0	25.0
,,group_18510	9.45329659669	0.00210769940402	8.0	10.0
,,group_18507	9.45329659669	0.00210769940402	8.0	10.0
,,group_30434	9.45329659669	0.00210769940402	8.0	10.0
,,upaG	9.45329659669	0.00210769940402	8.0	10.0
,,group_18506	9.45329659669	0.00210769940402	8.0	10.0
,,ybaQ_2	9.45329659669	0.00210769940402	8.0	10.0
,,group_14693	9.45329659669	0.00210769940402	8.0	10.0
,,virB8	9.45329659669	0.00210769940402	8.0	10.0
,,group_30429	9.45329659669	0.00210769940402	8.0	10.0
,,group_18502	9.45329659669	0.00210769940402	8.0	10.0
,,group_14731	9.45329659669	0.00210769940402	8.0	10.0
,,group_18524	9.45329659669	0.00210769940402	8.0	10.0
,,group_18501	9.45329659669	0.00210769940402	8.0	10.0
,,group_18503	9.45329659669	0.00210769940402	8.0	10.0
,,group_31873	9.45329659669	0.00210769940402	8.0	10.0
,,group_28722	9.45329659669	0.00210769940402	8.0	10.0
,,group_18511	9.45329659669	0.00210769940402	8.0	10.0
,,group_36078	9.43183670302	0.00213250604158	3.0	1.0
,,group_36083	9.43183670302	0.00213250604158	3.0	1.0
,,group_36063	9.43183670302	0.00213250604158	3.0	1.0
,,pknK_4	9.43183670302	0.00213250604158	3.0	1.0
,,group_36067	9.43183670302	0.00213250604158	3.0	1.0
,,group_19069	9.43183670302	0.00213250604158	3.0	1.0
,,group_11770	9.43183670302	0.00213250604158	3.0	1.0
,,group_36092	9.43183670302	0.00213250604158	3.0	1.0
,,group_36105	9.43183670302	0.00213250604158	3.0	1.0
,,group_36093	9.43183670302	0.00213250604158	3.0	1.0
,,group_1124	9.43183670302	0.00213250604158	3.0	1.0
,,group_36088	9.43183670302	0.00213250604158	3.0	1.0
,,group_36085	9.43183670302	0.00213250604158	3.0	1.0
,,group_36065	9.43183670302	0.00213250604158	3.0	1.0
,,fabG_5	9.43183670302	0.00213250604158	3.0	1.0
,,group_11989	9.43183670302	0.00213250604158	3.0	1.0
,,yjcD_1	9.43183670302	0.00213250604158	3.0	1.0
,,group_36068	9.43183670302	0.00213250604158	3.0	1.0
,,group_19144	9.43183670302	0.00213250604158	3.0	1.0
,,group_30432	9.43183670302	0.00213250604158	3.0	1.0
,,group_26283	9.43183670302	0.00213250604158	3.0	1.0
,,group_31940	9.43183670302	0.00213250604158	3.0	1.0
,,group_36094	9.43183670302	0.00213250604158	3.0	1.0
,,group_36072	9.43183670302	0.00213250604158	3.0	1.0
,,group_36108	9.43183670302	0.00213250604158	3.0	1.0
,,group_36091	9.43183670302	0.00213250604158	3.0	1.0
,,group_2393	9.43183670302	0.00213250604158	3.0	1.0
,,group_1171	9.43183670302	0.00213250604158	3.0	1.0
,,group_36107	9.43183670302	0.00213250604158	3.0	1.0
,,group_36087	9.43183670302	0.00213250604158	3.0	1.0
,,group_36079	9.43183670302	0.00213250604158	3.0	1.0
,,group_36117	9.43183670302	0.00213250604158	3.0	1.0
,,group_36077	9.43183670302	0.00213250604158	3.0	1.0
,,group_36103	9.43183670302	0.00213250604158	3.0	1.0
,,group_36069	9.43183670302	0.00213250604158	3.0	1.0
,,group_36084	9.43183670302	0.00213250604158	3.0	1.0
,,group_3325	9.43183670302	0.00213250604158	3.0	1.0
,,group_36070	9.43183670302	0.00213250604158	3.0	1.0
,,group_18426	9.43183670302	0.00213250604158	3.0	1.0
,,group_31941	9.43183670302	0.00213250604158	3.0	1.0
,,group_36081	9.43183670302	0.00213250604158	3.0	1.0
,,group_19145	9.43183670302	0.00213250604158	3.0	1.0
,,group_36073	9.43183670302	0.00213250604158	3.0	1.0
,,group_36066	9.43183670302	0.00213250604158	3.0	1.0
,,group_8773	9.43183670302	0.00213250604158	3.0	1.0
,,group_33333	9.43183670302	0.00213250604158	3.0	1.0
,,group_36074	9.43183670302	0.00213250604158	3.0	1.0
,,group_38737	9.43183670302	0.00213250604158	3.0	1.0
,,group_36112	9.43183670302	0.00213250604158	3.0	1.0
,,group_36102	9.43183670302	0.00213250604158	3.0	1.0
,,group_36071	9.43183670302	0.00213250604158	3.0	1.0
,,group_36082	9.43183670302	0.00213250604158	3.0	1.0
,,group_31939	9.43183670302	0.00213250604158	3.0	1.0
,,group_36064	9.43183670302	0.00213250604158	3.0	1.0
,,group_36086	9.43183670302	0.00213250604158	3.0	1.0
,,cfa	9.43183670302	0.00213250604158	3.0	1.0
,,group_33537	9.35546586984	0.00222321450666	5.0	4.0
,,group_752	9.35546586984	0.00222321450666	5.0	4.0
,,group_31308	9.35546586984	0.00222321450666	5.0	4.0
,,group_33538	9.35546586984	0.00222321450666	5.0	4.0
,,group_18911	9.35546586984	0.00222321450666	5.0	4.0
,,group_33539	9.35546586984	0.00222321450666	5.0	4.0
,,group_33546	9.35546586984	0.00222321450666	5.0	4.0
,,group_33536	9.35546586984	0.00222321450666	5.0	4.0
,,group_10326	9.35546586984	0.00222321450666	5.0	4.0
,,group_18648	9.35546586984	0.00222321450666	5.0	4.0
,,papB	9.35546586984	0.00222321450666	5.0	4.0
,,group_33572	9.35546586984	0.00222321450666	5.0	4.0
,,group_33543	9.35546586984	0.00222321450666	5.0	4.0
,,group_33547	9.35546586984	0.00222321450666	5.0	4.0
,,group_33545	9.35546586984	0.00222321450666	5.0	4.0
,,group_33541	9.35546586984	0.00222321450666	5.0	4.0
,,group_33540	9.35546586984	0.00222321450666	5.0	4.0
,,group_14813	9.35546586984	0.00222321450666	5.0	4.0
,,group_33542	9.35546586984	0.00222321450666	5.0	4.0
,,group_33571	9.35546586984	0.00222321450666	5.0	4.0
,,group_16937	9.3452598083	0.00223562957495	12.0	20.0
,,group_3656	9.3452598083	0.00223562957495	12.0	20.0
,,group_16525	9.3452598083	0.00223562957495	12.0	20.0
,,group_30706	9.21202219721	0.00240430967047	7.0	8.0
,,group_13408	9.21202219721	0.00240430967047	7.0	8.0
,,group_30705	9.21202219721	0.00240430967047	7.0	8.0
,,group_18581	9.21202219721	0.00240430967047	7.0	8.0
,,group_30707	9.21202219721	0.00240430967047	7.0	8.0
,,group_10215	9.21202219721	0.00240430967047	7.0	8.0
,,group_14734	9.21202219721	0.00240430967047	7.0	8.0
,,group_18580	9.21202219721	0.00240430967047	7.0	8.0
,,higB	9.21202219721	0.00240430967047	7.0	8.0
,,group_14416	9.20365555512	0.00241532318656	10.0	15.0
,,group_17775	9.20365555512	0.00241532318656	10.0	15.0
,,group_3366	9.20365555512	0.00241532318656	10.0	15.0
,,group_25672	9.20365555512	0.00241532318656	10.0	15.0
,,group_3835	9.20365555512	0.00241532318656	10.0	15.0
,,group_26765	9.20365555512	0.00241532318656	10.0	15.0
,,group_32336	9.20365555512	0.00241532318656	10.0	15.0
,,group_30422	9.12724591564	0.00251830536686	6.0	6.0
,,group_17256	9.12724591564	0.00251830536686	6.0	6.0
,,group_25276	9.12724591564	0.00251830536686	6.0	6.0
,,group_13399	9.12724591564	0.00251830536686	6.0	6.0
,,group_16105	8.9894213978	0.00271546966395	14.0	26.0
,,group_20650	8.9894213978	0.00271546966395	14.0	26.0
,,group_1215	8.9894213978	0.00271546966395	14.0	26.0
,,group_9914	8.9894213978	0.00271546966395	14.0	26.0
,,group_13896	8.9894213978	0.00271546966395	14.0	26.0
,,group_8274	8.9894213978	0.00271546966395	14.0	26.0
,,group_9670	8.9894213978	0.00271546966395	14.0	26.0
,,hsdM	8.9894213978	0.00271546966395	14.0	26.0
,,group_20649	8.9894213978	0.00271546966395	14.0	26.0
,,group_23125	8.88138017441	0.00288093671325	18.0	38.0
,,group_17185	8.88138017441	0.00288093671325	18.0	38.0
,,group_23122	8.88138017441	0.00288093671325	18.0	38.0
,,group_3371	8.86833016415	0.00290160435577	16.0	32.0
,,group_14436	8.86195697275	0.00291175241297	17.0	35.0
,,group_4814	8.83146282422	0.00296080956784	11.0	18.0
,,group_21530	8.83146282422	0.00296080956784	11.0	18.0
,,group_10548	8.83146282422	0.00296080956784	11.0	18.0
,,group_22542	8.83146282422	0.00296080956784	11.0	18.0
,,group_16521	8.83146282422	0.00296080956784	11.0	18.0
,,group_11600	8.83146282422	0.00296080956784	11.0	18.0
,,group_13999	8.83146282422	0.00296080956784	11.0	18.0
,,group_4381	8.75608818207	0.00308570199272	9.0	13.0
,,group_16435	8.75608818207	0.00308570199272	9.0	13.0
,,group_7973	8.75608818207	0.00308570199272	9.0	13.0
,,group_33553	8.75608818207	0.00308570199272	9.0	13.0
,,group_33552	8.75608818207	0.00308570199272	9.0	13.0
,,group_33651	8.75608818207	0.00308570199272	9.0	13.0
,,group_18913	8.75608818207	0.00308570199272	9.0	13.0
,,group_22366	8.75608818207	0.00308570199272	9.0	13.0
,,group_17772	8.75608818207	0.00308570199272	9.0	13.0
,,group_33554	8.75608818207	0.00308570199272	9.0	13.0
,,group_33551	8.75608818207	0.00308570199272	9.0	13.0
,,group_33559	8.75608818207	0.00308570199272	9.0	13.0
,,ptrA_1	8.75608818207	0.00308570199272	9.0	13.0
,,group_33286	8.75608818207	0.00308570199272	9.0	13.0
,,group_33284	8.75608818207	0.00308570199272	9.0	13.0
,,group_25040	8.75608818207	0.00308570199272	9.0	13.0
,,group_33285	8.75608818207	0.00308570199272	9.0	13.0
,,group_8466	8.75608818207	0.00308570199272	9.0	13.0
,,yedK_3	8.75608818207	0.00308570199272	9.0	13.0
,,group_18922	8.75608818207	0.00308570199272	9.0	13.0
,,group_33555	8.75608818207	0.00308570199272	9.0	13.0
,,group_33549	8.75608818207	0.00308570199272	9.0	13.0
,,group_33550	8.75608818207	0.00308570199272	9.0	13.0
,,group_33557	8.75608818207	0.00308570199272	9.0	13.0
,,virS_3	8.75608818207	0.00308570199272	9.0	13.0
,,group_13365	8.5937889645	0.00337311451798	21.0	48.0
,,group_13964	8.59172931535	0.00337693170183	12.0	21.0
,,group_22376	8.59172931535	0.00337693170183	12.0	21.0
,,group_13965	8.59172931535	0.00337693170183	12.0	21.0
,,group_6427	8.59172931535	0.00337693170183	12.0	21.0
,,group_22378	8.59172931535	0.00337693170183	12.0	21.0
,,group_22377	8.59172931535	0.00337693170183	12.0	21.0
,,group_22375	8.59172931535	0.00337693170183	12.0	21.0
,,group_13684	8.59172931535	0.00337693170183	12.0	21.0
,,group_20827	8.44149528084	0.00366754561019	13.0	24.0
,,group_16104	8.35456575257	0.00384719398354	14.0	27.0
,,group_14697	8.34221657602	0.00387343118124	8.0	11.0
,,group_18509	8.34221657602	0.00387343118124	8.0	11.0
,,traG_2	8.34221657602	0.00387343118124	8.0	11.0
,,group_10296	8.34221657602	0.00387343118124	8.0	11.0
,,group_14694	8.34221657602	0.00387343118124	8.0	11.0
