feature	score	p-value	#I-out-of-72	#O-out-of-334
PA14_00090,glyS_12145|1	38.0334383317	6.95425132457e-10	19.0	13.0
PA14_31180_2710620|1	34.8613925994	3.54031883353e-09	21.0	18.0
PA14_13000_1116086|1	33.36527206	7.63756869214e-09	29.0	35.0
PA14_00800_78409|1	33.2303725882	8.18618617288e-09	17.0	12.0
PA14_41510,nasA_3703792|1	32.5391092814	1.16817914501e-08	18.0	14.0
PA14_67710,trmH_6048573|1	32.5391092814	1.16817914501e-08	18.0	14.0
PA14_05390,chpA_469164|1	32.0521290752	1.50090514688e-08	19.0	16.0
PA14_18660_1607114|1	32.0521290752	1.50090514688e-08	19.0	16.0
PA14_44660,ligA_3978116|1	31.9125699219	1.61270162745e-08	16.0	11.0
PA14_00150_16433|1	31.9125699219	1.61270162745e-08	16.0	11.0
PA14_25330,nqrD_2215656|2	31.773574064	1.73233775947e-08	14.0	8.0
PA14_37730_3363525|1	31.773574064	1.73233775947e-08	14.0	8.0
PA14_58890_5245448|1	31.3990352628	2.10085266171e-08	22.0	22.0
PA14_41430,miaE_3694491|1	30.6516058792	3.08770939013e-08	18.0	15.0
PA14_03410_313019|1	30.6122754491	3.15093857483e-08	15.0	10.0
PA14_37730_3362998|1	29.3340565246	6.09156410347e-08	14.0	9.0
PA14_25480_2227202|1	29.3340565246	6.09156410347e-08	14.0	9.0
PA14_49820,cobB_4431004|1	29.3340565246	6.09156410347e-08	14.0	9.0
PA14_32570_2828060|1	29.3340565246	6.09156410347e-08	14.0	9.0
PA14_17620,potC_1514342|2	29.3340565246	6.09156410347e-08	14.0	9.0
PA14_45070_4020850|1	29.3340565246	6.09156410347e-08	14.0	9.0
PA14_67350,hutU_6016131|1	29.3340565246	6.09156410347e-08	14.0	9.0
PA14_45030,ttuD_4016164|2	29.3340565246	6.09156410347e-08	14.0	9.0
PA14_03550,cynX_323079|1	28.8878126101	7.66939586544e-08	18.0	16.0
PA14_31180_2710616|1	28.5519540629	9.12177253854e-08	22.0	24.0
PA14_55450,hxcQ_4937085|1	28.4551473975	9.58944734181e-08	15.0	11.0
PA14_26130,morB_2281925|1	28.4551473975	9.58944734181e-08	15.0	11.0
PA14_51600_4586765|1	28.084220448	1.1614902856e-07	13.0	8.0
PA14_38550,maiA_3438141|1	28.084220448	1.1614902856e-07	13.0	8.0
PA14_37560,asnB_3342717|4	28.084220448	1.1614902856e-07	13.0	8.0
PA14_31110_2706660|1	27.9161700753	1.26686617026e-07	29.0	40.0
PA14_58210_5180838|1	27.8616101131	1.30309776569e-07	16.0	13.0
PA14_44230_3935721|1	27.4731838407	1.59287876631e-07	17.0	15.0
PA14_41350,folD_3687902|1	27.2371257485	1.79969492908e-07	18.0	17.0
PA14_31260_2718490.1|1	27.2371257485	1.79969492908e-07	18.0	17.0
PA14_22290,vacJ_1942429|1	27.1314983669	1.90075589314e-07	21.0	23.0
PA14_35420,pvcB_3149701|1	27.1314983669	1.90075589314e-07	21.0	23.0
PA14_49820,cobB_4431079|1	27.1157961854	1.91625733324e-07	14.0	10.0
PA14_15830_1350011|2	27.1157961854	1.91625733324e-07	14.0	10.0
PA14_15780_1343908|1	27.1157961854	1.91625733324e-07	14.0	10.0
PA14_66190_5897741|1	27.1157961854	1.91625733324e-07	14.0	10.0
PA14_30350,yqjG_2630695|4	27.1157961854	1.91625733324e-07	14.0	10.0
PA14_07760,surA_666000|5	27.1157961854	1.91625733324e-07	14.0	10.0
PA14_60350_5378896|1	26.9514415613	2.0863148702e-07	26.0	34.0
PA14_59540_5297759|1	26.6901405522	2.38837105887e-07	7.0	1.0
PA14_38020_3392444|1	26.4737746729	2.67140283538e-07	15.0	12.0
PA14_42770_3804739|1	26.4737746729	2.67140283538e-07	15.0	12.0
PA14_30730_2665506|1	26.4737746729	2.67140283538e-07	15.0	12.0
PA14_01250,ychM_123164|1	26.4737746729	2.67140283538e-07	15.0	12.0
PA14_31070_2703433|1	26.1760433382	3.11665182878e-07	23.0	28.0
PA14_45030,ttuD_4016662|1	26.0602350854	3.30929879482e-07	16.0	14.0
PA14_30960,traG_2689066|1	26.0111100263	3.39458250652e-07	35.0	57.0
PA14_31180_2710582|1	25.9780577733	3.45319940964e-07	22.0	26.0
PA14_37915_3386013|1	25.8203925482	3.74708544219e-07	21.0	24.0
PA14_66230,waaG_5900532|1	25.8128641706	3.76172919388e-07	17.0	16.0
PA14_66460_5929538|1	25.8128641706	3.76172919388e-07	17.0	16.0
PA14_03630_327869|1	25.7924227303	3.8017806832e-07	13.0	9.0
PA14_41910_3742195|1	25.7924227303	3.8017806832e-07	13.0	9.0
PA14_49610_4414412|1	25.7924227303	3.8017806832e-07	13.0	9.0
PA14_04050_365392|1	25.7924227303	3.8017806832e-07	13.0	9.0
PA14_14960,yafV_1270947|1	25.7924227303	3.8017806832e-07	13.0	9.0
PA14_03130_275251|16	25.7924227303	3.8017806832e-07	13.0	9.0
PA14_00080_10195|81	25.7924227303	3.8017806832e-07	13.0	9.0
PA14_38510,hmgA_3436217|1	25.7924227303	3.8017806832e-07	13.0	9.0
PA14_66580_5944220|1	25.7924227303	3.8017806832e-07	13.0	9.0
PA14_27410,trpC_2378662|1	25.7924227303	3.8017806832e-07	13.0	9.0
PA14_13450,fecR_1156925|1	25.7924227303	3.8017806832e-07	13.0	9.0
PA14_04010_362156|1	25.7924227303	3.8017806832e-07	13.0	9.0
PA14_21790,rdgC_1895300.2|1	25.709766741	3.96813758343e-07	11.0	6.0
PA14_41480,nasS_3700206|1	25.6901197605	4.0087416863e-07	18.0	18.0
PA14_31130_2707196|1	25.6901197605	4.0087416863e-07	18.0	18.0
PA14_37830,iscS_3374340|1	25.5872421823	4.22825757309e-07	25.0	33.0
PA14_31130_2707541|1	25.2938486663	4.92276177261e-07	24.0	31.0
PA14_30860,trbG_2680029|1	25.2466374942	5.04474426534e-07	27.0	38.0
PA14_55160,toxR_4899853|1	25.0922421823	5.46522867385e-07	14.0	11.0
PA14_05390,chpA_470677|1	25.0922421823	5.46522867385e-07	14.0	11.0
PA14_22370_1949060|1	25.0922421823	5.46522867385e-07	14.0	11.0
PA14_25560,rne_2233896|1	25.0922421823	5.46522867385e-07	14.0	11.0
PA14_17370,yedE_1491641|1	25.0922421823	5.46522867385e-07	14.0	11.0
PA14_04340_389663|1	25.0922421823	5.46522867385e-07	14.0	11.0
PA14_54480_4830034|1	25.0461124165	5.59754975221e-07	31.0	48.0
PA14_61400,mqoB_5480877|1	25.0243391422	5.66111652669e-07	23.0	29.0
PA14_30960,traG_2689606|1	24.728801473	6.59906240534e-07	37.0	64.0
PA14_11460,thiL_993763|1	24.6493263473	6.87687881636e-07	15.0	13.0
PA14_24600_2149298|1	24.6493263473	6.87687881636e-07	15.0	13.0
PA14_55290_4909108|1	24.6493263473	6.87687881636e-07	15.0	13.0
PA14_28180,ordL_2440383|1	24.6493263473	6.87687881636e-07	15.0	13.0
PA14_41470,acnB_3697703|1	24.6493263473	6.87687881636e-07	15.0	13.0
PA14_31280_2720319.1|1	24.6493263473	6.87687881636e-07	15.0	13.0
PA14_54320,era_4818078|1	24.6203120076	6.98119920327e-07	30.0	46.0
PA14_28750_2475003|2	24.6185406964	6.98761906204e-07	10.0	5.0
PA14_26420_2302000|1	24.5756638896	7.14483865305e-07	21.0	25.0
PA14_30970,bphR_2691742|1	24.5509010228	7.23724925217e-07	25.0	34.0
PA14_42400,exsB_3777873|1	24.4091042721	7.78996828863e-07	20.0	23.0
PA14_31130_2707197|1	24.4091042721	7.78996828863e-07	20.0	23.0
PA14_29350,pfeA_2540524|1	24.2628908849	8.4042718652e-07	17.0	17.0
PA14_26070_2277673|1	24.2628908849	8.4042718652e-07	17.0	17.0
PA14_31090_2704897.1|1	24.2383880887	8.51187071137e-07	18.0	19.0
PA14_30910,trbE_2685152|1	23.7756504535	1.08243172313e-06	35.0	60.0
PA14_19290,srmB_1662810|3	23.7186568891	1.11496420627e-06	13.0	10.0
PA14_42900_3815561|1	23.7186568891	1.11496420627e-06	13.0	10.0
PA14_03450,gabT_316007|1	23.7186568891	1.11496420627e-06	13.0	10.0
PA14_51250,yycJ_4554516|1	23.7186568891	1.11496420627e-06	13.0	10.0
PA14_25960,cobW_2264771|1	23.7186568891	1.11496420627e-06	13.0	10.0
PA14_39180_3489786|2	23.7186568891	1.11496420627e-06	13.0	10.0
PA14_09520,mexI_818960|1	23.7186568891	1.11496420627e-06	13.0	10.0
PA14_58750,pilB_5234285|1	23.7186568891	1.11496420627e-06	13.0	10.0
PA14_55640,sbcD_4958486|1	23.7186568891	1.11496420627e-06	13.0	10.0
PA14_05650_503392|4	23.7186568891	1.11496420627e-06	13.0	10.0
PA14_29320_2536399|1	23.7186568891	1.11496420627e-06	13.0	10.0
PA14_17510_1503969|5	23.7186568891	1.11496420627e-06	13.0	10.0
PA14_20000_1721638|1	23.7186568891	1.11496420627e-06	13.0	10.0
PA14_57160,apbA_5091483|1	23.7186568891	1.11496420627e-06	13.0	10.0
PA14_09680_832408|1	23.7186568891	1.11496420627e-06	13.0	10.0
PA14_36130_3220610|1	23.7186568891	1.11496420627e-06	13.0	10.0
PA14_18985_1639941|2	23.7186568891	1.11496420627e-06	13.0	10.0
PA14_19510,ssuC_1687059|1	23.7186568891	1.11496420627e-06	13.0	10.0
PA14_45100,muiA_4022089|2	23.7186568891	1.11496420627e-06	13.0	10.0
PA14_13950_1198167|1	23.7186568891	1.11496420627e-06	13.0	10.0
PA14_03980_358945|1	23.7186568891	1.11496420627e-06	13.0	10.0
PA14_32820_2868306|1	23.6445642049	1.15872754531e-06	22.0	28.0
PA14_21790,rdgC_1895446|1	23.6307001382	1.16710579039e-06	9.0	4.0
PA14_31180_2710268|1	23.5562901974	1.21312189054e-06	25.0	35.0
PA14_31190_2712484|1	23.5562901974	1.21312189054e-06	25.0	35.0
PA14_30960,traG_2688711|1	23.41844911	1.30322666104e-06	31.0	50.0
PA14_26420_2301826|1	23.393075551	1.32053026325e-06	21.0	26.0
PA14_04370_390149|1	23.2409283996	1.42923016904e-06	14.0	12.0
PA14_23080,pgl_2001949|1	23.2409283996	1.42923016904e-06	14.0	12.0
PA14_03170_279866|1	23.2409283996	1.42923016904e-06	14.0	12.0
PA14_59220_5275461|1	23.2409283996	1.42923016904e-06	14.0	12.0
PA14_14860_1262690|1	23.2409283996	1.42923016904e-06	14.0	12.0
PA14_39440_3508454|2	23.2149127671	1.44869558839e-06	11.0	7.0
PA14_37910_3383753|2	23.2149127671	1.44869558839e-06	11.0	7.0
PA14_58440_5205903|1	23.2149127671	1.44869558839e-06	11.0	7.0
PA14_31110_2707060|1	23.2062191407	1.45525943145e-06	24.0	33.0
PA14_47670,cobT_4243374|1	23.2062191407	1.45525943145e-06	24.0	33.0
PA14_31100_2705304|1	23.2062191407	1.45525943145e-06	24.0	33.0
PA14_31150_2708644|1	23.1755277324	1.47867144678e-06	20.0	24.0
PA14_05880,nfeD_521452|1	23.1755277324	1.47867144678e-06	20.0	24.0
PA14_31180_2710460|1	23.1755277324	1.47867144678e-06	20.0	24.0
PA14_30890_2683058.1|1	23.1030018395	1.53550788475e-06	32.0	53.0
PA14_30910,trbE_2684033|1	23.1030018395	1.53550788475e-06	32.0	53.0
PA14_21020_1815090|1	22.9993711763	1.62054396276e-06	19.0	22.0
PA14_30960,traG_2689078|1	22.9701366498	1.64537612462e-06	30.0	48.0
PA14_04290_384076|1	22.9655688623	1.64929038766e-06	15.0	14.0
PA14_39070_3483354|1	22.9655688623	1.64929038766e-06	15.0	14.0
PA14_58910_5251995|1	22.8744090766	1.72939082371e-06	18.0	20.0
PA14_41290_3686190|1	22.8744090766	1.72939082371e-06	18.0	20.0
PA14_67380_6018472|1	22.8728499791	1.73079418754e-06	23.0	31.0
PA14_31110_2706661|1	22.8728499791	1.73079418754e-06	23.0	31.0
PA14_31110_2707164.2|1	22.8728499791	1.73079418754e-06	23.0	31.0
PA14_31180_2710084|1	22.8728499791	1.73079418754e-06	23.0	31.0
PA14_54620_4843385|1	22.8356620093	1.76460823808e-06	16.0	16.0
PA14_08300,JF1_711031|1	22.8356620093	1.76460823808e-06	16.0	16.0
PA14_15280_1295914|1	22.8356620093	1.76460823808e-06	16.0	16.0
PA14_30880,trbL_2682609.1|1	22.8289208101	1.77080840841e-06	33.0	56.0
PA14_03270_296296|1	22.8026371499	1.79519203054e-06	8.0	3.0
PA14_58750,pilB_5234800.1|1	22.8026371499	1.79519203054e-06	8.0	3.0
PA14_31110_2706979.1|1	22.6422784512	1.95142876645e-06	31.0	51.0
PA14_30940,trbB_2687634|1	22.6013573945	1.99343716224e-06	25.0	36.0
PA14_31080_2703653|1	22.5591301058	2.03773781737e-06	22.0	29.0
PA14_60310,pilY1_5375421.1|1	22.5448424139	2.05294956664e-06	38.0	70.0
PA14_00080_9164|1	22.5017831983	2.09948609645e-06	27.0	41.0
PA14_30970,bphR_2691746|1	22.5017831983	2.09948609645e-06	27.0	41.0
PA14_30860,trbG_2680596|1	22.3583840072	2.26223288368e-06	32.0	54.0
PA14_01110_108980|1	22.3552894212	2.26588111264e-06	12.0	9.0
PA14_32790_2851377|1	22.3552894212	2.26588111264e-06	12.0	9.0
PA14_37900_3381092|1	22.3552894212	2.26588111264e-06	12.0	9.0
PA14_25790_2251684|1	22.3552894212	2.26588111264e-06	12.0	9.0
PA14_23200,yciK_2010129|3	22.3552894212	2.26588111264e-06	12.0	9.0
PA14_25000,slt_2186963|3	22.3552894212	2.26588111264e-06	12.0	9.0
PA14_01800_165119|3	22.3552894212	2.26588111264e-06	12.0	9.0
PA14_57990_5160471|1	22.3552894212	2.26588111264e-06	12.0	9.0
PA14_31150_2708622.1|1	22.2687437625	2.37033635088e-06	21.0	27.0
PA14_28810_2481895|1	22.2408701116	2.40499614141e-06	7.0	2.0
PA14_31090_2704699.1|1	22.2408701116	2.40499614141e-06	7.0	2.0
PA14_62410_5567759|1	22.2408701116	2.40499614141e-06	7.0	2.0
PA14_31090_2704229|1	22.2275449102	2.42174468649e-06	24.0	34.0
PA14_31190_2711409.1|1	22.2275449102	2.42174468649e-06	24.0	34.0
PA14_60000_5343602|1	22.1736526946	2.49068438583e-06	6.0	1.0
PA14_31070_2703161.1|1	22.1125914837	2.57117711953e-06	33.0	57.0
PA14_16310_1393337|1	22.0865306424	2.60632113095e-06	28.0	44.0
PA14_31070_2701554|1	22.0517076957	2.65403457468e-06	37.0	68.0
PA14_03620_327245|1	22.0063576551	2.71748821944e-06	20.0	25.0
PA14_48660_4328760|1	22.0063576551	2.71748821944e-06	20.0	25.0
PA14_21870_1900687|1	21.9780854957	2.75781450535e-06	10.0	6.0
PA14_03290_298729|1	21.9780854957	2.75781450535e-06	10.0	6.0
PA14_30910,trbE_2683965|1	21.8900051303	2.88733869924e-06	31.0	52.0
PA14_66910_5975111|1	21.8356689399	2.97026760092e-06	13.0	11.0
PA14_64230,retS_5724487|1	21.8356689399	2.97026760092e-06	13.0	11.0
PA14_09580_824204|1	21.8356689399	2.97026760092e-06	13.0	11.0
PA14_35460_3153119|1	21.8356689399	2.97026760092e-06	13.0	11.0
PA14_29420,ysgA_2552159|1	21.8356689399	2.97026760092e-06	13.0	11.0
PA14_28760_2475506.1|1	21.8356689399	2.97026760092e-06	13.0	11.0
PA14_71210_6344506|1	21.8356689399	2.97026760092e-06	13.0	11.0
PA14_10400_898089.1|1	21.8356689399	2.97026760092e-06	13.0	11.0
PA14_25910_2260649|1	21.8356689399	2.97026760092e-06	13.0	11.0
PA14_37590,kynB_3345818|1	21.8356689399	2.97026760092e-06	13.0	11.0
PA14_35230_3132877|1	21.8356689399	2.97026760092e-06	13.0	11.0
PA14_38820,pqqB_3462017|1	21.8356689399	2.97026760092e-06	13.0	11.0
PA14_41820,pabB_3737292|1	21.8356689399	2.97026760092e-06	13.0	11.0
PA14_11140_969989|1	21.8356689399	2.97026760092e-06	13.0	11.0
PA14_17260,dnaE_1479819|2	21.8356689399	2.97026760092e-06	13.0	11.0
PA14_31150_2708615|1	21.7779718341	3.06094385613e-06	19.0	23.0
PA14_31070_2703026.1|1	21.7166500333	3.16036352231e-06	35.0	63.0
PA14_31260_2718438|1	21.6841827098	3.21430740666e-06	25.0	37.0
PA14_31260_2718440|1	21.6841827098	3.21430740666e-06	25.0	37.0
PA14_30960,traG_2688718|1	21.6523691747	3.26806112503e-06	27.0	42.0
PA14_49700_4422242|1	21.6358394322	3.29634573337e-06	32.0	55.0
PA14_66350_5918132|1	21.5914325196	3.37355423329e-06	18.0	21.0
PA14_27410,trpC_2379035|1	21.5427170351	3.4603427943e-06	14.0	13.0
PA14_33460_2945782|1	21.5427170351	3.4603427943e-06	14.0	13.0
PA14_44480_3961100|1	21.5427170351	3.4603427943e-06	14.0	13.0
PA14_14440,valS_1233052|1	21.5427170351	3.4603427943e-06	14.0	13.0
PA14_47820_4255711|1	21.5427170351	3.4603427943e-06	14.0	13.0
PA14_02490,tonB2_224398|1	21.5427170351	3.4603427943e-06	14.0	13.0
PA14_00180,sun_19558|1	21.5427170351	3.4603427943e-06	14.0	13.0
PA14_37830,iscS_3374375|1	21.5427170351	3.4603427943e-06	14.0	13.0
PA14_27460,tpm_2383749|1	21.5427170351	3.4603427943e-06	14.0	13.0
PA14_21790,rdgC_1895264|1	21.5427170351	3.4603427943e-06	14.0	13.0
PA14_18790,opmE_1619700|1	21.4572013381	3.61814629907e-06	17.0	19.0
PA14_58900_5247020|1	21.4572013381	3.61814629907e-06	17.0	19.0
PA14_29400,rhs_2548909|1	21.4240269461	3.68128995121e-06	30.0	50.0
PA14_30930,trbC_2686942|1	21.4167434362	3.69530065212e-06	33.0	58.0
PA14_21790,rdgC_1895353|1	21.4084331337	3.71135187738e-06	15.0	15.0
PA14_37400_3329441|1	21.4084331337	3.71135187738e-06	15.0	15.0
PA14_67700_6047917|1	21.4084331337	3.71135187738e-06	15.0	15.0
PA14_58410_5203878|1	21.4084331337	3.71135187738e-06	15.0	15.0
PA14_28040_2427934|1	21.389544144	3.74809639962e-06	16.0	17.0
PA14_27410,trpC_2379110|1	21.389544144	3.74809639962e-06	16.0	17.0
PA14_41520,ppkB_3704906|1	21.389544144	3.74809639962e-06	16.0	17.0
PA14_30880,trbL_2681549|1	21.389544144	3.74809639962e-06	16.0	17.0
PA14_49610_4414434.1|1	21.389544144	3.74809639962e-06	16.0	17.0
PA14_31090_2704228.1|1	21.2893534964	3.94918765343e-06	24.0	35.0
PA14_30850,trbI_2679076.1|1	21.2893534964	3.94918765343e-06	24.0	35.0
PA14_30940,trbB_2687298|1	21.2796689726	3.96919014403e-06	28.0	45.0
PA14_31130_2707811|1	21.2796689726	3.96919014403e-06	28.0	45.0
PA14_30890_2683013.1|1	21.2282872851	4.07702738083e-06	34.0	61.0
PA14_21930_1908623|1	21.1991017964	4.13958466441e-06	21.0	28.0
PA14_31260_2718313|1	21.1991017964	4.13958466441e-06	21.0	28.0
PA14_36020_3207880|1	21.0053664601	4.57998717677e-06	11.0	8.0
PA14_25760,holB_2248331|1	21.0053664601	4.57998717677e-06	11.0	8.0
PA14_30930,trbC_2686772|1	20.960730055	4.68794742732e-06	29.0	48.0
PA14_30960,traG_2690079|1	20.960730055	4.68794742732e-06	29.0	48.0
PA14_64850_5778483|1	20.9290157549	4.76620204707e-06	36.0	67.0
PA14_30960,traG_2689222|1	20.9290157549	4.76620204707e-06	36.0	67.0
PA14_46490,fabF2_4137217.1|1	20.905834165	4.82423046587e-06	23.0	33.0
PA14_66570,gltB_5939748|1	20.8973936186	4.84553457051e-06	20.0	26.0
PA14_30860,trbG_2680489|1	20.8333832335	5.01020142155e-06	27.0	43.0
PA14_20450,phnP_1758737|1	20.8333832335	5.01020142155e-06	27.0	43.0
PA14_33360_2936815.2|1	20.7956586826	5.10986632207e-06	9.0	5.0
PA14_30850,trbI_2679290|1	20.7407087998	5.25861011414e-06	33.0	59.0
PA14_33610_2963729|1	20.6234082223	5.59083341734e-06	19.0	24.0
PA14_21940_1908693|1	20.6234082223	5.59083341734e-06	19.0	24.0
PA14_47650,cobS_4242351|1	20.5355452617	5.85341284965e-06	22.0	31.0
PA14_43000_3826223|1	20.5355452617	5.85341284965e-06	22.0	31.0
PA14_22670,yrbF_1971855|1	20.5004405603	5.96175277163e-06	28.0	46.0
PA14_31260_2718271|1	20.5004405603	5.96175277163e-06	28.0	46.0
PA14_30970,bphR_2691692.1|1	20.4537767602	6.10888881954e-06	31.0	54.0
PA14_24950,glpD2_2181243|1	20.4344039194	6.1710391646e-06	12.0	10.0
PA14_58030,fumC_5163394|1	20.4344039194	6.1710391646e-06	12.0	10.0
PA14_15710_1336699|1	20.4344039194	6.1710391646e-06	12.0	10.0
PA14_28710,pheT_2472158|1	20.4344039194	6.1710391646e-06	12.0	10.0
PA14_33650,pvdD_2985531|1	20.4344039194	6.1710391646e-06	12.0	10.0
PA14_51070,opdD_4538177|1	20.4344039194	6.1710391646e-06	12.0	10.0
PA14_61210,hprA_5466094|1	20.4344039194	6.1710391646e-06	12.0	10.0
PA14_58110,maf_5174305|1	20.4344039194	6.1710391646e-06	12.0	10.0
PA14_28500_2459100|1	20.4344039194	6.1710391646e-06	12.0	10.0
PA14_58410_5202849|1	20.4344039194	6.1710391646e-06	12.0	10.0
PA14_30960,traG_2689605.2|1	20.43417332	6.17178276411e-06	35.0	65.0
PA14_31180_2710292.1|1	20.3919424832	6.30948957902e-06	26.0	41.0
PA14_31180_2710269|1	20.3896207585	6.31714910529e-06	24.0	36.0
PA14_31260_2718302.1|1	20.3896207585	6.31714910529e-06	24.0	36.0
PA14_31180_2710338|1	20.3896207585	6.31714910529e-06	24.0	36.0
PA14_31130_2707845|1	20.3833832335	6.33777337303e-06	18.0	22.0
PA14_30910,trbE_2684908|1	20.3152924919	6.5673584229e-06	36.0	68.0
PA14_31260_2718385.1|1	20.2539938849	6.78117505352e-06	32.0	57.0
PA14_30910,trbE_2685949|1	20.2539938849	6.78117505352e-06	32.0	57.0
PA14_30870,trbF_2680774|1	20.2539938849	6.78117505352e-06	32.0	57.0
PA14_30900,trbJ_2683456|1	20.2159400335	6.91741279465e-06	37.0	71.0
PA14_31180_2709738|1	20.1808682635	7.04540621529e-06	21.0	29.0
PA14_40440_3614165|1	20.1808682635	7.04540621529e-06	21.0	29.0
PA14_54760_4854336|1	20.1205655356	7.2710624829e-06	13.0	12.0
PA14_21790,rdgC_1896148|1	20.1205655356	7.2710624829e-06	13.0	12.0
PA14_11900_1031086|1	20.1205655356	7.2710624829e-06	13.0	12.0
PA14_09950_855175|1	20.1205655356	7.2710624829e-06	13.0	12.0
PA14_06070,creC_538170|1	20.1205655356	7.2710624829e-06	13.0	12.0
PA14_31380,sfpA_2728441|1	20.1205655356	7.2710624829e-06	13.0	12.0
PA14_58410_5202960|1	20.1205655356	7.2710624829e-06	13.0	12.0
PA14_64060,ctpL_5709485|1	20.1205655356	7.2710624829e-06	13.0	12.0
PA14_71180_6341004|1	20.1205655356	7.2710624829e-06	13.0	12.0
PA14_12440_1071877|1	20.1205655356	7.2710624829e-06	13.0	12.0
PA14_51350,phnB_4564253|1	20.1205655356	7.2710624829e-06	13.0	12.0
PA14_16280_1391274|1	20.1205655356	7.2710624829e-06	13.0	12.0
PA14_20010,hasR_1722468|1	20.1205655356	7.2710624829e-06	13.0	12.0
PA14_20070_1730470|2	20.1205655356	7.2710624829e-06	13.0	12.0
PA14_11590_1003044|1	20.1205655356	7.2710624829e-06	13.0	12.0
PA14_10020_862362|3	20.1205655356	7.2710624829e-06	13.0	12.0
PA14_30960,traG_2688610.1|1	20.0838484322	7.41199933783e-06	33.0	60.0
PA14_35620,pslK_3166023|1	20.0411725568	7.57925860373e-06	16.0	18.0
PA14_72980_6499631|1	20.0411725568	7.57925860373e-06	16.0	18.0
PA14_30930,trbC_2686915.2|1	19.9854355616	7.80342784717e-06	23.0	34.0
PA14_31200_2713880|1	19.9854355616	7.80342784717e-06	23.0	34.0
PA14_31080_2704032|1	19.9854355616	7.80342784717e-06	23.0	34.0
PA14_31260_2718397|1	19.9854355616	7.80342784717e-06	23.0	34.0
PA14_31080_2703732|1	19.9854355616	7.80342784717e-06	23.0	34.0
PA14_31180_2710089|1	19.9854355616	7.80342784717e-06	23.0	34.0
PA14_26190_2287259|1	19.9812042582	7.82071516936e-06	14.0	14.0
PA14_40200_3581936|1	19.9812042582	7.82071516936e-06	14.0	14.0
PA14_53740_4764914|1	19.9812042582	7.82071516936e-06	14.0	14.0
PA14_08050_692025|2	19.9812042582	7.82071516936e-06	14.0	14.0
PA14_58440_5205909|1	19.9812042582	7.82071516936e-06	14.0	14.0
PA14_35820,tnpS_3187758|1	19.9812042582	7.82071516936e-06	14.0	14.0
PA14_32290_2806595|1	19.9812042582	7.82071516936e-06	14.0	14.0
PA14_49790_4428305|1	19.9812042582	7.82071516936e-06	14.0	14.0
PA14_22670,yrbF_1971858|1	19.9743683365	7.84872513139e-06	30.0	52.0
PA14_06330_560565|1	19.9656654433	7.88453071966e-06	15.0	16.0
PA14_25600,sppA_2238674|1	19.9656654433	7.88453071966e-06	15.0	16.0
PA14_21790,rdgC_1896064.1|1	19.9656654433	7.88453071966e-06	15.0	16.0
PA14_42960_3819729|1	19.9656654433	7.88453071966e-06	15.0	16.0
PA14_31090_2704796.2|1	19.9560280481	7.92437242538e-06	25.0	39.0
PA14_40370_3607727|1	19.9560280481	7.92437242538e-06	25.0	39.0
PA14_30950_2688200|1	19.9560280481	7.92437242538e-06	25.0	39.0
PA14_30950_2688299.1|1	19.9396739168	7.99244466274e-06	34.0	63.0
PA14_30860,trbG_2680693|1	19.8447926841	8.39912217955e-06	20.0	27.0
PA14_30910,trbE_2685934|1	19.768232914	8.74236895514e-06	31.0	55.0
PA14_30900,trbJ_2683330.1|1	19.768232914	8.74236895514e-06	31.0	55.0
PA14_30850,trbI_2679573|1	19.768232914	8.74236895514e-06	31.0	55.0
PA14_30910,trbE_2686102|1	19.768232914	8.74236895514e-06	31.0	55.0
PA14_30910,trbE_2686060|1	19.7477400754	8.83661230101e-06	28.0	47.0
PA14_21790,rdgC_1895447|1	19.6948325571	9.08466900628e-06	8.0	4.0
PA14_03270_296739|1	19.6948325571	9.08466900628e-06	8.0	4.0
PA14_28760_2475527|1	19.6948325571	9.08466900628e-06	8.0	4.0
PA14_33360_2936816.1|1	19.6736331259	9.1860135639e-06	10.0	7.0
PA14_38480,gnyA_3433152|1	19.6736331259	9.1860135639e-06	10.0	7.0
PA14_39710,nrdG_3538211|1	19.6736331259	9.1860135639e-06	10.0	7.0
PA14_22680,yrbE_1972786|1	19.5932874991	9.58052041793e-06	32.0	58.0
PA14_66400,aefA_5921015|1	19.5919395776	9.58728197157e-06	22.0	32.0
PA14_19720_1701515|1	19.5904759109	9.59462956232e-06	26.0	42.0
PA14_55180,migA_4901463|1	19.538026202	9.86169163237e-06	61.0	146.0
PA14_37640_3350652|1	19.5311233593	9.89739073366e-06	19.0	25.0
PA14_30760_2669277|1	19.5311233593	9.89739073366e-06	19.0	25.0
PA14_31090_2704733.1|1	19.5264552861	9.92160589971e-06	24.0	37.0
PA14_31130_2707556|1	19.5264552861	9.92160589971e-06	24.0	37.0
PA14_31200_2713512|1	19.5264552861	9.92160589971e-06	24.0	37.0
PA14_31080_2704086.1|1	19.5264552861	9.92160589971e-06	24.0	37.0
PA14_22680,yrbE_1972739|1	19.4965533069	1.00781366949e-05	29.0	50.0
PA14_22670,yrbF_1972083|1	19.4455503886	1.03508700583e-05	33.0	61.0
PA14_31130_2707431.1|1	19.4455503886	1.03508700583e-05	33.0	61.0
PA14_31200_2713383|1	19.3216899534	1.10444598579e-05	34.0	64.0
PA14_30880,trbL_2681647|1	19.2835293269	1.12674144621e-05	30.0	53.0
PA14_31200_2713463|1	19.2835293269	1.12674144621e-05	30.0	53.0
PA14_08120_696806|1	19.2835293269	1.12674144621e-05	30.0	53.0
PA14_30960,traG_2688696.1|1	19.2816242515	1.1278662619e-05	27.0	45.0
PA14_05110_446718|1	19.2447787352	1.14984416485e-05	18.0	23.0
PA14_44520,ydgF_3964810|1	19.2447787352	1.14984416485e-05	18.0	23.0
PA14_31100_2705294|1	19.2447787352	1.14984416485e-05	18.0	23.0
PA14_31100_2705500|1	19.1417805415	1.2135898427e-05	25.0	40.0
PA14_31180_2710353|1	19.1417805415	1.2135898427e-05	25.0	40.0
PA14_31090_2704436|1	19.1042082502	1.23771673761e-05	23.0	35.0
PA14_31190_2711539|1	19.1042082502	1.23771673761e-05	23.0	35.0
PA14_22670,yrbF_1971897|1	19.1034043025	1.23823821931e-05	31.0	56.0
PA14_30960,traG_2688660|1	19.1034043025	1.23823821931e-05	31.0	56.0
PA14_30960,traG_2688609.1|1	19.1034043025	1.23823821931e-05	31.0	56.0
PA14_34820_3095567|1	19.03833167	1.28118772497e-05	11.0	9.0
PA14_28410_2454551|1	19.03833167	1.28118772497e-05	11.0	9.0
PA14_26750_2330476|1	19.03833167	1.28118772497e-05	11.0	9.0
PA14_37950,cynT_3387113|1	19.03833167	1.28118772497e-05	11.0	9.0
PA14_40260_3592763|1	19.03833167	1.28118772497e-05	11.0	9.0
PA14_21750_1893107|1	19.03833167	1.28118772497e-05	11.0	9.0
PA14_37510_3338476|1	19.03833167	1.28118772497e-05	11.0	9.0
PA14_16950,dapD_1452966|2	19.03833167	1.28118772497e-05	11.0	9.0
PA14_40200_3581731|1	19.03833167	1.28118772497e-05	11.0	9.0
PA14_21790,rdgC_1896098|1	19.03833167	1.28118772497e-05	11.0	9.0
PA14_36100,pdxA_3217637|1	19.03833167	1.28118772497e-05	11.0	9.0
PA14_14220_1215673|1	19.03833167	1.28118772497e-05	11.0	9.0
PA14_00990_98330|128	19.03833167	1.28118772497e-05	11.0	9.0
PA14_67230_6002831|1	19.03833167	1.28118772497e-05	11.0	9.0
PA14_35880_3192479|1	19.03833167	1.28118772497e-05	11.0	9.0
PA14_31070_2701944.1|1	19.0205203628	1.29320226801e-05	28.0	48.0
PA14_07400_633621|2	18.9922304514	1.31251812819e-05	17.0	21.0
PA14_68830_6139501|1	18.9922304514	1.31251812819e-05	17.0	21.0
PA14_32790_2860283|1	18.9922304514	1.31251812819e-05	17.0	21.0
PA14_30930,trbC_2686711|1	18.9518399099	1.34059934388e-05	32.0	59.0
PA14_30860,trbG_2680000.1|1	18.9518399099	1.34059934388e-05	32.0	59.0
PA14_31280_2721105|1	18.8450321579	1.41779878685e-05	20.0	28.0
PA14_23760,leuD_2065590|1	18.8450321579	1.41779878685e-05	20.0	28.0
PA14_30910,trbE_2686169|1	18.8252284904	1.43259589241e-05	33.0	62.0
PA14_30850,trbI_2679514|1	18.8252284904	1.43259589241e-05	33.0	62.0
PA14_30910,trbE_2685647|1	18.8252284904	1.43259589241e-05	33.0	62.0
PA14_30910,trbE_2685681.1|1	18.8252284904	1.43259589241e-05	33.0	62.0
PA14_30930,trbC_2686700|1	18.8184886266	1.43766714807e-05	26.0	43.0
PA14_30900,trbJ_2683609|1	18.8184886266	1.43766714807e-05	26.0	43.0
PA14_49520,pyoS3A_4403618|1	18.8000020792	1.45166966739e-05	29.0	51.0
PA14_30910,trbE_2684755|1	18.8000020792	1.45166966739e-05	29.0	51.0
PA14_30880,trbL_2681902|1	18.8000020792	1.45166966739e-05	29.0	51.0
PA14_11830_1025307|1	18.7821689953	1.46530701175e-05	16.0	19.0
PA14_51610_4587509|1	18.7821689953	1.46530701175e-05	16.0	19.0
PA14_39210,nadR_3492076|1	18.7821689953	1.46530701175e-05	16.0	19.0
PA14_55400_4921827|1	18.7821689953	1.46530701175e-05	16.0	19.0
PA14_03285_297492|1	18.7245675316	1.51024136614e-05	7.0	3.0
PA14_59580_5302573.1|1	18.7245675316	1.51024136614e-05	7.0	3.0
PA14_62710,pnp_5596466|1	18.7245675316	1.51024136614e-05	7.0	3.0
PA14_03270_295805|11	18.7245675316	1.51024136614e-05	7.0	3.0
PA14_49860_4434065|1	18.7205454411	1.51343017088e-05	34.0	65.0
PA14_30910,trbE_2686165|1	18.7205454411	1.51343017088e-05	34.0	65.0
PA14_31070_2701541|1	18.7205454411	1.51343017088e-05	34.0	65.0
PA14_23170,hutG_2008433|1	18.6992970581	1.53038894569e-05	12.0	11.0
PA14_21870_1901218|1	18.6992970581	1.53038894569e-05	12.0	11.0
PA14_08560,tyrZ_731614|8	18.6992970581	1.53038894569e-05	12.0	11.0
PA14_33340_2933038|1	18.6992970581	1.53038894569e-05	12.0	11.0
PA14_11140_969535|1	18.6992970581	1.53038894569e-05	12.0	11.0
PA14_55890,cpaF2_4990615|1	18.6992970581	1.53038894569e-05	12.0	11.0
PA14_16360_1399392|1	18.6992970581	1.53038894569e-05	12.0	11.0
PA14_36090,opdG_3216526|1	18.6992970581	1.53038894569e-05	12.0	11.0
PA14_70680,glcE_6294743|1	18.6992970581	1.53038894569e-05	12.0	11.0
PA14_38950_3470825|1	18.6992970581	1.53038894569e-05	12.0	11.0
PA14_24890,mobA_2175078|2	18.6992970581	1.53038894569e-05	12.0	11.0
PA14_71970,wbpW_6415785|1	18.6992970581	1.53038894569e-05	12.0	11.0
PA14_33820,pvdQ_3005441|1	18.6992970581	1.53038894569e-05	12.0	11.0
PA14_51100_4541184|1	18.6992970581	1.53038894569e-05	12.0	11.0
PA14_08300,JF1_709998|1	18.6992970581	1.53038894569e-05	12.0	11.0
PA14_10780_932338|1	18.6992970581	1.53038894569e-05	12.0	11.0
PA14_23310_2021191|1	18.6992970581	1.53038894569e-05	12.0	11.0
PA14_08360,trpC_716922|2	18.6992970581	1.53038894569e-05	12.0	11.0
PA14_58390_5202185|13	18.6992970581	1.53038894569e-05	12.0	11.0
PA14_31110_2706997.1|1	18.6980876956	1.53135988366e-05	24.0	38.0
PA14_31100_2705139|1	18.6980876956	1.53135988366e-05	24.0	38.0
PA14_31180_2710520.1|1	18.6980876956	1.53135988366e-05	24.0	38.0
PA14_31180_2710514|1	18.6980876956	1.53135988366e-05	24.0	38.0
PA14_31280_2721118|1	18.6980876956	1.53135988366e-05	24.0	38.0
PA14_17740,ycjJ_1525343|1	18.6904856953	1.5374773419e-05	22.0	33.0
PA14_28760_2475872|1	18.6265437874	1.58991372924e-05	15.0	17.0
PA14_21690,lhr1_1879803|1	18.6265437874	1.58991372924e-05	15.0	17.0
PA14_66600,aroB_5946283|1	18.6265437874	1.58991372924e-05	15.0	17.0
PA14_21790,rdgC_1895511|1	18.6265437874	1.58991372924e-05	15.0	17.0
PA14_37420_3331138|1	18.6265437874	1.58991372924e-05	15.0	17.0
PA14_31270_2718883|1	18.6265437874	1.58991372924e-05	15.0	17.0
PA14_58440_5205893|1	18.6265437874	1.58991372924e-05	15.0	17.0
PA14_17790_1528721|1	18.6265437874	1.58991372924e-05	15.0	17.0
PA14_30960,traG_2688846|1	18.6142714571	1.60018142828e-05	30.0	54.0
PA14_26920_2341620|1	18.6142714571	1.60018142828e-05	30.0	54.0
PA14_28750_2474884|1	18.6142714571	1.60018142828e-05	30.0	54.0
PA14_30960,traG_2690392|1	18.6142714571	1.60018142828e-05	30.0	54.0
PA14_31180_2709684|1	18.6142714571	1.60018142828e-05	30.0	54.0
PA14_22670,yrbF_1971895|1	18.6142714571	1.60018142828e-05	30.0	54.0
PA14_33630,pvdJ_2974085|1	18.5555555556	1.65023559618e-05	4.0	0.0
PA14_60020_5344902|1	18.5555555556	1.65023559618e-05	4.0	0.0
PA14_31090_2704663|1	18.5555555556	1.65023559618e-05	4.0	0.0
PA14_41270_3683363|1	18.5555555556	1.65023559618e-05	4.0	0.0
PA14_33360_2937034.2|1	18.5555555556	1.65023559618e-05	4.0	0.0
PA14_59540_5297726.1|1	18.5555555556	1.65023559618e-05	4.0	0.0
PA14_59540_5297917.1|1	18.5555555556	1.65023559618e-05	4.0	0.0
PA14_35820,tnpS_3187762|1	18.5539753826	1.65160417826e-05	13.0	13.0
PA14_06450,accC_566672|1	18.5539753826	1.65160417826e-05	13.0	13.0
PA14_00570_59351|1	18.5539753826	1.65160417826e-05	13.0	13.0
PA14_43380,kdpB_3865544|1	18.5539753826	1.65160417826e-05	13.0	13.0
PA14_20010,hasR_1722385|1	18.5539753826	1.65160417826e-05	13.0	13.0
PA14_38740_3455682|1	18.5539753826	1.65160417826e-05	13.0	13.0
PA14_71500,soxA_6372471|1	18.5539753826	1.65160417826e-05	13.0	13.0
PA14_35440,ansA_3151241|1	18.5539753826	1.65160417826e-05	13.0	13.0
PA14_55510,hxcP_4941192|1	18.5539753826	1.65160417826e-05	13.0	13.0
PA14_37810,pcoB_3371910|1	18.5539753826	1.65160417826e-05	13.0	13.0
PA14_03420_313400|1	18.5539753826	1.65160417826e-05	13.0	13.0
PA14_31130_2707183|1	18.5464892134	1.65810343285e-05	27.0	46.0
PA14_06290,glcB_556900|1	18.5422488357	1.66179618448e-05	14.0	15.0
PA14_26830_2335198|1	18.5422488357	1.66179618448e-05	14.0	15.0
PA14_58500_5210020|1	18.4969653286	1.70175043736e-05	19.0	26.0
PA14_31130_2707899|1	18.4585847245	1.73636880713e-05	31.0	57.0
PA14_30930,trbC_2686930.1|1	18.4585847245	1.73636880713e-05	31.0	57.0
PA14_30850,trbI_2679595|1	18.4585847245	1.73636880713e-05	31.0	57.0
PA14_30910,trbE_2684648|1	18.4585847245	1.73636880713e-05	31.0	57.0
PA14_30850,trbI_2679088|1	18.4585847245	1.73636880713e-05	31.0	57.0
PA14_30910,trbE_2683859|1	18.4585847245	1.73636880713e-05	31.0	57.0
PA14_30930,trbC_2686881|3	18.4585847245	1.73636880713e-05	31.0	57.0
PA14_05880,nfeD_520919|1	18.3587395915	1.82977723258e-05	25.0	41.0
PA14_31180_2710373|1	18.3587395915	1.82977723258e-05	25.0	41.0
PA14_52040,purM_4618361|1	18.3587395915	1.82977723258e-05	25.0	41.0
PA14_30940,trbB_2686986.1|1	18.3290231132	1.85854081876e-05	32.0	60.0
PA14_30910,trbE_2685080.2|1	18.3290231132	1.85854081876e-05	32.0	60.0
PA14_30860,trbG_2680589|1	18.3290231132	1.85854081876e-05	32.0	60.0
PA14_30880,trbL_2681932|1	18.3177886651	1.8695329603e-05	28.0	49.0
PA14_30860,trbG_2679974|1	18.3177886651	1.8695329603e-05	28.0	49.0
PA14_08300,JF1_711250|1	18.3177886651	1.8695329603e-05	28.0	49.0
PA14_30890_2683077|1	18.3177886651	1.8695329603e-05	28.0	49.0
PA14_31070_2701472|1	18.3177886651	1.8695329603e-05	28.0	49.0
PA14_31090_2704946.2|2	18.2867630124	1.90022986682e-05	21.0	31.0
PA14_31180_2710547.2|1	18.2867630124	1.90022986682e-05	21.0	31.0
PA14_59970_5341052|1	18.2867630124	1.90022986682e-05	21.0	31.0
PA14_42550,popN_3787503|1	18.2867630124	1.90022986682e-05	21.0	31.0
PA14_30960,traG_2690340|1	18.26016047	1.92695344309e-05	23.0	36.0
PA14_31080_2703704|1	18.26016047	1.92695344309e-05	23.0	36.0
PA14_31190_2711325|1	18.26016047	1.92695344309e-05	23.0	36.0
PA14_31070_2703188|1	18.26016047	1.92695344309e-05	23.0	36.0
PA14_22670,yrbF_1972058|2	18.222320983	1.96561686324e-05	33.0	63.0
PA14_30940,trbB_2687838|1	18.222320983	1.96561686324e-05	33.0	63.0
PA14_31150_2708610|1	18.1706586826	2.01966564943e-05	18.0	24.0
PA14_30880,trbL_2681690.1|1	18.1706586826	2.01966564943e-05	18.0	24.0
PA14_40260_3594226|1	18.1706586826	2.01966564943e-05	18.0	24.0
PA14_45790,fliN_4070537|1	18.1706586826	2.01966564943e-05	18.0	24.0
