feature	score	p-value	#I-out-of-14	#O-out-of-277
,,group_6689	59.3571428571	1.31502001254e-14	3.0	0.0
,,group_4455	59.3571428571	1.31502001254e-14	3.0	0.0
,,group_6038	43.0304925219	5.38933109714e-11	3.0	1.0
,,group_9793	43.0304925219	5.38933109714e-11	3.0	1.0
,,group_8347	43.0304925219	5.38933109714e-11	3.0	1.0
,,group_10498	43.0304925219	5.38933109714e-11	3.0	1.0
,,group_9423	39.5714285714	3.16276844687e-10	2.0	0.0
,,group_9719	39.5714285714	3.16276844687e-10	2.0	0.0
,,group_10822	39.5714285714	3.16276844687e-10	2.0	0.0
,,group_1917	39.5714285714	3.16276844687e-10	2.0	0.0
,,ohrB_2	39.5714285714	3.16276844687e-10	2.0	0.0
,,group_20897	39.5714285714	3.16276844687e-10	2.0	0.0
,,group_18710	39.5714285714	3.16276844687e-10	2.0	0.0
,,yahK	39.5714285714	3.16276844687e-10	2.0	0.0
,,group_7884	39.5714285714	3.16276844687e-10	2.0	0.0
,,group_4542	39.5714285714	3.16276844687e-10	2.0	0.0
,,group_1556	39.5714285714	3.16276844687e-10	2.0	0.0
,,group_6632	39.5714285714	3.16276844687e-10	2.0	0.0
,,group_534	39.5714285714	3.16276844687e-10	2.0	0.0
,,group_5845	39.5714285714	3.16276844687e-10	2.0	0.0
,,group_18444	39.5714285714	3.16276844687e-10	2.0	0.0
,,group_696	39.5714285714	3.16276844687e-10	2.0	0.0
,,group_8383	39.5714285714	3.16276844687e-10	2.0	0.0
,,group_20868	39.5714285714	3.16276844687e-10	2.0	0.0
,,group_20966	39.5714285714	3.16276844687e-10	2.0	0.0
,,group_13465	39.5714285714	3.16276844687e-10	2.0	0.0
,,glpT_3	33.2547189273	8.08433351843e-09	3.0	2.0
,,tycC	33.2547189273	8.08433351843e-09	3.0	2.0
,,group_7555	33.2547189273	8.08433351843e-09	3.0	2.0
,,group_4453	33.2547189273	8.08433351843e-09	3.0	2.0
,,group_5251	30.8705518308	2.7582556604e-08	4.0	5.0
,,group_7492	27.0390923156	1.99382127747e-07	4.0	6.0
,,group_26993	26.7543837029	2.31027035612e-07	3.0	3.0
,,group_26992	26.7543837029	2.31027035612e-07	3.0	3.0
,,group_12387	26.7543837029	2.31027035612e-07	3.0	3.0
,,group_5074	26.7543837029	2.31027035612e-07	3.0	3.0
,,group_26991	26.7543837029	2.31027035612e-07	3.0	3.0
,,group_26990	26.7543837029	2.31027035612e-07	3.0	3.0
,,group_12119	26.7543837029	2.31027035612e-07	3.0	3.0
,,group_4069	26.7543837029	2.31027035612e-07	3.0	3.0
,,group_26989	26.7543837029	2.31027035612e-07	3.0	3.0
,,group_20855	25.0644662197	5.54452225482e-07	2.0	1.0
,,group_10560	25.0644662197	5.54452225482e-07	2.0	1.0
,,group_19053	25.0644662197	5.54452225482e-07	2.0	1.0
,,group_14792	25.0644662197	5.54452225482e-07	2.0	1.0
,,group_20860	25.0644662197	5.54452225482e-07	2.0	1.0
,,group_13389	25.0644662197	5.54452225482e-07	2.0	1.0
,,group_3926	25.0644662197	5.54452225482e-07	2.0	1.0
,,group_3956	25.0644662197	5.54452225482e-07	2.0	1.0
,,group_9024	25.0644662197	5.54452225482e-07	2.0	1.0
,,group_20858	25.0644662197	5.54452225482e-07	2.0	1.0
,,group_9276	25.0644662197	5.54452225482e-07	2.0	1.0
,,group_5076	25.0644662197	5.54452225482e-07	2.0	1.0
,,group_20846	25.0644662197	5.54452225482e-07	2.0	1.0
,,group_5912	25.0644662197	5.54452225482e-07	2.0	1.0
,,group_13470	25.0644662197	5.54452225482e-07	2.0	1.0
,,group_35038	25.0644662197	5.54452225482e-07	2.0	1.0
,,group_20850	25.0644662197	5.54452225482e-07	2.0	1.0
,,group_8650	25.0644662197	5.54452225482e-07	2.0	1.0
,,group_20857	25.0644662197	5.54452225482e-07	2.0	1.0
,,group_20852	25.0644662197	5.54452225482e-07	2.0	1.0
,,group_4207	25.0644662197	5.54452225482e-07	2.0	1.0
,,group_3980	25.0644662197	5.54452225482e-07	2.0	1.0
,,group_6200	25.0644662197	5.54452225482e-07	2.0	1.0
,,group_20848	25.0644662197	5.54452225482e-07	2.0	1.0
,,group_20849	25.0644662197	5.54452225482e-07	2.0	1.0
,,group_12212	25.0644662197	5.54452225482e-07	2.0	1.0
,,group_20847	25.0644662197	5.54452225482e-07	2.0	1.0
,,group_3911	25.0644662197	5.54452225482e-07	2.0	1.0
,,ptsP_2	25.0644662197	5.54452225482e-07	2.0	1.0
,,group_11399	25.0644662197	5.54452225482e-07	2.0	1.0
,,group_7533	25.0644662197	5.54452225482e-07	2.0	1.0
,,group_30903	25.0644662197	5.54452225482e-07	2.0	1.0
,,group_20853	25.0644662197	5.54452225482e-07	2.0	1.0
,,group_12694	25.0644662197	5.54452225482e-07	2.0	1.0
,,group_7535	25.0644662197	5.54452225482e-07	2.0	1.0
,,group_20859	25.0644662197	5.54452225482e-07	2.0	1.0
,,group_20854	25.0644662197	5.54452225482e-07	2.0	1.0
,,group_20861	25.0644662197	5.54452225482e-07	2.0	1.0
,,group_20856	25.0644662197	5.54452225482e-07	2.0	1.0
,,group_6169	25.0644662197	5.54452225482e-07	2.0	1.0
,,group_4745	25.0644662197	5.54452225482e-07	2.0	1.0
,,group_32560	25.0644662197	5.54452225482e-07	2.0	1.0
,,group_7836	22.8683526813	1.73484866637e-06	10.0	43.0
,,group_9713	22.1257275473	2.55364326519e-06	3.0	4.0
,,group_1653	22.1257275473	2.55364326519e-06	3.0	4.0
,,group_6662	22.1257275473	2.55364326519e-06	3.0	4.0
,,group_31670	19.7857142857	8.66277282795e-06	1.0	0.0
,,group_21136	19.7857142857	8.66277282795e-06	1.0	0.0
,,group_21020	19.7857142857	8.66277282795e-06	1.0	0.0
,,aroQ_2	19.7857142857	8.66277282795e-06	1.0	0.0
,,group_31743	19.7857142857	8.66277282795e-06	1.0	0.0
,,group_6716	19.7857142857	8.66277282795e-06	1.0	0.0
,,group_31692	19.7857142857	8.66277282795e-06	1.0	0.0
,,group_31804	19.7857142857	8.66277282795e-06	1.0	0.0
,,group_16942	19.7857142857	8.66277282795e-06	1.0	0.0
,,group_5811	19.7857142857	8.66277282795e-06	1.0	0.0
,,group_31695	19.7857142857	8.66277282795e-06	1.0	0.0
,,group_31810	19.7857142857	8.66277282795e-06	1.0	0.0
,,group_7771	19.7857142857	8.66277282795e-06	1.0	0.0
,,group_31667	19.7857142857	8.66277282795e-06	1.0	0.0
,,group_9099	19.7857142857	8.66277282795e-06	1.0	0.0
,,group_31661	19.7857142857	8.66277282795e-06	1.0	0.0
,,group_21178	19.7857142857	8.66277282795e-06	1.0	0.0
,,group_21019	19.7857142857	8.66277282795e-06	1.0	0.0
,,group_31786	19.7857142857	8.66277282795e-06	1.0	0.0
,,group_22839	19.7857142857	8.66277282795e-06	1.0	0.0
,,group_1923	19.7857142857	8.66277282795e-06	1.0	0.0
,,group_31687	19.7857142857	8.66277282795e-06	1.0	0.0
,,group_3678	19.7857142857	8.66277282795e-06	1.0	0.0
,,group_21252	19.7857142857	8.66277282795e-06	1.0	0.0
,,group_21186	19.7857142857	8.66277282795e-06	1.0	0.0
,,group_11661	19.7857142857	8.66277282795e-06	1.0	0.0
,,group_40409	19.7857142857	8.66277282795e-06	1.0	0.0
,,group_31712	19.7857142857	8.66277282795e-06	1.0	0.0
,,group_21210	19.7857142857	8.66277282795e-06	1.0	0.0
,,group_21086	19.7857142857	8.66277282795e-06	1.0	0.0
,,group_31766	19.7857142857	8.66277282795e-06	1.0	0.0
,,group_12361	19.7857142857	8.66277282795e-06	1.0	0.0
,,group_8755	19.7857142857	8.66277282795e-06	1.0	0.0
,,group_21187	19.7857142857	8.66277282795e-06	1.0	0.0
,,group_41631	19.7857142857	8.66277282795e-06	1.0	0.0
,,group_38093	19.7857142857	8.66277282795e-06	1.0	0.0
,,group_31795	19.7857142857	8.66277282795e-06	1.0	0.0
,,group_9184	19.7857142857	8.66277282795e-06	1.0	0.0
,,group_41635	19.7857142857	8.66277282795e-06	1.0	0.0
,,group_31778	19.7857142857	8.66277282795e-06	1.0	0.0
,,group_31760	19.7857142857	8.66277282795e-06	1.0	0.0
,,group_31751	19.7857142857	8.66277282795e-06	1.0	0.0
,,group_31826	19.7857142857	8.66277282795e-06	1.0	0.0
,,group_11435	19.7857142857	8.66277282795e-06	1.0	0.0
,,group_21032	19.7857142857	8.66277282795e-06	1.0	0.0
,,group_21084	19.7857142857	8.66277282795e-06	1.0	0.0
,,group_31772	19.7857142857	8.66277282795e-06	1.0	0.0
,,group_31807	19.7857142857	8.66277282795e-06	1.0	0.0
,,group_11716	19.7857142857	8.66277282795e-06	1.0	0.0
,,group_21191	19.7857142857	8.66277282795e-06	1.0	0.0
,,group_21061	19.7857142857	8.66277282795e-06	1.0	0.0
,,potA_5	19.7857142857	8.66277282795e-06	1.0	0.0
,,group_8623	19.7857142857	8.66277282795e-06	1.0	0.0
,,group_21048	19.7857142857	8.66277282795e-06	1.0	0.0
,,flr	19.7857142857	8.66277282795e-06	1.0	0.0
,,group_31769	19.7857142857	8.66277282795e-06	1.0	0.0
,,group_21237	19.7857142857	8.66277282795e-06	1.0	0.0
,,group_21138	19.7857142857	8.66277282795e-06	1.0	0.0
,,group_31767	19.7857142857	8.66277282795e-06	1.0	0.0
,,group_21201	19.7857142857	8.66277282795e-06	1.0	0.0
,,group_31717	19.7857142857	8.66277282795e-06	1.0	0.0
,,group_21102	19.7857142857	8.66277282795e-06	1.0	0.0
,,group_31842	19.7857142857	8.66277282795e-06	1.0	0.0
,,group_31759	19.7857142857	8.66277282795e-06	1.0	0.0
,,group_31702	19.7857142857	8.66277282795e-06	1.0	0.0
,,group_21114	19.7857142857	8.66277282795e-06	1.0	0.0
,,group_31835	19.7857142857	8.66277282795e-06	1.0	0.0
,,group_31811	19.7857142857	8.66277282795e-06	1.0	0.0
,,yhaV_2	19.7857142857	8.66277282795e-06	1.0	0.0
,,group_22974	19.7857142857	8.66277282795e-06	1.0	0.0
,,group_31705	19.7857142857	8.66277282795e-06	1.0	0.0
,,group_41624	19.7857142857	8.66277282795e-06	1.0	0.0
,,group_38094	19.7857142857	8.66277282795e-06	1.0	0.0
,,group_19358	19.7857142857	8.66277282795e-06	1.0	0.0
,,recD_4	19.7857142857	8.66277282795e-06	1.0	0.0
,,group_31694	19.7857142857	8.66277282795e-06	1.0	0.0
,,group_31773	19.7857142857	8.66277282795e-06	1.0	0.0
,,group_9686	19.7857142857	8.66277282795e-06	1.0	0.0
,,group_5441	19.7857142857	8.66277282795e-06	1.0	0.0
,,group_21259	19.7857142857	8.66277282795e-06	1.0	0.0
,,group_21253	19.7857142857	8.66277282795e-06	1.0	0.0
,,group_9357	19.7857142857	8.66277282795e-06	1.0	0.0
,,group_12547	19.7857142857	8.66277282795e-06	1.0	0.0
,,group_31762	19.7857142857	8.66277282795e-06	1.0	0.0
,,group_30948	19.7857142857	8.66277282795e-06	1.0	0.0
,,group_21093	19.7857142857	8.66277282795e-06	1.0	0.0
,,group_7024	19.7857142857	8.66277282795e-06	1.0	0.0
,,group_18725	19.7857142857	8.66277282795e-06	1.0	0.0
,,group_31761	19.7857142857	8.66277282795e-06	1.0	0.0
,,group_21203	19.7857142857	8.66277282795e-06	1.0	0.0
,,group_25232	19.7857142857	8.66277282795e-06	1.0	0.0
,,group_4404	19.7857142857	8.66277282795e-06	1.0	0.0
,,group_41618	19.7857142857	8.66277282795e-06	1.0	0.0
,,group_31655	19.7857142857	8.66277282795e-06	1.0	0.0
,,group_41617	19.7857142857	8.66277282795e-06	1.0	0.0
,,group_21129	19.7857142857	8.66277282795e-06	1.0	0.0
,,group_31815	19.7857142857	8.66277282795e-06	1.0	0.0
,,group_31845	19.7857142857	8.66277282795e-06	1.0	0.0
,,group_9900	19.7857142857	8.66277282795e-06	1.0	0.0
,,group_765	19.7857142857	8.66277282795e-06	1.0	0.0
,,group_31818	19.7857142857	8.66277282795e-06	1.0	0.0
,,group_21139	19.7857142857	8.66277282795e-06	1.0	0.0
,,group_41627	19.7857142857	8.66277282795e-06	1.0	0.0
,,group_31806	19.7857142857	8.66277282795e-06	1.0	0.0
,,group_31708	19.7857142857	8.66277282795e-06	1.0	0.0
,,group_41626	19.7857142857	8.66277282795e-06	1.0	0.0
,,glcR	19.7857142857	8.66277282795e-06	1.0	0.0
,,group_21010	19.7857142857	8.66277282795e-06	1.0	0.0
,,group_31740	19.7857142857	8.66277282795e-06	1.0	0.0
,,group_1890	19.7857142857	8.66277282795e-06	1.0	0.0
,,group_21095	19.7857142857	8.66277282795e-06	1.0	0.0
,,group_31775	19.7857142857	8.66277282795e-06	1.0	0.0
,,group_31805	19.7857142857	8.66277282795e-06	1.0	0.0
,,group_21180	19.7857142857	8.66277282795e-06	1.0	0.0
,,group_16314	19.7857142857	8.66277282795e-06	1.0	0.0
,,group_31831	19.7857142857	8.66277282795e-06	1.0	0.0
,,group_31749	19.7857142857	8.66277282795e-06	1.0	0.0
,,group_21026	19.7857142857	8.66277282795e-06	1.0	0.0
,,group_38088	19.7857142857	8.66277282795e-06	1.0	0.0
,,group_21256	19.7857142857	8.66277282795e-06	1.0	0.0
,,group_31748	19.7857142857	8.66277282795e-06	1.0	0.0
,,group_31755	19.7857142857	8.66277282795e-06	1.0	0.0
,,group_4794	19.7857142857	8.66277282795e-06	1.0	0.0
,,group_38091	19.7857142857	8.66277282795e-06	1.0	0.0
,,group_14971	19.7857142857	8.66277282795e-06	1.0	0.0
,,group_3923	19.7857142857	8.66277282795e-06	1.0	0.0
,,group_41629	19.7857142857	8.66277282795e-06	1.0	0.0
,,group_21105	19.7857142857	8.66277282795e-06	1.0	0.0
,,group_31647	19.7857142857	8.66277282795e-06	1.0	0.0
,,group_21011	19.7857142857	8.66277282795e-06	1.0	0.0
,,group_21132	19.7857142857	8.66277282795e-06	1.0	0.0
,,group_31713	19.7857142857	8.66277282795e-06	1.0	0.0
,,group_2306	19.7857142857	8.66277282795e-06	1.0	0.0
,,group_477	19.7857142857	8.66277282795e-06	1.0	0.0
,,group_30087	19.7857142857	8.66277282795e-06	1.0	0.0
,,group_20978	19.7857142857	8.66277282795e-06	1.0	0.0
,,group_21012	19.7857142857	8.66277282795e-06	1.0	0.0
,,group_21047	19.7857142857	8.66277282795e-06	1.0	0.0
,,group_6009	19.7857142857	8.66277282795e-06	1.0	0.0
,,group_21116	19.7857142857	8.66277282795e-06	1.0	0.0
,,group_31650	19.7857142857	8.66277282795e-06	1.0	0.0
,,group_5202	19.7857142857	8.66277282795e-06	1.0	0.0
,,group_31770	19.7857142857	8.66277282795e-06	1.0	0.0
,,group_31812	19.7857142857	8.66277282795e-06	1.0	0.0
,,group_10879	19.7857142857	8.66277282795e-06	1.0	0.0
,,group_21024	19.7857142857	8.66277282795e-06	1.0	0.0
,,group_21231	19.7857142857	8.66277282795e-06	1.0	0.0
,,group_7128	19.7857142857	8.66277282795e-06	1.0	0.0
,,group_31781	19.7857142857	8.66277282795e-06	1.0	0.0
,,group_21126	19.7857142857	8.66277282795e-06	1.0	0.0
,,group_20984	19.7857142857	8.66277282795e-06	1.0	0.0
,,group_13669	19.7857142857	8.66277282795e-06	1.0	0.0
,,group_20997	19.7857142857	8.66277282795e-06	1.0	0.0
,,group_21185	19.7857142857	8.66277282795e-06	1.0	0.0
,,group_31675	19.7857142857	8.66277282795e-06	1.0	0.0
,,group_26937	19.7857142857	8.66277282795e-06	1.0	0.0
,,group_21209	19.7857142857	8.66277282795e-06	1.0	0.0
,,group_31682	19.7857142857	8.66277282795e-06	1.0	0.0
,,group_22851	19.7857142857	8.66277282795e-06	1.0	0.0
,,group_1889	19.7857142857	8.66277282795e-06	1.0	0.0
,,group_21214	19.7857142857	8.66277282795e-06	1.0	0.0
,,group_1338	19.7857142857	8.66277282795e-06	1.0	0.0
,,group_21007	19.7857142857	8.66277282795e-06	1.0	0.0
,,group_21121	19.7857142857	8.66277282795e-06	1.0	0.0
,,group_31681	19.7857142857	8.66277282795e-06	1.0	0.0
,,group_31777	19.7857142857	8.66277282795e-06	1.0	0.0
,,pqsA_2	19.7857142857	8.66277282795e-06	1.0	0.0
,,group_31649	19.7857142857	8.66277282795e-06	1.0	0.0
,,group_21089	19.7857142857	8.66277282795e-06	1.0	0.0
,,group_31820	19.7857142857	8.66277282795e-06	1.0	0.0
,,group_2633	19.7857142857	8.66277282795e-06	1.0	0.0
,,group_21117	19.7857142857	8.66277282795e-06	1.0	0.0
,,group_31659	19.7857142857	8.66277282795e-06	1.0	0.0
,,group_31737	19.7857142857	8.66277282795e-06	1.0	0.0
,,group_31776	19.7857142857	8.66277282795e-06	1.0	0.0
,,group_21083	19.7857142857	8.66277282795e-06	1.0	0.0
,,group_31752	19.7857142857	8.66277282795e-06	1.0	0.0
,,group_31819	19.7857142857	8.66277282795e-06	1.0	0.0
,,group_31701	19.7857142857	8.66277282795e-06	1.0	0.0
,,group_31734	19.7857142857	8.66277282795e-06	1.0	0.0
,,group_21103	19.7857142857	8.66277282795e-06	1.0	0.0
,,group_31696	19.7857142857	8.66277282795e-06	1.0	0.0
,,group_31789	19.7857142857	8.66277282795e-06	1.0	0.0
,,group_6054	19.7857142857	8.66277282795e-06	1.0	0.0
,,group_31756	19.7857142857	8.66277282795e-06	1.0	0.0
,,barA_7	19.7857142857	8.66277282795e-06	1.0	0.0
,,group_31674	19.7857142857	8.66277282795e-06	1.0	0.0
,,group_7432	19.7857142857	8.66277282795e-06	1.0	0.0
,,group_40870	19.7857142857	8.66277282795e-06	1.0	0.0
,,group_21096	19.7857142857	8.66277282795e-06	1.0	0.0
,,nemR_4	19.7857142857	8.66277282795e-06	1.0	0.0
,,group_36448	19.7857142857	8.66277282795e-06	1.0	0.0
,,group_6624	19.7857142857	8.66277282795e-06	1.0	0.0
,,group_5245	19.7857142857	8.66277282795e-06	1.0	0.0
,,group_22840	19.7857142857	8.66277282795e-06	1.0	0.0
,,group_18720	19.7857142857	8.66277282795e-06	1.0	0.0
,,group_31771	19.7857142857	8.66277282795e-06	1.0	0.0
,,group_31800	19.7857142857	8.66277282795e-06	1.0	0.0
,,group_21098	19.7857142857	8.66277282795e-06	1.0	0.0
,,group_14429	19.7857142857	8.66277282795e-06	1.0	0.0
,,group_13244	19.7857142857	8.66277282795e-06	1.0	0.0
,,gpr_3	19.7857142857	8.66277282795e-06	1.0	0.0
,,group_21137	19.7857142857	8.66277282795e-06	1.0	0.0
,,group_22833	19.7857142857	8.66277282795e-06	1.0	0.0
,,group_20985	19.7857142857	8.66277282795e-06	1.0	0.0
,,group_21179	19.7857142857	8.66277282795e-06	1.0	0.0
,,group_9811	19.7857142857	8.66277282795e-06	1.0	0.0
,,group_21112	19.7857142857	8.66277282795e-06	1.0	0.0
,,group_21085	19.7857142857	8.66277282795e-06	1.0	0.0
,,group_8447	19.7857142857	8.66277282795e-06	1.0	0.0
,,group_31816	19.7857142857	8.66277282795e-06	1.0	0.0
,,group_31792	19.7857142857	8.66277282795e-06	1.0	0.0
,,group_3918	19.7857142857	8.66277282795e-06	1.0	0.0
,,group_31645	19.7857142857	8.66277282795e-06	1.0	0.0
,,group_22843	19.7857142857	8.66277282795e-06	1.0	0.0
,,group_21212	19.7857142857	8.66277282795e-06	1.0	0.0
,,rtcB_3	19.7857142857	8.66277282795e-06	1.0	0.0
,,group_31733	19.7857142857	8.66277282795e-06	1.0	0.0
,,group_31802	19.7857142857	8.66277282795e-06	1.0	0.0
,,group_31651	19.7857142857	8.66277282795e-06	1.0	0.0
,,group_31823	19.7857142857	8.66277282795e-06	1.0	0.0
,,ybjL	19.7857142857	8.66277282795e-06	1.0	0.0
,,group_31706	19.7857142857	8.66277282795e-06	1.0	0.0
,,group_31715	19.7857142857	8.66277282795e-06	1.0	0.0
,,group_31774	19.7857142857	8.66277282795e-06	1.0	0.0
,,group_33522	19.7857142857	8.66277282795e-06	1.0	0.0
,,group_9968	19.7857142857	8.66277282795e-06	1.0	0.0
,,emrE	19.7857142857	8.66277282795e-06	1.0	0.0
,,group_21009	19.7857142857	8.66277282795e-06	1.0	0.0
,,group_31750	19.7857142857	8.66277282795e-06	1.0	0.0
,,group_31654	19.7857142857	8.66277282795e-06	1.0	0.0
,,group_2199	19.7857142857	8.66277282795e-06	1.0	0.0
,,group_13160	19.7857142857	8.66277282795e-06	1.0	0.0
,,group_14541	19.7857142857	8.66277282795e-06	1.0	0.0
,,group_21099	19.7857142857	8.66277282795e-06	1.0	0.0
,,group_20979	19.7857142857	8.66277282795e-06	1.0	0.0
,,group_6622	19.7857142857	8.66277282795e-06	1.0	0.0
,,hxlR	19.7857142857	8.66277282795e-06	1.0	0.0
,,hcpC_3	19.7857142857	8.66277282795e-06	1.0	0.0
,,hcaR_6	19.7857142857	8.66277282795e-06	1.0	0.0
,,group_21094	19.7857142857	8.66277282795e-06	1.0	0.0
,,group_37938	19.7857142857	8.66277282795e-06	1.0	0.0
,,group_31784	19.7857142857	8.66277282795e-06	1.0	0.0
,,arsR2_2	19.7857142857	8.66277282795e-06	1.0	0.0
,,group_21176	19.7857142857	8.66277282795e-06	1.0	0.0
,,group_31719	19.7857142857	8.66277282795e-06	1.0	0.0
,,group_31791	19.7857142857	8.66277282795e-06	1.0	0.0
,,group_31764	19.7857142857	8.66277282795e-06	1.0	0.0
,,group_31844	19.7857142857	8.66277282795e-06	1.0	0.0
,,group_21193	19.7857142857	8.66277282795e-06	1.0	0.0
,,group_21200	19.7857142857	8.66277282795e-06	1.0	0.0
,,group_6219	19.7857142857	8.66277282795e-06	1.0	0.0
,,group_21195	19.7857142857	8.66277282795e-06	1.0	0.0
,,group_21122	19.7857142857	8.66277282795e-06	1.0	0.0
,,group_10705	19.7857142857	8.66277282795e-06	1.0	0.0
,,group_10848	19.7857142857	8.66277282795e-06	1.0	0.0
,,traC_4	19.7857142857	8.66277282795e-06	1.0	0.0
,,group_11844	19.7857142857	8.66277282795e-06	1.0	0.0
,,ohrR_3	19.7857142857	8.66277282795e-06	1.0	0.0
,,group_31656	19.7857142857	8.66277282795e-06	1.0	0.0
,,group_31783	19.7857142857	8.66277282795e-06	1.0	0.0
,,group_3367	19.7857142857	8.66277282795e-06	1.0	0.0
,,group_21018	19.7857142857	8.66277282795e-06	1.0	0.0
,,group_35683	19.7857142857	8.66277282795e-06	1.0	0.0
,,group_20987	19.7857142857	8.66277282795e-06	1.0	0.0
,,group_21113	19.7857142857	8.66277282795e-06	1.0	0.0
,,group_639	19.7857142857	8.66277282795e-06	1.0	0.0
,,mhpA_2	19.7857142857	8.66277282795e-06	1.0	0.0
,,group_7921	19.7857142857	8.66277282795e-06	1.0	0.0
,,group_4591	19.7857142857	8.66277282795e-06	1.0	0.0
,,group_3247	19.7857142857	8.66277282795e-06	1.0	0.0
,,group_19245	19.7857142857	8.66277282795e-06	1.0	0.0
,,yhfK	19.7857142857	8.66277282795e-06	1.0	0.0
,,group_21029	19.7857142857	8.66277282795e-06	1.0	0.0
,,group_4022	19.7857142857	8.66277282795e-06	1.0	0.0
,,group_31723	19.7857142857	8.66277282795e-06	1.0	0.0
,,group_31646	19.7857142857	8.66277282795e-06	1.0	0.0
,,group_41634	19.7857142857	8.66277282795e-06	1.0	0.0
,,group_41616	19.7857142857	8.66277282795e-06	1.0	0.0
,,group_37123	19.7857142857	8.66277282795e-06	1.0	0.0
,,group_21104	19.7857142857	8.66277282795e-06	1.0	0.0
,,group_31704	19.7857142857	8.66277282795e-06	1.0	0.0
,,group_21123	19.7857142857	8.66277282795e-06	1.0	0.0
,,group_31779	19.7857142857	8.66277282795e-06	1.0	0.0
,,group_31711	19.7857142857	8.66277282795e-06	1.0	0.0
,,group_37939	19.7857142857	8.66277282795e-06	1.0	0.0
,,group_12775	19.7857142857	8.66277282795e-06	1.0	0.0
,,group_31643	19.7857142857	8.66277282795e-06	1.0	0.0
,,group_21238	19.7857142857	8.66277282795e-06	1.0	0.0
,,group_21207	19.7857142857	8.66277282795e-06	1.0	0.0
,,group_31739	19.7857142857	8.66277282795e-06	1.0	0.0
,,group_11641	19.7857142857	8.66277282795e-06	1.0	0.0
,,group_21021	19.7857142857	8.66277282795e-06	1.0	0.0
,,group_21082	19.7857142857	8.66277282795e-06	1.0	0.0
,,group_31827	19.7857142857	8.66277282795e-06	1.0	0.0
,,group_21088	19.7857142857	8.66277282795e-06	1.0	0.0
,,group_12008	19.7857142857	8.66277282795e-06	1.0	0.0
,,group_31787	19.7857142857	8.66277282795e-06	1.0	0.0
,,group_18735	19.7857142857	8.66277282795e-06	1.0	0.0
,,group_9228	19.7857142857	8.66277282795e-06	1.0	0.0
,,group_31703	19.7857142857	8.66277282795e-06	1.0	0.0
,,group_6005	19.7857142857	8.66277282795e-06	1.0	0.0
,,group_20967	19.7857142857	8.66277282795e-06	1.0	0.0
,,group_31780	19.7857142857	8.66277282795e-06	1.0	0.0
,,group_41619	19.7857142857	8.66277282795e-06	1.0	0.0
,,group_21081	19.7857142857	8.66277282795e-06	1.0	0.0
,,group_4405	19.7857142857	8.66277282795e-06	1.0	0.0
,,group_21183	19.7857142857	8.66277282795e-06	1.0	0.0
,,group_20976	19.7857142857	8.66277282795e-06	1.0	0.0
,,group_4758	19.7857142857	8.66277282795e-06	1.0	0.0
,,group_21216	19.7857142857	8.66277282795e-06	1.0	0.0
,,group_11375	19.7857142857	8.66277282795e-06	1.0	0.0
,,group_18723	19.7857142857	8.66277282795e-06	1.0	0.0
,,group_21110	19.7857142857	8.66277282795e-06	1.0	0.0
,,group_21050	19.7857142857	8.66277282795e-06	1.0	0.0
,,group_31722	19.7857142857	8.66277282795e-06	1.0	0.0
,,group_21213	19.7857142857	8.66277282795e-06	1.0	0.0
,,group_41615	19.7857142857	8.66277282795e-06	1.0	0.0
,,group_31846	19.7857142857	8.66277282795e-06	1.0	0.0
,,group_22834	19.7857142857	8.66277282795e-06	1.0	0.0
,,group_20986	19.7857142857	8.66277282795e-06	1.0	0.0
,,tsf_2	19.7857142857	8.66277282795e-06	1.0	0.0
,,group_6717	19.7857142857	8.66277282795e-06	1.0	0.0
,,group_31803	19.7857142857	8.66277282795e-06	1.0	0.0
,,group_21190	19.7857142857	8.66277282795e-06	1.0	0.0
,,group_4767	19.7857142857	8.66277282795e-06	1.0	0.0
,,group_10994	19.7857142857	8.66277282795e-06	1.0	0.0
,,group_11887	19.7857142857	8.66277282795e-06	1.0	0.0
,,group_41621	19.7857142857	8.66277282795e-06	1.0	0.0
,,group_31686	19.7857142857	8.66277282795e-06	1.0	0.0
,,group_4509	19.7857142857	8.66277282795e-06	1.0	0.0
,,group_21133	19.7857142857	8.66277282795e-06	1.0	0.0
,,group_11961	19.7857142857	8.66277282795e-06	1.0	0.0
,,group_21177	19.7857142857	8.66277282795e-06	1.0	0.0
,,group_21115	19.7857142857	8.66277282795e-06	1.0	0.0
,,group_41625	19.7857142857	8.66277282795e-06	1.0	0.0
,,group_18708	19.7857142857	8.66277282795e-06	1.0	0.0
,,group_5721	19.7857142857	8.66277282795e-06	1.0	0.0
,,group_41630	19.7857142857	8.66277282795e-06	1.0	0.0
,,group_21017	19.7857142857	8.66277282795e-06	1.0	0.0
,,group_21107	19.7857142857	8.66277282795e-06	1.0	0.0
,,recC_2	19.7857142857	8.66277282795e-06	1.0	0.0
,,lasA_1	19.7857142857	8.66277282795e-06	1.0	0.0
,,group_21014	19.7857142857	8.66277282795e-06	1.0	0.0
,,group_21049	19.7857142857	8.66277282795e-06	1.0	0.0
,,group_7328	19.7857142857	8.66277282795e-06	1.0	0.0
,,group_31684	19.7857142857	8.66277282795e-06	1.0	0.0
,,group_21111	19.7857142857	8.66277282795e-06	1.0	0.0
,,group_13314	19.7857142857	8.66277282795e-06	1.0	0.0
,,prlF_2	19.7857142857	8.66277282795e-06	1.0	0.0
,,group_21211	19.7857142857	8.66277282795e-06	1.0	0.0
,,group_4974	19.7857142857	8.66277282795e-06	1.0	0.0
,,group_31677	19.7857142857	8.66277282795e-06	1.0	0.0
,,group_13510	19.7857142857	8.66277282795e-06	1.0	0.0
,,group_22598	19.7857142857	8.66277282795e-06	1.0	0.0
,,group_21058	19.7857142857	8.66277282795e-06	1.0	0.0
,,group_21097	19.7857142857	8.66277282795e-06	1.0	0.0
PA14_03240,hcpC,group_41775	19.7857142857	8.66277282795e-06	1.0	0.0
,,group_31738	19.7857142857	8.66277282795e-06	1.0	0.0
,,group_21194	19.7857142857	8.66277282795e-06	1.0	0.0
,,group_31753	19.7857142857	8.66277282795e-06	1.0	0.0
,,group_5759	19.7857142857	8.66277282795e-06	1.0	0.0
,,group_31644	19.7857142857	8.66277282795e-06	1.0	0.0
,,group_11444	19.7857142857	8.66277282795e-06	1.0	0.0
,,group_31666	19.7857142857	8.66277282795e-06	1.0	0.0
,,group_31746	19.7857142857	8.66277282795e-06	1.0	0.0
,,group_3249	19.7857142857	8.66277282795e-06	1.0	0.0
,,group_1337	19.7857142857	8.66277282795e-06	1.0	0.0
,,group_31782	19.7857142857	8.66277282795e-06	1.0	0.0
,,group_22838	19.7857142857	8.66277282795e-06	1.0	0.0
,,group_31768	19.7857142857	8.66277282795e-06	1.0	0.0
,,group_20915	19.7857142857	8.66277282795e-06	1.0	0.0
,,group_21057	19.7857142857	8.66277282795e-06	1.0	0.0
,,group_5086	19.7857142857	8.66277282795e-06	1.0	0.0
,,group_20913	19.7857142857	8.66277282795e-06	1.0	0.0
,,group_31690	19.7857142857	8.66277282795e-06	1.0	0.0
,,group_31790	19.7857142857	8.66277282795e-06	1.0	0.0
,,group_7868	19.7857142857	8.66277282795e-06	1.0	0.0
,,group_31832	19.7857142857	8.66277282795e-06	1.0	0.0
,,group_21023	19.7857142857	8.66277282795e-06	1.0	0.0
,,group_21184	19.7857142857	8.66277282795e-06	1.0	0.0
,,group_31763	19.7857142857	8.66277282795e-06	1.0	0.0
,,group_21106	19.7857142857	8.66277282795e-06	1.0	0.0
,,group_31836	19.7857142857	8.66277282795e-06	1.0	0.0
,,group_4856	19.7857142857	8.66277282795e-06	1.0	0.0
,,group_21087	19.7857142857	8.66277282795e-06	1.0	0.0
,,group_38092	19.7857142857	8.66277282795e-06	1.0	0.0
,,group_21025	19.7857142857	8.66277282795e-06	1.0	0.0
,,ltrA_7	19.7857142857	8.66277282795e-06	1.0	0.0
,,group_21196	19.7857142857	8.66277282795e-06	1.0	0.0
,,group_21202	19.7857142857	8.66277282795e-06	1.0	0.0
,,group_21215	19.7857142857	8.66277282795e-06	1.0	0.0
,,group_3198	19.7857142857	8.66277282795e-06	1.0	0.0
,,group_21141	19.7857142857	8.66277282795e-06	1.0	0.0
,,group_21218	19.7857142857	8.66277282795e-06	1.0	0.0
,,group_21254	19.7857142857	8.66277282795e-06	1.0	0.0
,,group_36446	19.7857142857	8.66277282795e-06	1.0	0.0
,,group_31700	19.7857142857	8.66277282795e-06	1.0	0.0
,,group_21015	19.7857142857	8.66277282795e-06	1.0	0.0
,,group_21197	19.7857142857	8.66277282795e-06	1.0	0.0
,,rcsC_4	19.7857142857	8.66277282795e-06	1.0	0.0
,,group_22841	19.7857142857	8.66277282795e-06	1.0	0.0
,,group_31757	19.7857142857	8.66277282795e-06	1.0	0.0
,,group_31830	19.7857142857	8.66277282795e-06	1.0	0.0
,,group_31688	19.7857142857	8.66277282795e-06	1.0	0.0
,,group_4752	19.7857142857	8.66277282795e-06	1.0	0.0
,,group_37163	19.7857142857	8.66277282795e-06	1.0	0.0
,,group_31839	19.7857142857	8.66277282795e-06	1.0	0.0
,,group_2289	19.7857142857	8.66277282795e-06	1.0	0.0
,,group_31689	19.7857142857	8.66277282795e-06	1.0	0.0
,,group_31824	19.7857142857	8.66277282795e-06	1.0	0.0
,,group_21188	19.7857142857	8.66277282795e-06	1.0	0.0
,,group_21208	19.7857142857	8.66277282795e-06	1.0	0.0
