feature	score	p-value	#I-out-of-206	#O-out-of-73
PA14_31220	450.988188481	4.39601275373e-100	1058.0	940.0
PA14_28800	387.759127928	2.54519688472e-86	1498.0	1132.0
PA14_28790	332.225271867	3.14865468109e-74	1134.0	890.0
PA14_28770	269.52756721	1.43838202584e-60	1758.0	1150.0
PA14_41290	251.337009124	1.32728040352e-56	9209.0	2253.0
PA14_31050	240.010085708	3.91296885114e-54	4753.0	2468.0
PA14_31060	232.069100108	2.10918632202e-52	4899.0	2517.0
PA14_28830	232.025466272	2.15590887788e-52	3028.0	532.0
PA14_07300	226.633685291	3.23223383222e-51	4868.0	2494.0
PA14_31010	224.638265282	8.8045350516e-51	4458.0	2314.0
PA14_34170	216.856510446	4.38612294558e-49	10141.0	2604.0
PA14_28780	215.22965266	9.93044846263e-49	2000.0	1203.0
PA14_31240	211.755560946	5.68669030774e-48	4357.0	2248.0
PA14_31030	197.781745823	6.36675008519e-45	3952.0	2049.0
PA14_31040	189.009898373	5.22939847569e-43	4200.0	2140.0
PA14_23350,orfA	188.388215094	7.14753950344e-43	1940.0	1141.0
PA14_35850	188.058851153	8.43437832262e-43	4183.0	2131.0
PA14_15660	177.654836967	1.57573339601e-40	4762.0	1081.0
PA14_31230	174.87494064	6.37553278188e-40	1820.0	1068.0
PA14_29330	162.883815153	2.65218301913e-37	6233.0	1539.0
PA14_49540	149.043687514	2.80537679867e-34	5497.0	2602.0
PA14_15630	144.817031311	2.35484659169e-33	4536.0	1071.0
PA14_33680,fpvA	140.890485769	1.70015823357e-32	5219.0	2469.0
PA14_31170	127.529166228	1.42294322706e-29	4974.0	1233.0
PA14_14560	119.776127406	7.08184114926e-28	700.0	471.0
PA14_03380	116.700131282	3.33924242952e-27	3166.0	721.0
PA14_46610	114.961078016	8.02573504423e-27	3542.0	833.0
PA14_35840	109.619568159	1.18722747212e-25	4495.0	2099.0
PA14_46620	108.890605275	1.7149429207e-25	4378.0	1092.0
PA14_34180,msuE	108.517120946	2.07054036217e-25	8485.0	2361.0
PA14_15620	107.502739868	3.45427566466e-25	4061.0	1000.0
PA14_41280	103.576078209	2.50584618826e-24	12418.0	3633.0
PA14_15650	102.903132226	3.51942753846e-24	5243.0	1367.0
PA14_60690	101.085908148	8.80792916262e-24	8438.0	2368.0
PA14_53580	99.7676841629	1.71363666849e-23	960.0	573.0
PA14_52500	96.7961454558	7.68455618876e-23	9133.0	2602.0
PA14_03166	96.4159313374	9.31148669979e-23	862.0	523.0
PA14_39220	95.6014618782	1.40502625675e-22	4704.0	1219.0
PA14_28810	93.5478956903	3.96488962527e-22	4253.0	1961.0
PA14_34940	91.7745186497	9.71372422152e-22	4855.0	1274.0
PA14_54970	90.6935028961	1.67743146883e-21	1230.0	220.0
PA14_03310	89.8497500549	2.56951038088e-21	2106.0	1064.0
PA14_30950	88.9196786869	4.1117278448e-21	5815.0	1578.0
PA14_35720	88.3295911045	5.54083422928e-21	1579.0	316.0
PA14_59120	88.1040104436	6.21015896206e-21	802.0	115.0
PA14_31000	83.0735419328	7.90567847743e-20	3724.0	1720.0
PA14_58740	82.9068924476	8.60107516177e-20	3325.0	1557.0
PA14_30930,trbC	78.8831305191	6.58950451205e-19	5098.0	1381.0
PA14_55030	78.7868558059	6.91858682488e-19	181.0	162.0
PA14_46560	78.5518052705	7.79275883022e-19	1973.0	440.0
PA14_35930	77.7793280435	1.15219724353e-18	3713.0	957.0
PA14_35710	76.7800229751	1.91100917765e-18	1541.0	321.0
PA14_59390	75.7562322726	3.20936543813e-18	5924.0	2577.0
PA14_20550	74.925529973	4.8880815787e-18	10092.0	2987.0
PA14_15500,traK	73.8200487226	8.55730308795e-18	379.0	264.0
PA14_15435	73.4633558689	1.02521928513e-17	7114.0	2033.0
PA14_34190,msuD	72.4011321102	1.75613179939e-17	9794.0	2900.0
PA14_03285	72.2854503982	1.86215277367e-17	2803.0	694.0
PA14_23370,orfK	71.4195381233	2.88798185493e-17	2214.0	1073.0
PA1781.1,P11	71.2967759556	3.07337599709e-17	3854.0	1015.0
PA14_44530,ygdE	69.7593871201	6.69982483336e-17	6179.0	1747.0
PA14_20300,phnC	69.4539821533	7.8218314531e-17	7575.0	2194.0
PA14_46600	68.2069759299	1.47204060489e-16	3537.0	925.0
PA14_34780	68.1006364148	1.5536051471e-16	7221.0	2085.0
PA14_41510,nasA	66.1658570932	4.14531295754e-16	6595.0	1891.0
PA14_46800	65.0291610671	7.37978610639e-16	7651.0	2234.0
PA14_12170	64.4649506032	9.82648917667e-16	4055.0	1094.0
PA14_73050	64.4005615954	1.0152921068e-15	7644.0	2234.0
PA14_07480	64.3684245209	1.03198822687e-15	8534.0	2522.0
PA14_46570	63.7695139595	1.39861275613e-15	4136.0	1121.0
PA14_15490	63.3007770939	1.77434296884e-15	215.0	169.0
PA14_32660	63.1706622132	1.89550674906e-15	7345.0	2142.0
PA14_55460,hxcZ	62.7377825201	2.36141895198e-15	5298.0	1489.0
PA14_23360,wzz	62.6237226529	2.50221294203e-15	3199.0	1455.0
PA14_33980	62.4197324414	2.7752852561e-15	7166.0	2087.0
PA14_55000	62.0773709197	3.30224410258e-15	301.0	213.0
PA14_33970	62.0270812932	3.38766259809e-15	7292.0	2129.0
PA14_36150	61.8483359387	3.70955745179e-15	5100.0	1429.0
PA14_37550	61.2011714163	5.153085942e-15	6730.0	1951.0
PA14_35390,pvcD	60.8046379792	6.30292526562e-15	6595.0	1909.0
PA2570.1a,tRNA-Leu	59.7754933177	1.06319027154e-14	4086.0	1116.0
PA14_39780,hvn	58.7718117649	1.77059804363e-14	9747.0	2940.0
PA14_32640	57.7460286352	2.9824158714e-14	7568.0	2234.0
PA14_59190	57.663574118	3.11009267026e-14	1818.0	879.0
PA14_55020	57.1527942221	4.03234536187e-14	182.0	146.0
PA14_49720	57.1371789532	4.06448903002e-14	4869.0	1370.0
PA14_11030	56.0708337275	6.99064988734e-14	8320.0	2485.0
PA14_54950	55.7383971602	8.27854418449e-14	614.0	356.0
PA14_63450	55.7001313062	8.44126426938e-14	977.0	518.0
PA14_15470,merP	55.6439118402	8.68615211373e-14	7497.0	2219.0
PA14_08140,XR2	55.6263907191	8.76391621592e-14	9037.0	2721.0
PA14_43100	55.1192098524	1.13436807895e-13	7238.0	2137.0
PA14_51600	55.078614924	1.15804042283e-13	10765.0	3291.0
PA14_29750	54.7334726075	1.38035155415e-13	9175.0	2770.0
PA14_35830,tnpT	54.633273522	1.45255363497e-13	6531.0	2738.0
PA14_15370	53.3249833554	2.82688374425e-13	186.0	145.0
PA14_15450,merD	53.1944986424	3.02103685789e-13	6437.0	1885.0
PA14_35550,pslO	52.3196952336	4.71620649825e-13	7454.0	2218.0
PA14_53680	52.1454073548	5.1539251489e-13	6870.0	2029.0
PA14_27890	51.8119018892	6.10804302755e-13	6863.0	2028.0
PA14_01130	51.411170851	7.49110649615e-13	6358.0	1866.0
PA14_35700	50.7855213249	1.03030947984e-12	920.0	185.0
PA14_15260	50.4443831044	1.2259016916e-12	8218.0	2475.0
PA14_19720	50.2537624495	1.35095441063e-12	6823.0	2021.0
PA14_64260	49.1964716141	2.31566856351e-12	5946.0	1741.0
PA14_73060,cynT	48.9836333631	2.58107231644e-12	8089.0	2439.0
PA14_10790,ampC	48.9350873602	2.64575183295e-12	11379.0	3524.0
PA14_27690,fecI	48.2832080056	3.6889771148e-12	4512.0	1284.0
PA14_61510	48.2757516886	3.70303103735e-12	7606.0	2284.0
PA14_15430,tnpR	47.7233777089	4.90803997935e-12	6728.0	2000.0
PA14_52510	47.7146399153	4.9299637574e-12	10189.0	3136.0
PA14_49310	47.5354578488	5.40179908129e-12	7223.0	2162.0
PA14_22270	47.527403354	5.42403930861e-12	4658.0	1333.0
PA14_22080	47.3565450018	5.91801878329e-12	4034.0	1135.0
PA14_23380,orfH	46.9130069407	7.42085696164e-12	2280.0	1043.0
PA14_59550	46.8464610894	7.67716043927e-12	933.0	484.0
PA14_15445,merE	46.6254388761	8.59373667454e-12	6364.0	1886.0
PA14_31260	46.3119278424	1.00848156172e-11	5020.0	1453.0
PA14_34410,mtlF	46.1592977347	1.0901842425e-11	8973.0	2742.0
PA14_49000	45.8557343137	1.27289976777e-11	697.0	131.0
PA14_30940,trbB	45.5408471832	1.49488597157e-11	7479.0	2254.0
PA14_54940	45.4594859689	1.55828997273e-11	725.0	391.0
PA14_20040,hasE	45.2141437233	1.76624878152e-11	7725.0	2336.0
PA14_35730	45.1994078769	1.7795888413e-11	1716.0	423.0
PA0836.1,P5	44.8509925695	2.12613069281e-11	6570.0	1960.0
PA14_33320	44.7032771027	2.29273255905e-11	6224.0	1848.0
PA14_48230	44.135595843	3.06398171579e-11	2427.0	641.0
PA14_32810	43.8236862997	3.59329877512e-11	6819.0	2803.0
PA14_52480	43.1233262498	5.1395828632e-11	11329.0	3538.0
PA14_44200	42.9718239439	5.55339347569e-11	6037.0	1794.0
PA14_30870,trbF	42.8679038743	5.85636478743e-11	6484.0	1940.0
PA14_54980	42.3345048266	7.69233746894e-11	375.0	228.0
PA14_48450	42.1529199862	8.44078177345e-11	6778.0	2039.0
PA14_03340	41.5188190072	1.16741700299e-10	3015.0	1321.0
PA14_69550	41.494881052	1.18179975477e-10	11602.0	3638.0
PA14_15420	41.39775704	1.24199811696e-10	6756.0	2035.0
PA14_34200,msuC	41.3333080943	1.2836289439e-10	9914.0	3077.0
PA14_35810	41.2936269273	1.30995287068e-10	7414.0	3018.0
PA14_08020,gpW	41.1509223143	1.40916748715e-10	10588.0	3302.0
PA14_46400,yqhC	41.0810833978	1.46042986096e-10	10196.0	3172.0
PA14_60320,pilE	40.9534584082	1.55897894787e-10	2475.0	1105.0
PA14_31990,czcB	40.3778997967	2.09295219915e-10	6880.0	2080.0
PA14_59800	40.3778619711	2.09299272004e-10	687.0	135.0
PA14_47930	40.0875841954	2.42827461041e-10	8806.0	2716.0
PA14_51610	40.0031601383	2.5355232896e-10	8998.0	2780.0
PA14_20500	39.9774370927	2.56913381252e-10	9242.0	2861.0
PA14_73390	39.685624651	2.98313212081e-10	9885.0	3076.0
PA14_60070	39.3721137622	3.502635665e-10	1733.0	440.0
PA14_55620,5S-rRNA	39.3679091104	3.51018603188e-10	7396.0	2254.0
PA14_31180	39.3486322543	3.54501095366e-10	7189.0	2186.0
PA14_19520,ssuB	39.2213561878	3.78378796513e-10	7397.0	2255.0
PA14_39650,cirA	39.0219155195	4.19074585906e-10	6679.0	2020.0
PA14_08040,gpI	38.7719958384	4.76312489853e-10	12210.0	3857.0
PA14_03330	38.7631047659	4.78487011956e-10	3050.0	1326.0
PA14_18960	38.5858664466	5.23969823858e-10	6856.0	2080.0
PA14_59790,pvrR	38.5046719517	5.46227697972e-10	645.0	126.0
PA14_33310	37.9643528135	7.20490786304e-10	6546.0	1981.0
PA14_43080	37.880059389	7.52302601227e-10	11507.0	3627.0
PA14_10900,ydjL	37.591445182	8.7226200472e-10	6739.0	2046.0
PA14_08130,gpU	37.3489316353	9.87749748488e-10	11100.0	3494.0
PA14_14540	36.6166870225	1.43795487566e-09	2702.0	1182.0
PA14_34390,mtlG	36.6142180345	1.43977731203e-09	9066.0	2820.0
PA14_51500	36.4764496028	1.54521992459e-09	12085.0	3829.0
PA14_03360	36.0583396965	1.91497454229e-09	3349.0	1434.0
PA14_08010,gpV	35.8833387758	2.0949250929e-09	11934.0	3782.0
PA14_19140,pheC	35.8506863558	2.13032972794e-09	14093.0	4508.0
PA14_20370,phnH	35.8322618657	2.15057096365e-09	6575.0	2000.0
PA14_22230	35.6564282132	2.3536992939e-09	3485.0	997.0
PA14_08090,gpFII	35.4390827282	2.63153226709e-09	11568.0	3662.0
PA14_03370	35.4002201415	2.68456539936e-09	3168.0	1361.0
PA14_27430	35.2455670195	2.90642913387e-09	10130.0	3182.0
PA14_49620	35.0363096955	3.23614213925e-09	8716.0	2712.0
PA14_50050	34.9093114478	3.45424959706e-09	6975.0	2136.0
PA14_28010	34.7825439132	3.68664208674e-09	14786.0	4749.0
PA14_30030	34.6418879617	3.96286516978e-09	11103.0	3511.0
PA14_10910,phlE	34.6023124097	4.04425578344e-09	7757.0	2396.0
PA14_08100	34.6004237795	4.04818149838e-09	10950.0	3460.0
PA14_53650	34.551606586	4.15098798942e-09	7436.0	2290.0
PA14_43020	34.4075246468	4.46991828061e-09	11573.0	3670.0
PA14_15590	34.253633136	4.8377145547e-09	2343.0	640.0
PA14_53660	33.9333608207	5.70323480265e-09	8542.0	2660.0
PA14_33060	33.8475625498	5.96037203355e-09	10381.0	3274.0
PA14_49510,pyoS3I	33.8113307879	6.0724157153e-09	5374.0	1615.0
PA14_26340	33.6890012455	6.46652794667e-09	6915.0	2122.0
PA14_32820	33.4733200632	7.22482889881e-09	4483.0	1863.0
PA14_33350	33.3302189559	7.77648021969e-09	5325.0	1601.0
PA14_54030	33.1751155039	8.42214784369e-09	6962.0	2140.0
PA14_59490	32.9783372159	9.31914763973e-09	4830.0	1994.0
PA14_54900	32.944926001	9.48068611993e-09	362.0	210.0
PA14_30850,trbI	32.8148493205	1.01367541418e-08	9250.0	2902.0
PA14_52490	32.8083498988	1.01707028269e-08	11442.0	3636.0
PA14_08030	32.5049828092	1.18887319867e-08	12379.0	3953.0
PA14_10990,hpaC	32.4724329478	1.20895324974e-08	8263.0	2575.0
PA14_19510,ssuC	32.4537970317	1.22060232732e-08	7718.0	2394.0
PA14_48500	32.3122253001	1.31284736068e-08	6289.0	1922.0
PA14_22210	32.1939922616	1.39521505016e-08	3243.0	931.0
PA14_15475,merT	32.0181818648	1.52736336975e-08	8736.0	2735.0
PA14_08150,gpD	31.8453794604	1.66946339145e-08	12173.0	3888.0
PA14_35630,pslJ	31.7775429209	1.72880141854e-08	15163.0	4898.0
PA14_31270	31.5428529507	1.95087085011e-08	2655.0	1147.0
PA14_34210,sfnR	31.5216677272	1.9722713735e-08	10405.0	3296.0
PA14_39630	31.483338675	2.0115893401e-08	5026.0	1511.0
PA14_08070,gpFI	31.2954487878	2.21598521097e-08	12978.0	4163.0
PA14_67220	31.2112498944	2.31421061161e-08	14805.0	4781.0
PA14_33710,pvdO	31.190817457	2.33869726247e-08	7008.0	2165.0
PA14_15520,trbJ	31.1844686266	2.34635855542e-08	1793.0	477.0
PA14_38920	30.9739027007	2.61521349346e-08	7803.0	2430.0
PA14_43040	30.9151094379	2.69564911689e-08	12825.0	4114.0
PA14_63740	30.9018821929	2.71408427155e-08	5046.0	1520.0
PA14_68430,fdhD	30.8213621308	2.8290636646e-08	10836.0	3445.0
PA14_39620	30.7305948901	2.96453713398e-08	7423.0	2305.0
PA14_40520	30.6955346092	3.01858923113e-08	4443.0	1324.0
PA14_39640,cobN	30.6598109324	3.07467971413e-08	8821.0	2771.0
PA14_33330	30.6242099809	3.1316162632e-08	5989.0	1831.0
PA14_35750,tpnC	30.5640562034	3.23023054061e-08	4325.0	1790.0
PA14_59220	30.5515025674	3.25119974647e-08	5587.0	1699.0
PA14_33380	30.5213127217	3.30218795155e-08	8585.0	2693.0
PA14_33230	30.4219131056	3.47579532024e-08	7728.0	2408.0
PA14_27880	30.2298411732	3.83759249106e-08	9053.0	2851.0
PA14_02130	30.1045240958	4.09375080608e-08	13436.0	4326.0
PA14_10780	30.0865145126	4.13194570748e-08	11283.0	3600.0
PA14_15270	30.0703828561	4.16646091038e-08	6169.0	1893.0
PA14_46420	29.9587409866	4.41337858657e-08	8797.0	2767.0
PA14_55360,exbB2	29.9280619953	4.48376326222e-08	9248.0	2918.0
PA14_01140	29.9196756891	4.50319835826e-08	12197.0	3909.0
PA14_55390	29.7869368674	4.82230366641e-08	9923.0	3145.0
PA14_26160	29.5165237531	5.54420119549e-08	8903.0	2805.0
PA14_32840	29.4502382003	5.73709876989e-08	12703.0	4083.0
PA14_33920	29.4280877914	5.80304628609e-08	8138.0	2550.0
PA14_27700	29.3175034107	6.14382226227e-08	6557.0	2025.0
PA14_38410,amrB	29.2149986364	6.47758350009e-08	14634.0	4738.0
PA14_48640	29.201872542	6.5216147562e-08	6682.0	2067.0
PA14_22220	29.1178573098	6.8106330701e-08	3428.0	1001.0
PA14_35420,pvcB	29.1005806293	6.8716387055e-08	6786.0	2102.0
PA14_35860	29.0776350445	6.95350912988e-08	8689.0	2736.0
PA14_20510	28.9822512308	7.30444983046e-08	13551.0	4373.0
PA14_10490	28.9780986547	7.32012499858e-08	9440.0	2988.0
PA14_02110	28.9648589562	7.37032768915e-08	12903.0	4154.0
PA14_32650	28.9550675655	7.4076767586e-08	7533.0	2351.0
PA14_59230	28.8805350035	7.69826609729e-08	3208.0	931.0
PA14_15410	28.8614570437	7.77446623379e-08	6719.0	2081.0
PA14_63720	28.8163776593	7.95753619744e-08	6072.0	1867.0
PA14_18970,pldA	28.6700029873	8.58228877828e-08	8649.0	2725.0
PA14_47900	28.6628855709	8.61389019057e-08	8197.0	2574.0
PA14_20600	28.6194248985	8.80940181209e-08	6661.0	2063.0
PA14_47940	28.6124824801	8.84104218381e-08	6196.0	1909.0
PA14_42990	28.6095334106	8.85451713219e-08	12999.0	4189.0
PA14_54960	28.5594516364	9.08651982468e-08	340.0	194.0
PA14_39720	28.5448608716	9.15525004685e-08	8189.0	2572.0
PA14_49610	28.290763136	1.04392936083e-07	7975.0	2502.0
PA14_11670	28.1438508002	1.12624931439e-07	11482.0	3680.0
PA14_17000	27.9615010458	1.23753226589e-07	11333.0	3631.0
PA14_22190	27.9598223246	1.23860634032e-07	3764.0	1114.0
PA14_12180	27.9530001682	1.24298089335e-07	6322.0	1954.0
PA14_54050	27.9323746219	1.25630094897e-07	6819.0	2119.0
PA14_08000	27.791494574	1.35118828878e-07	11205.0	3589.0
PA14_48030	27.7559368797	1.37625209808e-07	11886.0	3819.0
PA14_39790	27.4800738007	1.58721414164e-07	12889.0	4160.0
PA14_22090	27.4610204273	1.60292849612e-07	3431.0	1008.0
PA14_48460	27.4574996323	1.60584931007e-07	6236.0	1928.0
PA14_40910	27.2950659861	1.74656518398e-07	14446.0	4689.0
PA14_33300	27.1679389207	1.86526374007e-07	5718.0	1758.0
PA5204-PA5205,phrY	27.1037333773	1.9282519312e-07	6872.0	2141.0
PA14_37000,cupA5	26.9528697875	2.08477379413e-07	7305.0	2286.0
PA14_26580	26.9137589712	2.12738998235e-07	4947.0	1505.0
PA14_15250	26.7276309668	2.34247784906e-07	8522.0	2694.0
PA14_08110	26.6336551722	2.45922411848e-07	10627.0	3402.0
PA14_54880	26.5406453576	2.58051240741e-07	434.0	233.0
PA14_29540,hplW	26.3972847781	2.77930902607e-07	8868.0	2812.0
PA14_42960	26.1974829341	3.08224024711e-07	10639.0	3409.0
PA14_03265	26.1464923042	3.16471478676e-07	3283.0	965.0
PA14_63420	26.0101749879	3.39622697191e-07	11870.0	3826.0
PA14_60060	26.0084595216	3.39924606367e-07	598.0	130.0
PA14_34000	25.9911031422	3.42994370768e-07	11186.0	3595.0
PA14_03163	25.9837558314	3.44302222357e-07	2022.0	880.0
PA14_00570	25.9681124203	3.47103490672e-07	14424.0	4692.0
PA14_00590	25.9566434819	3.49171740295e-07	13071.0	4233.0
PA14_44930	25.8743642479	3.64376285739e-07	13196.0	4276.0
PA14_40660	25.7524479529	3.88134401955e-07	9002.0	2861.0
PA14_00580	25.7495952122	3.88708534121e-07	13028.0	4220.0
PA14_15400,repC	25.731463997	3.92377510077e-07	469.0	247.0
PA14_49020	25.547703791	4.31579355316e-07	6384.0	1987.0
PA14_01170	25.45877765	4.51936750778e-07	13334.0	4326.0
PA14_31080	25.4178490733	4.61627139537e-07	3353.0	1395.0
PA14_42910	25.1841549135	5.21085647555e-07	12375.0	4003.0
PA14_47950	25.1832268125	5.21336475916e-07	8142.0	2576.0
PA14_22240	25.1386027273	5.33540490675e-07	2962.0	865.0
PA14_15610	25.0616802179	5.5525389827e-07	1927.0	535.0
PA14_03320	24.9492334705	5.88599276923e-07	3431.0	1423.0
PA14_33410,opdJ	24.9149800023	5.99150497398e-07	9741.0	3115.0
PA14_10960	24.814400975	6.31241013235e-07	6258.0	1949.0
PA14_00520	24.7503665949	6.52563880841e-07	11296.0	3641.0
PA14_46540	24.580237148	7.12790194754e-07	711.0	348.0
PA14_43070,hcpD	24.5218795359	7.34707877009e-07	11161.0	3597.0
PA14_03250	24.4880639921	7.47716099369e-07	3599.0	1074.0
PA14_22100	24.4450305502	7.64604778115e-07	3112.0	916.0
PA14_23420	24.4049402971	7.80682385369e-07	2793.0	1175.0
PA14_10970	24.3279721675	8.12505684796e-07	5446.0	1682.0
PA14_63220	24.3131085441	8.18799456664e-07	8302.0	2635.0
PA14_28230	24.2629518708	8.40400576707e-07	10107.0	3929.0
PA14_10980	24.2083760743	8.64554616544e-07	7372.0	2324.0
PA14_10140,fepG	24.159654626	8.86705218055e-07	7090.0	2230.0
PA14_01060	23.9926660749	9.67033527923e-07	13968.0	4553.0
PA14_20530	23.9572027009	9.85010922202e-07	1580.0	699.0
PA14_39250	23.9206340607	1.00389966811e-06	5955.0	1853.0
PA14_15240	23.8851585384	1.02257085036e-06	13324.0	4335.0
PA14_19270	23.852530154	1.04005085284e-06	8478.0	2697.0
PA2570.1b,tRNA-Leu	23.7307724628	1.10796743075e-06	5419.0	2173.0
PA14_08120	23.5884243725	1.19303057101e-06	12289.0	3986.0
PA14_28020	23.5349687401	1.22663967648e-06	8912.0	2845.0
PA14_01080	23.4365791036	1.29100229957e-06	13384.0	4359.0
PA14_30440	23.4346316259	1.2923098771e-06	12645.0	4108.0
PA14_49740	23.4002915049	1.31558599935e-06	14274.0	4662.0
PA14_48490	23.3982316937	1.31699545469e-06	5468.0	1694.0
PA14_11230	23.3967987481	1.31797686141e-06	6442.0	2018.0
PA14_53630	23.2531560525	1.42017203019e-06	5155.0	1591.0
PA14_30860,trbG	23.2289477981	1.43816149492e-06	7486.0	2368.0
PA14_44230	23.1222916838	1.52018049114e-06	11364.0	3676.0
PA14_03550,cynX	23.0545520328	1.57469240939e-06	8201.0	2609.0
PA14_21460	22.9399365709	1.67142930771e-06	12972.0	4223.0
PA14_59630	22.8982095662	1.70810884759e-06	4490.0	1373.0
PA14_02070	22.8924059112	1.71327403008e-06	8189.0	2606.0
PA14_28540	22.871656389	1.73186932534e-06	7876.0	2501.0
PA14_26220,hisM	22.8620071476	1.74058560728e-06	9818.0	3155.0
PA14_15160	22.8039404075	1.79397508727e-06	12486.0	4059.0
PA14_60010	22.7942130543	1.80307820128e-06	8541.0	2725.0
PA14_70340	22.6985802326	1.89507838825e-06	6577.0	2067.0
PA14_35670,pslG	22.6639948768	1.92949715988e-06	15784.0	5183.0
PA14_26240,hisJ	22.6354735869	1.9583523808e-06	8529.0	2722.0
PA14_43405,kdbF	22.5730784733	2.022996414e-06	4649.0	1427.0
PA14_73070,pyrQ	22.5463026693	2.05138965721e-06	8753.0	2798.0
PA14_40100	22.5311451746	2.06763961564e-06	9236.0	3593.0
PA14_51460,cupC2	22.5215870016	2.07795300917e-06	8895.0	2846.0
PA14_22110	22.388089102	2.22751171094e-06	2980.0	881.0
PA14_27990	22.2958692617	2.33708800836e-06	6457.0	2555.0
PA14_66530	22.1961074615	2.46172381786e-06	7777.0	2472.0
PA14_32770	22.1604541057	2.50786623743e-06	13168.0	4296.0
PA14_40610	22.1361550775	2.53981017306e-06	6932.0	2189.0
PA14_32780	22.1013119987	2.58632918924e-06	15016.0	4926.0
PA14_00490	22.0447349355	2.66369325585e-06	15208.0	4992.0
PA14_34110	22.0178550618	2.701258476e-06	12544.0	4085.0
PA14_59510	21.9593801284	2.7848245823e-06	5530.0	2205.0
PA14_64890	21.9264838237	2.83297145559e-06	10691.0	3457.0
PA14_08050	21.7948619357	3.03411571866e-06	13018.0	4248.0
PA14_26360,btuC	21.7806069609	3.05674261925e-06	10026.0	3233.0
PA14_48350	21.7107001307	3.17018074835e-06	7181.0	2275.0
PA14_20050,hasF	21.6713683645	3.23585162788e-06	10768.0	3485.0
PA14_59470	21.5447184893	3.45673338148e-06	6881.0	2709.0
PA14_36090,opdG	21.4702124574	3.59367886251e-06	7269.0	2306.0
PA14_15190	21.3459250504	3.8343490242e-06	8729.0	2798.0
PA14_10370,CHoS	21.326947809	3.87249385516e-06	10161.0	3282.0
PA14_59170	21.321041241	3.88444376394e-06	252.0	144.0
PA14_02140	21.2646207064	4.00047286023e-06	15205.0	4998.0
PA14_01200	21.2534640354	4.02382523598e-06	13595.0	4449.0
PA14_59710,cupD1	21.1586544425	4.22787677634e-06	301.0	55.0
PA14_09880	21.1349670038	4.28045875465e-06	5306.0	1652.0
PA14_49520,pyoS3A	21.1315734488	4.28804540968e-06	10809.0	3503.0
PA14_02150	21.1096495689	4.33738483825e-06	15072.0	4954.0
PA14_08330	21.0838922023	4.39607985715e-06	5839.0	2316.0
PA14_46590	21.0051112074	4.58059739744e-06	3466.0	1045.0
PA14_20030,hasD	20.9893015342	4.61855231158e-06	9391.0	3024.0
PA14_43370,kdpC	20.983728303	4.6320072995e-06	5730.0	1794.0
PA14_48010	20.9822256469	4.63564176496e-06	7852.0	2505.0
PA14_28100	20.9774386068	4.64723924376e-06	9444.0	3042.0
PA14_24360	20.9362948045	4.74812595642e-06	5399.0	1684.0
PA14_20380,phnI	20.9355236888	4.75003760824e-06	8854.0	2843.0
PA14_43000	20.9092984076	4.81551388127e-06	13733.0	4499.0
PA14_00510	20.8852363948	4.87638568869e-06	16143.0	5322.0
PA14_33340	20.8606125389	4.93947845116e-06	6258.0	1971.0
PA14_55380	20.8235325084	5.03603639581e-06	9893.0	3195.0
PA14_59480	20.7490434704	5.23577249569e-06	5799.0	2299.0
PA14_19570,ssuC	20.7101523837	5.34319549123e-06	9320.0	3002.0
PA14_18810	20.7072137052	5.35140188893e-06	11044.0	3586.0
PA14_42950	20.6885062467	5.40394075483e-06	12791.0	4180.0
PA14_34580	20.612035475	5.62414339549e-06	9312.0	3000.0
PA14_53830	20.5970309362	5.6683956005e-06	12251.0	3997.0
PA14_10950	20.594822808	5.67493736655e-06	10729.0	3480.0
PA14_43090	20.5916271154	5.68441829677e-06	3899.0	1189.0
PA14_07460	20.4999678249	5.96322537685e-06	12231.0	3991.0
PA14_19110,rhlB	20.470255746	6.0565170417e-06	10089.0	3264.0
PA14_38190	20.4563865285	6.10056453519e-06	10829.0	3515.0
PA14_04710	20.440781742	6.15050859792e-06	5532.0	1731.0
PA14_01910,pcaG	20.3863824782	6.32784800042e-06	10394.0	3368.0
PA14_11090,cupB4	20.3500799504	6.44903935882e-06	8907.0	2865.0
PA14_34870,CHiC	20.3471080717	6.45906317133e-06	9466.0	3054.0
PA14_48280	20.261873179	6.75330449032e-06	8612.0	2766.0
PA14_34920	20.2262929668	6.88007816934e-06	7858.0	2512.0
PA14_35990	20.2064965998	6.95164492361e-06	7721.0	2466.0
PA14_34270,metN-1	20.0968030304	7.36196334019e-06	7989.0	2557.0
PA14_51590	20.0924339143	7.37880065782e-06	11174.0	3635.0
PA14_63620,lipC	20.0893033543	7.39088870373e-06	8718.0	2803.0
PA14_33730	20.0875824857	7.39754196661e-06	7784.0	2488.0
PA14_69560,hcpB	20.0617244039	7.49824210853e-06	11497.0	3745.0
PA14_61540,csuD	20.0585838426	7.51056586579e-06	11288.0	3674.0
PA14_20350,phnF	20.053378008	7.53103868692e-06	8344.0	2677.0
PA14_30460	20.0465852399	7.5578366574e-06	10849.0	3525.0
PA14_35400,pvcC	19.9763439739	7.84061969156e-06	8837.0	2844.0
PA14_10870	19.9389161769	7.99561286143e-06	8629.0	2774.0
PA14_37640	19.8711308284	8.28419314054e-06	8746.0	2814.0
PA14_44890,hcpA	19.8487179107	8.38189310482e-06	11386.0	3709.0
PA14_21410,phoA	19.810396031	8.55162917447e-06	10089.0	3269.0
PA14_31070	19.8001609745	8.59754355991e-06	6389.0	2514.0
PA14_34280,metQ-l	19.7594846784	8.7824766445e-06	8089.0	2593.0
PA14_39270	19.7518723038	8.81752708309e-06	13190.0	4324.0
PA14_27630,rebB1	19.6188187593	9.45334881082e-06	8181.0	2625.0
PA14_01190	19.5767299255	9.6639107388e-06	13464.0	4419.0
PA14_13490	19.5667728952	9.7144086868e-06	8710.0	2804.0
PA14_27660	19.5629231304	9.73400405022e-06	9053.0	2920.0
PA14_27650	19.5439855626	9.8309758955e-06	9159.0	2956.0
PA14_03240,hcpC	19.5078294788	1.00188190868e-05	11369.0	3706.0
PA14_26450,yebN	19.5042313717	1.00377085265e-05	7719.0	2470.0
PA14_13910	19.4621717046	1.02611846676e-05	2541.0	1058.0
PA14_10130	19.4407894786	1.03767037165e-05	10472.0	4027.0
PA14_15280	19.2997196539	1.11722752452e-05	9263.0	2993.0
PA14_35680,pslF	19.2916282662	1.12197214048e-05	15505.0	5119.0
PA14_49570	19.2707562715	1.13430465304e-05	7159.0	2283.0
PA14_35690,pslE	19.2382337987	1.15379288347e-05	16044.0	5304.0
PA14_71140	19.2182337728	1.16594396753e-05	8075.0	2592.0
PA14_58720	19.1679731018	1.19705031369e-05	2163.0	911.0
PA14_09540,mexG	19.1679153657	1.19708652167e-05	10640.0	3461.0
PA14_46860	19.1543563799	1.20562026903e-05	9676.0	3134.0
PA14_16200	19.1523389021	1.20689523889e-05	13942.0	4586.0
PA14_19020	19.1387569895	1.21551380686e-05	14527.0	4786.0
PA14_59500	19.1110597135	1.23328146639e-05	5636.0	2228.0
PA5181.1,P34	19.0955267375	1.24335969985e-05	10706.0	3484.0
PA14_43030	19.0940833197	1.24430041967e-05	13085.0	4294.0
PA14_08320	19.0674999532	1.2617539847e-05	5154.0	2047.0
PA14_19500,ssuA	18.8881117808	1.38613806825e-05	7107.0	2268.0
PA14_02190,CHeD	18.8810831733	1.39125473938e-05	12842.0	4213.0
PA14_35760	18.7016503383	1.52850138394e-05	6789.0	2656.0
PA14_39750	18.6628603584	1.55991532021e-05	7536.0	2414.0
PA14_35950	18.6505234985	1.57004157782e-05	8377.0	2698.0
PA14_01180	18.6458295556	1.57391174488e-05	13861.0	4563.0
PA14_49500	18.6380728636	1.58032816749e-05	9794.0	3770.0
PA14_59660	18.6284685589	1.58830937477e-05	9012.0	2913.0
PA14_54110	18.6250204577	1.59118462385e-05	6763.0	2154.0
PA14_71190	18.6098531188	1.60389433388e-05	8793.0	2839.0
PA14_31290,pa1L	18.5547631636	1.65092174154e-05	9279.0	3004.0
PA14_36000,prpR	18.5292858117	1.6731363977e-05	12352.0	4049.0
PA14_55320	18.526673324	1.67543122855e-05	11013.0	3593.0
PA14_32670	18.5252364694	1.67669472085e-05	11442.0	3739.0
PA14_55340,exbD2	18.5126185381	1.68783143574e-05	8090.0	2602.0
PA14_41490,nasT	18.4938604084	1.70452503915e-05	7829.0	2514.0
PA14_02990	18.4880227306	1.7097539821e-05	10309.0	3354.0
PA14_51230	18.3895016096	1.80047256501e-05	9234.0	3561.0
PA14_24560,pelG	18.3396776388	1.84817607919e-05	11502.0	3761.0
PA14_48380	18.325444639	1.86203504713e-05	6427.0	2043.0
PA14_13660,tpbA	18.3242770133	1.86317661155e-05	9023.0	2919.0
PA14_48620	18.3052145553	1.88191334336e-05	8133.0	2618.0
PA14_48470	18.2752708461	1.91172833726e-05	4791.0	1496.0
PA14_61520	18.2742563161	1.91274677529e-05	10039.0	3264.0
PA14_20320,phnD	18.2471108206	1.94020016646e-05	9219.0	2986.0
PA14_42880,stk1	18.1604198468	2.03055345349e-05	10416.0	3393.0
PA4451.1,P35	18.0930991128	2.10362460742e-05	8439.0	2723.0
PA14_32690,gtdA	18.0249853648	2.18024595688e-05	11814.0	3870.0
PA14_01070	18.016095931	2.19045041568e-05	14601.0	4822.0
PA14_10420,tyrS	17.9586928335	2.25751062513e-05	11377.0	4348.0
PA14_01690	17.9568282013	2.2597232053e-05	9239.0	2995.0
PA14_55230	17.9553710738	2.26145375521e-05	6158.0	1955.0
PA14_31730	17.9512328249	2.26637578919e-05	13567.0	4469.0
PA14_19130,rhlI	17.9454752234	2.27324179187e-05	11222.0	3669.0
PA14_35150	17.9365445037	2.28393314558e-05	6107.0	1938.0
PA14_37370	17.896772607	2.33216266213e-05	9518.0	3662.0
PA14_28130	17.8602531544	2.37734884441e-05	12903.0	4243.0
PA14_37460	17.7980143948	2.45639455716e-05	8341.0	2692.0
PA14_64120	17.7886567491	2.46850540915e-05	10057.0	3274.0
PA14_13880	17.7622745653	2.50297376152e-05	1929.0	815.0
PA14_32850	17.7447157465	2.5261820174e-05	2620.0	1081.0
PA14_53670	17.7041421805	2.58064038653e-05	6555.0	2090.0
PA14_13870	17.695970319	2.59175068425e-05	3873.0	1557.0
PA14_53640	17.6835659931	2.6087072773e-05	4192.0	1300.0
PA14_15530,trbK	17.6559451688	2.64686624633e-05	323.0	170.0
PA14_32930	17.5860393695	2.74596839421e-05	12881.0	4238.0
PA14_35900	17.5839273337	2.7490198688e-05	7813.0	2515.0
PA14_55800	17.4782766456	2.90609379812e-05	12140.0	3986.0
PA14_06090	17.4726914144	2.91464414304e-05	8065.0	2601.0
PA14_10650,hpaG1	17.4710694057	2.91713198504e-05	10940.0	3577.0
PA14_01220	17.466156566	2.9246803426e-05	698.0	327.0
PA14_13340	17.4448681528	2.95761650635e-05	10769.0	3519.0
PA14_42940	17.4398512772	2.96543243557e-05	13316.0	4388.0
PA14_40330	17.3936931951	3.03832459022e-05	8016.0	2585.0
PA14_64280	17.365581192	3.08359821437e-05	8432.0	2726.0
PA14_63910	17.3351335162	3.13339857545e-05	10105.0	3294.0
PA14_07410	17.3133533738	3.16951746505e-05	15757.0	5225.0
PA14_15510,traJ	17.2856485892	3.21606675456e-05	753.0	349.0
PA14_71120	17.2627473888	3.25506343189e-05	6017.0	1912.0
PA14_11120,rcsB	17.2364349973	3.30045585593e-05	11389.0	3732.0
PA14_51640	17.2317238164	3.30865017973e-05	12113.0	3979.0
PA14_59690	17.200587525	3.36332320373e-05	11523.0	3778.0
PA14_55300	17.185246283	3.39059429605e-05	11892.0	3904.0
PA14_52890	17.1621270464	3.43211223976e-05	9842.0	3206.0
PA14_19100,rhlA	17.1531864974	3.44830451376e-05	9415.0	3061.0
PA14_30910,trbE	17.1214105311	3.50647808282e-05	8019.0	2588.0
PA14_32370	17.1199817844	3.50911679879e-05	11647.0	3821.0
PA14_03390	17.1030808157	3.54048263515e-05	1824.0	527.0
PA14_55440,hxcR	17.0904511457	3.56410537883e-05	8482.0	2745.0
PA14_39730	17.0864373951	3.57164588924e-05	6914.0	2215.0
PA14_39260	17.0457230685	3.64904690301e-05	7014.0	2249.0
PA14_47150,cyoE	17.0439993151	3.65236083736e-05	8168.0	2639.0
PA14_18985	17.0089597127	3.72038450119e-05	14321.0	4736.0
