feature	score	p-value	#I-out-of-20	#O-out-of-72
PA14_61520_5488173|1	21.3555555556	3.81513586511e-06	12.0	6.0
PA14_08310_712788|1	18.0	2.20904969986e-05	5.0	0.0
PA14_08310_712814|1	18.0	2.20904969986e-05	5.0	0.0
PA14_14570_1244754|1	17.7962962963	2.45861367147e-05	10.0	5.0
PA14_10710_923635.1|1	17.2341880342	3.3043615312e-05	9.0	4.0
PA14_48090,aprF_4279433|1	17.2341880342	3.3043615312e-05	9.0	4.0
PA14_51620_4587989|1	16.612345679	4.58515837302e-05	7.0	2.0
PA14_60310,pilY1_5376103|1	16.400617284	5.12685307634e-05	11.0	7.0
PA14_07770,ostA_667829.1|1	14.896031746	0.0001136017018	9.0	5.0
PA14_22820,yciV_1981400|1	14.5988304094	0.000132997062863	11.0	8.0
PA14_03300_299556|1	14.4	0.000147802310334	4.0	0.0
PA14_67230_6002543|1	14.4	0.000147802310334	4.0	0.0
PA14_04240_379646|1	14.4	0.000147802310334	4.0	0.0
PA14_09520,mexI_816635|1	14.4	0.000147802310334	4.0	0.0
PA14_30970,bphR_2691733|1	14.4	0.000147802310334	4.0	0.0
PA14_05870_519788|1	14.4	0.000147802310334	4.0	0.0
PA14_33360_2936920|1	14.4	0.000147802310334	4.0	0.0
PA14_20860_1795972|1	14.237037037	0.000161167090403	8.0	4.0
PA14_17890_1536732|1	13.69	0.000215599466955	7.0	3.0
PA14_17850,fadB_1533009|1	13.69	0.000215599466955	7.0	3.0
PA14_18310_1570877|1	13.69	0.000215599466955	7.0	3.0
PA14_66550,hemE_5936508|1	13.3796296296	0.000254371955412	5.0	1.0
PA14_56890_5070993|1	13.3796296296	0.000254371955412	5.0	1.0
PA14_63970_5700637|1	13.3796296296	0.000254371955412	5.0	1.0
PA14_56450_5034541|1	13.3388888889	0.000259958332754	6.0	2.0
PA14_40220_3583830|1	12.9066666667	0.00032741385866	9.0	6.0
PA14_10700_922034|1	12.2055555556	0.000476474110239	13.0	13.0
PA14_08270_706377|1	12.1034188034	0.000503294578054	8.0	5.0
PA14_49580_4411330|1	12.1034188034	0.000503294578054	8.0	5.0
PA14_17640,potA_1516738|1	12.1034188034	0.000503294578054	8.0	5.0
PA14_44910_4004531|1	12.1034188034	0.000503294578054	8.0	5.0
PA14_18640_1604181|1	12.0987654321	0.000504552190542	10.0	8.0
PA14_04220_378316|1	11.3494949495	0.000754684895247	7.0	4.0
PA14_48320_4299569.1|1	11.3494949495	0.000754684895247	7.0	4.0
PA14_04220_378377|1	11.3494949495	0.000754684895247	7.0	4.0
PA14_17980,glpF_1544837|1	11.3494949495	0.000754684895247	7.0	4.0
PA14_04220_378317|1	11.3494949495	0.000754684895247	7.0	4.0
PA14_04220_378368|1	11.3494949495	0.000754684895247	7.0	4.0
PA14_67510,estA_6026891|1	11.3494949495	0.000754684895247	7.0	4.0
PA14_61120_5449324|1	11.3494949495	0.000754684895247	7.0	4.0
PA14_15790_1346136|1	11.2666666667	0.000789112989016	12.0	12.0
PA14_33360_2937259.1|1	11.2006944444	0.000817667259457	9.0	7.0
PA14_07770,ostA_667937|1	11.2006944444	0.000817667259457	9.0	7.0
PA14_08310_712773|1	10.8	0.00101500094711	3.0	0.0
PA14_28820_2487055|1	10.8	0.00101500094711	3.0	0.0
PA14_26360,btuC_2298912|1	10.8	0.00101500094711	3.0	0.0
PA14_08050_693475|2	10.8	0.00101500094711	3.0	0.0
PA14_23470,wbpM_2041666|1	10.8	0.00101500094711	3.0	0.0
PA14_33890,aldG_3011414|2	10.8	0.00101500094711	3.0	0.0
PA14_16690,ppc_1428089|1	10.8	0.00101500094711	3.0	0.0
PA14_03490_320106|1	10.8	0.00101500094711	3.0	0.0
PA14_55960,pctC_4996684.1|1	10.8	0.00101500094711	3.0	0.0
PA14_69710,xerC_6217928|1	10.8	0.00101500094711	3.0	0.0
PA14_60130_5356064|1	10.8	0.00101500094711	3.0	0.0
PA14_25970,cobN_2267354|1	10.8	0.00101500094711	3.0	0.0
PA14_03940,spuF_355658|1	10.8	0.00101500094711	3.0	0.0
PA14_20510_1762925|1	10.8	0.00101500094711	3.0	0.0
PA14_32390,mexF_2815345|1	10.8	0.00101500094711	3.0	0.0
PA14_37640_3350187|1	10.8	0.00101500094711	3.0	0.0
PA14_05630_499380|1	10.8	0.00101500094711	3.0	0.0
PA14_03000_263952|1	10.8	0.00101500094711	3.0	0.0
PA14_09520,mexI_816523|2	10.8	0.00101500094711	3.0	0.0
PA14_60130_5356065|1	10.8	0.00101500094711	3.0	0.0
PA14_44920_4005458|1	10.8	0.00101500094711	3.0	0.0
PA14_23460,orfN_2040324|1	10.8	0.00101500094711	3.0	0.0
PA14_04240_379647|1	10.8	0.00101500094711	3.0	0.0
PA14_45190_4031387|1	10.8	0.00101500094711	3.0	0.0
PA14_08050_693077|1	10.8	0.00101500094711	3.0	0.0
PA14_59240,pilL2_5278287|1	10.8	0.00101500094711	3.0	0.0
PA14_51620_4588026|1	10.8	0.00101500094711	3.0	0.0
PA14_09520,mexI_817991|1	10.8	0.00101500094711	3.0	0.0
PA14_00720_71907|1	10.8	0.00101500094711	3.0	0.0
PA14_51620_4587988|1	10.8	0.00101500094711	3.0	0.0
PA14_33360_2936012|1	10.8	0.00101500094711	3.0	0.0
PA14_00790,prlC_77335|1	10.8	0.00101500094711	3.0	0.0
PA14_05650_502081|1	10.8	0.00101500094711	3.0	0.0
PA14_09520,mexI_818108|1	10.8	0.00101500094711	3.0	0.0
PA14_09520,mexI_816774|2	10.8	0.00101500094711	3.0	0.0
PA14_21450_1859903|1	10.8	0.00101500094711	3.0	0.0
PA14_04700_418406|1	10.8	0.00101500094711	3.0	0.0
PA14_36230,glnP_3227386|1	10.8	0.00101500094711	3.0	0.0
PA14_23470,wbpM_2041676|1	10.8	0.00101500094711	3.0	0.0
PA14_23460,orfN_2040326|1	10.8	0.00101500094711	3.0	0.0
PA14_34810,mxaA_3090942|1	10.8	0.00101500094711	3.0	0.0
PA14_09520,mexI_816634|1	10.8	0.00101500094711	3.0	0.0
PA14_28930_2503008|1	10.8	0.00101500094711	3.0	0.0
PA14_32290_2805903|1	10.8	0.00101500094711	3.0	0.0
PA14_31160_2708873.1|1	10.8	0.00101500094711	3.0	0.0
PA14_33890,aldG_3011379|1	10.8	0.00101500094711	3.0	0.0
PA14_33630,pvdJ_2977087|1	10.8	0.00101500094711	3.0	0.0
PA14_10790,ampC_933109|1	10.8	0.00101500094711	3.0	0.0
PA14_09520,mexI_818017|1	10.8	0.00101500094711	3.0	0.0
PA14_15350_1302216|1	10.8	0.00101500094711	3.0	0.0
PA14_33360_2937175|1	10.8	0.00101500094711	3.0	0.0
PA14_33610_2964856|1	10.8	0.00101500094711	3.0	0.0
PA14_59930_5336961|1	10.8	0.00101500094711	3.0	0.0
PA14_46720_4163913|1	10.8	0.00101500094711	3.0	0.0
PA14_28920_2502541|1	10.8	0.00101500094711	3.0	0.0
PA14_08310_712780|1	10.8	0.00101500094711	3.0	0.0
PA14_33360_2936918|1	10.8	0.00101500094711	3.0	0.0
PA0296-PA0297,P1_348823.1|1	10.8	0.00101500094711	3.0	0.0
PA14_62010,hitB_5530678|1	10.8	0.00101500094711	3.0	0.0
PA14_02490,tonB2_224269|1	10.8	0.00101500094711	3.0	0.0
PA14_30700_2662722|1	10.6777777778	0.00108430240875	6.0	3.0
PA14_17650_1517229|2	10.6777777778	0.00108430240875	6.0	3.0
PA14_17860,paaH_1534346|1	10.6777777778	0.00108430240875	6.0	3.0
PA14_19850_1710522|1	10.6777777778	0.00108430240875	6.0	3.0
PA14_55460,hxcZ_4937870|1	10.6777777778	0.00108430240875	6.0	3.0
PA14_49780_4427891|1	10.6777777778	0.00108430240875	6.0	3.0
PA14_01910,pcaG_174742|1	10.6777777778	0.00108430240875	6.0	3.0
PA14_56450_5034464|1	10.6777777778	0.00108430240875	6.0	3.0
PA14_56450_5034466|1	10.6777777778	0.00108430240875	6.0	3.0
PA14_08610,5S-rRNA_738177|1	10.6777777778	0.00108430240875	6.0	3.0
PA14_51620_4587997|1	10.6777777778	0.00108430240875	6.0	3.0
PA14_02050_186553|4	10.6777777778	0.00108430240875	6.0	3.0
PA14_43380,kdpB_3865691|1	10.6777777778	0.00108430240875	6.0	3.0
PA14_17890_1536309|1	10.6777777778	0.00108430240875	6.0	3.0
PA14_18340_1573508|3	10.6777777778	0.00108430240875	6.0	3.0
PA14_36590,malQ_3257768|1	10.6777777778	0.00108430240875	6.0	3.0
PA14_55440,hxcR_4933809|1	10.6777777778	0.00108430240875	6.0	3.0
PA14_17820_1532204|1	10.6777777778	0.00108430240875	6.0	3.0
PA14_31130_2707601|1	10.6777777778	0.00108430240875	6.0	3.0
PA14_17820_1532258|1	10.6777777778	0.00108430240875	6.0	3.0
PA14_17630,potB_1514952|1	10.6777777778	0.00108430240875	6.0	3.0
PA14_48410_4305374.1|1	10.6578947368	0.00109602073709	10.0	9.0
PA14_16130_1373361|1	10.6578947368	0.00109602073709	10.0	9.0
PA14_08300,JF1_709411|1	10.3277777778	0.00131042887747	11.0	11.0
PA14_33000,gcvP2_2887483|1	10.3277777778	0.00131042887747	11.0	11.0
PA14_07770,ostA_666687|1	10.3142857143	0.00132004376756	8.0	6.0
PA14_27800_2409549|1	10.3142857143	0.00132004376756	8.0	6.0
PA14_07770,ostA_666870|1	10.3142857143	0.00132004376756	8.0	6.0
PA14_56450_5035290|1	10.3142857143	0.00132004376756	8.0	6.0
PA14_17640,potA_1516743|1	10.3142857143	0.00132004376756	8.0	6.0
PA14_46360_4124687|1	10.3142857143	0.00132004376756	8.0	6.0
PA14_36060_3212481|1	10.3142857143	0.00132004376756	8.0	6.0
PA14_40260_3593249|1	10.3142857143	0.00132004376756	8.0	6.0
PA14_07770,ostA_666713|1	10.3142857143	0.00132004376756	8.0	6.0
PA14_22710,ydjA_1976138.1|1	10.1587301587	0.00143619510224	5.0	2.0
PA4726.1,P32_5580378|1	10.1587301587	0.00143619510224	5.0	2.0
PA14_04220_378383|1	10.1587301587	0.00143619510224	5.0	2.0
PA14_59390_5289894|1	10.1587301587	0.00143619510224	5.0	2.0
PA14_61200_5460235|1	10.1587301587	0.00143619510224	5.0	2.0
PA14_31110_2706408|1	10.1587301587	0.00143619510224	5.0	2.0
PA14_40340_3605036|1	10.1587301587	0.00143619510224	5.0	2.0
PA14_49440_4393862|1	10.1587301587	0.00143619510224	5.0	2.0
PA14_56450_5034465|1	10.1587301587	0.00143619510224	5.0	2.0
PA14_69990,dadX_6244473|1	10.1587301587	0.00143619510224	5.0	2.0
PA14_46360_4124679|1	10.1587301587	0.00143619510224	5.0	2.0
PA14_62660_5593815.1|1	10.1587301587	0.00143619510224	5.0	2.0
PA14_00860_84161|1	10.1587301587	0.00143619510224	5.0	2.0
PA14_33360_2937193|1	10.1337777778	0.00145576739001	12.0	13.0
PA14_07770,ostA_667278.1|1	10.1337777778	0.00145576739001	12.0	13.0
PA14_14490_1238584|1	9.99605734767	0.00156875729338	14.0	17.0
PA14_31180_2709785|1	9.97555555556	0.00158632124933	4.0	1.0
PA14_51620_4587859.1|1	9.97555555556	0.00158632124933	4.0	1.0
PA14_59940_5338743.1|1	9.97555555556	0.00158632124933	4.0	1.0
PA14_28840_2490608|1	9.97555555556	0.00158632124933	4.0	1.0
PA14_28820_2487877|1	9.97555555556	0.00158632124933	4.0	1.0
PA14_48090,aprF_4279465|1	9.97555555556	0.00158632124933	4.0	1.0
PA14_03270_295100|1	9.97555555556	0.00158632124933	4.0	1.0
PA14_28850_2491749.1|1	9.97555555556	0.00158632124933	4.0	1.0
PA14_28820_2486663.1|1	9.97555555556	0.00158632124933	4.0	1.0
PA14_02410_216484.1|1	9.97555555556	0.00158632124933	4.0	1.0
PA14_62660_5593814|1	9.97555555556	0.00158632124933	4.0	1.0
PA14_30860,trbG_2680680|1	9.97555555556	0.00158632124933	4.0	1.0
PA14_39690,nrdD_3537914|1	9.97555555556	0.00158632124933	4.0	1.0
PA14_31080_2704145|1	9.97555555556	0.00158632124933	4.0	1.0
PA14_03380_310086|1	9.97555555556	0.00158632124933	4.0	1.0
PA14_55640,sbcD_4959029|1	9.97555555556	0.00158632124933	4.0	1.0
PA14_23460,orfN_2040270|1	9.97555555556	0.00158632124933	4.0	1.0
PA14_50380,flgJ_4478638|1	9.97555555556	0.00158632124933	4.0	1.0
PA14_31070_2703439.1|1	9.97555555556	0.00158632124933	4.0	1.0
PA14_51620_4587865|1	9.97555555556	0.00158632124933	4.0	1.0
PA14_30970,bphR_2691349|1	9.97555555556	0.00158632124933	4.0	1.0
PA14_38550,maiA_3438511|1	9.97555555556	0.00158632124933	4.0	1.0
PA14_13560_1167468|1	9.97555555556	0.00158632124933	4.0	1.0
PA14_03390_311959|1	9.97555555556	0.00158632124933	4.0	1.0
PA14_23590_2054135|1	9.97555555556	0.00158632124933	4.0	1.0
PA14_37640_3350625|1	9.97555555556	0.00158632124933	4.0	1.0
PA14_21020_1814700|1	9.97555555556	0.00158632124933	4.0	1.0
PA14_30940,trbB_2687040|1	9.97555555556	0.00158632124933	4.0	1.0
PA14_28820_2487071|1	9.97555555556	0.00158632124933	4.0	1.0
PA14_60130_5356276|1	9.97555555556	0.00158632124933	4.0	1.0
PA14_30870,trbF_2681089|1	9.97555555556	0.00158632124933	4.0	1.0
PA14_17640,potA_1516677|1	9.97555555556	0.00158632124933	4.0	1.0
PA14_59390_5289890|1	9.97555555556	0.00158632124933	4.0	1.0
PA14_02500,exbB1_225236|1	9.97555555556	0.00158632124933	4.0	1.0
PA14_04240_379664|2	9.97555555556	0.00158632124933	4.0	1.0
PA14_64740,pchA_5768089|1	9.97555555556	0.00158632124933	4.0	1.0
PA14_54660_4846444|1	9.97555555556	0.00158632124933	4.0	1.0
PA14_40340_3604984|1	9.97555555556	0.00158632124933	4.0	1.0
PA14_00070_7997|1	9.97555555556	0.00158632124933	4.0	1.0
PA14_03380_311583|1	9.97555555556	0.00158632124933	4.0	1.0
PA14_09520,mexI_818104|1	9.97555555556	0.00158632124933	4.0	1.0
PA14_32790_2854811|1	9.97555555556	0.00158632124933	4.0	1.0
PA14_04250_380647|1	9.72810457516	0.0018147153224	9.0	8.0
PA14_04230_378721|1	9.72810457516	0.0018147153224	9.0	8.0
PA14_04230_378727|1	9.72810457516	0.0018147153224	9.0	8.0
PA14_68710,tex_6126203|1	9.72810457516	0.0018147153224	9.0	8.0
PA14_04020_363171|1	9.44537037037	0.00211682748755	7.0	5.0
PA14_68810_6137349|1	9.44537037037	0.00211682748755	7.0	5.0
PA14_17620,potC_1514437|1	9.44537037037	0.00211682748755	7.0	5.0
PA14_47510_4232420|1	9.44537037037	0.00211682748755	7.0	5.0
PA14_47510_4232410|2	9.44537037037	0.00211682748755	7.0	5.0
PA14_15190_1287307|1	9.44537037037	0.00211682748755	7.0	5.0
PA14_17640,potA_1516732|1	9.44537037037	0.00211682748755	7.0	5.0
PA14_10820_935568.1|1	9.38888888889	0.00218304473736	10.0	10.0
PA14_07730,ksgA_663827|1	9.2	0.00242015127165	11.0	12.0
PA14_07770,ostA_667943|1	9.1094017094	0.00254299034487	12.0	14.0
PA14_07770,ostA_667884|1	9.08659003831	0.00257490517622	13.0	16.0
PA14_56450_5035334|1	8.80074074074	0.00301108266693	8.0	7.0
PA14_04250_381011|1	8.80074074074	0.00301108266693	8.0	7.0
PA14_07770,ostA_667119|1	8.80074074074	0.00301108266693	8.0	7.0
PA14_27780,yadH_2409448|1	8.80074074074	0.00301108266693	8.0	7.0
PA14_14100,yhdW_1208097|1	8.80074074074	0.00301108266693	8.0	7.0
PA14_25940_2262897|1	8.80074074074	0.00301108266693	8.0	7.0
PA14_18090_1552256|1	8.80074074074	0.00301108266693	8.0	7.0
PA14_15200_1288018|1	8.80074074074	0.00301108266693	8.0	7.0
PA14_15650_1330610|1	8.80074074074	0.00301108266693	8.0	7.0
PA14_47930_4267068|1	8.80074074074	0.00301108266693	8.0	7.0
PA14_37270_3320193|1	8.80074074074	0.00301108266693	8.0	7.0
PA14_55470,hxcY_4938225|1	8.60444444444	0.00335343645495	6.0	4.0
PA14_19700_1700357|1	8.60444444444	0.00335343645495	6.0	4.0
PA14_62010,hitB_5530787|1	8.60444444444	0.00335343645495	6.0	4.0
PA14_20860_1797056|1	8.60444444444	0.00335343645495	6.0	4.0
PA14_17640,potA_1516780|1	8.60444444444	0.00335343645495	6.0	4.0
PA14_58900_5248589|1	8.60444444444	0.00335343645495	6.0	4.0
PA14_58760,pilC_5236667|1	8.60444444444	0.00335343645495	6.0	4.0
PA14_30870,trbF_2681119.1|1	8.60444444444	0.00335343645495	6.0	4.0
PA14_13450,fecR_1156952|1	8.60444444444	0.00335343645495	6.0	4.0
PA14_53660_4760004|1	8.60444444444	0.00335343645495	6.0	4.0
PA14_08440_722334|1	8.60444444444	0.00335343645495	6.0	4.0
PA14_27290_2368858|1	8.60444444444	0.00335343645495	6.0	4.0
PA14_40120,polB_3575423|1	8.60444444444	0.00335343645495	6.0	4.0
PA14_69270_6179805|1	8.60444444444	0.00335343645495	6.0	4.0
PA14_20860_1796456|1	8.60444444444	0.00335343645495	6.0	4.0
PA14_11100,cupB5_962676|1	8.60444444444	0.00335343645495	6.0	4.0
PA14_63970_5701688|1	8.60444444444	0.00335343645495	6.0	4.0
PA14_20150,nosL_1736805|1	8.60444444444	0.00335343645495	6.0	4.0
PA14_18150,acsL_1558182|1	8.60444444444	0.00335343645495	6.0	4.0
PA14_41300_3686584|1	8.60444444444	0.00335343645495	6.0	4.0
PA14_33990_3022508|1	8.60444444444	0.00335343645495	6.0	4.0
PA14_69170_6170206|1	8.60444444444	0.00335343645495	6.0	4.0
PA14_60330,ispH_5377510|1	8.60444444444	0.00335343645495	6.0	4.0
PA14_46640_4157450|1	8.60444444444	0.00335343645495	6.0	4.0
PA14_05390,chpA_473754.1|1	8.60444444444	0.00335343645495	6.0	4.0
PA14_40440_3614212|1	8.60444444444	0.00335343645495	6.0	4.0
PA14_29490,hplR_2558595|1	8.60444444444	0.00335343645495	6.0	4.0
PA14_62050,5S-rRNA_5536102|1	8.60444444444	0.00335343645495	6.0	4.0
PA14_71650,aspA_6382375|1	8.60444444444	0.00335343645495	6.0	4.0
PA14_50860_4521153|1	8.60444444444	0.00335343645495	6.0	4.0
PA14_46470,pdxB_4135362|1	8.60444444444	0.00335343645495	6.0	4.0
PA14_55400_4924028|1	8.60444444444	0.00335343645495	6.0	4.0
PA14_55450,hxcQ_4936923|1	8.60444444444	0.00335343645495	6.0	4.0
PA14_56450_5034291|1	8.45	0.00365043440444	9.0	9.0
PA14_04240_379866|1	8.45	0.00365043440444	9.0	9.0
PA14_56450_5035224|1	8.45	0.00365043440444	9.0	9.0
PA14_04240_379875|1	8.45	0.00365043440444	9.0	9.0
PA14_04240_379883|1	8.45	0.00365043440444	9.0	9.0
PA14_04240_379848|2	8.45	0.00365043440444	9.0	9.0
PA14_56450_5034401|1	8.45	0.00365043440444	9.0	9.0
PA14_56450_5034049|1	8.45	0.00365043440444	9.0	9.0
PA14_14490_1238762|2	8.29932659933	0.00396597814299	14.0	19.0
PA14_55740,chrA_4975076|1	8.2671957672	0.00403678088082	10.0	11.0
PA14_18300_1569468.2|1	8.2671957672	0.00403678088082	10.0	11.0
PA14_53670_4760743|1	8.2671957672	0.00403678088082	10.0	11.0
PA14_14160_1211661|1	8.22259259259	0.00413720518945	13.0	17.0
PA14_44920_4005740|1	8.22259259259	0.00413720518945	13.0	17.0
PA14_55740,chrA_4975075|1	8.18935185185	0.00421369753001	11.0	13.0
PA14_67230_6002112|1	8.18935185185	0.00421369753001	11.0	13.0
PA14_00360_32160|1	8.18935185185	0.00421369753001	11.0	13.0
PA14_39870,apaH_3554937|1	8.18935185185	0.00421369753001	11.0	13.0
PA14_61200_5461133|1	8.18935185185	0.00421369753001	11.0	13.0
PA14_07770,ostA_667985|1	8.18148148148	0.00423201833518	12.0	15.0
PA14_04370_390154|1	8.18148148148	0.00423201833518	12.0	15.0
PA14_19340_1668483|1	8.18148148148	0.00423201833518	12.0	15.0
PA14_64530_5749337|1	8.18148148148	0.00423201833518	12.0	15.0
PA14_07770,ostA_667634|1	8.18148148148	0.00423201833518	12.0	15.0
PA14_58750,pilB_5235726.1|1	8.00413436693	0.00466706677792	17.0	26.0
PA14_58750,pilB_5235724.1|1	8.00413436693	0.00466706677792	17.0	26.0
PA14_28895_2496744|1	7.87692307692	0.00500695979055	7.0	6.0
PA14_06480_568444|1	7.87692307692	0.00500695979055	7.0	6.0
PA14_64710_5764913|1	7.87692307692	0.00500695979055	7.0	6.0
PA14_63270,fabG_5646107|1	7.87692307692	0.00500695979055	7.0	6.0
PA14_06240_551163|1	7.87692307692	0.00500695979055	7.0	6.0
PA14_04230_378715|1	7.87692307692	0.00500695979055	7.0	6.0
PA14_07770,ostA_667581.1|1	7.87692307692	0.00500695979055	7.0	6.0
PA14_36500_3248487.1|1	7.87692307692	0.00500695979055	7.0	6.0
PA14_29350,pfeA_2539657|1	7.87692307692	0.00500695979055	7.0	6.0
PA14_44920_4005217|1	7.87692307692	0.00500695979055	7.0	6.0
PA14_10290,acoR_887839|1	7.87692307692	0.00500695979055	7.0	6.0
PA14_18260,fruK_1567147|1	7.87692307692	0.00500695979055	7.0	6.0
PA14_12260_1058451|1	7.87692307692	0.00500695979055	7.0	6.0
PA14_38970_3473580|1	7.87692307692	0.00500695979055	7.0	6.0
PA14_00520_54674|1	7.84	0.00511026066086	16.0	24.0
PA14_56450_5034625|1	7.8125	0.00518860755232	5.0	3.0
PA14_35630,pslJ_3166320|1	7.8125	0.00518860755232	5.0	3.0
PA14_47000_4188497|1	7.8125	0.00518860755232	5.0	3.0
PA14_30960,traG_2688780|1	7.8125	0.00518860755232	5.0	3.0
PA14_31190_2711689.1|1	7.8125	0.00518860755232	5.0	3.0
PA14_24360_2120590|1	7.8125	0.00518860755232	5.0	3.0
PA14_01870_170237|3	7.8125	0.00518860755232	5.0	3.0
PA14_40940_3650832|1	7.8125	0.00518860755232	5.0	3.0
PA14_48100,aprE_4281634|1	7.8125	0.00518860755232	5.0	3.0
PA14_31130_2707240.1|1	7.8125	0.00518860755232	5.0	3.0
PA14_67850_6059453|1	7.8125	0.00518860755232	5.0	3.0
PA14_16340_1396098|1	7.8125	0.00518860755232	5.0	3.0
PA14_09980,dkgB_859357|1	7.8125	0.00518860755232	5.0	3.0
PA14_11990_1036646|1	7.8125	0.00518860755232	5.0	3.0
PA14_62030_5535120|1	7.8125	0.00518860755232	5.0	3.0
PA14_31150_2708653|1	7.8125	0.00518860755232	5.0	3.0
PA14_36960_3293210|1	7.8125	0.00518860755232	5.0	3.0
PA14_31190_2712615.1|1	7.8125	0.00518860755232	5.0	3.0
PA14_28880_2493063|1	7.8125	0.00518860755232	5.0	3.0
PA14_67190_5997447|1	7.8125	0.00518860755232	5.0	3.0
PA14_39500_3516311|1	7.8125	0.00518860755232	5.0	3.0
PA14_71630,adhA_6380289|1	7.8125	0.00518860755232	5.0	3.0
PA14_31130_2707242.1|1	7.8125	0.00518860755232	5.0	3.0
PA14_39520_3518072|1	7.8125	0.00518860755232	5.0	3.0
PA14_04220_378385|1	7.8125	0.00518860755232	5.0	3.0
PA14_71850_6401728|1	7.8125	0.00518860755232	5.0	3.0
PA14_47880_4261213|1	7.8125	0.00518860755232	5.0	3.0
PA14_08330_713992|1	7.8125	0.00518860755232	5.0	3.0
PA14_44910_4004484|1	7.8125	0.00518860755232	5.0	3.0
PA14_23790,leuB_2067352|1	7.8125	0.00518860755232	5.0	3.0
PA14_28100_2433422|1	7.8125	0.00518860755232	5.0	3.0
PA14_30860,trbG_2680185|1	7.8125	0.00518860755232	5.0	3.0
PA14_30850,trbI_2678932|1	7.8125	0.00518860755232	5.0	3.0
PA14_67190_5996979|1	7.8125	0.00518860755232	5.0	3.0
PA14_28895_2495771|1	7.8125	0.00518860755232	5.0	3.0
PA14_47760,cobB_4249740|1	7.8125	0.00518860755232	5.0	3.0
PA14_56450_5034621|1	7.8125	0.00518860755232	5.0	3.0
PA14_12630_1083652|1	7.8125	0.00518860755232	5.0	3.0
PA14_71800,zwf_6395387|1	7.8125	0.00518860755232	5.0	3.0
PA14_12770_1094689|1	7.8125	0.00518860755232	5.0	3.0
PA14_04830_426851|1	7.8125	0.00518860755232	5.0	3.0
PA14_30970,bphR_2691805|1	7.8125	0.00518860755232	5.0	3.0
PA14_67110,pap_5991622|1	7.8125	0.00518860755232	5.0	3.0
PA14_39870,apaH_3554854|1	7.8125	0.00518860755232	5.0	3.0
PA14_12630_1083821|1	7.8125	0.00518860755232	5.0	3.0
PA14_48160_4287734|1	7.8125	0.00518860755232	5.0	3.0
PA14_38690,acsA_3449940|1	7.8125	0.00518860755232	5.0	3.0
PA14_04830_426863|1	7.8125	0.00518860755232	5.0	3.0
PA14_48060,aprA_4278729|1	7.8125	0.00518860755232	5.0	3.0
PA14_31280_2720340|1	7.8125	0.00518860755232	5.0	3.0
PA14_14060_1206549|2	7.8125	0.00518860755232	5.0	3.0
PA14_56450_5034624|1	7.8125	0.00518860755232	5.0	3.0
PA14_37810,pcoB_3371131|1	7.8125	0.00518860755232	5.0	3.0
PA14_30450_2637636|1	7.8125	0.00518860755232	5.0	3.0
PA14_67210_5998693|1	7.8125	0.00518860755232	5.0	3.0
PA14_38590,bdhA_3443751|1	7.8125	0.00518860755232	5.0	3.0
PA14_14160_1211793|1	7.8125	0.00518860755232	5.0	3.0
PA14_54690,ywnB_4848625|1	7.55032679739	0.00599991923891	14.0	20.0
PA14_13010_1117406|1	7.55032679739	0.00599991923891	14.0	20.0
PA14_05230_457833|1	7.51111111111	0.00613195330408	8.0	8.0
PA14_30700_2662740|1	7.51111111111	0.00613195330408	8.0	8.0
PA14_69510_6199312|3	7.51111111111	0.00613195330408	8.0	8.0
PA14_68100_6076490|1	7.51111111111	0.00613195330408	8.0	8.0
PA14_19940_1718416|1	7.51111111111	0.00613195330408	8.0	8.0
PA14_04250_380995|1	7.51111111111	0.00613195330408	8.0	8.0
PA14_69520_6200524|1	7.51111111111	0.00613195330408	8.0	8.0
PA14_46270_4116873|1	7.51111111111	0.00613195330408	8.0	8.0
PA14_04250_380999|1	7.51111111111	0.00613195330408	8.0	8.0
PA14_45190_4031368|1	7.51111111111	0.00613195330408	8.0	8.0
PA14_07770,ostA_667983|1	7.51111111111	0.00613195330408	8.0	8.0
PA14_44920_4005812|1	7.33968253968	0.00674487498419	12.0	16.0
PA14_58530_5212280|1	7.33567251462	0.00675993833216	9.0	10.0
PA14_04250_380807|13	7.33567251462	0.00675993833216	9.0	10.0
PA14_57710,cysN_5139675|1	7.33567251462	0.00675993833216	9.0	10.0
PA14_56450_5034357|2	7.33567251462	0.00675993833216	9.0	10.0
PA14_04230_378850|1	7.33567251462	0.00675993833216	9.0	10.0
PA14_04230_378903|1	7.33567251462	0.00675993833216	9.0	10.0
PA14_48760,ycaC_4335147|1	7.33567251462	0.00675993833216	9.0	10.0
PA14_56450_5034599|1	7.33567251462	0.00675993833216	9.0	10.0
PA14_56450_5034812|1	7.33567251462	0.00675993833216	9.0	10.0
PA14_04230_378852|1	7.33567251462	0.00675993833216	9.0	10.0
PA14_56450_5034379|1	7.33567251462	0.00675993833216	9.0	10.0
PA14_05400_476300.1|1	7.33567251462	0.00675993833216	9.0	10.0
PA14_03840,aguR_345713|1	7.33567251462	0.00675993833216	9.0	10.0
PA14_04230_378902|1	7.33567251462	0.00675993833216	9.0	10.0
PA14_04230_378854|1	7.33567251462	0.00675993833216	9.0	10.0
PA14_56450_5034476|3	7.33567251462	0.00675993833216	9.0	10.0
PA14_07770,ostA_667899|1	7.28177777778	0.00696575643946	11.0	14.0
PA14_05250,pyrC_459382|1	7.28177777778	0.00696575643946	11.0	14.0
PA14_64335,ureD_5733908|1	7.27272727273	0.00700094198945	10.0	12.0
PA14_61170_5455290|1	7.27272727273	0.00700094198945	10.0	12.0
PA14_09520,mexI_818018|1	7.2	0.00729035809154	2.0	0.0
PA14_31000_2693388|1	7.2	0.00729035809154	2.0	0.0
PA14_17150_1472088|2	7.2	0.00729035809154	2.0	0.0
PA14_11020,fabG_953498|1	7.2	0.00729035809154	2.0	0.0
PA4628-PA4629,sRNA2626_5469045|1	7.2	0.00729035809154	2.0	0.0
PA14_66520_5933704|1	7.2	0.00729035809154	2.0	0.0
PA14_03010_265583|1	7.2	0.00729035809154	2.0	0.0
PA14_38770_3459124.1|2	7.2	0.00729035809154	2.0	0.0
PA14_69550_6205231|1	7.2	0.00729035809154	2.0	0.0
PA14_50850_4521042|1	7.2	0.00729035809154	2.0	0.0
PA14_28460_2457844|1	7.2	0.00729035809154	2.0	0.0
PA14_12670_1087389|1	7.2	0.00729035809154	2.0	0.0
PA14_66100_5888463.1|1	7.2	0.00729035809154	2.0	0.0
PA14_39640,cobN_3531614|1	7.2	0.00729035809154	2.0	0.0
PA14_37590,kynB_3345447|1	7.2	0.00729035809154	2.0	0.0
PA14_21450_1859882|1	7.2	0.00729035809154	2.0	0.0
PA14_67440_6021797|1	7.2	0.00729035809154	2.0	0.0
PA14_06870,dnr_596402|1	7.2	0.00729035809154	2.0	0.0
PA14_28710,pheT_2473148|1	7.2	0.00729035809154	2.0	0.0
PA14_58790_5238860|1	7.2	0.00729035809154	2.0	0.0
PA14_53340_4729785|1	7.2	0.00729035809154	2.0	0.0
PA14_24070,xcpX_2090062.1|1	7.2	0.00729035809154	2.0	0.0
PA14_53290,trxB2_4723058|1	7.2	0.00729035809154	2.0	0.0
PA14_30940,trbB_2687996|1	7.2	0.00729035809154	2.0	0.0
PA14_35460_3152127|1	7.2	0.00729035809154	2.0	0.0
PA14_06450,accC_566218|2	7.2	0.00729035809154	2.0	0.0
PA14_28030_2426068|1	7.2	0.00729035809154	2.0	0.0
PA14_26485_2309506|1	7.2	0.00729035809154	2.0	0.0
PA14_31190_2711289|1	7.2	0.00729035809154	2.0	0.0
PA14_03855_346208|1	7.2	0.00729035809154	2.0	0.0
PA14_66100_5888367|1	7.2	0.00729035809154	2.0	0.0
PA14_39520_3517624|1	7.2	0.00729035809154	2.0	0.0
PA14_67010_5981093.1|1	7.2	0.00729035809154	2.0	0.0
PA14_28290_2445926|1	7.2	0.00729035809154	2.0	0.0
PA14_66100_5888160.1|1	7.2	0.00729035809154	2.0	0.0
PA14_54790_4855860|1	7.2	0.00729035809154	2.0	0.0
PA14_46230,aphA_4110022|1	7.2	0.00729035809154	2.0	0.0
PA14_46390_4127710|1	7.2	0.00729035809154	2.0	0.0
PA14_37490_3336810|1	7.2	0.00729035809154	2.0	0.0
PA14_68830_6139891|1	7.2	0.00729035809154	2.0	0.0
PA14_60140_5358640|1	7.2	0.00729035809154	2.0	0.0
PA14_06160,fiuA_543738|1	7.2	0.00729035809154	2.0	0.0
PA14_12590_1080489|3	7.2	0.00729035809154	2.0	0.0
PA14_21490_1863612|1	7.2	0.00729035809154	2.0	0.0
PA14_66100_5888482|1	7.2	0.00729035809154	2.0	0.0
PA14_69610,cyaA_6210342.1|1	7.2	0.00729035809154	2.0	0.0
PA14_70120_6254179|1	7.2	0.00729035809154	2.0	0.0
PA14_36230,glnP_3227133|1	7.2	0.00729035809154	2.0	0.0
PA14_00680_68831|1	7.2	0.00729035809154	2.0	0.0
PA14_09470,phzB1_812158|1	7.2	0.00729035809154	2.0	0.0
PA14_66100_5888165.1|1	7.2	0.00729035809154	2.0	0.0
PA14_69540_6203715|1	7.2	0.00729035809154	2.0	0.0
PA14_10750,sotB_927345|1	7.2	0.00729035809154	2.0	0.0
PA14_49280_4377233|1	7.2	0.00729035809154	2.0	0.0
PA14_15080_1279885|2	7.2	0.00729035809154	2.0	0.0
PA14_15620_1328493|2	7.2	0.00729035809154	2.0	0.0
PA14_51620_4587909|1	7.2	0.00729035809154	2.0	0.0
PA14_32290_2805895|1	7.2	0.00729035809154	2.0	0.0
PA14_36375_3240704|1	7.2	0.00729035809154	2.0	0.0
PA14_08300,JF1_710733|1	7.2	0.00729035809154	2.0	0.0
PA14_03285_298362|1	7.2	0.00729035809154	2.0	0.0
PA14_42090_3755161|1	7.2	0.00729035809154	2.0	0.0
PA14_40310_3601634|2	7.2	0.00729035809154	2.0	0.0
PA14_13380_1150813|3	7.2	0.00729035809154	2.0	0.0
PA14_24390_2123637|1	7.2	0.00729035809154	2.0	0.0
PA14_56950,colR_5076282|1	7.2	0.00729035809154	2.0	0.0
PA14_03380_310626|1	7.2	0.00729035809154	2.0	0.0
PA14_66190_5897173|1	7.2	0.00729035809154	2.0	0.0
PA14_69880_6231689|1	7.2	0.00729035809154	2.0	0.0
PA14_66190_5896849|2	7.2	0.00729035809154	2.0	0.0
PA14_63830_5690071|1	7.2	0.00729035809154	2.0	0.0
PA14_60140_5357866|1	7.2	0.00729035809154	2.0	0.0
PA14_23470,wbpM_2041654.1|1	7.2	0.00729035809154	2.0	0.0
PA14_59640_5307429|1	7.2	0.00729035809154	2.0	0.0
PA14_41270_3683453|1	7.2	0.00729035809154	2.0	0.0
PA14_52840,dctP_4684309|1	7.2	0.00729035809154	2.0	0.0
PA14_51630_4588435|1	7.2	0.00729035809154	2.0	0.0
PA14_07530,dnaG_649147|1	7.2	0.00729035809154	2.0	0.0
PA14_53640_4757922|1	7.2	0.00729035809154	2.0	0.0
PA14_24490,pelB_2139052|2	7.2	0.00729035809154	2.0	0.0
PA14_59690_5310856|1	7.2	0.00729035809154	2.0	0.0
PA14_19900_1714725|2	7.2	0.00729035809154	2.0	0.0
PA14_26750_2330472|2	7.2	0.00729035809154	2.0	0.0
PA14_11830_1026067|1	7.2	0.00729035809154	2.0	0.0
PA14_35880_3193287|1	7.2	0.00729035809154	2.0	0.0
PA14_33610_2970356|1	7.2	0.00729035809154	2.0	0.0
PA14_41990_3747301|1	7.2	0.00729035809154	2.0	0.0
PA14_03380_311441|1	7.2	0.00729035809154	2.0	0.0
PA14_61610_5498174|1	7.2	0.00729035809154	2.0	0.0
PA14_21020_1815480|1	7.2	0.00729035809154	2.0	0.0
PA14_69840_6227551|1	7.2	0.00729035809154	2.0	0.0
PA14_18985_1640208|1	7.2	0.00729035809154	2.0	0.0
PA14_13150_1132259|6	7.2	0.00729035809154	2.0	0.0
PA14_35080,arsH_3123863|1	7.2	0.00729035809154	2.0	0.0
PA14_24390_2123634|1	7.2	0.00729035809154	2.0	0.0
PA14_27570_2393341|1	7.2	0.00729035809154	2.0	0.0
PA14_44920_4005462|1	7.2	0.00729035809154	2.0	0.0
PA14_30910,trbE_2683871|2	7.2	0.00729035809154	2.0	0.0
PA14_59130_5265634.1|1	7.2	0.00729035809154	2.0	0.0
PA14_15000_1273375|1	7.2	0.00729035809154	2.0	0.0
PA14_65720_5852848|1	7.2	0.00729035809154	2.0	0.0
PA14_04520_402507|2	7.2	0.00729035809154	2.0	0.0
PA14_10340,cvaB_891602|1	7.2	0.00729035809154	2.0	0.0
PA14_53970_4786225|1	7.2	0.00729035809154	2.0	0.0
PA14_47060_4192048|1	7.2	0.00729035809154	2.0	0.0
PA14_32790_2863296|1	7.2	0.00729035809154	2.0	0.0
PA14_58180,gatA_5177592|1	7.2	0.00729035809154	2.0	0.0
PA14_29120_2519719|1	7.2	0.00729035809154	2.0	0.0
PA14_51880,oprD_4607166|2	7.2	0.00729035809154	2.0	0.0
PA14_33610_2960035|1	7.2	0.00729035809154	2.0	0.0
PA14_29440_2552962|2	7.2	0.00729035809154	2.0	0.0
PA14_01670_153650|1	7.2	0.00729035809154	2.0	0.0
PA14_03220_287249|2	7.2	0.00729035809154	2.0	0.0
PA14_01580,gabP_144141.1|1	7.2	0.00729035809154	2.0	0.0
