feature	score	p-value	#I-out-of-20	#O-out-of-406
PA14_33360_2936920_T_G_S_A|1	81.2	2.03991976177e-19	4.0	0.0
PA14_06640_580338_A_C_G_G|1	63.3698522167	1.71320060623e-15	4.0	1.0
PA14_14390_1227851_C_T_A_A|2	63.3698522167	1.71320060623e-15	4.0	1.0
PA14_54700,yjcS_4850012_G_A_G_G|1	61.0937751903	5.44199332112e-15	6.0	5.0
intergenic_4475690_A_C_none_none|1	61.0937751903	5.44199332112e-15	6.0	5.0
PA14_33890,aldG_3011414_T_G_S_A|3	60.9	6.00488407117e-15	3.0	0.0
intergenic_1718359_GT_G_none_none|1	60.9	6.00488407117e-15	3.0	0.0
PA14_03180_280602_C_T_R_R|1	60.9	6.00488407117e-15	3.0	0.0
PA14_08310_712780_C_A_S_Y|1	60.9	6.00488407117e-15	3.0	0.0
PA14_04700_418406_G_T_E_D|2	60.9	6.00488407117e-15	3.0	0.0
PA14_03250_292373_G_GGTT_none_none|2	60.9	6.00488407117e-15	3.0	0.0
PA14_30970,bphR_2691731_G_A,C_none_none|3	60.9	6.00488407117e-15	3.0	0.0
PA14_18310_1570877_C_T_A_T|2	59.0568472906	1.53181980028e-14	7.0	8.0
PA14_17980,glpF_1544837_T_C_N_S|1	59.0568472906	1.53181980028e-14	7.0	8.0
PA14_20860_1796058_C_T_A_A|1	55.714679803	8.37902517016e-14	8.0	12.0
PA14_20860_1795972_C_A_L_M|1	55.714679803	8.37902517016e-14	8.0	12.0
PA14_01940_176784_C_T_T_T|28	55.0477832512	1.17634919137e-13	6.0	6.0
intergenic_2721661_T_TTT_none_none|1	52.0320197044	5.46029359716e-13	5.0	4.0
PA14_49440_4393862_T_C_N_D|1	52.0320197044	5.46029359716e-13	5.0	4.0
PA14_66060,rfaE_5883665_T_C_nan_nan|1	52.0320197044	5.46029359716e-13	5.0	4.0
PA14_06530,bioH_572644_C_T_C_C|1	52.0206328155	5.49204997624e-13	9.0	17.0
PA14_09520,mexI_816635_C_T_E_K|1	51.4995073892	7.16150664256e-13	4.0	2.0
PA14_59920_5336291_G_C_L_L|1	51.4995073892	7.16150664256e-13	4.0	2.0
intergenic_4735445_C_T_none_none|1	51.4995073892	7.16150664256e-13	4.0	2.0
PA14_10620,hpcB_914520_G_A_D_D|1	51.4995073892	7.16150664256e-13	4.0	2.0
PA14_17640,potA_1516677_C_T_S_N|1	51.4995073892	7.16150664256e-13	4.0	2.0
PA14_61200_5460669_G_A_L_L|1	51.4995073892	7.16150664256e-13	4.0	2.0
PA14_03380_310426_G_A,T_none_none|1	51.4995073892	7.16150664256e-13	4.0	2.0
PA14_53800,mntH2_4770444_C_T_I_I|1	51.4995073892	7.16150664256e-13	4.0	2.0
PA14_27220,ohr_2365269_C_CTGGCCGCCC_none_none|1	51.4995073892	7.16150664256e-13	4.0	2.0
PA14_03380_311583_C_T_T_M|2	51.4995073892	7.16150664256e-13	4.0	2.0
PA14_31160_2708955_A_G,C_none_none|1	51.4995073892	7.16150664256e-13	4.0	2.0
PA14_30970,bphR_2691733_G_T_R_S|1	51.4995073892	7.16150664256e-13	4.0	2.0
PA14_31070_2702883_G_GCCCGTTGGTGA_none_none|1	51.4995073892	7.16150664256e-13	4.0	2.0
PA14_36590,malQ_3257889_G_T_G_G|1	49.9395225464	1.58558486308e-12	6.0	7.0
intergenic_4897420_C_A_none_none|1	49.9395225464	1.58558486308e-12	6.0	7.0
PA14_18610,argF_1598997_C_T_V_V|1	49.9395225464	1.58558486308e-12	6.0	7.0
PA14_17860,paaH_1534346_C_T_A_V|1	49.9395225464	1.58558486308e-12	6.0	7.0
PA14_18660_1606930_C_T_G_G|1	49.9395225464	1.58558486308e-12	6.0	7.0
PA14_18380,algA_1579461_G_A_D_D|1	49.9395225464	1.58558486308e-12	6.0	7.0
PA14_00340_30886_C_T_L_L|11	49.9395225464	1.58558486308e-12	6.0	7.0
intergenic_1541569_G_A_none_none|1	49.9395225464	1.58558486308e-12	6.0	7.0
PA14_36590,malQ_3257768_G_A_G_D|1	49.9395225464	1.58558486308e-12	6.0	7.0
PA14_20860_1796456_C_A_A_E|3	49.9395225464	1.58558486308e-12	6.0	7.0
PA14_01910,pcaG_174742_C_T_S_L|1	49.9395225464	1.58558486308e-12	6.0	7.0
PA14_17650_1517229_C_T_A_V|4	49.9395225464	1.58558486308e-12	6.0	7.0
PA14_41160_3672473_G_A_L_L|1	49.3115987461	2.18367539129e-12	8.0	14.0
intergenic_4265361_T_C_none_none|1	45.8731527094	1.26163183565e-11	5.0	5.0
PA14_32390,mexF_2814868_A_G_R_R|1	45.8731527094	1.26163183565e-11	5.0	5.0
PA14_17820_1532204_T_A_D_E|1	45.5680506685	1.47426781563e-11	6.0	8.0
PA14_17780_1527315_T_C_A_A|1	45.5680506685	1.47426781563e-11	6.0	8.0
PA14_40440_3614212_C_T_R_C|1	45.5680506685	1.47426781563e-11	6.0	8.0
PA14_17630,potB_1514952_C_T_A_T|1	45.5680506685	1.47426781563e-11	6.0	8.0
PA14_57480_5122079_C_T_D_D|4	45.5680506685	1.47426781563e-11	6.0	8.0
PA14_05300_462384_G_A_N_N|1	45.5680506685	1.47426781563e-11	6.0	8.0
PA14_47070_4192597_G_A_A_A|1	45.5680506685	1.47426781563e-11	6.0	8.0
intergenic_4587793_C_T_none_none|1	45.5680506685	1.47426781563e-11	6.0	8.0
PA14_18230,fruR_1563188_G_A_L_L|1	45.5680506685	1.47426781563e-11	6.0	8.0
PA14_55440,hxcR_4933809_G_A_T_M|1	45.5680506685	1.47426781563e-11	6.0	8.0
PA14_12450_1073035_C_T_G_G|1	45.5680506685	1.47426781563e-11	6.0	8.0
PA14_36580,glgB_3255194_C_T_F_F|1	45.5680506685	1.47426781563e-11	6.0	8.0
PA14_69270_6179805_G_C_S_T|1	45.5680506685	1.47426781563e-11	6.0	8.0
PA14_62480,aspC_5573366_C_T_V_V|1	45.5680506685	1.47426781563e-11	6.0	8.0
PA14_52020_4616598_G_A_L_L|1	45.5680506685	1.47426781563e-11	6.0	8.0
PA14_58900_5248589_G_A_G_S|1	45.5680506685	1.47426781563e-11	6.0	8.0
PA14_41300_3686584_G_A_R_W|1	45.5680506685	1.47426781563e-11	6.0	8.0
PA14_06290,glcB_556563_A_C_T_T|1	45.5680506685	1.47426781563e-11	6.0	8.0
PA14_46640_4157450_G_A_P_S|2	45.5680506685	1.47426781563e-11	6.0	8.0
PA14_33360_2936012_A_C_D_A|1	44.1873152709	2.98408728153e-11	3.0	1.0
PA14_59690_5312272_C_T_L_L|1	44.1873152709	2.98408728153e-11	3.0	1.0
PA14_36740_3276059_C_T_V_V|1	44.1873152709	2.98408728153e-11	3.0	1.0
PA14_33360_2936374_G_A_G_S|1	44.1873152709	2.98408728153e-11	3.0	1.0
PA14_30850,trbI_2678444_C_T,A_none_none|2	44.1873152709	2.98408728153e-11	3.0	1.0
PA14_30850,trbI_2679046_G_C,T_none_none|1	44.1873152709	2.98408728153e-11	3.0	1.0
PA14_33610_2971692_G_C,T_none_none|1	44.1873152709	2.98408728153e-11	3.0	1.0
PA14_49390,rrmA_4390059_C_T_I_I|2	44.1873152709	2.98408728153e-11	3.0	1.0
PA14_63020,fur_5623832_G_A_T_T|1	44.1873152709	2.98408728153e-11	3.0	1.0
PA14_32390,mexF_2814907_C_A_A_A|1	44.1873152709	2.98408728153e-11	3.0	1.0
PA14_33610_2963729_T_C_V_A|1	44.1873152709	2.98408728153e-11	3.0	1.0
PA14_33360_2937175_G_C_D_H|1	44.1873152709	2.98408728153e-11	3.0	1.0
PA14_12630_1084911_C_T_V_V|6	44.1873152709	2.98408728153e-11	3.0	1.0
PA14_45430_4045736_C_T_V_V|1	44.1873152709	2.98408728153e-11	3.0	1.0
PA14_33730_2994798_G_GGCGGGCTTC_none_none|1	44.1873152709	2.98408728153e-11	3.0	1.0
intergenic_6363884_GAT_GCCAT_none_none|1	44.1873152709	2.98408728153e-11	3.0	1.0
PA14_57370,murD_5111590_A_G_N_N|1	44.1873152709	2.98408728153e-11	3.0	1.0
PA14_04810_425027_C_A_L_L|2	44.1873152709	2.98408728153e-11	3.0	1.0
intergenic_2926934_C_T_none_none|1	44.1873152709	2.98408728153e-11	3.0	1.0
PA14_37640_3349577_C_T_V_V|1	44.1873152709	2.98408728153e-11	3.0	1.0
PA14_02930_257885_C_T_L_L|4	44.1873152709	2.98408728153e-11	3.0	1.0
PA14_07770,ostA_668011_G_GACATAGGTGGTA,GGTA_none_none|1	44.1873152709	2.98408728153e-11	3.0	1.0
intergenic_5852236_G_A_none_none|1	44.1873152709	2.98408728153e-11	3.0	1.0
PA14_16690,ppc_1428089_C_T_A_V|1	44.1873152709	2.98408728153e-11	3.0	1.0
PA14_33890,aldG_3011383_G_A_Q_Q|1	44.1873152709	2.98408728153e-11	3.0	1.0
PA14_34340,mtlZ_3055000_G_A_G_G|1	44.1873152709	2.98408728153e-11	3.0	1.0
intergenic_188901_C_G_none_none|1	44.1873152709	2.98408728153e-11	3.0	1.0
PA14_33890,aldG_3011379_C_T_A_V|1	44.1873152709	2.98408728153e-11	3.0	1.0
PA14_16610_1421902_C_T_I_I|1	44.1873152709	2.98408728153e-11	3.0	1.0
intergenic_5359314_A_C_none_none|2	44.1873152709	2.98408728153e-11	3.0	1.0
PA14_03100_272821_A_AGCCTGGCGATGCCCTCGAGGTGTTC,AGCCTGGCGATGCCCTCGAGGTGTTCCTTGA_none_none|1	44.1873152709	2.98408728153e-11	3.0	1.0
PA14_03380_311443_C_A_T_T|4	44.1873152709	2.98408728153e-11	3.0	1.0
PA14_37850,yejE_3376663_C_G_L_L|1	44.1873152709	2.98408728153e-11	3.0	1.0
PA14_28820_2487055_C_T_A_V|1	44.1873152709	2.98408728153e-11	3.0	1.0
intergenic_4286658_G_GTAACGATCG_none_none|1	44.1873152709	2.98408728153e-11	3.0	1.0
PA14_19970_1720033_G_C_A_A|1	44.1873152709	2.98408728153e-11	3.0	1.0
PA14_01350_130935_C_T_A_A|2	44.1873152709	2.98408728153e-11	3.0	1.0
intergenic_1620542_C_T_none_none|1	43.9921182266	3.29700830478e-11	8.0	16.0
intergenic_342844_T_G,C_none_none|1	43.0347642505	5.37757675455e-11	4.0	3.0
PA14_56890_5070595_G_A_A_A|1	43.0347642505	5.37757675455e-11	4.0	3.0
intergenic_2708739_C_G,T_none_none|1	43.0347642505	5.37757675455e-11	4.0	3.0
PA14_39690,nrdD_3537914_G_A_A_T|1	43.0347642505	5.37757675455e-11	4.0	3.0
intergenic_1198697_A_T_none_none|9	43.0347642505	5.37757675455e-11	4.0	3.0
PA14_03270_295100_C_T_L_F|1	43.0347642505	5.37757675455e-11	4.0	3.0
intergenic_2677785_C_T_none_none|1	43.0347642505	5.37757675455e-11	4.0	3.0
PA14_31070_2703439_G_T_T_K|1	43.0347642505	5.37757675455e-11	4.0	3.0
intergenic_2492518_G_C,A_none_none|1	43.0347642505	5.37757675455e-11	4.0	3.0
PA14_31190_2711016_G_C_Q_E|1	43.0347642505	5.37757675455e-11	4.0	3.0
PA14_03380_311330_C_G_L_V|1	43.0347642505	5.37757675455e-11	4.0	3.0
intergenic_2459765_G_T_none_none|1	43.0347642505	5.37757675455e-11	4.0	3.0
PA14_22640_1969232_C_T_R_R|1	43.0347642505	5.37757675455e-11	4.0	3.0
PA14_70740_6299494_G_A_L_L|1	43.0347642505	5.37757675455e-11	4.0	3.0
PA14_30970,bphR_2691497_G_T,C_none_none|2	43.0347642505	5.37757675455e-11	4.0	3.0
PA14_21020_1814700_G_A_P_L|1	43.0347642505	5.37757675455e-11	4.0	3.0
PA14_13780,narG_1185193_C_T_F_F|1	42.934137931	5.66140722393e-11	9.0	21.0
PA14_31390_2730602_G_C_L_L|2	41.7860098522	1.01829433828e-10	6.0	9.0
PA14_20860_1796362_T_C_L_L|1	41.7860098522	1.01829433828e-10	6.0	9.0
intergenic_5021936_A_G_none_none|1	41.7860098522	1.01829433828e-10	6.0	9.0
PA14_48520,mltA_4313220_G_A_V_V|1	41.7860098522	1.01829433828e-10	6.0	9.0
PA14_48280_4296266_C_T_G_G|1	41.7860098522	1.01829433828e-10	6.0	9.0
PA14_18360,prmF_1577019_G_A_L_L|1	41.7860098522	1.01829433828e-10	6.0	9.0
intergenic_1542660_C_T_none_none|1	41.7860098522	1.01829433828e-10	6.0	9.0
PA14_01840_168316_G_A_R_R|1	41.6574581281	1.08749748502e-10	8.0	17.0
intergenic_3476344_G_C_none_none|1	41.0512561576	1.48288831214e-10	7.0	13.0
PA14_17850,fadB_1533009_C_T_P_L|1	41.0512561576	1.48288831214e-10	7.0	13.0
PA14_04030_363464_G_A_L_L|1	41.0512561576	1.48288831214e-10	7.0	13.0
PA14_04080,yecS_367509_G_A_Y_Y|2	41.0512561576	1.48288831214e-10	7.0	13.0
PA14_18640_1604075_C_G_G_G|1	41.0368504688	1.49385857481e-10	9.0	22.0
PA14_36880_3286882_C_A_P_P|4	40.8430362741	1.64960023758e-10	5.0	6.0
PA14_35080,arsH_3123547_G_A_D_D|1	40.8430362741	1.64960023758e-10	5.0	6.0
PA14_31130_2707240_A_T_D_E|1	40.8430362741	1.64960023758e-10	5.0	6.0
PA14_01870_170237_A_T_D_V|7	40.8430362741	1.64960023758e-10	5.0	6.0
PA14_30960,traG_2689187_G_A_R_R|1	40.8430362741	1.64960023758e-10	5.0	6.0
PA14_00510_48750_C_T_D_D|5	40.8430362741	1.64960023758e-10	5.0	6.0
intergenic_2204358_AAGGCCGCTATTGC_AGGCCGCTATTGC_none_none|1	40.6	1.86806663951e-10	2.0	0.0
intergenic_3383568_T_TTCAGGCACGGCGTAT_none_none|1	40.6	1.86806663951e-10	2.0	0.0
PA14_36230,glnP_3226973_T_G_L_L|2	40.6	1.86806663951e-10	2.0	0.0
PA14_33690,pvdE_2990269_G_A,C_none_none|1	40.6	1.86806663951e-10	2.0	0.0
PA14_15460,merA_1309881_C_G,T_none_none|1	40.6	1.86806663951e-10	2.0	0.0
PA14_12630_1083183_G_A,T_none_none|14	40.6	1.86806663951e-10	2.0	0.0
PA14_28240_2443308_T_A_V_D|1	40.6	1.86806663951e-10	2.0	0.0
PA14_59540_5298362_C_G,T_none_none|1	40.6	1.86806663951e-10	2.0	0.0
PA14_47880_4260980_A_T_E_V|2	40.6	1.86806663951e-10	2.0	0.0
PA14_03370_308314_G_T_L_I|1	40.6	1.86806663951e-10	2.0	0.0
PA14_59940_5337263_T_C_D_D|2	40.6	1.86806663951e-10	2.0	0.0
PA14_12630_1085033_A_T,G_none_none|9	40.6	1.86806663951e-10	2.0	0.0
PA14_31090_2704295_C_CGCACCGAT_none_none|1	40.6	1.86806663951e-10	2.0	0.0
PA14_00030,recF_3374_C_T_T_I|695	40.6	1.86806663951e-10	2.0	0.0
intergenic_5748890_CAG_CAGAG,CTCCAGAG_none_none|1	40.6	1.86806663951e-10	2.0	0.0
PA14_51470,cupC1_4576297_G_A,T_none_none|2	40.6	1.86806663951e-10	2.0	0.0
PA14_10230,adh_880525_GGCGCGCGCGC_GGCGCGCGC_none_none|12	40.6	1.86806663951e-10	2.0	0.0
PA14_30910,trbE_2684690_T_C,A_none_none|2	40.6	1.86806663951e-10	2.0	0.0
PA14_48910_4347908_C_T,A_none_none|1	40.6	1.86806663951e-10	2.0	0.0
intergenic_4860216_A_AGTATTTCCGGGC_none_none|1	40.6	1.86806663951e-10	2.0	0.0
PA14_01140_111828_C_T,G_none_none|2	40.6	1.86806663951e-10	2.0	0.0
PA14_31260_2718119_C_G,A_none_none|1	40.6	1.86806663951e-10	2.0	0.0
intergenic_4230471_AGAAACG_AAGCCGAGCGTCTAGTCCTGAAACG_none_none|1	40.6	1.86806663951e-10	2.0	0.0
PA14_60020_5345210_C_T_G_G|2	40.6	1.86806663951e-10	2.0	0.0
PA14_60050_5347080_C_CTCGCAA,CTCGCAACCGATGACTT_none_none|1	40.6	1.86806663951e-10	2.0	0.0
PA14_34100_3031019_G_GATC_none_none|1	40.6	1.86806663951e-10	2.0	0.0
intergenic_4350716_C_CCAGTCACCCATG,CTCATCCAGTCACCCATG_none_none|1	40.6	1.86806663951e-10	2.0	0.0
intergenic_1244659_G_GCCTTTTTTTATTTGCAGGCCGGATCAGA_none_none|1	40.6	1.86806663951e-10	2.0	0.0
intergenic_279687_G_GAAGTGTTCGGTGGA_none_none|1	40.6	1.86806663951e-10	2.0	0.0
PA14_17150_1472088_A_G_S_G|2	40.6	1.86806663951e-10	2.0	0.0
PA14_13170_1132812_C_G_K_N|1	40.6	1.86806663951e-10	2.0	0.0
intergenic_5915109_GCCCC_GCCC,GCC_none_none|1	40.6	1.86806663951e-10	2.0	0.0
PA14_05990,emrA_529695_C_T_P_P|2	40.6	1.86806663951e-10	2.0	0.0
intergenic_252540_GGCGGGGC_GCGGGGC_none_none|1	40.6	1.86806663951e-10	2.0	0.0
PA14_28870_2492292_G_A_S_N|3	40.6	1.86806663951e-10	2.0	0.0
PA14_03270_294747_A_ACCGGGTC_none_none|8	40.6	1.86806663951e-10	2.0	0.0
PA14_04520_402507_A_G_V_A|2	40.6	1.86806663951e-10	2.0	0.0
intergenic_4757045_T_TCAGTTGCTTTC_none_none|1	40.6	1.86806663951e-10	2.0	0.0
PA0976.1_5251483_GA_GCCATTTGGACCAA,GCCATTTGGA_none_none|2	40.6	1.86806663951e-10	2.0	0.0
PA14_49560,toxA_4408591_A_ATGCCGGCGC_none_none|1	40.6	1.86806663951e-10	2.0	0.0
PA14_30860,trbG_2680494_C_CAACGGGGGCCTCATCGAG,CCTCATCGAG_none_none|5	40.6	1.86806663951e-10	2.0	0.0
PA14_37030,cupA3_3297038_T_TTGCGC,TCTTGCGC_none_none|1	40.6	1.86806663951e-10	2.0	0.0
PA14_59690_5310856_T_C_Y_H|1	40.6	1.86806663951e-10	2.0	0.0
PA14_28820_2487726_G_T,C_none_none|7	40.6	1.86806663951e-10	2.0	0.0
PA14_55400_4923332_A_G,C_none_none|1	40.6	1.86806663951e-10	2.0	0.0
PA14_03380_311122_C_T,G_none_none|9	40.6	1.86806663951e-10	2.0	0.0
PA14_54050_4794266_T_TAGCAGC_none_none|1	40.6	1.86806663951e-10	2.0	0.0
PA14_03250_291650_T_G,C_none_none|4	40.6	1.86806663951e-10	2.0	0.0
PA14_28810_2480828_A_G,C_none_none|2	40.6	1.86806663951e-10	2.0	0.0
PA14_50240_4462788_G_T_D_E|2	40.6	1.86806663951e-10	2.0	0.0
intergenic_215820_CCTTCGAACCTTTCGCCAGATCGCT_CTTCGAACCTTTCGCCAGATCGCT_none_none|1	40.6	1.86806663951e-10	2.0	0.0
PA14_37270_3319723_G_A_V_V|1	39.506176582	3.27023428977e-10	8.0	18.0
PA14_56890_5069386_C_T_G_G|1	39.506176582	3.27023428977e-10	8.0	18.0
PA14_17640,potA_1516738_T_A_N_Y|1	39.506176582	3.27023428977e-10	8.0	18.0
PA14_04020_363171_C_T_R_H|1	38.4931034483	5.49475103665e-10	7.0	14.0
PA14_48320_4299569_G_T_A_S|1	38.4931034483	5.49475103665e-10	7.0	14.0
PA14_55440,hxcR_4933934_G_A_A_A|1	38.4931034483	5.49475103665e-10	7.0	14.0
PA14_48530_4314605_C_T_I_I|1	38.4931034483	5.49475103665e-10	7.0	14.0
PA14_33360_2937085_T_A_L_M|1	38.4828817734	5.52360520701e-10	6.0	10.0
PA14_69170_6169634_A_G_C_C|1	38.4828817734	5.52360520701e-10	6.0	10.0
PA14_17890_1536309_A_T_T_S|1	38.4828817734	5.52360520701e-10	6.0	10.0
PA14_17900,metR_1538174_C_T_S_S|1	38.4828817734	5.52360520701e-10	6.0	10.0
PA14_69150,ubiD_6167801_G_A_L_L|1	38.4828817734	5.52360520701e-10	6.0	10.0
PA14_33500,pvdH_2948910_C_A_R_R|1	38.4828817734	5.52360520701e-10	6.0	10.0
PA14_69170_6170206_C_T_A_T|1	38.4828817734	5.52360520701e-10	6.0	10.0
PA14_57780,hisD_5146738_G_A_L_L|1	38.4828817734	5.52360520701e-10	6.0	10.0
intergenic_1578275_G_T_none_none|1	38.4828817734	5.52360520701e-10	6.0	10.0
intergenic_226634_G_T_none_none|1	38.4828817734	5.52360520701e-10	6.0	10.0
PA14_69170_6170086_G_A_L_L|1	38.4828817734	5.52360520701e-10	6.0	10.0
PA14_40120,polB_3575423_C_T_R_H|1	38.4828817734	5.52360520701e-10	6.0	10.0
intergenic_1152056_C_T_none_none|1	38.4828817734	5.52360520701e-10	6.0	10.0
PA14_18450,algI_1583562_G_A_R_R|1	38.4828817734	5.52360520701e-10	6.0	10.0
PA14_61520_5488427_C_T_A_A|1	38.4828817734	5.52360520701e-10	6.0	10.0
PA14_20750_1785978_C_T_R_R|1	38.4828817734	5.52360520701e-10	6.0	10.0
PA14_18640_1604181_G_T_A_S|1	38.2417582418	6.2500498399e-10	10.0	29.0
PA14_48410_4305374_T_C_T_A|1	36.8583743842	1.27029282035e-09	10.0	30.0
PA14_31130_2707403_G_A_A_V|1	36.6985221675	1.37883926231e-09	4.0	4.0
PA14_53380_4733699_G_A_V_V|1	36.6985221675	1.37883926231e-09	4.0	4.0
PA14_23810_2069725_C_T_V_V|1	36.6985221675	1.37883926231e-09	4.0	4.0
PA14_06640_580089_G_A_Q_Q|1	36.6985221675	1.37883926231e-09	4.0	4.0
PA14_03380_311555_A_G_T_A|3	36.6985221675	1.37883926231e-09	4.0	4.0
PA14_03380_310624_C_T_S_S|4	36.6985221675	1.37883926231e-09	4.0	4.0
PA14_06640_580275_C_T_R_R|1	36.6985221675	1.37883926231e-09	4.0	4.0
PA14_59150_5266326_A_G_E_E|1	36.6985221675	1.37883926231e-09	4.0	4.0
PA14_03380_311063_C_T_H_Y|1	36.6985221675	1.37883926231e-09	4.0	4.0
PA14_08310_712772_G_C_A_A|1	36.6985221675	1.37883926231e-09	4.0	4.0
intergenic_550918_A_G_none_none|1	36.6985221675	1.37883926231e-09	4.0	4.0
PA14_09520,mexI_818106_C_G_V_V|1	36.6985221675	1.37883926231e-09	4.0	4.0
intergenic_2678193_A_T_none_none|1	36.6985221675	1.37883926231e-09	4.0	4.0
PA14_30910,trbE_2683939_G_C_A_G|1	36.6985221675	1.37883926231e-09	4.0	4.0
PA14_30910,trbE_2685203_A_G_F_L|2	36.6985221675	1.37883926231e-09	4.0	4.0
PA14_28840_2491524_A_G_K_E|1	36.6985221675	1.37883926231e-09	4.0	4.0
PA14_03380_310266_C_G_T_S|37	36.6985221675	1.37883926231e-09	4.0	4.0
PA14_09520,mexI_818104_G_A_A_V|2	36.6985221675	1.37883926231e-09	4.0	4.0
PA14_28820_2487071_G_C_E_D|1	36.6985221675	1.37883926231e-09	4.0	4.0
intergenic_309645_T_A_none_none|1	36.6985221675	1.37883926231e-09	4.0	4.0
PA14_68640_6120963_T_C_I_I|1	36.6985221675	1.37883926231e-09	4.0	4.0
intergenic_290548_A_G_none_none|1	36.6985221675	1.37883926231e-09	4.0	4.0
PA14_33360_2936932_A_C_R_R|1	36.6985221675	1.37883926231e-09	4.0	4.0
PA14_28820_2486663_T_G_H_Q|2	36.6985221675	1.37883926231e-09	4.0	4.0
PA14_70950,betB_6322311_C_T_Q_Q|1	36.6985221675	1.37883926231e-09	4.0	4.0
PA14_31070_2701212_C_A_V_V|1	36.6985221675	1.37883926231e-09	4.0	4.0
intergenic_290547_A_G_none_none|1	36.6985221675	1.37883926231e-09	4.0	4.0
PA14_56890_5070752_C_T_L_L|1	36.6985221675	1.37883926231e-09	4.0	4.0
PA14_51620_4587859_A_T_T_S|1	36.6985221675	1.37883926231e-09	4.0	4.0
PA14_17640,potA_1516691_A_G_H_H|1	36.6985221675	1.37883926231e-09	4.0	4.0
intergenic_1569405_C_A_none_none|1	36.6985221675	1.37883926231e-09	4.0	4.0
PA14_03380_310421_G_T_A_S|1	36.6985221675	1.37883926231e-09	4.0	4.0
PA14_11990_1036646_C_T_A_T|5	36.6594827586	1.40673049065e-09	5.0	7.0
PA14_36960_3293210_A_G_F_L|1	36.6594827586	1.40673049065e-09	5.0	7.0
intergenic_374541_C_T_none_none|1	36.6594827586	1.40673049065e-09	5.0	7.0
PA14_28840_2491526_A_G_K_K|1	36.6594827586	1.40673049065e-09	5.0	7.0
PA14_25230,mfd_2206826_C_A_S_S|4	36.6594827586	1.40673049065e-09	5.0	7.0
PA14_41190,ppiD_3674110_G_A_N_N|1	36.6594827586	1.40673049065e-09	5.0	7.0
intergenic_309650_A_G_none_none|2	36.6594827586	1.40673049065e-09	5.0	7.0
PA14_33280,pvdL_2924740_G_T_L_L|1	36.6594827586	1.40673049065e-09	5.0	7.0
PA14_71630,adhA_6380289_G_A_G_S|1	36.6594827586	1.40673049065e-09	5.0	7.0
intergenic_188909_G_A_none_none|1	36.6594827586	1.40673049065e-09	5.0	7.0
PA14_71500,soxA_6372575_G_A_P_P|5	36.6594827586	1.40673049065e-09	5.0	7.0
intergenic_3014089_G_A_none_none|1	36.6594827586	1.40673049065e-09	5.0	7.0
intergenic_3844238_C_T_none_none|1	36.6594827586	1.40673049065e-09	5.0	7.0
PA14_31070_2701377_G_C_A_A|1	36.6594827586	1.40673049065e-09	5.0	7.0
PA14_31190_2712145_C_A_V_V|1	36.6594827586	1.40673049065e-09	5.0	7.0
intergenic_1330215_G_C_none_none|1	36.6594827586	1.40673049065e-09	5.0	7.0
PA14_15070,oprC_1278697_C_T_D_D|2	36.6594827586	1.40673049065e-09	5.0	7.0
intergenic_4407185_GG_G_none_none|1	36.6594827586	1.40673049065e-09	5.0	7.0
PA14_62530,cbrA_5576922_C_T_F_F|1	36.1719883565	1.80648617741e-09	7.0	15.0
PA14_46330_4123511_G_A_G_G|1	36.1719883565	1.80648617741e-09	7.0	15.0
PA14_18140,mmsB_1556076_T_C_G_G|1	36.1719883565	1.80648617741e-09	7.0	15.0
PA14_52300_4641588_G_A_Q_Q|1	36.1719883565	1.80648617741e-09	7.0	15.0
PA14_27980,yjbN_2420805_G_A_A_V|1	36.1719883565	1.80648617741e-09	7.0	15.0
PA14_04070_366613_C_T_H_H|2	36.1719883565	1.80648617741e-09	7.0	15.0
PA14_36580,glgB_3256283_G_A_L_L|1	36.0320052159	1.94103036796e-09	9.0	25.0
PA14_70530_6283944_G_A_L_L|1	35.6751583392	2.33117776372e-09	8.0	20.0
PA14_17640,potA_1516743_C_A_R_L|1	35.6751583392	2.33117776372e-09	8.0	20.0
intergenic_419117_G_A_none_none|1	35.6751583392	2.33117776372e-09	8.0	20.0
PA14_69170_6170195_G_A_T_T|1	35.5741524196	2.45523862283e-09	6.0	11.0
PA14_06670,nirJ_584073_G_T_V_V|1	35.5741524196	2.45523862283e-09	6.0	11.0
PA14_20000_1721646_C_T_D_D|1	35.5741524196	2.45523862283e-09	6.0	11.0
PA14_71500,soxA_6371453_G_A_E_E|1	35.5741524196	2.45523862283e-09	6.0	11.0
PA14_48240_4294116_C_A_I_I|2	35.5741524196	2.45523862283e-09	6.0	11.0
PA14_08440_722334_C_T_R_H|1	35.5741524196	2.45523862283e-09	6.0	11.0
intergenic_4024478_C_T_none_none|1	35.5741524196	2.45523862283e-09	6.0	11.0
intergenic_4313834_C_T_none_none|1	35.5741524196	2.45523862283e-09	6.0	11.0
PA14_17820_1532258_G_C_E_D|1	35.5741524196	2.45523862283e-09	6.0	11.0
PA14_69420,hemY_6190987_G_A_I_I|1	35.5741524196	2.45523862283e-09	6.0	11.0
PA14_55460,hxcZ_4937870_G_T_Q_K|1	35.5741524196	2.45523862283e-09	6.0	11.0
PA14_31180_2710322_G_A_T_I|1	35.5741524196	2.45523862283e-09	6.0	11.0
PA14_17760,ada_1526739_C_T_C_C|1	35.5741524196	2.45523862283e-09	6.0	11.0
PA14_46660_4159153_C_T_R_R|1	35.5741524196	2.45523862283e-09	6.0	11.0
PA14_63620,lipC_5672800_G_A_H_H|1	35.5741524196	2.45523862283e-09	6.0	11.0
PA14_31070_2703508_T_C,G_none_none|1	34.179408867	5.02579402066e-09	3.0	2.0
PA14_02390_214700_C_T_A_A|1	34.179408867	5.02579402066e-09	3.0	2.0
PA14_26460,cobK_2305073_C_T_P_P|1	34.179408867	5.02579402066e-09	3.0	2.0
PA14_57340,murG_5109174_G_A_L_L|1	34.179408867	5.02579402066e-09	3.0	2.0
PA14_30970,bphR_2691902_A_G,T_none_none|1	34.179408867	5.02579402066e-09	3.0	2.0
intergenic_6532589_CAAAAAA_CAAAAA_none_none|1	34.179408867	5.02579402066e-09	3.0	2.0
PA14_04700_418238_C_T_S_S|1	34.179408867	5.02579402066e-09	3.0	2.0
PA14_02340,atsB_209615_G_T_A_A|5	34.179408867	5.02579402066e-09	3.0	2.0
PA14_69760_6222790_G_T_R_R|1	34.179408867	5.02579402066e-09	3.0	2.0
intergenic_1207603_G_GGAAG_none_none|1	34.179408867	5.02579402066e-09	3.0	2.0
PA14_30850,trbI_2679043_T_A,G_none_none|1	34.179408867	5.02579402066e-09	3.0	2.0
PA14_09520,mexI_816774_G_C_I_M|2	34.179408867	5.02579402066e-09	3.0	2.0
PA14_09520,mexI_817991_C_A_A_S|2	34.179408867	5.02579402066e-09	3.0	2.0
PA14_30860,trbG_2680489_C_G,A_none_none|1	34.179408867	5.02579402066e-09	3.0	2.0
intergenic_2677923_G_T_none_none|1	34.179408867	5.02579402066e-09	3.0	2.0
PA14_03380_311428_G_A_E_E|4	34.179408867	5.02579402066e-09	3.0	2.0
intergenic_2735135_A_G_none_none|1	34.179408867	5.02579402066e-09	3.0	2.0
PA14_59540_5298134_G_A_G_S|1	34.179408867	5.02579402066e-09	3.0	2.0
intergenic_4957390_T_C_none_none|1	34.179408867	5.02579402066e-09	3.0	2.0
PA14_40450,str_3615172_CCAGCCTGTC_CAAACCTCGCTCGAACGCAGCCTGTC_none_none|1	34.179408867	5.02579402066e-09	3.0	2.0
intergenic_4413523_C_CCCGCTCTTGGAC_none_none|1	34.179408867	5.02579402066e-09	3.0	2.0
PA14_17640,potA_1516678_T_G_S_R|1	34.179408867	5.02579402066e-09	3.0	2.0
PA14_51620_4587867_C_G_S_S|1	34.179408867	5.02579402066e-09	3.0	2.0
PA14_20570,amiB_1769792_C_T_L_L|1	34.179408867	5.02579402066e-09	3.0	2.0
intergenic_1913761_A_G_none_none|1	34.179408867	5.02579402066e-09	3.0	2.0
PA14_36710,glgB_3271763_G_A_G_G|1	34.179408867	5.02579402066e-09	3.0	2.0
PA14_29560_2563533_C_T_L_L|1	34.179408867	5.02579402066e-09	3.0	2.0
intergenic_269343_C_T_none_none|1	34.179408867	5.02579402066e-09	3.0	2.0
PA14_30940,trbB_2687632_C_A,G_none_none|1	34.179408867	5.02579402066e-09	3.0	2.0
PA14_09990_860101_A_G_W_R|5	34.179408867	5.02579402066e-09	3.0	2.0
PA14_33360_2935943_AC_ACGACGGCGATGC_none_none|1	34.179408867	5.02579402066e-09	3.0	2.0
PA14_09520,mexI_816633_C_T_E_E|4	34.179408867	5.02579402066e-09	3.0	2.0
PA14_68120,opmG_6077856_T_C_F_L|1	34.179408867	5.02579402066e-09	3.0	2.0
PA14_53260_4721682_C_T_G_G|1	34.179408867	5.02579402066e-09	3.0	2.0
PA14_59530_5296005_G_A_V_I|2	34.179408867	5.02579402066e-09	3.0	2.0
PA14_33650,pvdD_2983817_A_C,G_none_none|1	34.179408867	5.02579402066e-09	3.0	2.0
PA14_33890,aldG_3011389_C_T_G_G|1	34.179408867	5.02579402066e-09	3.0	2.0
PA14_33360_2936918_A_C_D_A|1	34.179408867	5.02579402066e-09	3.0	2.0
PA14_59910_5334490_G_A_E_E|1	34.179408867	5.02579402066e-09	3.0	2.0
PA14_05620,sahH_498714_C_T_L_L|1	34.179408867	5.02579402066e-09	3.0	2.0
PA14_12630_1085020_C_A_R_S|1	34.179408867	5.02579402066e-09	3.0	2.0
PA14_28080_2431911_TGGGCCAGGTCCTTGGACCTGGCCT_T_none_none|1	34.179408867	5.02579402066e-09	3.0	2.0
PA14_33890,aldG_3011416_G_C_S_S|2	34.179408867	5.02579402066e-09	3.0	2.0
PA14_00010,dnaA_1889_G_A_L_L|1	34.179408867	5.02579402066e-09	3.0	2.0
PA14_59540_5298625_C_G_A_A|1	34.179408867	5.02579402066e-09	3.0	2.0
PA14_32970_2885082_G_A_E_K|1	34.179408867	5.02579402066e-09	3.0	2.0
PA14_17500,mutS_1502546_A_G_R_R|1	34.179408867	5.02579402066e-09	3.0	2.0
intergenic_1817974_C_CGAACGA,CGA_none_none|1	34.179408867	5.02579402066e-09	3.0	2.0
intergenic_290515_C_G_none_none|1	34.179408867	5.02579402066e-09	3.0	2.0
PA14_60030_5346277_G_GGTGATGAGA_none_none|1	34.179408867	5.02579402066e-09	3.0	2.0
PA14_29690_2572012_G_A_G_G|1	34.179408867	5.02579402066e-09	3.0	2.0
PA14_55540_4943193_G_A_T_T|1	34.0569929321	5.35212154548e-09	7.0	16.0
PA14_63080,lldP_5628424_G_A_A_A|1	34.0569929321	5.35212154548e-09	7.0	16.0
PA14_45190_4030717_C_A_R_S|1	34.0569929321	5.35212154548e-09	7.0	16.0
PA14_48090,aprF_4279433_A_C_S_A|2	33.1725369458	8.43332379243e-09	9.0	27.0
PA14_17760,ada_1526418_C_T_F_F|1	33.1725369458	8.43332379243e-09	9.0	27.0
PA14_19150,yigM_1653960_G_A_E_E|1	33.1725369458	8.43332379243e-09	9.0	27.0
PA14_03450,gabT_315562_G_A_Q_Q|1	33.1725369458	8.43332379243e-09	9.0	27.0
PA14_14060_1206549_A_G_E_G|4	33.1271314892	8.6325710302e-09	5.0	8.0
intergenic_1051348_GCGAAAGGTCTTGCTCG_GTGCCGCGAGCGGTCGCGGCGAAAGGTCTTGCTCG_none_none|1	33.1271314892	8.6325710302e-09	5.0	8.0
PA14_28840_2491529_A_G_L_L|1	33.1271314892	8.6325710302e-09	5.0	8.0
PA14_19690_1699522_C_T_L_L|1	33.1271314892	8.6325710302e-09	5.0	8.0
intergenic_5828321_C_A_none_none|1	33.1271314892	8.6325710302e-09	5.0	8.0
PA14_71800,zwf_6395387_G_A_S_N|1	33.1271314892	8.6325710302e-09	5.0	8.0
intergenic_2708763_C_T_none_none|1	33.1271314892	8.6325710302e-09	5.0	8.0
intergenic_309674_C_A_none_none|2	33.1271314892	8.6325710302e-09	5.0	8.0
PA14_31190_2711689_G_T_D_E|1	33.1271314892	8.6325710302e-09	5.0	8.0
intergenic_1115369_T_G_none_none|1	33.1271314892	8.6325710302e-09	5.0	8.0
PA14_12430_1070774_C_T_none_none|2	33.1271314892	8.6325710302e-09	5.0	8.0
PA14_48020_4274124_G_C_G_G|5	33.1271314892	8.6325710302e-09	5.0	8.0
PA14_33630,pvdJ_2973750_A_T_G_G|1	33.1271314892	8.6325710302e-09	5.0	8.0
PA14_11630_1008981_G_C_A_A|2	33.1271314892	8.6325710302e-09	5.0	8.0
PA14_40260_3589002_G_A_G_G|1	33.1271314892	8.6325710302e-09	5.0	8.0
PA14_28840_2491436_A_C_I_I|1	33.1271314892	8.6325710302e-09	5.0	8.0
PA14_28820_2487881_T_C_I_I|1	33.1271314892	8.6325710302e-09	5.0	8.0
PA14_28840_2489634_T_A_S_T|1	33.1271314892	8.6325710302e-09	5.0	8.0
PA14_12630_1083652_C_A_R_S|1	33.1271314892	8.6325710302e-09	5.0	8.0
intergenic_4475695_G_A_none_none|1	33.1271314892	8.6325710302e-09	5.0	8.0
PA14_40430_3613386_G_A_P_P|1	33.1271314892	8.6325710302e-09	5.0	8.0
PA14_36960_3293178_G_A_G_G|1	33.1271314892	8.6325710302e-09	5.0	8.0
PA14_28830_2489164_T_G_A_A|1	33.1271314892	8.6325710302e-09	5.0	8.0
PA14_16100_1371578_A_T_L_Q|1	33.1271314892	8.6325710302e-09	5.0	8.0
PA14_01900,pcaH_174178_G_A_P_P|1	33.1271314892	8.6325710302e-09	5.0	8.0
PA14_30970,bphR_2691509_T_A_G_G|1	33.1271314892	8.6325710302e-09	5.0	8.0
PA14_31080_2704114_G_A_R_R|1	33.1271314892	8.6325710302e-09	5.0	8.0
PA14_01870_172191_C_T_F_F|1	33.1271314892	8.6325710302e-09	5.0	8.0
PA14_49460,nrdA_4397531_G_A_P_P|1	33.1271314892	8.6325710302e-09	5.0	8.0
PA14_28880_2493063_G_C_P_A|1	33.1271314892	8.6325710302e-09	5.0	8.0
PA14_55400_4919069_C_T_E_E|1	33.1271314892	8.6325710302e-09	5.0	8.0
PA14_19700_1700357_C_A_H_Q|1	32.99408867	9.24395063347e-09	6.0	12.0
PA14_29490,hplR_2558595_G_A_C_Y|1	32.99408867	9.24395063347e-09	6.0	12.0
intergenic_4304030_A_G_none_none|1	32.99408867	9.24395063347e-09	6.0	12.0
PA14_30960,traG_2690102_G_A_G_G|1	32.99408867	9.24395063347e-09	6.0	12.0
PA14_55470,hxcY_4938381_G_A_L_L|1	32.99408867	9.24395063347e-09	6.0	12.0
intergenic_5749019_C_A_none_none|1	32.99408867	9.24395063347e-09	6.0	12.0
PA14_17570_1508792_C_T_A_A|1	32.99408867	9.24395063347e-09	6.0	12.0
PA14_19290,srmB_1663229_C_T_I_I|1	32.99408867	9.24395063347e-09	6.0	12.0
PA14_01870_172158_C_T_G_G|1	32.99408867	9.24395063347e-09	6.0	12.0
PA14_62530,cbrA_5576682_G_A_V_V|1	32.99408867	9.24395063347e-09	6.0	12.0
intergenic_290836_T_C_none_none|1	32.99408867	9.24395063347e-09	6.0	12.0
PA14_03480_319550_G_T_G_G|1	32.99408867	9.24395063347e-09	6.0	12.0
intergenic_6364589_G_A_none_none|1	32.99408867	9.24395063347e-09	6.0	12.0
PA14_08090,gpFII_695439_C_T_T_T|1	32.99408867	9.24395063347e-09	6.0	12.0
PA14_49780_4427891_C_A_R_L|1	32.99408867	9.24395063347e-09	6.0	12.0
PA14_36580,glgB_3256238_C_T_R_R|1	32.99408867	9.24395063347e-09	6.0	12.0
PA14_40070_3571509_C_T_D_D|1	32.99408867	9.24395063347e-09	6.0	12.0
PA14_68050_6071975_C_T_L_L|1	32.3680788177	1.27564848604e-08	8.0	22.0
PA14_41160_3671843_G_T_L_L|1	32.3680788177	1.27564848604e-08	8.0	22.0
PA14_49580_4411330_T_G_L_R|1	32.3680788177	1.27564848604e-08	8.0	22.0
PA14_12550_1078845_C_T_G_G|1	32.3680788177	1.27564848604e-08	8.0	22.0
PA14_32780_2847537_C_G_R_R|1	32.1223522167	1.44762172316e-08	7.0	17.0
PA14_42750_3801784_G_A_G_G|1	32.1223522167	1.44762172316e-08	7.0	17.0
PA14_17640,potA_1516732_G_C_Q_E|1	32.1223522167	1.44762172316e-08	7.0	17.0
PA14_18120,mmsA_1555920_C_A_G_G|1	32.1223522167	1.44762172316e-08	7.0	17.0
PA14_28840_2491438_C_T_A_V|1	31.7812807882	1.72547750682e-08	4.0	5.0
PA14_33360_2936971_A_T_I_F|1	31.7812807882	1.72547750682e-08	4.0	5.0
PA14_30970,bphR_2691224_G_T_L_L|1	31.7812807882	1.72547750682e-08	4.0	5.0
intergenic_4402489_T_G_none_none|1	31.7812807882	1.72547750682e-08	4.0	5.0
intergenic_312931_G_T_none_none|1	31.7812807882	1.72547750682e-08	4.0	5.0
PA14_00850_83663_C_T_P_P|290	31.7812807882	1.72547750682e-08	4.0	5.0
PA14_44900_4002257_CCAC_CC_none_none|2	31.7812807882	1.72547750682e-08	4.0	5.0
PA14_59940_5338421_C_T_G_G|1	31.7812807882	1.72547750682e-08	4.0	5.0
intergenic_2926670_A_G_none_none|1	31.7812807882	1.72547750682e-08	4.0	5.0
PA14_37640_3350625_G_A_G_S|1	31.7812807882	1.72547750682e-08	4.0	5.0
PA14_08050_692195_G_A_G_R|1	31.7812807882	1.72547750682e-08	4.0	5.0
PA14_33360_2936335_T_A_F_I|1	31.7812807882	1.72547750682e-08	4.0	5.0
PA14_00510_45433_G_A_A_T|2	31.7812807882	1.72547750682e-08	4.0	5.0
intergenic_290357_C_T_none_none|1	31.7812807882	1.72547750682e-08	4.0	5.0
intergenic_215739_C_T_none_none|1	31.7812807882	1.72547750682e-08	4.0	5.0
intergenic_290495_T_G_none_none|1	31.7812807882	1.72547750682e-08	4.0	5.0
PA14_59530_5295788_C_G_R_R|1	31.7812807882	1.72547750682e-08	4.0	5.0
PA14_28840_2490608_C_G_D_E|1	31.7812807882	1.72547750682e-08	4.0	5.0
PA14_28840_2490122_G_T_E_D|1	31.7812807882	1.72547750682e-08	4.0	5.0
PA14_09520,mexI_816724_G_C_A_G|12	31.7812807882	1.72547750682e-08	4.0	5.0
PA14_28820_2487063_C_A_R_R|8	31.7812807882	1.72547750682e-08	4.0	5.0
PA14_03380_310086_G_A_G_D|1	31.7812807882	1.72547750682e-08	4.0	5.0
PA14_04240_379867_C_T_L_L|23	31.7812807882	1.72547750682e-08	4.0	5.0
PA14_51620_4587893_C_G_A_G|1	31.7812807882	1.72547750682e-08	4.0	5.0
PA14_09520,mexI_816783_G_A_D_D|2	31.7812807882	1.72547750682e-08	4.0	5.0
PA14_30940,trbB_2687575_C_G,A_none_none|1	31.7812807882	1.72547750682e-08	4.0	5.0
PA14_03380_310281_A_G_D_G|1	31.7812807882	1.72547750682e-08	4.0	5.0
PA14_30910,trbE_2684745_G_A_G_G|2	31.7812807882	1.72547750682e-08	4.0	5.0
PA14_68980,ubiH_6152757_C_T_P_P|1	30.8793262355	2.74581288628e-08	8.0	23.0
PA14_40260_3593249_C_T_V_I|1	30.8793262355	2.74581288628e-08	8.0	23.0
PA14_25650,fabD_2242674_C_T_G_G|1	30.6907959554	3.02597011143e-08	6.0	13.0
intergenic_2554933_A_G_none_none|1	30.6907959554	3.02597011143e-08	6.0	13.0
PA14_63970_5701688_T_C_I_T|1	30.6907959554	3.02597011143e-08	6.0	13.0
PA14_64920_5787303_A_G_G_G|1	30.6907959554	3.02597011143e-08	6.0	13.0
intergenic_2517375_C_T_none_none|1	30.6907959554	3.02597011143e-08	6.0	13.0
PA14_68980,ubiH_6152904_G_A_A_A|1	30.6907959554	3.02597011143e-08	6.0	13.0
PA14_61170_5456175_A_G_I_V|1	30.6907959554	3.02597011143e-08	6.0	13.0
PA14_34020_3026686_T_A_N_Y|1	30.6907959554	3.02597011143e-08	6.0	13.0
intergenic_4303085_T_C_none_none|1	30.6907959554	3.02597011143e-08	6.0	13.0
PA14_05310,gshB_463364_G_A_R_R|1	30.6907959554	3.02597011143e-08	6.0	13.0
PA14_58180,gatA_5177667_C_T_L_L|1	30.6907959554	3.02597011143e-08	6.0	13.0
PA14_57275,ftsZ_5103812_G_A_V_V|1	30.6907959554	3.02597011143e-08	6.0	13.0
intergenic_4895830_C_T_none_none|1	30.6907959554	3.02597011143e-08	6.0	13.0
intergenic_290422_G_A_none_none|1	30.6907959554	3.02597011143e-08	6.0	13.0
PA14_52880_4687434_G_C_P_P|1	30.6907959554	3.02597011143e-08	6.0	13.0
PA14_44620_3971234_G_A_D_D|1	30.6907959554	3.02597011143e-08	6.0	13.0
PA14_67810,ctpA_6054614_C_T_A_A|1	30.6907959554	3.02597011143e-08	6.0	13.0
intergenic_290426_C_T_none_none|1	30.6907959554	3.02597011143e-08	6.0	13.0
PA14_69740_6220223_G_A_G_G|1	30.6907959554	3.02597011143e-08	6.0	13.0
PA14_01970_181361_C_T_L_L|1	30.6907959554	3.02597011143e-08	6.0	13.0
PA14_46680,norM_4160968_G_A_Q_Q|1	30.6907959554	3.02597011143e-08	6.0	13.0
PA14_03450,gabT_316130_C_T_L_L|1	30.6244360902	3.13125133452e-08	9.0	29.0
PA14_00490_41903_C_G_R_R|1	30.3464236453	3.61372633719e-08	7.0	18.0
PA14_04080,yecS_367155_C_G_G_G|1	30.3464236453	3.61372633719e-08	7.0	18.0
PA14_69060,yhhJ_6159139_C_T_P_P|1	30.3464236453	3.61372633719e-08	7.0	18.0
PA14_55540_4943157_G_A_G_G|1	30.3464236453	3.61372633719e-08	7.0	18.0
PA14_48300_4297387_C_T_L_L|1	30.3464236453	3.61372633719e-08	7.0	18.0
PA14_65060_5799158_A_G_Y_Y|1	30.3464236453	3.61372633719e-08	7.0	18.0
PA14_03010_265837_G_A_E_E|1	30.1064391274	4.08971025155e-08	5.0	9.0
PA14_31770_2763674_G_A_N_N|1	30.1064391274	4.08971025155e-08	5.0	9.0
PA14_12630_1083821_C_A_A_E|1	30.1064391274	4.08971025155e-08	5.0	9.0
PA14_51240,purC_4553440_G_C_A_A|1	30.1064391274	4.08971025155e-08	5.0	9.0
intergenic_2690884_C_A_none_none|1	30.1064391274	4.08971025155e-08	5.0	9.0
PA14_30870,trbF_2680995_C_T_A_A|1	30.1064391274	4.08971025155e-08	5.0	9.0
PA14_15660_1331766_G_A_R_R|1	30.1064391274	4.08971025155e-08	5.0	9.0
PA14_39640,cobN_3531417_C_T_Q_Q|1	30.1064391274	4.08971025155e-08	5.0	9.0
PA14_31130_2707242_C_G_D_H|1	30.1064391274	4.08971025155e-08	5.0	9.0
PA14_47760,cobB_4249740_G_T_P_T|1	30.1064391274	4.08971025155e-08	5.0	9.0
PA14_28840_2490121_A_T_E_V|1	30.1064391274	4.08971025155e-08	5.0	9.0
PA14_41190,ppiD_3674167_C_A_L_L|1	30.1064391274	4.08971025155e-08	5.0	9.0
PA14_55730_4974474_C_T_L_L|2	30.1064391274	4.08971025155e-08	5.0	9.0
intergenic_2811003_C_T_none_none|1	30.1064391274	4.08971025155e-08	5.0	9.0
PA14_00340_31819_A_G_S_S|1	30.1064391274	4.08971025155e-08	5.0	9.0
PA14_59540_5299122_A_G_Y_C|2	30.1064391274	4.08971025155e-08	5.0	9.0
PA14_28895_2495771_A_G_F_L|1	30.1064391274	4.08971025155e-08	5.0	9.0
PA14_02310,atsA_207927_G_A_I_I|1	30.1064391274	4.08971025155e-08	5.0	9.0
PA14_68390_6102090_T_C_R_R|1	30.1064391274	4.08971025155e-08	5.0	9.0
PA14_55930_4993372_G_A_L_L|1	30.1064391274	4.08971025155e-08	5.0	9.0
PA14_31190_2711550_A_G_L_L|1	30.1064391274	4.08971025155e-08	5.0	9.0
PA14_30450_2637636_T_G_L_V|1	30.1064391274	4.08971025155e-08	5.0	9.0
PA14_14100,yhdW_1207871_G_A_A_A|1	30.1064391274	4.08971025155e-08	5.0	9.0
PA14_28820_2486501_C_T_N_N|1	30.1064391274	4.08971025155e-08	5.0	9.0
PA14_28710,pheT_2472589_C_A_A_A|1	30.1064391274	4.08971025155e-08	5.0	9.0
PA14_59690_5311549_C_A_R_S|1	30.1064391274	4.08971025155e-08	5.0	9.0
PA14_28820_2486830_A_G_K_R|1	30.1064391274	4.08971025155e-08	5.0	9.0
PA14_12630_1083119_A_G_N_S|1	30.1064391274	4.08971025155e-08	5.0	9.0
PA14_48060,aprA_4278065_G_C_T_T|1	30.1064391274	4.08971025155e-08	5.0	9.0
intergenic_226645_G_A_none_none|1	30.1064391274	4.08971025155e-08	5.0	9.0
PA14_25230,mfd_2207753_G_A_Y_Y|3	30.1064391274	4.08971025155e-08	5.0	9.0
PA14_47210,cyoA_4205849_C_T_K_K|1	30.1064391274	4.08971025155e-08	5.0	9.0
PA14_03390_311866_A_G_D_D|1	30.1064391274	4.08971025155e-08	5.0	9.0
PA14_20900_1801927_G_A_G_G|1	30.1064391274	4.08971025155e-08	5.0	9.0
PA14_39520_3518072_A_G_F_L|1	30.1064391274	4.08971025155e-08	5.0	9.0
