feature	score	p-value	#I-out-of-234	#O-out-of-192
PA14_23260,gyrA_2015001_C_T_T_I|1	85.2457565438	2.6349334002e-20	203.0	37.0
PA14_65605,parC_5845617_G_A_S_L|1	83.6200172377	5.99628214205e-20	115.0	4.0
PA14_13990_1199882_A_G_K_R|1	56.7630430912	4.91619268025e-14	85.0	5.0
PA14_59990_5342403_A_G_T_A|1	55.9872685185	7.29418421884e-14	78.0	3.0
PA14_55410_4931209_C_T_S_N|1	55.2193910256	1.07800000986e-13	110.0	15.0
PA14_22680,yrbE_1972834_G_C_A_G|1	54.5449477058	1.51932751016e-13	88.0	7.0
PA14_52130_4623134_A_C_D_E|1	54.1768321852	1.83234576693e-13	116.0	18.0
PA14_52130_4623243_G_A_A_V|1	53.8743741812	2.13727156918e-13	118.0	19.0
PA14_31070_2701541_T_A_M_L|1	53.5905067155	2.46949834491e-13	95.0	10.0
PA14_22680,yrbE_1972882_G_C_T_S|1	53.5331786673	2.54262211003e-13	81.0	5.0
PA14_08050_691742_G_A_A_T|2	52.5554378531	4.18273004518e-13	104.0	14.0
PA14_22670,yrbF_1972083_C_T_V_M|1	52.5538541667	4.18610429581e-13	91.0	9.0
PA14_30850,trbI_2679573_C_A_G_V|1	52.1513465022	5.13836055592e-13	85.0	7.0
PA14_22680,yrbE_1972462_C_G_S_T|5	52.0241784914	5.48214183712e-13	93.0	10.0
PA14_30910,trbE_2686168_G_A_A_V|1	51.7663898601	6.25128044906e-13	90.0	9.0
PA14_22670,yrbF_1972058_A_T_F_Y|2	51.2421128708	8.16481204122e-13	92.0	10.0
PA14_08050_691684_C_A_S_R|1	51.0300895225	9.0960875759e-13	102.0	14.0
PA14_30910,trbE_2686165_C_T_R_Q|1	50.7573336386	1.0452129757e-12	94.0	11.0
PA14_30970,bphR_2691475_C_T_V_I|1	50.5581285613	1.15687046619e-12	83.0	7.0
PA14_30910,trbE_2686169_C_A_A_S|1	50.4608085809	1.21568416994e-12	91.0	10.0
PA14_30960,traG_2688711_G_A_A_V|1	50.4088029219	1.24833011995e-12	80.0	6.0
PA14_30880,trbL_2681902_G_A_A_V|1	50.4088029219	1.24833011995e-12	80.0	6.0
PA14_20520_1765766_C_T_A_V|1	50.2644641683	1.34360709083e-12	74.0	4.0
PA14_22680,yrbE_1972391_G_T_L_I|2	50.1935054851	1.39308104867e-12	88.0	9.0
PA14_30910,trbE_2685878_T_C_K_E|1	50.1778846154	1.40421479283e-12	120.0	22.0
PA14_30860,trbG_2679807_T_C_I_V|2	49.6802884615	1.80954839273e-12	90.0	10.0
PA14_59990_5342598_G_A_A_T|1	49.6081825038	1.87729109783e-12	79.0	6.0
PA14_31180_2710069_G_C_F_L|1	49.4081280048	2.07882553754e-12	87.0	9.0
PA14_22680,yrbE_1972786_A_T_F_Y|1	49.4081280048	2.07882553754e-12	87.0	9.0
PA14_30960,traG_2688574_G_C_P_A|1	49.4081280048	2.07882553754e-12	87.0	9.0
PA14_22670,yrbF_1971771_C_T_D_N|1	49.4081280048	2.07882553754e-12	87.0	9.0
PA14_08050_692894_A_C_M_L|1	49.2489371884	2.25455462366e-12	121.0	23.0
PA14_30880,trbL_2682453_C_A_L_F|1	49.206691872	2.30363497499e-12	92.0	11.0
PA14_18340_1573309_C_T_S_N|1	49.152428501	2.36824986197e-12	102.0	15.0
PA14_31070_2701586_A_T_S_T|1	49.0580847724	2.4849389028e-12	123.0	24.0
PA14_37490_3336619_G_T_L_I|1	48.9005762756	2.69271620039e-12	89.0	10.0
PA14_30960,traG_2688829_G_C_R_G|1	48.8080357143	2.82280903933e-12	78.0	6.0
PA14_30960,traG_2688616_G_A_P_S|1	48.8080357143	2.82280903933e-12	78.0	6.0
PA14_30940,trbB_2687997_G_A_P_S|1	48.8080357143	2.82280903933e-12	78.0	6.0
PA14_30900,trbJ_2683437_G_A_L_F|1	48.7693517175	2.87903781605e-12	94.0	12.0
PA14_08050_692983_T_A_H_Q|1	48.5321913663	3.24911445518e-12	120.0	23.0
PA14_52130_4623172_T_C_K_E|1	48.5162666771	3.27560558339e-12	106.0	17.0
PA14_30940,trbB_2687838_C_A_A_S|1	48.4327001634	3.41820520047e-12	91.0	11.0
PA14_30880,trbL_2681665_G_A_A_V|1	48.4327001634	3.41820520047e-12	91.0	11.0
PA14_30940,trbB_2688007_C_A_L_F|1	48.3792617639	3.5126335182e-12	83.0	8.0
PA14_55410_4931739_G_T_D_E|1	48.2328296703	3.78498025995e-12	108.0	18.0
PA14_30910,trbE_2685821_C_A_A_S|1	48.1724230032	3.90339601471e-12	80.0	7.0
PA14_30910,trbE_2685080_C_T_V_M|1	48.1216967556	4.0056944153e-12	88.0	10.0
PA14_22670,yrbF_1971912_G_A_L_F|6	48.1216967556	4.0056944153e-12	88.0	10.0
PA14_30880,trbL_2682381_C_A_M_I|1	48.0083796725	4.2440146695e-12	77.0	6.0
PA14_26930_2343869_T_C_F_L|1	47.8453525641	4.61199027895e-12	68.0	3.0
PA14_30850,trbI_2679088_G_T_L_M|5	47.8396157256	4.62550517013e-12	85.0	9.0
PA14_22680,yrbE_1972413_G_T_H_Q|1	47.8396157256	4.62550517013e-12	85.0	9.0
PA14_30970,bphR_2691856_G_T_Q_K|1	47.8396157256	4.62550517013e-12	85.0	9.0
PA14_30910,trbE_2685681_T_G_E_D|1	47.6596296649	5.07025727576e-12	90.0	11.0
PA14_08060_693938_C_T_S_L|1	47.6353669319	5.13339802303e-12	121.0	24.0
PA14_30910,trbE_2684033_C_A_A_S|1	47.5903133903	5.25273902047e-12	82.0	8.0
PA14_60750,pra_5413473_T_G_K_T|1	47.467954132	5.59105098697e-12	123.0	25.0
PA14_30860,trbG_2680000_C_G_E_D|1	47.3436756542	5.95700050932e-12	87.0	10.0
PA14_22670,yrbF_1972041_C_A_V_L|1	47.3436756542	5.95700050932e-12	87.0	10.0
PA14_31070_2701202_T_C_I_V|1	47.3436756542	5.95700050932e-12	87.0	10.0
PA14_30930,trbC_2686711_C_A_A_S|1	47.3436756542	5.95700050932e-12	87.0	10.0
PA14_08050_692897_G_A_V_M|1	47.2948950204	6.1071062824e-12	116.0	22.0
PA14_30910,trbE_2685860_T_G_T_P|1	47.2948950204	6.1071062824e-12	116.0	22.0
PA14_31200_2713383_G_A_L_F|1	47.2338510848	6.30029200673e-12	92.0	12.0
PA14_20520_1765824_A_C_E_D|1	47.0895073143	6.78177764851e-12	73.0	5.0
PA14_30970,bphR_2691855_T_G_Q_P|1	47.0565291563	6.89685226585e-12	84.0	9.0
PA14_30960,traG_2688660_G_A_P_L|1	47.0565291563	6.89685226585e-12	84.0	9.0
PA14_22670,yrbF_1971897_T_C_I_V|1	47.0565291563	6.89685226585e-12	84.0	9.0
PA14_31070_2701816_A_G_V_A|1	47.0565291563	6.89685226585e-12	84.0	9.0
PA14_30960,traG_2688609_G_T_A_D|1	47.0565291563	6.89685226585e-12	84.0	9.0
PA14_02310,atsA_207590_C_T_D_N|1	47.032154304	6.9831604853e-12	67.0	3.0
PA14_08050_693105_G_C_G_A|1	46.9262820513	7.3707612744e-12	120.0	24.0
PA14_30910,trbE_2685746_C_T_A_T|1	46.8875080128	7.51803898425e-12	89.0	11.0
PA14_31200_2713463_T_A_H_L|1	46.8020743302	7.85302436752e-12	81.0	8.0
PA14_60750,pra_5413201_T_G_K_Q|1	46.7634800715	8.0092117014e-12	122.0	25.0
PA14_08060_693954_A_T_L_F|1	46.6138675214	8.64463240116e-12	124.0	26.0
PA14_23470,wbpM_2041865_C_T_L_F|2	46.6138675214	8.64463240116e-12	124.0	26.0
PA14_22680,yrbE_1972739_T_G_I_L|1	46.5849264706	8.77325215733e-12	78.0	7.0
PA14_30960,traG_2688615_G_C_P_R|1	46.5849264706	8.77325215733e-12	78.0	7.0
PA14_30900,trbJ_2683647_G_T_R_S|1	46.5849264706	8.77325215733e-12	78.0	7.0
PA14_52130_4623157_G_T_L_M|1	46.5816348893	8.78800136833e-12	101.0	16.0
PA14_31070_2701402_G_C_T_S|1	46.566539797	8.85595930317e-12	86.0	10.0
PA14_11140_969871_C_T_G_D|1	46.566539797	8.85595930317e-12	86.0	10.0
PA14_30970,bphR_2691793_G_T_R_S|1	46.566539797	8.85595930317e-12	86.0	10.0
PA14_22680,yrbE_1972382_G_T_L_I|1	46.566539797	8.85595930317e-12	86.0	10.0
PA14_30900,trbJ_2683752_T_A_T_S|1	46.4792832168	9.25922279621e-12	96.0	14.0
PA14_47720,cobC_4246351_T_G_E_A|1	46.2919938568	1.01879404703e-11	103.0	17.0
PA14_31070_2701892_C_T_D_N|1	46.2742562012	1.02805900665e-11	83.0	9.0
PA14_30860,trbG_2680596_G_T_P_T|1	46.2742562012	1.02805900665e-11	83.0	9.0
PA14_55840_4986611_C_A_A_S|1	46.2742562012	1.02805900665e-11	83.0	9.0
PA14_22680,yrbE_1972876_T_A_Y_F|1	46.2742562012	1.02805900665e-11	83.0	9.0
PA14_30970,bphR_2691524_A_T_D_E|1	46.2742562012	1.02805900665e-11	83.0	9.0
PA14_55520,hxcU_4942104_C_T_A_V|1	46.2191680602	1.05737442871e-11	66.0	3.0
PA14_08060_693937_T_C_S_P|1	46.2187556034	1.05759704576e-11	119.0	24.0
PA14_55410_4931252_T_C_T_A|1	46.2187556034	1.05759704576e-11	119.0	24.0
PA14_59540_5299116_C_G_T_R|1	46.2186512118	1.0576533969e-11	69.0	4.0
PA14_07770,ostA_667490_G_C_T_S|1	46.0605955831	1.14651397952e-11	121.0	25.0
PA14_14010_1201267_C_T_A_T|1	46.0600118084	1.14685566307e-11	112.0	21.0
PA14_22670,yrbF_1971858_G_C_P_A|1	46.0145687646	1.17376864356e-11	80.0	8.0
PA14_22680,yrbE_1972847_G_T_L_I|1	46.0145687646	1.17376864356e-11	80.0	8.0
PA14_31070_2701481_C_G_V_L|1	46.0145687646	1.17376864356e-11	80.0	8.0
PA14_08050_693078_T_A_F_Y|1	45.9155265875	1.23463530383e-11	123.0	26.0
PA14_23470,wbpM_2041741_A_C_E_D|1	45.9155265875	1.23463530383e-11	123.0	26.0
PA14_30960,traG_2689078_G_T_R_S|1	45.7921340812	1.31490475198e-11	77.0	7.0
PA14_30880,trbL_2682609_C_G_E_D|1	45.790317139	1.31612492595e-11	85.0	10.0
PA14_30910,trbE_2683859_C_A_D_Y|1	45.790317139	1.31612492595e-11	85.0	10.0
PA14_30900,trbJ_2683196_G_A_T_I|1	45.724800047	1.36088862324e-11	95.0	14.0
PA14_30890_2683037_G_C_V_L|1	45.7024886878	1.37647782142e-11	90.0	12.0
PA14_31070_2701313_T_G_M_L|1	45.7024886878	1.37647782142e-11	90.0	12.0
PA14_30880,trbL_2681654_T_C_M_V|1	45.4928236827	1.53199106454e-11	82.0	9.0
PA14_22680,yrbE_1972874_T_A_T_S|1	45.4928236827	1.53199106454e-11	82.0	9.0
PA14_00310_28735_G_C_K_N|3	45.4104344729	1.59780864741e-11	68.0	4.0
PA14_06580_574469_G_C_K_N|9	45.4064031863	1.60110074552e-11	65.0	3.0
PA14_21940_1908910_C_T_A_T|1	45.4064031863	1.60110074552e-11	65.0	3.0
PA14_08060_693935_T_C_M_T|1	45.3593335544	1.64004565719e-11	120.0	25.0
PA14_55410_4930891_C_G_S_T|1	45.3593335544	1.64004565719e-11	120.0	25.0
PA14_30860,trbG_2680589_T_A_Q_L|1	45.3462274333	1.6510572956e-11	87.0	11.0
PA14_30960,traG_2689066_G_T_R_S|1	45.3462274333	1.6510572956e-11	87.0	11.0
PA14_31070_2701456_C_T_G_D|1	45.3462274333	1.6510572956e-11	87.0	11.0
PA14_30940,trbB_2687385_A_T_S_T|1	45.2278219864	1.75395571456e-11	79.0	8.0
PA14_08060_693945_A_C_R_S|1	45.2188366251	1.76202144204e-11	122.0	26.0
PA14_08050_692847_C_G_T_S|1	45.2188366251	1.76202144204e-11	122.0	26.0
PA14_08050_692607_G_C_S_T|1	45.2188366251	1.76202144204e-11	122.0	26.0
PA14_08050_693043_T_G_S_R|1	45.2188366251	1.76202144204e-11	122.0	26.0
PA14_55410_4930921_T_G_N_T|1	45.1481718898	1.82676151491e-11	113.0	22.0
PA14_30910,trbE_2684785_T_C_E_G|1	45.0943143813	1.87769765891e-11	99.0	16.0
PA14_11140_969423_C_G_Q_H|1	45.0150368249	1.95527263038e-11	84.0	10.0
PA14_30910,trbE_2684648_C_G_G_R|1	45.0150368249	1.95527263038e-11	84.0	10.0
PA14_30910,trbE_2685949_T_C_N_S|1	45.0150368249	1.95527263038e-11	84.0	10.0
PA14_60020_5344845_C_A_Q_K|1	45.0150368249	1.95527263038e-11	84.0	10.0
PA14_30910,trbE_2684755_T_G_D_A|1	45.000009654	1.97033475749e-11	76.0	7.0
PA14_31070_2701472_C_A_A_S|1	45.000009654	1.97033475749e-11	76.0	7.0
PA14_08050_691667_T_G_S_A|1	44.9715396486	1.99919015098e-11	94.0	14.0
PA14_30910,trbE_2684300_G_T_R_S|1	44.9715396486	1.99919015098e-11	94.0	14.0
PA14_08050_693094_G_A_M_I|1	44.9710202991	1.99972044017e-11	115.0	23.0
PA14_30890_2683013_G_T_G_C|1	44.9384361513	2.03327399724e-11	89.0	12.0
PA14_08050_693092_A_G_M_V|1	44.8085106383	2.17276256139e-11	117.0	24.0
PA14_30960,traG_2688846_G_A_A_V|1	44.7122596154	2.28223838549e-11	81.0	9.0
PA14_22670,yrbF_1971895_G_C_I_M|1	44.7122596154	2.28223838549e-11	81.0	9.0
PA14_60760_5414610_G_T_A_E|1	44.6797542735	2.32044344254e-11	70.0	5.0
PA14_08050_692915_A_T_S_C|1	44.6597277867	2.34429951786e-11	119.0	25.0
PA14_31070_2701554_C_A_E_D|1	44.649233368	2.35689860849e-11	96.0	15.0
PA14_28880_2493687_C_T_A_T|1	44.5938695943	2.42449618633e-11	64.0	3.0
PA14_30850,trbI_2679568_A_C_S_A|1	44.5638020833	2.46201734622e-11	91.0	13.0
PA14_30930,trbC_2686773_T_G_Q_P|1	44.4418604651	2.62024105686e-11	78.0	8.0
PA14_51070,opdD_4538276_A_G_Y_H|1	44.4418604651	2.62024105686e-11	78.0	8.0
PA14_08050_692604_A_C_N_T|2	44.4000480769	2.67680526535e-11	123.0	27.0
PA14_08050_692819_C_A_Q_K|1	44.4000480769	2.67680526535e-11	123.0	27.0
PA14_30880,trbL_2681656_C_T_R_H|1	44.2407292528	2.90376323615e-11	83.0	10.0
PA14_59940_5338656_T_C_F_L|1	44.2195363048	2.9353709543e-11	93.0	14.0
PA14_31200_2713215_T_G_K_Q|1	44.2195363048	2.9353709543e-11	93.0	14.0
PA14_59540_5299046_A_G_I_V|1	44.2085776266	2.95184985145e-11	75.0	7.0
PA14_30880,trbL_2682390_A_C_D_E|1	44.2085776266	2.95184985145e-11	75.0	7.0
PA14_30890_2682984_G_C_R_P|1	44.1755128205	3.00213369665e-11	88.0	12.0
PA14_31070_2702740_G_T_A_D|1	44.1755128205	3.00213369665e-11	88.0	12.0
PA14_30970,bphR_2691869_C_G_K_N|1	44.0181213018	3.25349760864e-11	72.0	6.0
PA14_07770,ostA_667255_G_T_S_R|1	43.9618130267	3.34845318822e-11	118.0	25.0
PA14_08050_692940_C_A_A_D|1	43.9618130267	3.34845318822e-11	118.0	25.0
PA14_30910,trbE_2685859_G_C_T_R|1	43.9618130267	3.34845318822e-11	118.0	25.0
PA14_31070_2703143_G_C_R_G|1	43.9325932728	3.39881613481e-11	80.0	9.0
PA14_30880,trbL_2681645_G_A_P_S|1	43.9325932728	3.39881613481e-11	80.0	9.0
PA14_08050_693065_T_A_S_T|1	43.9075505424	3.4425825279e-11	109.0	21.0
PA14_30910,trbE_2684908_G_A_T_M|1	43.9031541375	3.45032398981e-11	95.0	15.0
PA14_08050_691673_G_A_A_T|1	43.9031541375	3.45032398981e-11	95.0	15.0
PA14_30910,trbE_2686081_A_G_L_P|1	43.8774363306	3.49595986309e-11	69.0	5.0
PA14_30960,traG_2688718_C_T_A_T|1	43.8774363306	3.49595986309e-11	69.0	5.0
PA14_05390,chpA_470998_A_C_Q_P|1	43.8774363306	3.49595986309e-11	69.0	5.0
PA14_08050_693041_A_G_S_G|1	43.8305453109	3.58072797051e-11	120.0	26.0
PA14_30870,trbF_2680774_C_A_R_L|1	43.809102898	3.62017339918e-11	85.0	11.0
PA14_36830_3282316_G_A_D_N|1	43.7950549451	3.64625150818e-11	66.0	4.0
PA14_30860,trbG_2679975_T_A_S_C|1	43.7815777972	3.67144670235e-11	63.0	3.0
PA14_07770,ostA_667112_T_A_Q_L|1	43.7112857081	3.8057082508e-11	122.0	27.0
PA14_30900,trbJ_2683350_C_T_G_S|1	43.6124347629	4.00287496037e-11	97.0	16.0
PA14_08050_693285_C_A_T_N|1	43.6033232119	4.02155551137e-11	124.0	28.0
PA14_30960,traG_2688621_G_T_A_D|1	43.4688255926	4.30767491572e-11	92.0	14.0
PA14_30960,traG_2690112_T_A_Q_L|1	43.4688255926	4.30767491572e-11	92.0	14.0
PA14_30910,trbE_2686102_A_T_L_*|1	43.4674261427	4.31075667269e-11	82.0	10.0
PA14_30910,trbE_2686060_A_T_F_Y|1	43.4178636436	4.42133405317e-11	74.0	7.0
PA14_55840_4986712_G_A_A_V|1	43.4178636436	4.42133405317e-11	74.0	7.0
PA14_30900,trbJ_2683294_C_G_L_F|1	43.4137529138	4.43063189494e-11	87.0	12.0
PA14_30940,trbB_2688009_A_T_L_M|1	43.3453871021	4.58816601451e-11	99.0	17.0
PA14_30900,trbJ_2683746_G_A_L_F|1	43.3453871021	4.58816601451e-11	99.0	17.0
PA14_07770,ostA_668022_C_G_G_R|1	43.1932580501	4.95912667916e-11	108.0	21.0
PA14_30880,trbL_2681741_T_C_M_V|1	43.158440661	5.04816459899e-11	94.0	15.0
PA14_31070_2703128_G_A_R_C|2	43.1538552593	5.06000939966e-11	79.0	9.0
PA14_70690,glcD_6295670_C_A_A_S|1	43.1538552593	5.06000939966e-11	79.0	9.0
PA14_30880,trbL_2681554_G_T_T_K|1	43.1390141468	5.09853734585e-11	119.0	26.0
PA14_57480_5122255_G_A_S_N|1	43.0756168774	5.26645236995e-11	68.0	5.0
PA14_30900,trbJ_2683609_C_G_Q_H|1	43.0756168774	5.26645236995e-11	68.0	5.0
PA14_31070_2701190_G_T_R_S|1	43.0756168774	5.26645236995e-11	68.0	5.0
PA14_30940,trbB_2687061_C_T_A_T|1	43.0421811741	5.35722883088e-11	84.0	11.0
PA14_30970,bphR_2691577_T_C_I_V|1	43.0421811741	5.35722883088e-11	84.0	11.0
PA14_35940_3199199_C_T_A_T|2	43.0341004624	5.37940158816e-11	59.0	2.0
PA14_30590_2648777_C_T_A_V|1	43.0341004624	5.37940158816e-11	59.0	2.0
PA14_40640,cti_3628790_G_A_P_S|1	42.9879227053	5.50788311438e-11	65.0	4.0
PA14_26970_2347008_G_A_T_I|1	42.9879227053	5.50788311438e-11	65.0	4.0
PA14_17650_1517271_C_T_P_L|1	42.9879227053	5.50788311438e-11	65.0	4.0
PA14_30860,trbG_2680029_C_T_A_T|1	42.9879227053	5.50788311438e-11	65.0	4.0
PA14_46490,fabF2_4138284_G_A_G_S|2	42.9695389546	5.55988345366e-11	62.0	3.0
PA14_51420,pqsB_4569081_G_A_A_V|1	42.9695389546	5.55988345366e-11	62.0	3.0
PA14_31070_2702696_C_T_G_S|1	42.8724053724	5.842904513e-11	76.0	8.0
PA14_30910,trbE_2685849_A_C_N_K|1	42.8724053724	5.842904513e-11	76.0	8.0
PA14_63880_5693551_G_T_A_S|1	42.853567189	5.89944119895e-11	112.0	23.0
PA14_64120_5715151_G_A_S_N|1	42.7194444444	6.3181120383e-11	91.0	14.0
PA14_55410_4930927_T_C_N_S|1	42.7056856187	6.36270834115e-11	114.0	24.0
PA14_30970,bphR_2691692_C_G_K_N|1	42.6951606086	6.39703550769e-11	81.0	10.0
PA14_30890_2683058_G_C_G_R|1	42.6951606086	6.39703550769e-11	81.0	10.0
PA14_30910,trbE_2685851_T_C_N_D|1	42.671078726	6.4762771567e-11	129.0	31.0
PA14_30910,trbE_2684882_G_A_R_C|1	42.653192046	6.5357686721e-11	86.0	12.0
PA14_30880,trbL_2682398_G_C_Q_E|1	42.653192046	6.5357686721e-11	86.0	12.0
PA14_65810_5861287_T_G_Q_P|1	42.4806252504	7.13858601511e-11	107.0	21.0
PA14_55410_4931144_C_T_A_T|1	42.4492743946	7.25393190687e-11	118.0	26.0
PA14_08050_692916_G_A_S_N|1	42.4492743946	7.25393190687e-11	118.0	26.0
PA14_55410_4930780_G_A_A_V|1	42.4492743946	7.25393190687e-11	118.0	26.0
PA14_08050_693210_G_C_G_A|1	42.4492743946	7.25393190687e-11	118.0	26.0
PA14_30930,trbC_2686774_G_T_Q_K|1	42.4261555331	7.340184137e-11	70.0	6.0
PA14_30880,trbL_2682356_G_T_L_I|1	42.4151308761	7.3816758603e-11	93.0	15.0
PA14_55410_4930783_G_C_T_S|1	42.33913854	7.67413391452e-11	120.0	27.0
PA14_30930,trbC_2686930_A_G_F_L|1	42.2763996863	7.92430662112e-11	83.0	11.0
PA14_31070_2701997_T_C_N_D|1	42.2763996863	7.92430662112e-11	83.0	11.0
PA14_21190_1833985_C_G_G_A|1	42.2743166845	7.93275121368e-11	67.0	5.0
PA14_30930,trbC_2686700_C_A_L_F|1	42.2743166845	7.93275121368e-11	67.0	5.0
PA14_26130,morB_2281979_C_T_A_T|2	42.2743166845	7.93275121368e-11	67.0	5.0
PA14_55400_4925847_G_A_A_V|1	42.2743166845	7.93275121368e-11	67.0	5.0
PA14_05650_502648_C_T_A_V|1	42.2743166845	7.93275121368e-11	67.0	5.0
PA14_15230,xseA_1290560_C_T_A_T|1	42.2743166845	7.93275121368e-11	67.0	5.0
PA14_30970,bphR_2691920_C_G_K_N|1	42.2743166845	7.93275121368e-11	67.0	5.0
PA14_02930_258019_A_G_Q_R|8	42.2180021368	8.164498759e-11	58.0	2.0
PA14_30330,serS_2628316_G_A_A_T|2	42.2180021368	8.164498759e-11	58.0	2.0
PA14_36960_3292403_C_T_A_T|1	42.1811840121	8.3196655671e-11	64.0	4.0
PA14_52600,alaS_4663040_G_C_D_E|1	42.1811840121	8.3196655671e-11	64.0	4.0
PA14_59890_5333533_T_C_F_L|1	42.1577649239	8.41989575011e-11	61.0	3.0
PA14_30940,trbB_2687604_T_G_M_L|1	42.1535878894	8.4378994331e-11	102.0	19.0
PA14_09270,pchE_788606_G_A_A_T|1	42.0889712697	8.72136720755e-11	75.0	8.0
PA14_30930,trbC_2686772_T_G_Q_H|1	42.0889712697	8.72136720755e-11	75.0	8.0
PA14_30960,traG_2690392_C_T_A_T|1	41.9239672365	9.48923574071e-11	80.0	10.0
PA14_30930,trbC_2686911_A_G_L_S|1	41.9239672365	9.48923574071e-11	80.0	10.0
PA14_30880,trbL_2681657_G_T_R_S|1	41.9239672365	9.48923574071e-11	80.0	10.0
PA14_08050_693188_T_A_S_T|1	41.878577152	9.71209033096e-11	115.0	25.0
PA14_30850,trbI_2679546_G_A_T_I|1	41.8386988802	9.91220256625e-11	72.0	7.0
PA14_08050_693120_G_A_S_N|1	41.7613636364	1.03121161532e-10	117.0	26.0
PA14_08050_693251_G_C_V_L|1	41.655827406	1.08840493531e-10	119.0	27.0
PA14_30950_2688146_G_A_L_F|1	41.6471893491	1.09322442426e-10	99.0	18.0
PA14_30880,trbL_2681506_A_G_L_P|1	41.6311538462	1.10222792916e-10	69.0	6.0
PA14_30880,trbL_2681507_G_C_L_V|1	41.6311538462	1.10222792916e-10	69.0	6.0
PA14_30910,trbE_2685902_C_G_E_Q|1	41.6311538462	1.10222792916e-10	69.0	6.0
PA14_08050_692806_G_C_E_D|1	41.5612631217	1.14234452076e-10	121.0	28.0
PA14_31070_2702027_C_A_V_L|1	41.5117952164	1.17161888007e-10	82.0	11.0
PA14_71180_6341164_C_T_R_H|1	41.4735576923	1.19476087734e-10	66.0	5.0
PA14_65370,amiB_5823126_T_A_N_I|1	41.4735576923	1.19476087734e-10	66.0	5.0
PA14_22410_1950831_T_A_C_S|1	41.4735576923	1.19476087734e-10	66.0	5.0
PA14_71350_6356469_T_G_F_C|1	41.4735576923	1.19476087734e-10	66.0	5.0
PA14_22090_1923991_T_C_I_V|2	41.402053455	1.23927139091e-10	57.0	2.0
PA14_22160_1934441_T_C_M_V|1	41.402053455	1.23927139091e-10	57.0	2.0
PA14_22270_1940159_G_A_A_V|1	41.402053455	1.23927139091e-10	57.0	2.0
PA14_22250_1937988_C_T_A_T|1	41.402053455	1.23927139091e-10	57.0	2.0
PA14_30850,trbI_2678530_C_G_E_Q|1	41.4004662005	1.24027804564e-10	94.0	16.0
PA14_31070_2701421_T_G_K_Q|1	41.4004662005	1.24027804564e-10	94.0	16.0
PA14_15460,merA_1309232_A_G_V_A|1	41.3748564868	1.25663362718e-10	63.0	4.0
PA14_55260_4907825_G_A_R_C|1	41.346268315	1.27514655484e-10	60.0	3.0
PA14_02610,mdcG_232519_C_T_P_S|1	41.346268315	1.27514655484e-10	60.0	3.0
PA14_02020_184069_G_A_G_S|7	41.346268315	1.27514655484e-10	60.0	3.0
PA14_66230,waaG_5900150_C_T_R_H|1	41.346268315	1.27514655484e-10	60.0	3.0
PA14_57640_5133652_G_A_D_N|1	41.346268315	1.27514655484e-10	60.0	3.0
PA14_55410_4930925_G_C_P_A|1	41.3125942685	1.29730345859e-10	112.0	24.0
PA14_71720,oadA_6389966_T_C_K_R|1	41.306441526	1.30139329641e-10	74.0	8.0
PA14_11280_982408_G_A_A_V|1	41.306441526	1.30139329641e-10	74.0	8.0
PA14_30850,trbI_2679663_C_T_G_D|1	41.2248257406	1.35688181478e-10	89.0	14.0
PA14_30880,trbL_2681647_G_T_A_E|1	41.1538821665	1.40703516934e-10	79.0	10.0
PA14_30960,traG_2689290_T_G_E_A|1	41.1510168482	1.40909933367e-10	96.0	17.0
PA14_08050_693207_T_C_V_A|1	40.8843555094	1.61508881856e-10	120.0	28.0
PA14_55410_4930838_T_C_N_D|1	40.8843555094	1.61508881856e-10	120.0	28.0
PA14_30970,bphR_2691922_T_G_K_Q|1	40.8368416493	1.65483747957e-10	68.0	6.0
PA14_71580_6377396_T_C_I_V|1	40.8368416493	1.65483747957e-10	68.0	6.0
PA14_36080,yfaV_3214660_C_T_G_D|1	40.8368416493	1.65483747957e-10	68.0	6.0
PA14_00660_67308_C_T_S_N|1	40.8368416493	1.65483747957e-10	68.0	6.0
PA14_30960,traG_2688610_C_T_A_T|1	40.7927431365	1.69260468931e-10	86.0	13.0
PA14_31070_2702000_G_A_L_F|1	40.7927431365	1.69260468931e-10	86.0	13.0
PA14_60730_5412705_C_T_V_I|1	40.7517543221	1.72848198981e-10	109.0	23.0
PA14_30970,bphR_2691756_T_C_K_R|1	40.7484061455	1.73144604816e-10	81.0	11.0
PA14_08050_692172_C_G_T_S|1	40.7342865468	1.74400185793e-10	124.0	30.0
PA14_50380,flgJ_4478955_G_A_A_V|1	40.6733630952	1.79923138773e-10	65.0	5.0
PA14_11990_1036888_C_G_G_A|1	40.6733630952	1.79923138773e-10	65.0	5.0
PA14_28340_2449491_G_C_V_L|1	40.6733630952	1.79923138773e-10	65.0	5.0
PA14_18040_1549391_C_A_L_I|1	40.6733630952	1.79923138773e-10	65.0	5.0
PA14_30960,traG_2689222_T_A_T_S|1	40.6661961891	1.8058425174e-10	93.0	16.0
PA14_08300,JF1_711105_A_T_T_S|1	40.590820723	1.87686292101e-10	32.0	90.0
PA14_22110_1928152_T_C_I_V|4	40.5862621574	1.88124668196e-10	56.0	2.0
PA14_02340,atsB_210640_C_T_V_I|2	40.568958819	1.89797999729e-10	62.0	4.0
PA14_59660_5308869_C_G_P_A|1	40.568958819	1.89797999729e-10	62.0	4.0
PA14_72110_6425732_A_C_D_A|1	40.5350625517	1.93119268126e-10	59.0	3.0
PA14_66600,aroB_5946019_G_A_S_F|1	40.5350625517	1.93119268126e-10	59.0	3.0
PA14_55400_4926837_A_G_V_A|1	40.5350625517	1.93119268126e-10	59.0	3.0
PA14_36070_3213128_C_T_A_T|1	40.5350625517	1.93119268126e-10	59.0	3.0
PA14_30930,trbC_2686678_A_T_S_T|1	40.5350625517	1.93119268126e-10	59.0	3.0
PA14_57480_5121923_G_T_E_D|1	40.5350625517	1.93119268126e-10	59.0	3.0
PA14_08120_696594_G_A_M_I|1	40.5350625517	1.93119268126e-10	59.0	3.0
PA14_25305,nqrB_2213424_A_G_N_S|3	40.5350625517	1.93119268126e-10	59.0	3.0
PA14_35530,bkdA1_3159525_A_G_V_A|1	40.5350625517	1.93119268126e-10	59.0	3.0
PA14_18330,arnT_1571636_C_A_R_L|1	40.5350625517	1.93119268126e-10	59.0	3.0
PA14_02560,mdcB_229497_G_A_A_T|13	40.5350625517	1.93119268126e-10	59.0	3.0
PA14_54450,nadB_4828624_C_G_D_E|1	40.5350625517	1.93119268126e-10	59.0	3.0
PA14_10040_863265_T_G_K_T|1	40.5350625517	1.93119268126e-10	59.0	3.0
PA14_11580_1002226_A_G_T_A|6	40.5350625517	1.93119268126e-10	59.0	3.0
PA14_21870_1901805_A_T_M_K|1	40.5350625517	1.93119268126e-10	59.0	3.0
PA14_00700_70871_A_C_E_A|1	40.5350625517	1.93119268126e-10	59.0	3.0
PA14_30960,traG_2690233_C_A_V_F|1	40.524849636	1.94131323096e-10	73.0	8.0
PA14_31070_2702147_C_T_E_K|1	40.524849636	1.94131323096e-10	73.0	8.0
PA14_30960,traG_2690443_A_T_F_I|1	40.524849636	1.94131323096e-10	73.0	8.0
PA14_22670,yrbF_1971876_G_T_R_S|1	40.524849636	1.94131323096e-10	73.0	8.0
PA14_41520,ppkB_3705756_C_T_L_F|1	40.524849636	1.94131323096e-10	73.0	8.0
PA14_53560_4749482_C_A_A_D|1	40.4796694319	1.9867256279e-10	88.0	14.0
PA14_30900,trbJ_2683720_G_C_I_M|1	40.4796694319	1.9867256279e-10	88.0	14.0
PA14_23100,mutT_2003108_C_T_G_D|1	40.262747669	2.22002015578e-10	70.0	7.0
PA14_37680_3355419_C_T_P_L|1	40.262747669	2.22002015578e-10	70.0	7.0
PA14_55410_4931129_G_C_Q_E|1	40.2094017094	2.28147621764e-10	119.0	28.0
PA14_08050_693192_C_G_A_G|1	40.2094017094	2.28147621764e-10	119.0	28.0
PA14_30890_2683025_A_G_I_V|1	40.1940247253	2.29950510684e-10	90.0	15.0
PA14_08300,JF1_710670_A_G_I_V|1	40.0883430295	2.42733150716e-10	31.0	88.0
PA14_30970,bphR_2691514_C_G_V_L|1	40.0432472778	2.48401956985e-10	67.0	6.0
PA14_21160_1830118_A_G_V_A|1	40.0432472778	2.48401956985e-10	67.0	6.0
PA14_61870_5518248_T_G_E_A|1	40.0432472778	2.48401956985e-10	67.0	6.0
PA14_67780_6052426_G_A_R_K|1	40.0432472778	2.48401956985e-10	67.0	6.0
PA14_37420_3331118_C_T_A_T|1	40.0432472778	2.48401956985e-10	67.0	6.0
PA14_66160_5893967_T_C_I_V|1	40.0432472778	2.48401956985e-10	67.0	6.0
PA14_30910,trbE_2686015_T_G_E_A|1	40.0432472778	2.48401956985e-10	67.0	6.0
PA14_47090_4195513_C_G_E_D|1	40.0425905939	2.48485477701e-10	85.0	13.0
PA14_46200_4108239_C_T_G_S|1	40.011099811	2.52523824042e-10	125.0	31.0
PA14_30960,traG_2689606_G_T_P_T|1	39.9335232669	2.62754688617e-10	92.0	16.0
PA14_30970,bphR_2691870_T_C_K_R|1	39.9335232669	2.62754688617e-10	92.0	16.0
PA14_31070_2701258_T_G_Q_P|1	39.9335232669	2.62754688617e-10	92.0	16.0
PA14_34130_3034210_G_A_E_K|1	39.8737574322	2.7091879001e-10	64.0	5.0
PA14_43100_3835967_A_C_N_T|1	39.8737574322	2.7091879001e-10	64.0	5.0
PA14_22110_1928163_T_C_Q_R|1	39.7706365272	2.85606854926e-10	55.0	2.0
PA14_55060_4891754_A_G_L_P|1	39.7635108481	2.86650768195e-10	61.0	4.0
PA14_16190_1380225_G_A_V_I|1	39.7635108481	2.86650768195e-10	61.0	4.0
PA14_22550_1962397_C_T_P_S|1	39.7635108481	2.86650768195e-10	61.0	4.0
PA14_59650_5308157_C_T_T_I|6	39.7635108481	2.86650768195e-10	61.0	4.0
PA14_33280,pvdL_2916594_A_G_D_G|1	39.7635108481	2.86650768195e-10	61.0	4.0
PA14_26670_2324495_C_G_E_Q|1	39.7635108481	2.86650768195e-10	61.0	4.0
PA14_59690_5312281_G_A_G_S|1	39.7635108481	2.86650768195e-10	61.0	4.0
PA14_24820_2170105_T_G_D_A|1	39.7635108481	2.86650768195e-10	61.0	4.0
PA14_30930,trbC_2686914_G_A_A_V|1	39.7442307692	2.8949449301e-10	72.0	8.0
PA14_30960,traG_2688715_T_A_T_S|1	39.7442307692	2.8949449301e-10	72.0	8.0
PA14_36000,prpR_3204810_G_A_A_T|1	39.7241619378	2.92484558785e-10	58.0	3.0
PA14_66190_5896995_A_C_F_C|1	39.7241619378	2.92484558785e-10	58.0	3.0
PA14_10010_861943_A_G_I_V|1	39.7241619378	2.92484558785e-10	58.0	3.0
PA14_32790_2863290_G_A_S_N|1	39.7241619378	2.92484558785e-10	58.0	3.0
PA14_20520_1764304_A_G_T_A|1	39.7241619378	2.92484558785e-10	58.0	3.0
PA14_34000_3023955_C_T_R_Q|1	39.7241619378	2.92484558785e-10	58.0	3.0
PA14_42600,pscP_3789814_G_A_A_T|1	39.7241619378	2.92484558785e-10	58.0	3.0
PA14_00080_9710_A_G_E_G|516	39.7241619378	2.92484558785e-10	58.0	3.0
PA14_24510,pelD_2143371_G_T_R_L|1	39.7241619378	2.92484558785e-10	58.0	3.0
PA14_35970_3201512_A_G_I_T|1	39.4760564271	3.32106601965e-10	69.0	7.0
PA14_43910_3909468_G_A_P_S|1	39.4760564271	3.32106601965e-10	69.0	7.0
PA14_07770,ostA_667991_C_T_R_Q|1	39.4654588281	3.33913835332e-10	120.0	29.0
PA14_30940,trbB_2687100_C_A_A_S|1	39.4567384739	3.35408319335e-10	89.0	15.0
PA14_30900,trbJ_2683380_C_G_E_Q|1	39.4567384739	3.35408319335e-10	89.0	15.0
PA14_08050_693027_C_T_A_V|1	39.3597694773	3.52484884799e-10	107.0	23.0
PA14_30940,trbB_2686986_A_T_S_T|1	39.2938887787	3.64580613203e-10	84.0	13.0
PA14_50010,yliI_4445904_C_T_R_Q|1	39.250400641	3.72791871327e-10	66.0	6.0
PA14_26810_2334453_C_A_Q_K|2	39.250400641	3.72791871327e-10	66.0	6.0
PA14_06160,fiuA_544941_G_A_A_V|2	39.250400641	3.72791871327e-10	66.0	6.0
PA14_02340,atsB_210129_C_T_R_H|1	39.2254362536	3.77588932285e-10	79.0	11.0
PA14_33610_2970539_G_A_S_N|1	39.2254362536	3.77588932285e-10	79.0	11.0
PA14_08300,JF1_710666_C_G_D_E|1	39.1460302586	3.93262055341e-10	31.0	87.0
PA14_08300,JF1_710664_G_A_D_N|1	39.1460302586	3.93262055341e-10	31.0	87.0
PA14_61820,ychF_5513250_C_G_D_E|1	39.0747666855	4.07881827772e-10	63.0	5.0
PA14_06570,bioD_574159_C_A_A_E|1	39.0747666855	4.07881827772e-10	63.0	5.0
PA14_28895_2496335_G_A_R_C|1	39.0747666855	4.07881827772e-10	63.0	5.0
PA14_31200_2713434_G_T_H_N|1	38.9938782051	4.25136597683e-10	86.0	14.0
PA14_31070_2701944_C_G_K_N|1	38.964621876	4.31555793692e-10	71.0	8.0
PA14_25360,apbE_2217773_G_C_G_A|1	38.964621876	4.31555793692e-10	71.0	8.0
PA14_22680,yrbE_1972940_G_T_L_M|1	38.964621876	4.31555793692e-10	71.0	8.0
PA14_59670_5309376_C_T_A_V|1	38.9585336538	4.32903773392e-10	60.0	4.0
PA14_53360,plcH_4731572_G_A_V_I|1	38.9585336538	4.32903773392e-10	60.0	4.0
PA14_38820,pqqB_3461360_G_A_A_V|2	38.9585336538	4.32903773392e-10	60.0	4.0
PA14_65390,yjeF_5826304_G_A_A_V|1	38.9585336538	4.32903773392e-10	60.0	4.0
PA14_55060_4891628_C_T_R_Q|6	38.9585336538	4.32903773392e-10	60.0	4.0
PA14_32790_2863284_A_T_Y_F|1	38.9585336538	4.32903773392e-10	60.0	4.0
PA14_00170,trkA_17563_C_A_E_D|7	38.9585336538	4.32903773392e-10	60.0	4.0
PA14_45470_4048844_G_C_E_Q|1	38.9585336538	4.32903773392e-10	60.0	4.0
PA14_09320,pchI_798737_C_T_A_V|3	38.9585336538	4.32903773392e-10	60.0	4.0
PA14_40520_3619599_G_A_A_T|3	38.9585336538	4.32903773392e-10	60.0	4.0
PA14_00510_48003_C_G_H_Q|1	38.9551854396	4.33646889761e-10	54.0	2.0
PA14_19290,srmB_1663600_C_T_A_V|1	38.9135817308	4.42987811562e-10	57.0	3.0
PA14_55117_4896777_C_T_H_Y|1	38.9135817308	4.42987811562e-10	57.0	3.0
PA14_64800,vanA_5774982_A_G_T_A|1	38.9135817308	4.42987811562e-10	57.0	3.0
PA14_22270_1940597_T_C_K_R|1	38.9135817308	4.42987811562e-10	57.0	3.0
PA14_22160_1934836_C_T_R_K|1	38.9135817308	4.42987811562e-10	57.0	3.0
PA14_35620,pslK_3165683_T_C_H_R|1	38.9135817308	4.42987811562e-10	57.0	3.0
PA14_03220_286750_T_C_H_R|1	38.9135817308	4.42987811562e-10	57.0	3.0
PA14_41280_3684874_G_A_A_T|2	38.9135817308	4.42987811562e-10	57.0	3.0
PA14_53800,mntH2_4770526_G_A_V_M|1	38.9135817308	4.42987811562e-10	57.0	3.0
PA14_05390,chpA_471813_G_T_A_S|3	38.9135817308	4.42987811562e-10	57.0	3.0
PA14_21450_1859423_C_T_R_W|1	38.9135817308	4.42987811562e-10	57.0	3.0
PA14_68970_6152568_C_T_R_H|1	38.9135817308	4.42987811562e-10	57.0	3.0
PA14_09580_824859_C_T_R_C|7	38.9135817308	4.42987811562e-10	57.0	3.0
PA14_33530_2950861_C_T_E_K|16	38.9135817308	4.42987811562e-10	57.0	3.0
PA14_32400,mexE_2817506_T_C_Q_R|1	38.9135817308	4.42987811562e-10	57.0	3.0
PA14_02490,tonB2_224617_G_A_A_T|7	38.9135817308	4.42987811562e-10	57.0	3.0
PA14_30960,traG_2690040_G_C_T_S|1	38.8697270471	4.53052296581e-10	81.0	12.0
PA14_30890_2683089_A_G_D_G|1	38.850663387	4.57498419055e-10	76.0	10.0
PA14_55400_4918573_C_T_G_S|1	38.7979497354	4.70021278469e-10	104.0	22.0
PA14_30880,trbL_2681833_C_G_S_T|1	38.7610903109	4.78981074007e-10	95.0	18.0
PA14_30950_2688380_G_A_L_F|1	38.7210682723	4.8890337892e-10	88.0	15.0
PA14_30970,bphR_2691871_T_G_K_Q|1	38.7210682723	4.8890337892e-10	88.0	15.0
PA14_31070_2702741_C_G_A_P|1	38.7210682723	4.8890337892e-10	88.0	15.0
PA14_30950_2688299_C_T_A_T|1	38.7210682723	4.8890337892e-10	88.0	15.0
PA14_08300,JF1_710890_T_C_V_A|1	38.7183760684	4.89578172752e-10	32.0	88.0
PA14_68050_6072419_C_T_R_C|1	38.690267094	4.96679547925e-10	68.0	7.0
PA14_37420_3331052_C_T_A_T|1	38.690267094	4.96679547925e-10	68.0	7.0
PA14_42080,fadB_3753662_G_T_A_E|1	38.690267094	4.96679547925e-10	68.0	7.0
PA14_30960,traG_2689345_G_A_L_F|1	38.5704644673	5.28121034365e-10	97.0	19.0
PA14_22670,yrbF_1971959_G_C_A_G|1	38.5028240306	5.46745137194e-10	73.0	9.0
PA14_55200_4902522_C_A_P_T|1	38.5028240306	5.46745137194e-10	73.0	9.0
PA14_30890_2683086_A_G_E_G|1	38.4659410112	5.57176073027e-10	78.0	11.0
PA14_20890,rfaD_1801119_G_T_A_S|2	38.4583333333	5.59352272919e-10	65.0	6.0
PA14_36605_3259443_G_A_R_Q|1	38.4583333333	5.59352272919e-10	65.0	6.0
PA14_35900_3195351_T_A_C_S|1	38.4583333333	5.59352272919e-10	65.0	6.0
PA14_06120_540145_C_T_R_H|1	38.4583333333	5.59352272919e-10	65.0	6.0
PA14_39650,cirA_3534028_G_A_P_S|1	38.3428724054	5.93444446831e-10	160.0	50.0
PA14_08210_702254_A_G_I_V|1	38.2764183888	6.14001672197e-10	62.0	5.0
PA14_72820_6486303_G_A_R_H|1	38.2764183888	6.14001672197e-10	62.0	5.0
PA14_59540_5298887_G_A_A_T|1	38.2764183888	6.14001672197e-10	62.0	5.0
PA14_36110_3218421_G_T_A_E|1	38.2764183888	6.14001672197e-10	62.0	5.0
PA14_05540,mexB_490811_G_A_G_D|1	38.2764183888	6.14001672197e-10	62.0	5.0
PA14_30910,trbE_2686016_C_A_E_*|1	38.2764183888	6.14001672197e-10	62.0	5.0
PA14_02900,pcaK_256101_G_A_P_S|1	38.2764183888	6.14001672197e-10	62.0	5.0
PA14_27110,ligT_2355638_G_A_P_S|1	38.2764183888	6.14001672197e-10	62.0	5.0
PA14_30970,bphR_2691804_A_G_V_A|1	38.1860618014	6.43101561045e-10	70.0	8.0
PA14_30930,trbC_2686910_C_A_L_F|1	38.1860618014	6.43101561045e-10	70.0	8.0
PA14_37030,cupA3_3297697_G_C_R_G|1	38.1860618014	6.43101561045e-10	70.0	8.0
PA14_31260_2718080_T_C_T_A|1	38.1860618014	6.43101561045e-10	70.0	8.0
PA14_30970,bphR_2691402_C_T_R_H|1	38.1860618014	6.43101561045e-10	70.0	8.0
PA14_70010_6245307_C_T_R_H|1	38.154049654	6.53739220349e-10	59.0	4.0
PA14_32790_2859876_A_T_Q_L|1	38.154049654	6.53739220349e-10	59.0	4.0
PA14_32100,xylY_2793130_G_A_V_I|1	38.154049654	6.53739220349e-10	59.0	4.0
PA14_05870_520408_G_A_T_I|13	38.154049654	6.53739220349e-10	59.0	4.0
PA14_16780_1436419_C_G_R_G|1	38.154049654	6.53739220349e-10	59.0	4.0
PA14_21490_1864854_G_T_G_C|3	38.154049654	6.53739220349e-10	59.0	4.0
PA14_34580_3072200_T_A_T_S|1	38.154049654	6.53739220349e-10	59.0	4.0
PA14_30910,trbE_2685914_A_G_Y_H|1	38.154049654	6.53739220349e-10	59.0	4.0
PA14_07500_645487_G_A_A_V|2	38.154049654	6.53739220349e-10	59.0	4.0
PA14_23090,edaA_2002865_G_A_A_T|1	38.154049654	6.53739220349e-10	59.0	4.0
PA14_04730_419814_G_A_A_V|1	38.154049654	6.53739220349e-10	59.0	4.0
PA14_72510,thrB_6460556_C_A_A_D|1	38.154049654	6.53739220349e-10	59.0	4.0
PA14_36910,ligD_3289616_C_G_E_Q|1	38.154049654	6.53739220349e-10	59.0	4.0
PA14_20520_1765345_C_G_P_A|1	38.154049654	6.53739220349e-10	59.0	4.0
PA14_45030,ttuD_4016777_G_A_C_Y|1	38.154049654	6.53739220349e-10	59.0	4.0
PA14_61550_5492637_G_A_A_T|1	38.154049654	6.53739220349e-10	59.0	4.0
PA14_55640,sbcD_4958208_A_G_D_G|1	38.154049654	6.53739220349e-10	59.0	4.0
PA14_59930_5336636_C_T_P_L|1	38.154049654	6.53739220349e-10	59.0	4.0
PA14_30690_2659558_G_C_T_R|1	38.154049654	6.53739220349e-10	59.0	4.0
PA14_46370_4126681_T_A_L_Q|1	38.154049654	6.53739220349e-10	59.0	4.0
PA14_37260,opdO_3318526_A_C_E_A|1	38.154049654	6.53739220349e-10	59.0	4.0
PA14_30320,ycaJ_2625792_G_A_V_I|5	38.154049654	6.53739220349e-10	59.0	4.0
PA14_58270_5189659_C_T_V_M|1	38.1171962096	6.66203979916e-10	80.0	12.0
PA14_30930,trbC_2686915_C_T_A_T|1	38.1033382225	6.70952417777e-10	56.0	3.0
PA14_44910_4003612_A_C_K_T|1	38.1033382225	6.70952417777e-10	56.0	3.0
PA14_60020_5345193_G_A_A_T|1	38.1033382225	6.70952417777e-10	56.0	3.0
PA14_36870_3286329_C_G_W_C|1	38.1033382225	6.70952417777e-10	56.0	3.0
PA14_22120_1929676_T_C_N_S|1	38.1033382225	6.70952417777e-10	56.0	3.0
PA14_22220_1936031_C_T_G_D|1	38.1033382225	6.70952417777e-10	56.0	3.0
PA14_39880,phzG2_3555928_T_A_Q_L|1	38.1033382225	6.70952417777e-10	56.0	3.0
PA14_69870,pchP_6230786_G_C_T_S|2	38.1033382225	6.70952417777e-10	56.0	3.0
PA14_51680_4592038_G_A_H_Y|1	38.0854072398	6.77146790636e-10	75.0	10.0
PA14_11290_982669_C_T_D_N|1	38.0854072398	6.77146790636e-10	75.0	10.0
PA14_48340_4301163_G_A_R_C|1	38.0854072398	6.77146790636e-10	75.0	10.0
PA14_31260_2718386_A_C_S_A|1	38.0817307692	6.78423907002e-10	120.0	30.0
PA14_30910,trbE_2685152_G_C_L_V|1	37.9870616516	7.12153313016e-10	87.0	15.0
PA14_33280,pvdL_2914709_C_T_R_C|1	37.9054162335	7.42587957393e-10	67.0	7.0
PA14_31200_2713391_G_C_A_G|1	37.9054162335	7.42587957393e-10	67.0	7.0
PA14_41780_3728941_G_C_D_E|1	37.9054162335	7.42587957393e-10	67.0	7.0
PA14_62650_5591077_G_C_V_L|1	37.9054162335	7.42587957393e-10	67.0	7.0
PA14_08050_692960_A_G_I_V|1	37.8629868859	7.58914946307e-10	107.0	24.0
PA14_08050_692888_G_A_D_N|1	37.8629868859	7.58914946307e-10	107.0	24.0
PA14_30850,trbI_2679334_G_C_P_A|1	37.8592600334	7.60366112269e-10	96.0	19.0
PA14_30960,traG_2690146_T_C_N_D|1	37.8592600334	7.60366112269e-10	96.0	19.0
PA14_08050_691683_G_A_S_N|1	37.762922168	7.98857863004e-10	109.0	25.0
PA14_31070_2701241_G_T_L_I|1	37.7455433455	8.06006472146e-10	89.0	16.0
PA14_40650_3630274_G_A_A_T|1	37.7315705128	8.11800482918e-10	72.0	9.0
PA14_42600,pscP_3790172_C_G_A_G|1	37.7078325321	8.21739496643e-10	77.0	11.0
PA14_31190_2711151_C_A_E_*|1	37.7078325321	8.21739496643e-10	77.0	11.0
PA14_30910,trbE_2685934_C_A_G_V|1	37.7078325321	8.21739496643e-10	77.0	11.0
PA14_31180_2709782_T_G_N_T|1	37.7078325321	8.21739496643e-10	77.0	11.0
PA14_07770,ostA_667088_C_T_R_H|1	37.6924163407	8.28259366025e-10	98.0	20.0
PA14_30950_2688053_C_A_A_S|1	37.6670787546	8.39087937232e-10	64.0	6.0
PA14_31130_2707898_A_G_V_A|1	37.526716821	9.01693775243e-10	91.0	17.0
PA14_30930,trbC_2686942_G_C_P_A|1	37.5144230769	9.07395050357e-10	84.0	14.0
PA14_15435_1307150_T_C_N_S|1	37.4787417444	9.24147640035e-10	61.0	5.0
PA14_49520,pyoS3A_4403637_C_T_G_E|1	37.4787417444	9.24147640035e-10	61.0	5.0
PA14_00925_93930_C_G_G_A|2	37.4787417444	9.24147640035e-10	61.0	5.0
PA14_43420_3868463_T_C_Q_R|2	37.4787417444	9.24147640035e-10	61.0	5.0
PA14_30950_2688200_G_T_Q_K|1	37.4787417444	9.24147640035e-10	61.0	5.0
PA14_24080,xcpY_2091027_C_T_A_V|2	37.4787417444	9.24147640035e-10	61.0	5.0
PA14_16310_1393007_C_G_A_G|1	37.4787417444	9.24147640035e-10	61.0	5.0
PA14_24490,pelB_2139300_G_A_G_S|1	37.4787417444	9.24147640035e-10	61.0	5.0
PA14_47430,czcD_4226521_A_G_K_R|1	37.4787417444	9.24147640035e-10	61.0	5.0
