feature	score	p-value	#I-out-of-135	#O-out-of-291
PA14_59990_5342403_A_G_T_A|1	144.470207741	2.80406521735e-33	76.0	5.0
PA14_37490_3336619_G_T_L_I|1	139.241322735	3.9005157773e-32	86.0	13.0
PA14_59540_5299046_A_G_I_V|1	124.518693599	6.48651812327e-29	73.0	9.0
PA14_59540_5299116_C_G_T_R|1	121.766985203	2.59605702197e-28	67.0	6.0
PA14_13990_1199882_A_G_K_R|1	120.629899453	4.60504887076e-28	77.0	13.0
PA14_15460,merA_1309232_A_G_V_A|1	120.280935529	5.49072692116e-28	63.0	4.0
PA14_26130,morB_2281979_C_T_A_T|2	119.643069874	7.57315321052e-28	66.0	6.0
PA14_18340_1573309_C_T_S_N|1	119.098894665	9.96361335306e-28	92.0	25.0
PA14_26970_2347008_G_A_T_I|1	118.851499909	1.12870954331e-27	64.0	5.0
PA14_55520,hxcU_4942104_C_T_A_V|1	118.851499909	1.12870954331e-27	64.0	5.0
PA14_06580_574469_G_C_K_N|9	116.720557914	3.30502678315e-27	63.0	5.0
PA14_21940_1908910_C_T_A_T|1	116.720557914	3.30502678315e-27	63.0	5.0
PA14_53560_4749482_C_A_A_D|1	116.304867147	4.0757079579e-27	83.0	19.0
PA14_21160_1830118_A_G_V_A|1	116.278519983	4.13021497164e-27	66.0	7.0
PA14_61870_5518248_T_G_E_A|1	116.278519983	4.13021497164e-27	66.0	7.0
PA14_67780_6052426_G_A_R_K|1	116.278519983	4.13021497164e-27	66.0	7.0
PA14_65810_5861287_T_G_Q_P|1	114.94880441	8.07556273762e-27	97.0	31.0
PA14_28880_2493687_C_T_A_T|1	114.590350652	9.67557782807e-27	62.0	5.0
PA14_00310_28735_G_C_K_N|3	114.166030291	1.19841979273e-26	65.0	7.0
PA14_40640,cti_3628790_G_A_P_S|1	113.276826535	1.87657705333e-26	63.0	6.0
PA14_17650_1517271_C_T_P_L|1	113.276826535	1.87657705333e-26	63.0	6.0
PA14_22410_1950831_T_A_C_S|1	112.054753723	3.47577348095e-26	64.0	7.0
PA14_26930_2343869_T_C_F_L|1	112.054753723	3.47577348095e-26	64.0	7.0
PA14_71350_6356469_T_G_F_C|1	112.054753723	3.47577348095e-26	64.0	7.0
PA14_36960_3292403_C_T_A_T|1	111.156714507	5.46733266808e-26	62.0	6.0
PA14_33610_2970539_G_A_S_N|1	110.882016037	6.27991172252e-26	75.0	15.0
PA14_51420,pqsB_4569081_G_A_A_V|1	110.332275971	8.286834356e-26	60.0	5.0
PA14_02310,atsA_207590_C_T_D_N|1	109.944742268	1.00760729828e-25	63.0	7.0
PA14_50380,flgJ_4478955_G_A_A_V|1	109.944742268	1.00760729828e-25	63.0	7.0
PA14_11990_1036888_C_G_G_A|1	109.944742268	1.00760729828e-25	63.0	7.0
PA14_28340_2449491_G_C_V_L|1	109.944742268	1.00760729828e-25	63.0	7.0
PA14_18040_1549391_C_A_L_I|1	109.944742268	1.00760729828e-25	63.0	7.0
PA14_11140_969423_C_G_Q_H|1	109.535755892	1.23850204178e-25	77.0	17.0
PA14_60020_5344845_C_A_Q_K|1	109.535755892	1.23850204178e-25	77.0	17.0
PA14_11140_969871_C_T_G_D|1	108.924054983	1.68624484731e-25	78.0	18.0
PA14_03770,speB1_338673_G_A_M_I|1	108.817309406	1.77954636998e-25	64.0	8.0
PA14_59150_5266389_G_C_Q_H|1	108.020493203	2.66013388406e-25	52.0	1.0
PA14_34130_3034210_G_A_E_K|1	107.836050932	2.91957164787e-25	62.0	7.0
PA14_71580_6377396_T_C_I_V|1	107.767561376	3.02222620743e-25	65.0	9.0
PA14_36000,prpR_3204810_G_A_A_T|1	107.456109515	3.53651234933e-25	57.0	4.0
PA14_30590_2648777_C_T_A_V|1	107.456109515	3.53651234933e-25	57.0	4.0
PA14_49520,pyoS3A_4403637_C_T_G_E|1	106.91971259	4.63574529443e-25	60.0	6.0
PA14_24080,xcpY_2091027_C_T_A_V|2	106.91971259	4.63574529443e-25	60.0	6.0
PA14_35970_3201512_A_G_I_T|1	106.789365165	4.95090163655e-25	66.0	10.0
PA14_20890,rfaD_1801119_G_T_A_S|2	106.719587629	5.12832674836e-25	63.0	8.0
PA14_71180_6341164_C_T_R_H|1	106.719587629	5.12832674836e-25	63.0	8.0
PA14_05870_520408_G_A_T_I|13	106.077568683	7.09047083648e-25	58.0	5.0
PA14_42050_3750246_G_T_L_I|1	105.877216789	7.84483929449e-25	67.0	11.0
PA14_29270,yaiW_2533005_A_G_I_V|1	105.681272262	8.66019831591e-25	64.0	9.0
PA14_59990_5342598_G_A_A_T|1	105.518628125	9.40099794589e-25	71.0	14.0
PA14_55410_4931209_C_T_S_N|1	105.331612371	1.03314702946e-24	93.0	32.0
PA14_02930_258019_A_G_Q_R|8	105.320748377	1.03882695297e-24	56.0	4.0
PA14_30330,serS_2628316_G_A_A_T|2	105.320748377	1.03882695297e-24	56.0	4.0
PA14_46490,fabF2_4138284_G_A_G_S|2	104.802921843	1.3490828388e-24	59.0	6.0
PA14_28040_2426950_T_C_I_V|1	104.802921843	1.3490828388e-24	59.0	6.0
PA14_00060_7764_C_T_V_I|14	104.802921843	1.3490828388e-24	59.0	6.0
PA14_61910_5521507_C_T_A_T|1	104.714852997	1.41039820567e-24	65.0	10.0
PA14_36830_3282316_G_A_D_N|1	104.623518246	1.47693322599e-24	62.0	8.0
PA14_36070_3213128_C_T_A_T|1	103.951579647	2.07321316344e-24	57.0	5.0
PA14_72890_6491370_G_A_A_T|1	103.951579647	2.07321316344e-24	57.0	5.0
PA14_25305,nqrB_2213424_A_G_N_S|3	103.951579647	2.07321316344e-24	57.0	5.0
PA14_02560,mdcB_229497_G_A_A_T|13	103.951579647	2.07321316344e-24	57.0	5.0
PA14_11580_1002226_A_G_T_A|6	103.951579647	2.07321316344e-24	57.0	5.0
PA14_62100_5542123_T_G_Q_P|2	103.951579647	2.07321316344e-24	57.0	5.0
PA14_00700_70871_A_C_E_A|1	103.951579647	2.07321316344e-24	57.0	5.0
PA14_47090_4195513_C_G_E_D|1	103.877214391	2.15250768516e-24	78.0	20.0
PA14_49520,pyoS3A_4403721_G_T_T_N|1	103.814727541	2.22147698307e-24	66.0	11.0
PA14_72820_6486303_G_A_R_H|1	103.622865056	2.44736371341e-24	60.0	7.0
PA14_13060_1121373_T_G_Q_P|1	103.622865056	2.44736371341e-24	60.0	7.0
PA14_21190_1833985_C_G_G_A|1	103.596907216	2.4796397509e-24	63.0	9.0
PA14_50010,yliI_4445904_C_T_R_Q|1	103.596907216	2.4796397509e-24	63.0	9.0
PA14_06160,fiuA_544941_G_A_A_V|2	103.596907216	2.4796397509e-24	63.0	9.0
PA14_55400_4925847_G_A_A_V|1	103.596907216	2.4796397509e-24	63.0	9.0
PA14_05650_502648_C_T_A_V|1	103.596907216	2.4796397509e-24	63.0	9.0
PA14_15230,xseA_1290560_C_T_A_T|1	103.596907216	2.4796397509e-24	63.0	9.0
PA14_16410_1404920_G_T_A_S|1	103.537300958	2.55537472719e-24	74.0	17.0
PA14_22160_1934441_T_C_M_V|1	103.186071796	3.05103567908e-24	55.0	4.0
PA14_65670_5849465_C_A_A_S|1	102.975860919	3.39256845742e-24	67.0	12.0
PA14_09710,aldH_835750_C_T_R_H|1	102.687342497	3.92443866703e-24	58.0	6.0
PA14_53020,pbpG_4701815_G_T_A_S|1	102.687342497	3.92443866703e-24	58.0	6.0
PA14_33200_2906822_C_T_A_V|1	102.687342497	3.92443866703e-24	58.0	6.0
PA14_32790_2863284_A_T_Y_F|1	102.687342497	3.92443866703e-24	58.0	6.0
PA14_05390,chpA_470998_A_C_Q_P|1	102.642531191	4.01422042029e-24	64.0	10.0
PA14_36080,yfaV_3214660_C_T_G_D|1	102.642531191	4.01422042029e-24	64.0	10.0
PA14_59690_5311021_T_A_S_T|1	102.519349722	4.27174809735e-24	81.0	23.0
PA14_41520,ppkB_3705756_C_T_L_F|1	102.193715441	5.03493843453e-24	68.0	13.0
PA14_59690_5311022_C_G_S_C|1	102.124264626	5.2145889823e-24	82.0	24.0
PA14_32790_2863290_G_A_S_N|1	101.826560006	6.06021302691e-24	56.0	5.0
PA14_20520_1764304_A_G_T_A|1	101.826560006	6.06021302691e-24	56.0	5.0
PA14_35940_3199199_C_T_A_T|2	101.826560006	6.06021302691e-24	56.0	5.0
PA14_34000_3023955_C_T_R_Q|1	101.826560006	6.06021302691e-24	56.0	5.0
PA14_42600,pscP_3789814_G_A_A_T|1	101.826560006	6.06021302691e-24	56.0	5.0
PA14_00080_9710_A_G_E_G|516	101.826560006	6.06021302691e-24	56.0	5.0
PA14_24510,pelD_2143371_G_T_R_L|1	101.826560006	6.06021302691e-24	56.0	5.0
PA14_02340,atsB_210129_C_T_R_H|1	101.54475245	6.98670046176e-24	73.0	17.0
PA14_15435_1307150_T_C_N_S|1	101.518497692	7.07992030102e-24	59.0	7.0
PA14_68360_6098543_C_A_L_M|1	101.518497692	7.07992030102e-24	59.0	7.0
PA4055-PA4056,sRNA2315_989631_G_A_W_*|1	101.518497692	7.07992030102e-24	59.0	7.0
PA14_65370,amiB_5823126_T_A_N_I|1	101.514547537	7.09405293311e-24	62.0	9.0
PA14_36605_3259443_G_A_R_Q|1	101.514547537	7.09405293311e-24	62.0	9.0
PA14_06120_540145_C_T_R_H|1	101.514547537	7.09405293311e-24	62.0	9.0
PA14_22110_1928152_T_C_I_V|4	101.05211518	8.95948603731e-24	54.0	4.0
PA14_55260_4907825_G_A_R_C|1	100.573032237	1.14110876987e-23	57.0	6.0
PA14_32790_2859876_A_T_Q_L|1	100.573032237	1.14110876987e-23	57.0	6.0
PA14_02610,mdcG_232519_C_T_P_S|1	100.573032237	1.14110876987e-23	57.0	6.0
PA14_32100,xylY_2793130_G_A_V_I|1	100.573032237	1.14110876987e-23	57.0	6.0
PA14_16780_1436419_C_G_R_G|1	100.573032237	1.14110876987e-23	57.0	6.0
PA14_21490_1864854_G_T_G_C|3	100.573032237	1.14110876987e-23	57.0	6.0
PA14_57640_5133652_G_A_D_N|1	100.573032237	1.14110876987e-23	57.0	6.0
PA14_72510,thrB_6460556_C_A_A_D|1	100.573032237	1.14110876987e-23	57.0	6.0
PA14_36910,ligD_3289616_C_G_E_Q|1	100.573032237	1.14110876987e-23	57.0	6.0
PA14_46490,fabF2_4137979_G_A_R_H|1	100.573032237	1.14110876987e-23	57.0	6.0
PA14_01910,pcaG_174694_T_G_V_G|1	100.573032237	1.14110876987e-23	57.0	6.0
PA14_57480_5122255_G_A_S_N|1	100.572489761	1.14142134365e-23	63.0	10.0
PA14_36920_3290779_G_A_Q_*|1	100.572489761	1.14142134365e-23	63.0	10.0
PA14_30460_2638143_G_A_A_T|1	100.572489761	1.14142134365e-23	63.0	10.0
PA14_37420_3331118_C_T_A_T|1	100.572489761	1.14142134365e-23	63.0	10.0
PA14_06160,fiuA_544071_C_T_R_Q|1	100.572489761	1.14142134365e-23	63.0	10.0
PA14_66160_5893967_T_C_I_V|1	100.572489761	1.14142134365e-23	63.0	10.0
PA14_26420_2301496_C_T_R_Q|1	100.572489761	1.14142134365e-23	63.0	10.0
PA14_19940_1718862_G_A_A_V|1	100.513402062	1.17598535633e-23	87.0	29.0
PA14_08050_691684_C_A_S_R|1	100.513402062	1.17598535633e-23	87.0	29.0
PA14_28895_2496335_G_A_R_C|1	100.43662826	1.22246351906e-23	60.0	8.0
PA14_64120_5715151_G_A_S_N|1	100.207776141	1.37219694398e-23	81.0	24.0
PA14_19290,srmB_1663600_C_T_A_V|1	99.7025582283	1.77092328324e-23	55.0	5.0
PA14_55117_4896777_C_T_H_Y|1	99.7025582283	1.77092328324e-23	55.0	5.0
PA14_64800,vanA_5774982_A_G_T_A|1	99.7025582283	1.77092328324e-23	55.0	5.0
PA14_35620,pslK_3165683_T_C_H_R|1	99.7025582283	1.77092328324e-23	55.0	5.0
PA14_03220_286750_T_C_H_R|1	99.7025582283	1.77092328324e-23	55.0	5.0
PA14_41280_3684874_G_A_A_T|2	99.7025582283	1.77092328324e-23	55.0	5.0
PA14_53800,mntH2_4770526_G_A_V_M|1	99.7025582283	1.77092328324e-23	55.0	5.0
PA14_05390,chpA_471813_G_T_A_S|3	99.7025582283	1.77092328324e-23	55.0	5.0
PA14_21450_1859423_C_T_R_W|1	99.7025582283	1.77092328324e-23	55.0	5.0
PA14_68970_6152568_C_T_R_H|1	99.7025582283	1.77092328324e-23	55.0	5.0
PA14_09580_824859_C_T_R_C|7	99.7025582283	1.77092328324e-23	55.0	5.0
PA14_33530_2950861_C_T_E_K|16	99.7025582283	1.77092328324e-23	55.0	5.0
PA14_32400,mexE_2817506_T_C_Q_R|1	99.7025582283	1.77092328324e-23	55.0	5.0
PA14_02490,tonB2_224617_G_A_A_T|7	99.7025582283	1.77092328324e-23	55.0	5.0
PA14_60760_5414610_G_T_A_E|1	99.697194349	1.77572602051e-23	64.0	11.0
PA14_42080,fadB_3753662_G_T_A_E|1	99.697194349	1.77572602051e-23	64.0	11.0
PA14_49530_4406047_G_A_A_T|1	99.4987399771	1.96288191592e-23	77.0	21.0
PA14_53310_4724878_G_A_R_H|1	99.4157053485	2.04692877403e-23	58.0	7.0
PA14_28880_2493570_T_C_S_G|1	99.4157053485	2.04692877403e-23	58.0	7.0
PA14_71220,cls_6345695_T_A_Y_F|1	99.4157053485	2.04692877403e-23	58.0	7.0
PA14_60900_5434776_A_G_L_S|1	99.4157053485	2.04692877403e-23	58.0	7.0
PA14_68510_6111764_C_T_V_I|1	99.4157053485	2.04692877403e-23	58.0	7.0
PA14_67200_5998004_T_C_R_G|1	99.4040546192	2.0590060188e-23	92.0	34.0
PA14_66150_5893268_G_A_P_L|1	99.2320231959	2.24585996198e-23	93.0	35.0
PA14_22110_1928163_T_C_Q_R|1	98.9189164205	2.63054654998e-23	53.0	4.0
PA14_61870_5518617_G_A_A_V|1	98.8834590381	2.67806931983e-23	65.0	12.0
PA14_26810_2334453_C_A_Q_K|2	98.5048237241	3.24233898828e-23	62.0	10.0
PA14_72110_6425732_A_C_D_A|1	98.4600524702	3.31647845668e-23	56.0	6.0
PA14_02980_261047_C_A_R_L|18	98.4600524702	3.31647845668e-23	56.0	6.0
PA14_66600,aroB_5946019_G_A_S_F|1	98.4600524702	3.31647845668e-23	56.0	6.0
PA14_28300_2446654_C_T_A_T|1	98.4600524702	3.31647845668e-23	56.0	6.0
PA14_12670_1087429_G_A_A_V|14	98.4600524702	3.31647845668e-23	56.0	6.0
PA14_32110,xylZ_2794060_C_T_H_Y|1	98.4600524702	3.31647845668e-23	56.0	6.0
PA14_55400_4926837_A_G_V_A|1	98.4600524702	3.31647845668e-23	56.0	6.0
PA14_06960_604416_C_G_D_E|6	98.4600524702	3.31647845668e-23	56.0	6.0
PA14_00180,sun_19460_G_A_R_C|11	98.4600524702	3.31647845668e-23	56.0	6.0
PA14_57480_5121923_G_T_E_D|1	98.4600524702	3.31647845668e-23	56.0	6.0
PA14_64280_5728766_G_C_G_A|1	98.4600524702	3.31647845668e-23	56.0	6.0
PA14_08120_696594_G_A_M_I|1	98.4600524702	3.31647845668e-23	56.0	6.0
PA14_37460_3333475_C_T_G_D|1	98.4600524702	3.31647845668e-23	56.0	6.0
PA14_08180_701590_A_G_Q_R|1	98.4600524702	3.31647845668e-23	56.0	6.0
PA14_31310_2723359_G_A_A_T|5	98.4600524702	3.31647845668e-23	56.0	6.0
PA14_35530,bkdA1_3159525_A_G_V_A|1	98.4600524702	3.31647845668e-23	56.0	6.0
PA14_18330,arnT_1571636_C_A_R_L|1	98.4600524702	3.31647845668e-23	56.0	6.0
PA14_21020_1811983_C_T_A_T|1	98.4600524702	3.31647845668e-23	56.0	6.0
PA14_34640,gntK_3077363_C_T_G_D|1	98.4600524702	3.31647845668e-23	56.0	6.0
PA14_08050_692391_C_G_A_G|1	98.4600524702	3.31647845668e-23	56.0	6.0
PA14_54450,nadB_4828624_C_G_D_E|1	98.4600524702	3.31647845668e-23	56.0	6.0
PA14_01330_129569_C_T_A_T|1	98.4600524702	3.31647845668e-23	56.0	6.0
PA14_42820_3807570_A_G_Q_R|1	98.4600524702	3.31647845668e-23	56.0	6.0
PA14_19710_1700783_C_T_R_C|2	98.4600524702	3.31647845668e-23	56.0	6.0
PA14_51530,exoU_4581681_G_A_P_L|1	98.4600524702	3.31647845668e-23	56.0	6.0
PA14_04950,mtgA_437516_C_G_G_A|1	98.4600524702	3.31647845668e-23	56.0	6.0
PA14_02700_241022_A_G_K_R|1	98.4600524702	3.31647845668e-23	56.0	6.0
PA14_04560_405394_T_A_V_D|6	98.4600524702	3.31647845668e-23	56.0	6.0
PA14_13200_1137769_T_C_S_P|1	98.4600524702	3.31647845668e-23	56.0	6.0
PA14_27755,yliJ_2407645_G_T_E_D|1	98.4600524702	3.31647845668e-23	56.0	6.0
PA14_21870_1901805_A_T_M_K|1	98.4600524702	3.31647845668e-23	56.0	6.0
PA14_39860_3553224_G_T_G_C|1	98.4600524702	3.31647845668e-23	56.0	6.0
PA14_08120_696481_G_C_D_H|2	98.4600524702	3.31647845668e-23	56.0	6.0
PA14_65050_5797256_G_A_R_C|1	98.4600524702	3.31647845668e-23	56.0	6.0
PA14_21470_1861628_A_C_D_A|2	98.4600524702	3.31647845668e-23	56.0	6.0
PA14_22500_1958646_T_A_T_S|1	98.4600524702	3.31647845668e-23	56.0	6.0
PA14_21300_1845706_C_T_R_Q|3	98.4600524702	3.31647845668e-23	56.0	6.0
PA14_34550_3071074_G_A_A_V|1	98.3459643364	3.51316048334e-23	59.0	8.0
PA14_04550,glpQ_404820_T_C_M_V|1	98.3459643364	3.51316048334e-23	59.0	8.0
PA14_38770_3458305_G_A_A_V|1	98.3459643364	3.51316048334e-23	59.0	8.0
PA14_20040,hasE_1728229_G_C_V_L|1	98.3459643364	3.51316048334e-23	59.0	8.0
PA14_19210_1658999_G_A_P_S|1	98.3459643364	3.51316048334e-23	59.0	8.0
PA14_21070_1822348_A_G_Q_R|1	98.3459643364	3.51316048334e-23	59.0	8.0
PA14_05540,mexB_490811_G_A_G_D|1	98.3459643364	3.51316048334e-23	59.0	8.0
PA14_02900,pcaK_256101_G_A_P_S|1	98.3459643364	3.51316048334e-23	59.0	8.0
PA14_29720_2573611_G_A_V_I|1	98.1266083779	3.92469583045e-23	66.0	13.0
PA14_51670_4591650_T_G_E_A|1	97.64235163	5.01203844273e-23	63.0	11.0
PA14_62650_5591077_G_C_V_L|1	97.64235163	5.01203844273e-23	63.0	11.0
PA14_00660_67308_C_T_S_N|1	97.64235163	5.01203844273e-23	63.0	11.0
PA14_44910_4003612_A_C_K_T|1	97.5796260702	5.17335038084e-23	54.0	5.0
PA14_22090_1923991_T_C_I_V|2	97.5796260702	5.17335038084e-23	54.0	5.0
PA14_36870_3286329_C_G_W_C|1	97.5796260702	5.17335038084e-23	54.0	5.0
PA14_22120_1929676_T_C_N_S|1	97.5796260702	5.17335038084e-23	54.0	5.0
PA14_22220_1936031_C_T_G_D|1	97.5796260702	5.17335038084e-23	54.0	5.0
PA14_39880,phzG2_3555928_T_A_Q_L|1	97.5796260702	5.17335038084e-23	54.0	5.0
PA14_69870,pchP_6230786_G_C_T_S|2	97.5796260702	5.17335038084e-23	54.0	5.0
PA14_22270_1940159_G_A_A_V|1	97.5796260702	5.17335038084e-23	54.0	5.0
PA14_22250_1937988_C_T_A_T|1	97.5796260702	5.17335038084e-23	54.0	5.0
PA14_17880,paaJ_1535652_G_A_G_D|1	97.3561930375	5.79132338588e-23	60.0	9.0
PA14_59990_5342418_A_G_T_A|1	97.3561930375	5.79132338588e-23	60.0	9.0
PA14_53360,plcH_4731572_G_A_V_I|1	97.3145618557	5.91437655179e-23	57.0	7.0
PA14_65960,waaA_5876462_G_A_L_F|1	97.3145618557	5.91437655179e-23	57.0	7.0
PA14_44680,smc_3981238_G_A_A_V|1	97.3145618557	5.91437655179e-23	57.0	7.0
PA14_50360,flgK_4477147_G_A_L_F|1	97.3145618557	5.91437655179e-23	57.0	7.0
PA14_37490_3337557_T_G_K_T|7	97.3145618557	5.91437655179e-23	57.0	7.0
PA14_55610,dnaE2_4951335_C_A_Q_K|1	97.3145618557	5.91437655179e-23	57.0	7.0
PA14_72200,prfH_6432187_G_T_F_L|1	97.3145618557	5.91437655179e-23	57.0	7.0
PA14_43910_3909468_G_A_P_S|1	96.8415747272	7.51024428495e-23	64.0	12.0
PA14_00510_48003_C_G_H_Q|1	96.7865161185	7.72202054167e-23	52.0	4.0
PA14_03290_298673_T_G_V_G|1	96.7865161185	7.72202054167e-23	52.0	4.0
PA14_49560,toxA_4407502_C_T_S_L|1	96.767112436	7.79806929424e-23	68.0	15.0
PA14_67190_5997735_G_T_L_I|1	96.5264106778	8.806127558e-23	73.0	19.0
PA14_36560_3252991_C_T_G_D|1	96.3484686309	9.63423772328e-23	55.0	6.0
PA14_66190_5896995_A_C_F_C|1	96.3484686309	9.63423772328e-23	55.0	6.0
PA14_10010_861943_A_G_I_V|1	96.3484686309	9.63423772328e-23	55.0	6.0
PA14_09940,pfpI_854706_T_G_T_P|1	96.3484686309	9.63423772328e-23	55.0	6.0
PA14_28880_2492634_C_G_E_Q|1	96.3484686309	9.63423772328e-23	55.0	6.0
PA14_32330_2809061_G_T_R_S|1	96.3484686309	9.63423772328e-23	55.0	6.0
PA14_08050_691742_G_A_A_T|2	96.3324130701	9.71268384887e-23	87.0	31.0
PA14_40150_3578371_G_A_V_I|1	96.2572668263	1.00884201078e-22	58.0	8.0
PA14_16310_1393007_C_G_A_G|1	96.2572668263	1.00884201078e-22	58.0	8.0
PA14_24490,pelB_2139300_G_A_G_S|1	96.2572668263	1.00884201078e-22	58.0	8.0
PA14_05390,chpA_470574_G_A_G_S|1	96.2572668263	1.00884201078e-22	58.0	8.0
PA14_37030,cupA3_3297697_G_C_R_G|1	96.0977472318	1.09349154922e-22	65.0	13.0
PA14_01680_154111_C_G_L_V|1	96.0977472318	1.09349154922e-22	65.0	13.0
PA14_32790_2859797_A_G_I_V|1	95.4578188569	1.51076229025e-22	53.0	5.0
PA14_52670,astD_4670033_C_T_R_Q|1	95.4578188569	1.51076229025e-22	53.0	5.0
PA14_35530,bkdA1_3159492_T_G_E_A|1	95.2803854188	1.65242310453e-22	59.0	9.0
PA14_16330_1395068_G_T_K_N|1	95.2803854188	1.65242310453e-22	59.0	9.0
PA14_07810_672888_C_G_E_Q|1	95.2803854188	1.65242310453e-22	59.0	9.0
PA14_34270,metN-1_3046927_C_T_S_N|1	95.2151457299	1.70778675431e-22	56.0	7.0
PA14_48150_4286214_T_C_V_A|1	95.2151457299	1.70778675431e-22	56.0	7.0
PA14_12760_1094262_C_T_A_V|1	95.2151457299	1.70778675431e-22	56.0	7.0
PA14_70010_6245307_C_T_R_H|1	95.2151457299	1.70778675431e-22	56.0	7.0
PA14_02020_184069_G_A_G_S|7	95.2151457299	1.70778675431e-22	56.0	7.0
PA14_15780_1343709_A_T_V_E|1	95.2151457299	1.70778675431e-22	56.0	7.0
PA14_66230,waaG_5900150_C_T_R_H|1	95.2151457299	1.70778675431e-22	56.0	7.0
PA14_43650_3885589_T_C_F_L|1	95.2151457299	1.70778675431e-22	56.0	7.0
PA14_39640,cobN_3530102_G_C_R_G|1	95.2151457299	1.70778675431e-22	56.0	7.0
PA14_34580_3072200_T_A_T_S|1	95.2151457299	1.70778675431e-22	56.0	7.0
PA14_07500_645487_G_A_A_V|2	95.2151457299	1.70778675431e-22	56.0	7.0
PA14_42980_3823958_C_T_S_N|1	95.2151457299	1.70778675431e-22	56.0	7.0
PA14_23090,edaA_2002865_G_A_A_T|1	95.2151457299	1.70778675431e-22	56.0	7.0
PA14_04730_419814_G_A_A_V|1	95.2151457299	1.70778675431e-22	56.0	7.0
PA14_09370_803560_C_G_D_E|5	95.2151457299	1.70778675431e-22	56.0	7.0
PA14_20520_1765345_C_G_P_A|1	95.2151457299	1.70778675431e-22	56.0	7.0
PA14_45030,ttuD_4016777_G_A_C_Y|1	95.2151457299	1.70778675431e-22	56.0	7.0
PA14_61550_5492637_G_A_A_T|1	95.2151457299	1.70778675431e-22	56.0	7.0
PA14_24445,gdhB_2130684_C_T_P_L|1	95.2151457299	1.70778675431e-22	56.0	7.0
PA14_55640,sbcD_4958208_A_G_D_G|1	95.2151457299	1.70778675431e-22	56.0	7.0
PA14_37400_3328972_G_A_A_T|6	95.2151457299	1.70778675431e-22	56.0	7.0
PA14_30690_2659558_G_C_T_R|1	95.2151457299	1.70778675431e-22	56.0	7.0
PA14_04320,ilvA1_386457_G_T_E_D|15	95.2151457299	1.70778675431e-22	56.0	7.0
PA14_29020,cpo_2509287_A_C_D_A|1	95.2151457299	1.70778675431e-22	56.0	7.0
PA14_30730_2666434_C_A_Q_H|1	95.2151457299	1.70778675431e-22	56.0	7.0
PA14_46370_4126681_T_A_L_Q|1	95.2151457299	1.70778675431e-22	56.0	7.0
PA14_23930,metZ_2080458_G_T_K_N|1	95.2151457299	1.70778675431e-22	56.0	7.0
PA14_37260,opdO_3318526_A_C_E_A|1	95.2151457299	1.70778675431e-22	56.0	7.0
PA14_49750_4426810_C_T_A_V|1	95.2151457299	1.70778675431e-22	56.0	7.0
PA14_66450_5928512_T_C_Y_H|1	95.2151457299	1.70778675431e-22	56.0	7.0
PA14_30320,ycaJ_2625792_G_A_V_I|5	95.2151457299	1.70778675431e-22	56.0	7.0
PA14_65390,yjeF_5825057_C_G_E_Q|1	95.2151457299	1.70778675431e-22	56.0	7.0
PA14_37900_3381418_G_A_A_V|1	95.2151457299	1.70778675431e-22	56.0	7.0
PA14_68050_6072419_C_T_R_C|1	94.8027216495	2.10336253956e-22	63.0	12.0
PA14_37420_3331052_C_T_A_T|1	94.8027216495	2.10336253956e-22	63.0	12.0
PA14_32100,xylY_2792796_G_C_Q_H|1	94.8027216495	2.10336253956e-22	63.0	12.0
PA14_37410_3330107_C_G_L_V|1	94.8027216495	2.10336253956e-22	63.0	12.0
PA14_68930_6149882_A_G_T_A|1	94.3770250368	2.60801804674e-22	60.0	10.0
PA14_22270_1940597_T_C_K_R|1	94.2383505155	2.79728197937e-22	54.0	6.0
PA14_22160_1934836_C_T_R_K|1	94.2383505155	2.79728197937e-22	54.0	6.0
PA14_32790_2863277_C_T_H_Y|1	94.2383505155	2.79728197937e-22	54.0	6.0
PA14_32350_2810588_A_G_V_A|1	94.1706264869	2.89464487579e-22	57.0	8.0
PA14_16190_1380225_G_A_V_I|1	94.1706264869	2.89464487579e-22	57.0	8.0
PA14_61820,ychF_5513326_G_A_D_N|1	94.1706264869	2.89464487579e-22	57.0	8.0
PA14_26670_2324495_C_G_E_Q|1	94.1706264869	2.89464487579e-22	57.0	8.0
PA14_25760,holB_2248546_C_T_P_S|2	94.1706264869	2.89464487579e-22	57.0	8.0
PA14_59690_5312281_G_A_G_S|1	94.1706264869	2.89464487579e-22	57.0	8.0
PA14_03770,speB1_338462_A_C_D_A|1	94.1706264869	2.89464487579e-22	57.0	8.0
PA14_24820_2170105_T_G_D_A|1	94.1706264869	2.89464487579e-22	57.0	8.0
PA14_59150_5266388_A_G_Q_R|1	93.9550797427	3.2276631997e-22	49.0	3.0
PA14_25360,apbE_2217773_G_C_G_A|1	93.3943045225	4.28481977496e-22	65.0	14.0
PA14_53570_4751100_G_C_R_G|1	93.3371957959	4.41025478684e-22	52.0	5.0
PA14_29360,pfeS_2542029_C_T_D_N|1	93.2941864173	4.50714046534e-22	75.0	22.0
PA14_20050,hasF_1728682_C_T_A_V|1	93.2368274513	4.63967179441e-22	96.0	41.0
PA14_52130_4623243_G_A_A_V|1	93.2368274513	4.63967179441e-22	96.0	41.0
PA14_08210_702254_A_G_I_V|1	93.2069583355	4.71022240225e-22	58.0	9.0
PA14_59540_5298887_G_A_A_T|1	93.2069583355	4.71022240225e-22	58.0	9.0
PA14_35360,kguE_3143268_G_A_P_L|1	93.2069583355	4.71022240225e-22	58.0	9.0
PA14_13520_1164131_A_G_N_S|1	93.2069583355	4.71022240225e-22	58.0	9.0
PA14_17760,ada_1526558_A_G_Q_R|1	93.2069583355	4.71022240225e-22	58.0	9.0
PA14_72710_6476142_A_G_Q_R|1	93.2069583355	4.71022240225e-22	58.0	9.0
PA14_58515_5211648_T_C_T_A|1	93.1175405535	4.92790590005e-22	55.0	7.0
PA14_36390_3242740_G_A_E_K|1	93.1175405535	4.92790590005e-22	55.0	7.0
PA14_43110_3841388_C_T_A_T|1	93.1175405535	4.92790590005e-22	55.0	7.0
PA14_10040_863265_T_G_K_T|1	93.1175405535	4.92790590005e-22	55.0	7.0
PA14_66140_5891814_G_A_R_C|1	93.1175405535	4.92790590005e-22	55.0	7.0
PA14_32830_2871402_G_C_P_A|1	93.1175405535	4.92790590005e-22	55.0	7.0
PA14_33280,pvdL_2914709_C_T_R_C|1	92.7670226928	5.88272556623e-22	62.0	12.0
PA14_51420,pqsB_4569300_G_T_A_D|1	92.7670226928	5.88272556623e-22	62.0	12.0
PA14_35900_3195474_A_C_I_L|1	92.3171107459	7.38430729294e-22	59.0	10.0
PA14_09280,pchF_794681_C_G_A_G|1	92.3171107459	7.38430729294e-22	59.0	10.0
PA14_69590_6208282_C_T_P_S|1	92.3171107459	7.38430729294e-22	59.0	10.0
PA14_55780_4982619_G_A_A_V|1	92.3171107459	7.38430729294e-22	59.0	10.0
PA14_11580_1002013_C_T_H_Y|1	92.3171107459	7.38430729294e-22	59.0	10.0
PA14_19320_1666415_A_G_N_S|1	92.3171107459	7.38430729294e-22	59.0	10.0
PA14_55840_4986611_C_A_A_S|1	92.1735544599	7.9398735933e-22	72.0	20.0
PA14_60020_5345193_G_A_A_T|1	92.1297726523	8.117489369e-22	53.0	6.0
PA14_11830_1025254_C_T_A_V|4	92.086139748	8.29845489869e-22	56.0	8.0
PA14_10210_878179_C_G_R_G|1	92.086139748	8.29845489869e-22	56.0	8.0
PA14_38820,pqqB_3461360_G_A_A_V|2	92.086139748	8.29845489869e-22	56.0	8.0
PA14_36060_3212546_G_C_L_V|1	92.086139748	8.29845489869e-22	56.0	8.0
PA14_72830_6486556_G_A_R_Q|1	92.086139748	8.29845489869e-22	56.0	8.0
PA14_59530_5296642_T_C_V_A|1	92.086139748	8.29845489869e-22	56.0	8.0
PA14_36290,yncB_3231625_C_G_Q_H|1	92.086139748	8.29845489869e-22	56.0	8.0
PA14_16360_1399119_C_T_G_D|9	92.086139748	8.29845489869e-22	56.0	8.0
PA14_28250_2443419_G_A_A_V|1	92.086139748	8.29845489869e-22	56.0	8.0
PA14_05230_457703_C_T_A_V|1	92.086139748	8.29845489869e-22	56.0	8.0
PA14_65390,yjeF_5826304_G_A_A_V|1	92.086139748	8.29845489869e-22	56.0	8.0
PA14_29660_2570779_C_T_P_S|1	92.086139748	8.29845489869e-22	56.0	8.0
PA14_53530_4746818_G_C_E_Q|1	92.086139748	8.29845489869e-22	56.0	8.0
PA14_05250,pyrC_459283_G_A_A_V|1	92.086139748	8.29845489869e-22	56.0	8.0
PA14_66310,aceF_5910658_G_A_A_T|1	92.086139748	8.29845489869e-22	56.0	8.0
PA14_63130_5635386_C_A_R_S|1	92.086139748	8.29845489869e-22	56.0	8.0
PA14_05620,sahH_498554_C_T_V_M|10	92.086139748	8.29845489869e-22	56.0	8.0
PA14_51450,cupC3_4574149_C_T_V_I|3	92.086139748	8.29845489869e-22	56.0	8.0
PA14_68100_6076106_G_A_G_S|1	92.086139748	8.29845489869e-22	56.0	8.0
PA14_00170,trkA_17563_C_A_E_D|7	92.086139748	8.29845489869e-22	56.0	8.0
PA14_45470_4048844_G_C_E_Q|1	92.086139748	8.29845489869e-22	56.0	8.0
PA14_09320,pchI_798737_C_T_A_V|3	92.086139748	8.29845489869e-22	56.0	8.0
PA14_40520_3619599_G_A_A_T|3	92.086139748	8.29845489869e-22	56.0	8.0
PA14_09240,pchD_783463_C_A_R_L|1	92.086139748	8.29845489869e-22	56.0	8.0
PA14_02930_257991_C_T_H_Y|1	92.0500271297	8.45127842753e-22	63.0	13.0
PA14_17650_1517282_G_A_G_S|1	92.0500271297	8.45127842753e-22	63.0	13.0
PA14_55410_4931739_G_T_D_E|1	91.9145802651	9.04997702683e-22	90.0	36.0
PA14_52130_4623134_A_C_D_E|1	91.5578875383	1.08375013021e-21	94.0	40.0
PA14_09150,katA_774275_T_A_F_Y|1	91.4948453608	1.11883247317e-21	60.0	11.0
PA14_13940_1197461_C_A_T_N|1	91.4948453608	1.11883247317e-21	60.0	11.0
PA14_20520_1765766_C_T_A_V|1	91.385684495	1.1822869347e-21	64.0	14.0
PA14_66190_5896422_G_A_A_V|1	91.385684495	1.1822869347e-21	64.0	14.0
PA14_63580,fdnH_5668961_G_A_A_V|1	91.217820324	1.28696006111e-21	51.0	5.0
PA14_38930,glpR_3470292_G_A_A_T|1	91.217820324	1.28696006111e-21	51.0	5.0
PA14_54480_4830322_C_G_A_G|1	91.1368882569	1.34068879123e-21	69.0	18.0
PA14_08220_703000_G_A_D_N|1	91.1360199938	1.34127720904e-21	57.0	9.0
PA14_34540_3070358_T_C_V_A|1	91.1360199938	1.34127720904e-21	57.0	9.0
PA14_08300,JF1_708670_C_A_A_E|1	91.1360199938	1.34127720904e-21	57.0	9.0
PA14_61520_5488440_G_A_V_I|1	91.1360199938	1.34127720904e-21	57.0	9.0
PA14_64120_5715744_A_T_T_S|1	91.1360199938	1.34127720904e-21	57.0	9.0
PA14_16340_1396181_G_T_P_T|1	91.1360199938	1.34127720904e-21	57.0	9.0
PA14_11900_1030261_T_C_D_G|2	91.1360199938	1.34127720904e-21	57.0	9.0
PA14_17910,lipG_1539153_G_A_E_K|1	91.1360199938	1.34127720904e-21	57.0	9.0
PA14_13940_1197343_G_A_A_T|1	90.7346074785	1.64294378479e-21	61.0	12.0
PA14_65605,parC_5845617_G_A_S_L|1	90.5184460038	1.83260413885e-21	86.0	33.0
PA14_22090_1923525_A_T_L_Q|1	90.3945579113	1.95102027972e-21	49.0	4.0
PA14_64880,braE_5782030_G_C_A_G|1	90.2600094333	2.08831147491e-21	58.0	10.0
PA14_63480_5659779_A_G_S_P|1	90.2600094333	2.08831147491e-21	58.0	10.0
PA14_51240,purC_4553363_G_A_A_V|1	90.2600094333	2.08831147491e-21	58.0	10.0
PA14_13750,narK1_1182066_C_T_A_V|1	90.2600094333	2.08831147491e-21	58.0	10.0
PA14_08210_702235_C_G_I_M|1	90.2600094333	2.08831147491e-21	58.0	10.0
PA14_09210,pchA_781009_C_T_R_Q|1	90.2600094333	2.08831147491e-21	58.0	10.0
PA14_52130_4623172_T_C_K_E|1	90.2513917991	2.09742706471e-21	88.0	35.0
PA14_36110_3217917_G_A_A_V|1	90.0314348988	2.34405942313e-21	62.0	13.0
PA14_32790_2861958_A_T_D_V|1	90.003909162	2.37689914855e-21	55.0	8.0
PA14_33960_3018132_G_A_L_F|1	90.003909162	2.37689914855e-21	55.0	8.0
PA14_36910,ligD_3289781_G_A_R_C|1	90.003909162	2.37689914855e-21	55.0	8.0
PA14_32790_2859791_C_A_Q_K|1	90.003909162	2.37689914855e-21	55.0	8.0
PA14_58900_5248602_G_A_S_N|1	89.6709649266	2.81252537001e-21	67.0	17.0
PA14_09150,katA_774294_G_C_Q_H|6	89.4517558501	3.14208063292e-21	59.0	11.0
PA14_38990_3474603_C_T_S_N|1	89.4517558501	3.14208063292e-21	59.0	11.0
PA14_51590_4586287_G_A_G_S|2	89.4517558501	3.14208063292e-21	59.0	11.0
PA14_39230_3493411_G_A_S_N|1	89.4517558501	3.14208063292e-21	59.0	11.0
PA14_20040,hasE_1728424_G_C_E_Q|1	89.4517558501	3.14208063292e-21	59.0	11.0
PA14_43460,paaH_3871004_A_G_S_G|1	89.4517558501	3.14208063292e-21	59.0	11.0
PA14_37680_3355419_C_T_P_L|1	89.3808809747	3.25668743225e-21	63.0	14.0
PA14_22080_1922173_T_C_T_A|1	89.0997604915	3.75396420028e-21	50.0	5.0
PA14_08230_703162_G_A_S_N|1	89.0676852586	3.81532638726e-21	56.0	9.0
PA14_26470,cbiD_2305584_C_T_G_S|1	89.0676852586	3.81532638726e-21	56.0	9.0
PA14_67010_5980708_G_A_A_T|1	89.0676852586	3.81532638726e-21	56.0	9.0
PA14_55060_4891754_A_G_L_P|1	89.0676852586	3.81532638726e-21	56.0	9.0
PA14_22550_1962397_C_T_P_S|1	89.0676852586	3.81532638726e-21	56.0	9.0
PA14_59650_5308157_C_T_T_I|6	89.0676852586	3.81532638726e-21	56.0	9.0
PA14_23500,tyrB_2045078_C_T_A_T|2	89.0676852586	3.81532638726e-21	56.0	9.0
PA14_01550_143256_C_T_T_I|2	89.0676852586	3.81532638726e-21	56.0	9.0
PA14_43780_3897679_G_A_E_K|1	89.0676852586	3.81532638726e-21	56.0	9.0
PA14_33280,pvdL_2916594_A_G_D_G|1	89.0676852586	3.81532638726e-21	56.0	9.0
PA14_42640,pscT_3793122_G_A_V_I|1	89.0676852586	3.81532638726e-21	56.0	9.0
PA14_06620_577515_C_A_L_M|1	89.0676852586	3.81532638726e-21	56.0	9.0
PA14_66230,waaG_5901089_T_C_D_G|1	89.0676852586	3.81532638726e-21	56.0	9.0
PA14_08220_702993_G_T_Q_H|1	89.0676852586	3.81532638726e-21	56.0	9.0
PA14_27000_2349507_C_G_K_N|1	89.0676852586	3.81532638726e-21	56.0	9.0
PA14_04590_408259_G_A_A_V|32	89.0676852586	3.81532638726e-21	56.0	9.0
PA14_63310,smtA_5650235_G_A_G_S|1	89.0676852586	3.81532638726e-21	56.0	9.0
PA14_17850,fadB_1533003_G_A_R_Q|1	89.0676852586	3.81532638726e-21	56.0	9.0
PA14_46320,pyc_4121463_C_G_E_D|1	89.0676852586	3.81532638726e-21	56.0	9.0
PA14_41820,pabB_3736064_C_G_P_A|1	89.0676852586	3.81532638726e-21	56.0	9.0
PA14_01810_166565_G_A_A_T|5	89.0676852586	3.81532638726e-21	56.0	9.0
PA14_24270,pepN_2107102_C_T_A_V|1	89.0676852586	3.81532638726e-21	56.0	9.0
PA14_15290_1297131_C_T_R_H|1	89.0676852586	3.81532638726e-21	56.0	9.0
PA14_47510_4231880_T_C_Q_R|1	89.0676852586	3.81532638726e-21	56.0	9.0
PA14_21020_1814229_T_G_D_A|1	89.0676852586	3.81532638726e-21	56.0	9.0
PA14_16600_1421430_G_A_V_M|1	89.0676852586	3.81532638726e-21	56.0	9.0
PA14_09920_852980_A_T_T_S|1	89.0676852586	3.81532638726e-21	56.0	9.0
PA14_09270,pchE_787758_T_C_V_A|1	88.7789493526	4.41489063923e-21	64.0	15.0
PA14_45460_4047511_C_T_V_I|1	88.7056128293	4.58163397376e-21	60.0	12.0
PA14_57370,murD_5111369_A_G_V_A|1	88.7056128293	4.58163397376e-21	60.0	12.0
PA14_50830_4517193_C_G_G_A|1	88.7056128293	4.58163397376e-21	60.0	12.0
PA14_69950_6241896_C_T_V_M|1	88.7056128293	4.58163397376e-21	60.0	12.0
PA14_48440_4306563_G_A_G_D|1	88.7056128293	4.58163397376e-21	60.0	12.0
PA14_03220_288086_G_C_Q_E|1	88.2658207772	5.7223730856e-21	48.0	4.0
PA14_22370_1948234_C_T_P_S|1	88.2220383805	5.85044391155e-21	65.0	16.0
PA14_55840_4986712_G_A_A_V|1	88.2220383805	5.85044391155e-21	65.0	16.0
PA14_02560,mdcB_229422_G_C_E_Q|2	88.2058470534	5.898529046e-21	57.0	10.0
PA14_61130_5450463_T_C_K_R|1	88.2058470534	5.898529046e-21	57.0	10.0
PA14_23310_2022320_C_T_P_L|1	88.2058470534	5.898529046e-21	57.0	10.0
PA14_45710_4065664_T_C_Y_C|1	88.2058470534	5.898529046e-21	57.0	10.0
PA14_42950_3818621_A_C_S_A|1	88.2058470534	5.898529046e-21	57.0	10.0
PA14_43790_3899718_G_A_D_N|1	88.2058470534	5.898529046e-21	57.0	10.0
PA14_17860,paaH_1533472_G_T_A_S|1	88.2058470534	5.898529046e-21	57.0	10.0
PA14_72130_6427921_C_T_S_N|1	88.2058470534	5.898529046e-21	57.0	10.0
PA14_08230_703168_C_A_A_D|1	88.2058470534	5.898529046e-21	57.0	10.0
PA14_34540_3070428_T_A_D_E|1	88.2058470534	5.898529046e-21	57.0	10.0
PA14_67970_6065042_C_A_T_K|1	88.2058470534	5.898529046e-21	57.0	10.0
PA14_37380_3328407_G_A_P_L|1	88.2058470534	5.898529046e-21	57.0	10.0
PA14_55780_4982610_A_C_L_R|1	88.0165443794	6.4909277043e-21	61.0	13.0
PA14_59640_5307928_C_A_T_N|1	88.0165443794	6.4909277043e-21	61.0	13.0
PA14_43080_3832984_G_C_A_P|1	87.9240438976	6.8016833184e-21	54.0	8.0
PA14_47430,czcD_4226214_C_G_R_G|1	87.9240438976	6.8016833184e-21	54.0	8.0
PA14_55400_4929022_C_T_V_I|1	87.7068935536	7.59093691509e-21	66.0	17.0
PA14_08220_702904_G_C_E_Q|1	87.4119262247	8.81175503525e-21	58.0	11.0
PA14_08210_702705_C_T_T_M|1	87.4119262247	8.81175503525e-21	58.0	11.0
PA14_57200_5095662_G_A_A_V|1	87.4119262247	8.81175503525e-21	58.0	11.0
PA14_08220_702916_C_A_Q_K|1	87.4119262247	8.81175503525e-21	58.0	11.0
PA14_35080,arsH_3123549_C_T_D_N|1	87.3800446133	8.95494487088e-21	62.0	14.0
PA14_54480_4830319_A_G_D_G|1	87.2305666734	9.65795897962e-21	67.0	18.0
PA14_57210,argJ_5097009_G_A_A_V|1	87.0667284227	1.04920835942e-20	83.0	32.0
PA14_59670_5309376_C_T_A_V|1	87.0020761741	1.0840731651e-20	55.0	9.0
PA14_33720,pvdN_2992561_G_T_A_E|1	87.0020761741	1.0840731651e-20	55.0	9.0
PA14_08230_703158_C_A_L_I|1	87.0020761741	1.0840731651e-20	55.0	9.0
PA14_40370_3607916_G_A_L_F|1	87.0020761741	1.0840731651e-20	55.0	9.0
PA14_09630_827500_C_T_A_T|1	87.0020761741	1.0840731651e-20	55.0	9.0
PA14_55060_4891628_C_T_R_Q|6	87.0020761741	1.0840731651e-20	55.0	9.0
PA14_64140,prmA_5716638_G_A_E_K|1	87.0020761741	1.0840731651e-20	55.0	9.0
PA14_20520_1765123_G_T_A_S|1	86.9830893895	1.09453054081e-20	49.0	5.0
PA14_21050_1820472_T_A_D_V|1	86.9830893895	1.09453054081e-20	49.0	5.0
PA14_52130_4623157_G_T_L_M|1	86.929967398	1.12432778902e-20	84.0	33.0
PA14_06120_540257_C_T_A_T|1	86.7920697859	1.20551953038e-20	63.0	15.0
PA14_68920_6148224_T_C_D_G|1	86.7920697859	1.20551953038e-20	63.0	15.0
PA14_20520_1765824_A_C_E_D|1	86.7920697859	1.20551953038e-20	63.0	15.0
PA14_35860_3191640_G_A_G_D|1	86.6801832761	1.27568689632e-20	59.0	12.0
PA14_73400,trmE_6533915_C_T_G_S|1	86.6801832761	1.27568689632e-20	59.0	12.0
PA14_69380,fkl_6188650_C_A_Q_K|1	86.6801832761	1.27568689632e-20	59.0	12.0
PA14_12590_1080525_C_T_G_S|1	86.2489805269	1.58649166448e-20	64.0	16.0
PA14_02340,atsB_210640_C_T_V_I|2	86.1547571939	1.66391169005e-20	56.0	10.0
PA14_47500,sseA_4231598_G_A_R_H|1	86.1547571939	1.66391169005e-20	56.0	10.0
PA14_44660,ligA_3977913_G_A_P_S|1	86.1547571939	1.66391169005e-20	56.0	10.0
PA14_59660_5308869_C_G_P_A|1	86.1547571939	1.66391169005e-20	56.0	10.0
PA14_51450,cupC3_4573939_C_T_E_K|1	86.1547571939	1.66391169005e-20	56.0	10.0
PA14_48540_4316549_T_A_F_I|1	86.1547571939	1.66391169005e-20	56.0	10.0
PA14_66190_5897322_T_G_D_A|1	86.1547571939	1.66391169005e-20	56.0	10.0
PA14_00925_93930_C_G_G_A|2	86.1547571939	1.66391169005e-20	56.0	10.0
PA14_53340_4729395_T_C_F_L|1	86.1547571939	1.66391169005e-20	56.0	10.0
PA14_04290_384066_A_T_L_Q|1	86.1547571939	1.66391169005e-20	56.0	10.0
PA14_43420_3868463_T_C_Q_R|2	86.1547571939	1.66391169005e-20	56.0	10.0
PA14_07450_639348_C_T_G_R|1	86.1547571939	1.66391169005e-20	56.0	10.0
PA14_03170_280277_C_T_R_H|1	86.1547571939	1.66391169005e-20	56.0	10.0
PA14_65090_5803846_C_T_P_S|1	86.1547571939	1.66391169005e-20	56.0	10.0
PA14_40420,modC_3612200_C_G_D_E|1	86.1547571939	1.66391169005e-20	56.0	10.0
PA14_48810_4339424_G_A_A_V|1	86.1547571939	1.66391169005e-20	56.0	10.0
PA14_23500,tyrB_2044951_T_C_K_R|1	86.1547571939	1.66391169005e-20	56.0	10.0
PA14_47430,czcD_4226521_A_G_K_R|1	86.1547571939	1.66391169005e-20	56.0	10.0
PA14_73390_6533183_C_T_G_D|1	86.1547571939	1.66391169005e-20	56.0	10.0
PA14_05390,chpA_474190_G_A_R_Q|1	86.1547571939	1.66391169005e-20	56.0	10.0
PA14_40130_3577693_C_T_R_Q|1	86.1547571939	1.66391169005e-20	56.0	10.0
PA14_26020_2273659_C_T_A_T|1	86.1547571939	1.66391169005e-20	56.0	10.0
PA14_39520_3519067_C_T_R_H|1	86.1547571939	1.66391169005e-20	56.0	10.0
PA14_38990_3473770_C_T_V_I|1	86.1547571939	1.66391169005e-20	56.0	10.0
PA14_60020_5344974_A_G_N_D|1	86.0088994625	1.79127688825e-20	70.0	21.0
PA14_08210_702612_A_G_E_G|1	86.0055076967	1.79435186339e-20	60.0	13.0
PA14_63080,lldP_5628545_G_A_V_M|1	86.0055076967	1.79435186339e-20	60.0	13.0
PA14_58900_5250584_C_A_R_S|1	86.0055076967	1.79435186339e-20	60.0	13.0
PA14_51580_4586010_C_G_A_P|1	85.846660282	1.94443520439e-20	53.0	8.0
PA14_51650_4590691_T_A_S_T|1	85.814105711	1.97671089683e-20	50.0	6.0
PA14_08050_691667_T_G_S_A|1	85.7497857537	2.042063695e-20	79.0	29.0
PA14_02420,atsK_218370_G_A_R_Q|1	85.7474925265	2.04443323014e-20	65.0	17.0
PA14_05440_480713_T_G_T_P|1	85.7474925265	2.04443323014e-20	65.0	17.0
PA14_07440_638398_C_T_V_M|1	85.383334097	2.45783459019e-20	61.0	14.0
PA14_45910_4080278_G_A_A_V|1	85.383334097	2.45783459019e-20	61.0	14.0
PA14_49810_4430451_G_A_R_H|1	85.3755003032	2.46759124663e-20	57.0	11.0
PA14_66290,aceE_5909645_C_T_A_V|1	85.3755003032	2.46759124663e-20	57.0	11.0
PA14_54260,yecO_4814341_T_C_S_P|1	85.3755003032	2.46759124663e-20	57.0	11.0
