feature	score	p-value	#I-out-of-135	#O-out-of-291
PA14_18340_1573578_C_T_P_P|1	147.557301571	5.92794054948e-34	90.0	13.0
PA14_59990_5342403_A_G_T_A|1	144.470207741	2.80406521735e-33	76.0	5.0
PA14_52750,aotP_4675658_G_A_A_A|1	141.707434809	1.12681547015e-32	78.0	7.0
PA14_33610_2958612_C_T_G_G|1	141.357525773	1.34389117454e-32	81.0	9.0
PA14_37490_3336619_G_T_L_I|1	139.241322735	3.9005157773e-32	86.0	13.0
PA14_60000_5343073_G_T_P_P|1	138.786432481	4.90456949874e-32	75.0	6.0
PA14_59540_5297617_C_T_F_F|1	138.058378124	7.07655806406e-32	73.0	5.0
PA14_18340_1573284_G_T_R_R|1	135.086833339	3.16040621116e-31	91.0	18.0
PA14_59540_5298916_C_T_D_D|1	134.527298563	4.18921585092e-31	73.0	6.0
PA14_61890_5520274_C_T_L_L|1	133.335349824	7.63599858049e-31	86.0	15.0
intergenic_1899581_A_G_none_none|2	131.886065846	1.58457404592e-30	81.0	12.0
PA14_43200_3849592_T_C_R_R|1	130.828487879	2.69951231133e-30	98.0	25.0
PA14_65960,waaA_5875605_C_T_P_P|1	129.731961396	4.69022463782e-30	77.0	10.0
PA14_62260_5555814_G_A_Q_Q|1	128.883000658	7.19362102394e-30	81.0	13.0
PA14_59540_5299102_C_T_I_I|1	127.761065151	1.26602654601e-29	73.0	8.0
PA14_11730_1016241_G_A_P_P|1	127.694767513	1.30903172715e-29	86.0	17.0
PA14_35630,pslJ_3167063_G_A_G_G|1	127.638146994	1.34691445883e-29	76.0	10.0
PA14_53560_4749573_A_G_K_K|1	127.183710873	1.69348891324e-29	83.0	15.0
PA14_29050_2512769_A_G_Y_Y|2	125.657823597	3.65347074841e-29	78.0	12.0
PA14_21870_1900862_C_T_R_R|1	124.75243787	5.76572277138e-29	79.0	13.0
PA14_59540_5299046_A_G_I_V|1	124.518693599	6.48651812327e-29	73.0	9.0
PA14_46010_4091740_C_T_Q_Q|1	124.310134215	7.20540026845e-29	87.0	19.0
PA14_52750,aotP_4675430_T_C_E_E|1	123.898759475	8.86534480721e-29	80.0	14.0
PA14_59690_5311011_C_T_F_F|1	123.115463918	1.31565441678e-28	66.0	5.0
PA14_59990_5342522_G_T_P_P|1	123.115463918	1.31565441678e-28	66.0	5.0
PA14_21150_1829131_G_A_I_I|1	123.115463918	1.31565441678e-28	66.0	5.0
PA14_29560_2563997_G_T_S_S|1	122.995271786	1.39781596897e-28	94.0	25.0
PA14_59540_5299116_C_G_T_R|1	121.766985203	2.59605702197e-28	67.0	6.0
PA14_21190_1832463_C_T_E_E|2	120.983145148	3.85392327703e-28	65.0	5.0
intergenic_1307024_T_C_none_none|1	120.983145148	3.85392327703e-28	65.0	5.0
PA14_15430,tnpR_1306851_T_G_T_T|1	120.962215296	3.89479762577e-28	99.0	30.0
PA14_34350,mtlY_3056145_G_A_C_C|1	120.940287043	3.938086935e-28	84.0	18.0
PA14_13990_1199882_A_G_K_R|1	120.629899453	4.60504887076e-28	77.0	13.0
PA14_15460,merA_1309232_A_G_V_A|1	120.280935529	5.49072692116e-28	63.0	4.0
PA14_71170_6340030_C_T_Y_Y|1	119.643069874	7.57315321052e-28	66.0	6.0
PA14_26130,morB_2281979_C_T_A_T|3	119.643069874	7.57315321052e-28	66.0	6.0
PA14_33480,sndH_2947150_G_A_S_S|1	119.596239601	7.75406529678e-28	82.0	17.0
PA14_26280_2293990_C_T_A_A|1	119.277948202	9.10363690034e-28	72.0	10.0
PA14_18340_1573309_C_T_S_N|1	119.098894665	9.96361335306e-28	92.0	25.0
PA14_55520,hxcU_4942104_C_T_A_V|1	118.851499909	1.12870954331e-27	64.0	5.0
PA14_26970_2347008_G_A_T_I|1	118.851499909	1.12870954331e-27	64.0	5.0
PA14_45970_4088881_G_A_L_L|1	118.392173617	1.42282293349e-27	67.0	7.0
PA14_37610_3346830_C_T_S_S|1	118.392173617	1.42282293349e-27	67.0	7.0
PA14_59690_5311059_C_G_G_G|1	118.392173617	1.42282293349e-27	67.0	7.0
PA14_55400_4929167_A_G_D_D|1	118.085427917	1.66078736804e-27	89.0	23.0
intergenic_685323_T_C_none_none|1	118.085427917	1.66078736804e-27	89.0	23.0
PA14_09130,rplQ_772686_C_T_L_L|1	117.749634329	1.9671568299e-27	77.0	14.0
PA14_31470_2735421_C_T_T_T|1	117.520045819	2.20856602497e-27	65.0	6.0
PA14_55740,chrA_4975386_A_G_K_K|1	117.520045819	2.20856602497e-27	65.0	6.0
PA14_55890,cpaF2_4989434_G_A_R_R|1	117.520045819	2.20856602497e-27	65.0	6.0
PA14_00650_66967_G_A_R_R|30	116.720557914	3.30502678315e-27	63.0	5.0
PA14_21940_1908910_C_T_A_T|1	116.720557914	3.30502678315e-27	63.0	5.0
PA14_59690_5311107_C_T_N_N|1	116.720557914	3.30502678315e-27	63.0	5.0
PA14_06160,fiuA_543671_G_A_N_N|1	116.515932521	3.66423713453e-27	75.0	13.0
PA14_73370,gidA_6531314_A_T_A_A|1	116.515932521	3.66423713453e-27	75.0	13.0
PA14_53560_4749482_C_A_A_D|1	116.304867147	4.0757079579e-27	83.0	19.0
intergenic_6116659_T_TT_none_none|1	116.278519983	4.13021497164e-27	66.0	7.0
PA14_37610_3346314_C_T_A_A|1	116.278519983	4.13021497164e-27	66.0	7.0
PA14_67780_6052784_G_A_L_L|1	116.278519983	4.13021497164e-27	66.0	7.0
PA14_35920_3197265_G_A_L_L|1	116.278519983	4.13021497164e-27	66.0	7.0
PA14_21160_1830118_A_G_V_A|1	116.278519983	4.13021497164e-27	66.0	7.0
PA14_67780_6052426_G_A_R_K|1	116.278519983	4.13021497164e-27	66.0	7.0
PA14_61870_5518248_T_G_E_A|4	116.278519983	4.13021497164e-27	66.0	7.0
PA14_26280_2294533_C_G_A_A|1	116.223301453	4.24682777525e-27	72.0	11.0
PA14_15460,merA_1310041_C_T_K_K|1	116.003767733	4.74394409113e-27	61.0	4.0
PA14_62260_5555170_C_T_L_L|1	115.722759715	5.46610050296e-27	84.0	20.0
PA14_33460_2946000_G_A_A_A|1	115.397951235	6.43886154051e-27	64.0	6.0
PA14_25970,cobN_2265238_G_A_A_A|1	115.397951235	6.43886154051e-27	64.0	6.0
intergenic_4860303_A_C_none_none|1	115.397951235	6.43886154051e-27	64.0	6.0
PA14_61390_5479190_G_A_D_D|2	115.397951235	6.43886154051e-27	64.0	6.0
PA14_61940_5523234_G_A_G_G|1	115.397951235	6.43886154051e-27	64.0	6.0
PA14_05010_441256_G_A_L_L|1	115.119728141	7.4086642024e-27	67.0	8.0
PA14_65810_5861287_T_G_Q_P|1	114.94880441	8.07556273762e-27	97.0	31.0
PA14_52350_4645962_G_A_A_A|1	114.918275539	8.20084818064e-27	81.0	18.0
PA14_29770_2579513_C_T_F_F|1	114.657638624	9.35276826338e-27	86.0	22.0
PA14_58515_5211049_G_A_I_I|1	114.590350652	9.67557782807e-27	62.0	5.0
PA14_39860_3553775_C_T_I_I|1	114.590350652	9.67557782807e-27	62.0	5.0
PA14_36590,malQ_3257478_G_T_A_A|3	114.590350652	9.67557782807e-27	62.0	5.0
PA14_28880_2493687_C_T_A_T|1	114.590350652	9.67557782807e-27	62.0	5.0
PA14_21870_1900457_C_T_L_L|1	114.225137091	1.16322462683e-26	78.0	16.0
intergenic_2538404_C_A_none_none|1	114.166030291	1.19841979273e-26	65.0	7.0
PA14_00310_28735_G_C_K_N|4	114.166030291	1.19841979273e-26	65.0	7.0
PA14_59690_5311077_G_A_A_A|1	114.037223487	1.27885123837e-26	68.0	9.0
PA14_58890_5245903_C_A_G_G|1	114.037223487	1.27885123837e-26	68.0	9.0
PA14_02130_192680_G_T_A_A|1	114.037223487	1.27885123837e-26	68.0	9.0
PA14_46480_4136577_C_T_V_V|1	113.739701287	1.4858804823e-26	83.0	20.0
PA14_15430,tnpR_1306755_G_A_D_D|1	113.662110506	1.54517682878e-26	75.0	14.0
intergenic_3052561_T_C_none_none|1	113.276826535	1.87657705333e-26	63.0	6.0
PA14_19850_1710674_T_C_R_R|2	113.276826535	1.87657705333e-26	63.0	6.0
intergenic_1952296_T_G_none_none|1	113.276826535	1.87657705333e-26	63.0	6.0
PA14_59940_5339699_G_T_P_P|1	113.276826535	1.87657705333e-26	63.0	6.0
PA14_17650_1517271_C_T_P_L|3	113.276826535	1.87657705333e-26	63.0	6.0
PA14_31470_2735850_G_A_P_P|1	113.276826535	1.87657705333e-26	63.0	6.0
PA14_40640,cti_3628790_G_A_P_S|1	113.276826535	1.87657705333e-26	63.0	6.0
PA14_57440,ftsL_5117973_G_A_R_R|1	113.276826535	1.87657705333e-26	63.0	6.0
PA14_46440_4130626_C_A_R_R|1	113.276826535	1.87657705333e-26	63.0	6.0
PA14_57440,ftsL_5118045_G_A_S_S|1	113.276826535	1.87657705333e-26	63.0	6.0
PA14_09180,uvrA_775771_A_G_D_D|1	113.059851088	2.09358838949e-26	105.0	39.0
PA14_67510,estA_6027235_A_G_G_G|1	113.025212058	2.1304850056e-26	69.0	10.0
PA14_67560,typA_6036316_G_A_D_D|1	113.025212058	2.1304850056e-26	69.0	10.0
PA14_37880_3380220_C_T_L_L|1	113.017442184	2.13885017494e-26	66.0	8.0
PA14_59690_5311038_C_T_R_R|1	112.916988101	2.2500051312e-26	80.0	18.0
intergenic_276044_G_A_none_none|1	112.460911521	2.8319343097e-26	61.0	5.0
intergenic_1983492_C_CC_none_none|1	112.460911521	2.8319343097e-26	61.0	5.0
PA14_59540_5298076_C_T_F_F|1	112.411135086	2.9039322843e-26	73.0	13.0
PA14_26280_2293687_C_G_R_R|1	112.411135086	2.9039322843e-26	73.0	13.0
PA14_47720,cobC_4247334_T_C_E_E|1	112.204857801	3.22233775292e-26	77.0	16.0
PA14_32025_2788984_G_A_none_none|1	112.078472134	3.43443977698e-26	70.0	11.0
PA14_66875,phaF_5972688_C_T_R_R|1	112.054753723	3.47577348095e-26	64.0	7.0
intergenic_5865071_A_G_none_none|1	112.054753723	3.47577348095e-26	64.0	7.0
PA14_71350_6356469_T_G_F_C|1	112.054753723	3.47577348095e-26	64.0	7.0
PA14_59940_5339441_C_T_D_D|1	112.054753723	3.47577348095e-26	64.0	7.0
PA14_26930_2343869_T_C_F_L|1	112.054753723	3.47577348095e-26	64.0	7.0
PA14_22410_1950831_T_A_C_S|1	112.054753723	3.47577348095e-26	64.0	7.0
PA14_62530,cbrA_5577450_C_T_A_A|1	112.054753723	3.47577348095e-26	64.0	7.0
PA14_14140_1210355_C_T_Y_Y|1	111.945608006	3.67248600251e-26	67.0	9.0
PA14_50520,braC_4487852_C_T_G_G|1	111.945608006	3.67248600251e-26	67.0	9.0
PA14_52350_4645980_G_A_T_T|1	111.541812263	4.50209347735e-26	78.0	17.0
PA14_21860_1899975_C_T_R_R|1	111.541812263	4.50209347735e-26	78.0	17.0
intergenic_4482550_T_C_none_none|1	111.48398921	4.63533672114e-26	94.0	30.0
intergenic_276030_C_T_none_none|1	111.192285292	5.37010926078e-26	71.0	12.0
PA14_36960_3292403_C_T_A_T|1	111.156714507	5.46733266808e-26	62.0	6.0
PA14_26400_2300810_G_A_L_L|1	111.156714507	5.46733266808e-26	62.0	6.0
intergenic_289218_G_A_none_none|3	110.954467852	6.05454394594e-26	89.0	26.0
PA14_71150_6338141_A_G_D_D|1	110.916615669	6.17125860892e-26	65.0	8.0
PA14_31540,acdA_2742977_C_T_G_G|1	110.916615669	6.17125860892e-26	65.0	8.0
PA14_51420,pqsB_4569230_T_C_G_G|1	110.916615669	6.17125860892e-26	65.0	8.0
PA14_33610_2970539_G_A_S_N|1	110.882016037	6.27991172252e-26	75.0	15.0
PA14_51420,pqsB_4569081_G_A_A_V|1	110.332275971	8.286834356e-26	60.0	5.0
PA14_25230,mfd_2207075_G_T_R_R|1	110.234175595	8.70724349175e-26	91.0	28.0
PA14_15430,tnpR_1306551_A_C_R_R|1	110.185813202	8.92228481347e-26	99.0	35.0
PA14_67680,ntrC_6046250_A_G_E_E|1	109.944742268	1.00760729828e-25	63.0	7.0
PA14_02310,atsA_207590_C_T_D_N|4	109.944742268	1.00760729828e-25	63.0	7.0
intergenic_6275831_C_T_none_none|1	109.944742268	1.00760729828e-25	63.0	7.0
PA14_28340_2449491_G_C_V_L|1	109.944742268	1.00760729828e-25	63.0	7.0
PA14_24560,pelG_2147285_G_C_L_L|3	109.944742268	1.00760729828e-25	63.0	7.0
PA14_51420,pqsB_4569278_C_T_G_G|1	109.944742268	1.00760729828e-25	63.0	7.0
PA14_19850_1710500_G_C_G_G|1	109.944742268	1.00760729828e-25	63.0	7.0
PA14_06330_560412_C_T_Q_Q|1	109.944742268	1.00760729828e-25	63.0	7.0
PA14_40540_3620274_G_A_P_P|1	109.944742268	1.00760729828e-25	63.0	7.0
PA14_11990_1036888_C_G_G_A|1	109.944742268	1.00760729828e-25	63.0	7.0
PA14_50380,flgJ_4478955_G_A_A_V|1	109.944742268	1.00760729828e-25	63.0	7.0
PA14_42400,exsB_3778082_C_T_G_G|1	109.944742268	1.00760729828e-25	63.0	7.0
PA14_32780_2847186_C_T_R_R|1	109.944742268	1.00760729828e-25	63.0	7.0
PA14_12860_1104285_C_T_G_G|1	109.944742268	1.00760729828e-25	63.0	7.0
PA14_71150_6338105_G_A_G_G|1	109.944742268	1.00760729828e-25	63.0	7.0
PA14_18040_1549391_C_A_L_I|1	109.944742268	1.00760729828e-25	63.0	7.0
PA14_28050_2428486_C_T_G_G|1	109.855697595	1.05390140664e-25	66.0	9.0
intergenic_6275876_G_A_none_none|1	109.855697595	1.05390140664e-25	66.0	9.0
PA14_21790,rdgC_1895952_C_T_E_E|1	109.855697595	1.05390140664e-25	66.0	9.0
PA14_44030,sdhA_3921342_G_A_D_D|1	109.855697595	1.05390140664e-25	66.0	9.0
PA14_35970_3201691_G_T_S_S|1	109.855697595	1.05390140664e-25	66.0	9.0
PA14_69350_6186905_C_A_G_G|1	109.855697595	1.05390140664e-25	66.0	9.0
intergenic_40901_T_TT_none_none|1	109.592122086	1.20378021749e-25	58.0	4.0
PA14_36050_3211183_G_A_S_S|1	109.592122086	1.20378021749e-25	58.0	4.0
PA14_59540_5297320_C_T_V_V|1	109.592122086	1.20378021749e-25	58.0	4.0
PA14_21860_1900077_C_T_G_G|1	109.535755892	1.23850204178e-25	77.0	17.0
PA14_60020_5344845_C_A_Q_K|1	109.535755892	1.23850204178e-25	77.0	17.0
PA14_11140_969423_C_G_Q_H|1	109.535755892	1.23850204178e-25	77.0	17.0
PA14_15410_1306061_G_A_none_none|1	109.535755892	1.23850204178e-25	77.0	17.0
PA14_57275,ftsZ_5103023_A_T_A_A|1	109.42275405	1.31115785174e-25	87.0	25.0
PA14_37490_3336890_C_T_Q_Q|1	109.314509049	1.3847495669e-25	94.0	31.0
PA14_52630,aruE_4666764_G_A_N_N|1	109.314509049	1.3847495669e-25	94.0	31.0
PA14_45240_4033533_T_C_Q_Q|1	109.267409557	1.41804725766e-25	82.0	21.0
PA14_38900,exaE_3468128_T_C_E_E|3	109.037660495	1.59231551079e-25	61.0	6.0
PA14_60130_5356153_C_A_L_L|1	109.037660495	1.59231551079e-25	61.0	6.0
PA14_61890_5520625_G_A_P_P|1	109.037109383	1.5927582978e-25	88.0	26.0
PA14_21860_1900044_C_A_G_G|1	108.924054983	1.68624484731e-25	78.0	18.0
PA14_11140_969871_C_T_G_D|1	108.924054983	1.68624484731e-25	78.0	18.0
intergenic_6326308_G_A_none_none|1	108.924054983	1.68624484731e-25	78.0	18.0
PA14_15410_1306060_T_G_none_none|1	108.924054983	1.68624484731e-25	78.0	18.0
PA14_61860,yadF_5517799_C_T_K_K|1	108.865982357	1.73637975363e-25	67.0	10.0
PA14_48680_4330171_T_C_E_E|1	108.865982357	1.73637975363e-25	67.0	10.0
intergenic_419077_C_T_none_none|1	108.817309406	1.77954636998e-25	64.0	8.0
PA14_61950_5524272_G_A_C_C|1	108.817309406	1.77954636998e-25	64.0	8.0
PA14_54480_4830116_C_T_L_L|1	108.817309406	1.77954636998e-25	64.0	8.0
PA14_27280_2368656_G_A_R_R|1	108.817309406	1.77954636998e-25	64.0	8.0
PA14_03770,speB1_338673_G_A_M_I|1	108.817309406	1.77954636998e-25	64.0	8.0
PA14_23840,truA_2073367_A_G_V_V|2	108.204481672	2.42430858893e-25	59.0	5.0
PA14_25480_2228017_A_G_E_E|1	108.204481672	2.42430858893e-25	59.0	5.0
PA14_73140_6513374_G_A_C_C|1	108.204481672	2.42430858893e-25	59.0	5.0
PA14_37870_3378154_G_A_L_L|1	108.204481672	2.42430858893e-25	59.0	5.0
PA14_22650_1970572_GCCGGCGGCCAGG_G_none_none|1	108.204481672	2.42430858893e-25	59.0	5.0
PA14_38470,gnyH_3431385_C_G_V_V|1	108.146941581	2.49572099661e-25	99.0	36.0
PA14_59150_5266389_G_C_Q_H|1	108.020493203	2.66013388406e-25	52.0	1.0
intergenic_4482541_A_T_none_none|1	108.019251623	2.66180080769e-25	91.0	29.0
PA14_58260_5189190_G_A_R_R|1	108.019251623	2.66180080769e-25	91.0	29.0
intergenic_3630873_T_C_none_none|1	107.836050932	2.91957164787e-25	62.0	7.0
PA14_47140,pfuA_4200367_G_A_T_T|1	107.836050932	2.91957164787e-25	62.0	7.0
PA14_34130_3034210_G_A_E_K|1	107.836050932	2.91957164787e-25	62.0	7.0
PA14_15430,tnpR_1306635_G_C_G_G|1	107.789346255	2.98918867872e-25	101.0	38.0
PA14_41150_3670090_G_A_L_L|1	107.767561376	3.02222620743e-25	65.0	9.0
PA14_71580_6377396_T_C_I_V|1	107.767561376	3.02222620743e-25	65.0	9.0
PA14_00490_41552_C_T_R_R|1	107.767561376	3.02222620743e-25	65.0	9.0
intergenic_1432283_C_T_none_none|1	107.532914557	3.40208205902e-25	76.0	17.0
PA14_43180_3847227_G_A_D_D|1	107.532914557	3.40208205902e-25	76.0	17.0
PA14_15430,tnpR_1306665_C_G_P_P|1	107.499435518	3.46003968002e-25	86.0	25.0
PA14_35080,arsH_3123964_A_G_D_D|1	107.456109515	3.53651234933e-25	57.0	4.0
PA14_36000,prpR_3204810_G_A_A_T|1	107.456109515	3.53651234933e-25	57.0	4.0
PA14_30590_2648777_C_T_A_V|1	107.456109515	3.53651234933e-25	57.0	4.0
PA14_65670_5849523_T_C_E_E|1	107.079063256	4.27759239154e-25	69.0	12.0
PA14_11080,cupB3_960042_C_G_S_S|1	107.079063256	4.27759239154e-25	69.0	12.0
PA14_49520,pyoS3A_4403637_C_T_G_E|1	106.91971259	4.63574529443e-25	60.0	6.0
PA14_24080,xcpY_2091027_C_T_A_V|4	106.91971259	4.63574529443e-25	60.0	6.0
PA14_45240_4033539_T_C_A_A|1	106.831650366	4.84638326287e-25	82.0	22.0
PA14_33650,pvdD_2982383_G_T_V_V|1	106.805703677	4.91025232063e-25	55.0	3.0
PA14_08480,argC_726626_T_C_C_C|1	106.789365165	4.95090163655e-25	66.0	10.0
intergenic_3875701_G_A_none_none|1	106.789365165	4.95090163655e-25	66.0	10.0
PA14_35970_3201512_A_G_I_T|1	106.789365165	4.95090163655e-25	66.0	10.0
PA14_70370,pyrE_6274825_C_A_A_A|1	106.789365165	4.95090163655e-25	66.0	10.0
PA14_49630_4416518_C_T_G_G|1	106.789365165	4.95090163655e-25	66.0	10.0
PA14_38990_3474215_C_A_A_A|1	106.72222046	5.12151813799e-25	96.0	34.0
PA14_06080,creD_538465_G_A_V_V|7	106.719587629	5.12832674836e-25	63.0	8.0
PA14_21175_1831070_C_T_P_P|1	106.719587629	5.12832674836e-25	63.0	8.0
PA14_35950_3200336_G_C_A_A|1	106.719587629	5.12832674836e-25	63.0	8.0
PA14_56300,fumA_5025420_C_G_T_T|1	106.719587629	5.12832674836e-25	63.0	8.0
PA14_67510,estA_6027253_G_C_R_R|1	106.719587629	5.12832674836e-25	63.0	8.0
PA14_67880,hisF1_6061504_G_A_G_G|1	106.719587629	5.12832674836e-25	63.0	8.0
PA14_53750_4765857_G_A_G_G|1	106.719587629	5.12832674836e-25	63.0	8.0
PA14_34930_3109464_G_A_K_K|3	106.719587629	5.12832674836e-25	63.0	8.0
PA14_43220_3852339_T_C_L_L|1	106.719587629	5.12832674836e-25	63.0	8.0
PA14_18790,opmE_1620038_C_T_C_C|1	106.719587629	5.12832674836e-25	63.0	8.0
PA14_16410_1405195_C_G_S_S|1	106.719587629	5.12832674836e-25	63.0	8.0
intergenic_547868_A_G_none_none|1	106.719587629	5.12832674836e-25	63.0	8.0
PA14_20890,rfaD_1801119_G_T_A_S|2	106.719587629	5.12832674836e-25	63.0	8.0
PA14_20900_1802163_G_A_L_L|1	106.719587629	5.12832674836e-25	63.0	8.0
PA14_61720_5508446_C_T_L_L|1	106.719587629	5.12832674836e-25	63.0	8.0
PA14_09280,pchF_790563_C_T_V_V|1	106.719587629	5.12832674836e-25	63.0	8.0
PA14_61770,prs_5510857_G_A_P_P|1	106.719587629	5.12832674836e-25	63.0	8.0
intergenic_6417977_G_T_none_none|1	106.719587629	5.12832674836e-25	63.0	8.0
PA14_64060,ctpL_5709531_A_G_E_E|1	106.719587629	5.12832674836e-25	63.0	8.0
PA14_62450,trmA_5572112_C_T_A_A|1	106.387118805	6.06506923196e-25	83.0	23.0
PA14_25470_2225761_C_T_Q_Q|2	106.077568683	7.09047083648e-25	58.0	5.0
PA14_15990,trmD_1361945_T_C_L_L|4	106.077568683	7.09047083648e-25	58.0	5.0
PA14_52670,astD_4669954_C_G_A_A|1	106.077568683	7.09047083648e-25	58.0	5.0
PA14_00030,recF_3510_A_C_P_P|51	106.077568683	7.09047083648e-25	58.0	5.0
PA14_58750,pilB_5234647_C_T_G_G|1	105.981539585	7.44253094776e-25	100.0	38.0
PA14_42050_3750246_G_T_L_I|1	105.877216789	7.84483929449e-25	67.0	11.0
PA14_38130,ycjJ_3401367_C_A_A_A|1	105.877216789	7.84483929449e-25	67.0	11.0
PA14_22640_1969838_A_G_E_E|1	105.877216789	7.84483929449e-25	67.0	11.0
PA14_46490,fabF2_4138319_G_A_L_L|1	105.728737956	8.45522265585e-25	61.0	7.0
intergenic_987919_T_C_none_none|1	105.728737956	8.45522265585e-25	61.0	7.0
intergenic_220197_A_G_none_none|1	105.681272262	8.66019831591e-25	64.0	9.0
PA14_04370_390471_A_C_A_A|1	105.681272262	8.66019831591e-25	64.0	9.0
PA14_33830_3007657_G_A_V_V|1	105.681272262	8.66019831591e-25	64.0	9.0
PA14_25330,nqrD_2215573_C_T_D_D|1	105.681272262	8.66019831591e-25	64.0	9.0
PA14_25360,apbE_2218422_C_T_Y_Y|1	105.681272262	8.66019831591e-25	64.0	9.0
PA14_29990,nuoD_2597751_G_A_Y_Y|1	105.681272262	8.66019831591e-25	64.0	9.0
PA14_68500,attL_6110647_G_A_D_D|1	105.681272262	8.66019831591e-25	64.0	9.0
PA14_29270,yaiW_2533005_A_G_I_V|1	105.681272262	8.66019831591e-25	64.0	9.0
PA14_59990_5342598_G_A_A_T|1	105.518628125	9.40099794589e-25	71.0	14.0
PA14_05920_525583_C_T_S_S|1	105.347952321	1.02466259871e-24	80.0	21.0
PA14_55410_4931209_C_T_S_N|1	105.331612371	1.03314702946e-24	93.0	32.0
PA14_07290,ygjP_628063_C_T_L_L|1	105.320748377	1.03882695297e-24	56.0	4.0
PA14_02930_258019_A_G_Q_R|19	105.320748377	1.03882695297e-24	56.0	4.0
intergenic_6445969_C_A_none_none|1	105.320748377	1.03882695297e-24	56.0	4.0
PA14_38410,amrB_3423086_C_T_I_I|2	105.320748377	1.03882695297e-24	56.0	4.0
PA14_30330,serS_2628316_G_A_A_T|4	105.320748377	1.03882695297e-24	56.0	4.0
intergenic_2569333_G_A_none_none|2	105.026162658	1.20533801218e-24	68.0	12.0
PA14_40640,cti_3627900_G_A_R_R|1	104.884816335	1.29446088134e-24	81.0	22.0
PA14_28040_2426950_T_C_I_V|1	104.802921843	1.3490828388e-24	59.0	6.0
PA14_50730,phaA_4505766_C_A_A_A|1	104.802921843	1.3490828388e-24	59.0	6.0
PA14_46490,fabF2_4138284_G_A_G_S|2	104.802921843	1.3490828388e-24	59.0	6.0
intergenic_276059_A_G_none_none|1	104.802921843	1.3490828388e-24	59.0	6.0
PA14_00060_7764_C_T_V_I|45	104.802921843	1.3490828388e-24	59.0	6.0
PA14_24010,xcpS_2087336_C_T_L_L|1	104.714852997	1.41039820567e-24	65.0	10.0
PA14_55750_4976691_G_A_R_R|1	104.714852997	1.41039820567e-24	65.0	10.0
PA14_23130_2005501_G_A_S_S|1	104.714852997	1.41039820567e-24	65.0	10.0
PA14_61910_5521507_C_T_A_T|1	104.714852997	1.41039820567e-24	65.0	10.0
PA14_22250_1938121_A_G_Y_Y|1	104.66272382	1.44799681844e-24	54.0	3.0
PA14_34130_3036024_C_T_G_G|1	104.623518246	1.47693322599e-24	62.0	8.0
PA14_39300,rbsR_3499189_G_A_R_R|1	104.623518246	1.47693322599e-24	62.0	8.0
PA14_36830_3282316_G_A_D_N|1	104.623518246	1.47693322599e-24	62.0	8.0
PA14_02930_257555_C_T_G_G|1	104.623518246	1.47693322599e-24	62.0	8.0
PA14_44930_4006249_C_G_L_L|1	104.623518246	1.47693322599e-24	62.0	8.0
PA14_45240_4033602_A_G_G_G|1	104.451123111	1.61119292751e-24	82.0	23.0
PA14_02690_239733_C_T_R_R|1	104.154139799	1.87173179642e-24	73.0	16.0
PA14_05360,pilJ_466743_C_T_A_A|1	103.951579647	2.07321316344e-24	57.0	5.0
PA14_14910_1266186_A_G_E_E|6	103.951579647	2.07321316344e-24	57.0	5.0
PA14_64390,ureC_5736468_C_T_D_D|1	103.951579647	2.07321316344e-24	57.0	5.0
PA14_25270,aroP1_2211088_G_A_A_A|15	103.951579647	2.07321316344e-24	57.0	5.0
PA14_35950_3200852_G_A_R_R|1	103.951579647	2.07321316344e-24	57.0	5.0
PA14_32300_2807127_C_A_S_S|1	103.951579647	2.07321316344e-24	57.0	5.0
PA14_35890_3194569_C_T_G_G|1	103.951579647	2.07321316344e-24	57.0	5.0
intergenic_289925_G_A_none_none|1	103.951579647	2.07321316344e-24	57.0	5.0
PA14_35980_3202427_G_A_L_L|1	103.951579647	2.07321316344e-24	57.0	5.0
PA14_02560,mdcB_229497_G_A_A_T|47	103.951579647	2.07321316344e-24	57.0	5.0
intergenic_4130509_C_T_none_none|1	103.951579647	2.07321316344e-24	57.0	5.0
intergenic_2506432_C_T_none_none|1	103.951579647	2.07321316344e-24	57.0	5.0
PA14_39090_3483934_C_T_L_L|1	103.951579647	2.07321316344e-24	57.0	5.0
PA14_36070_3213128_C_T_A_T|1	103.951579647	2.07321316344e-24	57.0	5.0
PA14_11580_1002226_A_G_T_A|8	103.951579647	2.07321316344e-24	57.0	5.0
PA14_00700_70871_A_C_E_A|1	103.951579647	2.07321316344e-24	57.0	5.0
PA14_60190,clpB_5362023_G_A_A_A|4	103.951579647	2.07321316344e-24	57.0	5.0
intergenic_4091613_G_A_none_none|1	103.951579647	2.07321316344e-24	57.0	5.0
PA14_43100_3836826_C_A_A_A|1	103.951579647	2.07321316344e-24	57.0	5.0
PA14_47090_4195513_C_G_E_D|1	103.877214391	2.15250768516e-24	78.0	20.0
PA14_61880,rimI_5519930_G_T_P_P|1	103.814727541	2.22147698307e-24	66.0	11.0
intergenic_3145376_G_A_none_none|1	103.814727541	2.22147698307e-24	66.0	11.0
PA14_38470,gnyH_3431065_C_T_L_L|1	103.814727541	2.22147698307e-24	66.0	11.0
PA14_49520,pyoS3A_4403721_G_T_T_N|1	103.814727541	2.22147698307e-24	66.0	11.0
PA14_05840,gcdH_516400_C_T_L_L|1	103.814727541	2.22147698307e-24	66.0	11.0
PA14_40620_3626195_G_A_A_A|1	103.665582143	2.39516132599e-24	84.0	25.0
PA14_13060_1121373_T_G_Q_P|1	103.622865056	2.44736371341e-24	60.0	7.0
PA14_72820_6486303_G_A_R_H|1	103.622865056	2.44736371341e-24	60.0	7.0
PA14_67450,blc_6023271_G_A_Y_Y|3	103.622865056	2.44736371341e-24	60.0	7.0
PA14_00490_41501_C_T_V_V|1	103.622865056	2.44736371341e-24	60.0	7.0
PA14_55400_4925847_G_A_A_V|1	103.596907216	2.4796397509e-24	63.0	9.0
PA14_17130,dxr_1468839_C_T_F_F|1	103.596907216	2.4796397509e-24	63.0	9.0
PA14_50010,yliI_4445904_C_T_R_Q|1	103.596907216	2.4796397509e-24	63.0	9.0
PA14_06150_542343_G_A_V_V|4	103.596907216	2.4796397509e-24	63.0	9.0
PA14_05650_502648_C_T_A_V|1	103.596907216	2.4796397509e-24	63.0	9.0
PA14_67130,ybeJ_5993018_C_T_E_E|1	103.596907216	2.4796397509e-24	63.0	9.0
PA14_15230,xseA_1290560_C_T_A_T|1	103.596907216	2.4796397509e-24	63.0	9.0
PA14_12990_1114377_C_A_V_V|4	103.596907216	2.4796397509e-24	63.0	9.0
PA14_02250,cheA_201388_G_A_T_T|1	103.596907216	2.4796397509e-24	63.0	9.0
PA14_07930,gph_683579_C_T_R_R|1	103.596907216	2.4796397509e-24	63.0	9.0
PA14_21190_1833985_C_G_G_A|1	103.596907216	2.4796397509e-24	63.0	9.0
PA14_22410_1951319_C_T_Y_Y|1	103.596907216	2.4796397509e-24	63.0	9.0
PA14_00100,glyQ_12776_C_T_K_K|1	103.596907216	2.4796397509e-24	63.0	9.0
PA14_29990,nuoD_2597565_G_A_N_N|1	103.596907216	2.4796397509e-24	63.0	9.0
PA14_16410_1404920_G_T_A_S|1	103.537300958	2.55537472719e-24	74.0	17.0
PA14_40540_3620445_A_G_R_R|1	103.481240069	2.62871498115e-24	92.0	32.0
intergenic_1924476_T_G_none_none|2	103.186071796	3.05103567908e-24	55.0	4.0
intergenic_1921113_G_A_none_none|1	103.186071796	3.05103567908e-24	55.0	4.0
PA14_33610_2966706_C_T_L_L|1	103.186071796	3.05103567908e-24	55.0	4.0
PA14_22120_1930158_A_G_G_G|1	103.186071796	3.05103567908e-24	55.0	4.0
PA14_22220_1936015_A_G_D_D|1	103.186071796	3.05103567908e-24	55.0	4.0
intergenic_1919603_G_A_none_none|3	103.186071796	3.05103567908e-24	55.0	4.0
PA14_22160_1934441_T_C_M_V|1	103.186071796	3.05103567908e-24	55.0	4.0
PA14_65670_5849465_C_A_A_S|1	102.975860919	3.39256845742e-24	67.0	12.0
PA14_44030,sdhA_3921024_G_A_P_P|1	102.975860919	3.39256845742e-24	67.0	12.0
PA14_34230_3043865_T_C_G_G|1	102.942074883	3.4509216572e-24	80.0	22.0
intergenic_4482555_C_A_none_none|1	102.68815995	3.92281964925e-24	96.0	36.0
PA14_44380,ccoO_3952303_T_G_V_V|1	102.687342497	3.92443866703e-24	58.0	6.0
PA14_39160_3488882_G_A_E_E|2	102.687342497	3.92443866703e-24	58.0	6.0
PA14_32790_2863284_A_T_Y_F|1	102.687342497	3.92443866703e-24	58.0	6.0
PA14_27250_2366086_A_G_R_R|3	102.687342497	3.92443866703e-24	58.0	6.0
PA14_09710,aldH_835750_C_T_R_H|2	102.687342497	3.92443866703e-24	58.0	6.0
PA14_62840,glmM_5605580_C_T_R_R|2	102.687342497	3.92443866703e-24	58.0	6.0
PA14_32780_2847135_C_T_V_V|1	102.687342497	3.92443866703e-24	58.0	6.0
PA14_22910,edd_1987488_G_A_E_E|1	102.687342497	3.92443866703e-24	58.0	6.0
intergenic_5421240_G_A_none_none|1	102.687342497	3.92443866703e-24	58.0	6.0
intergenic_1253774_C_T_none_none|1	102.687342497	3.92443866703e-24	58.0	6.0
PA14_53020,pbpG_4701815_G_T_A_S|1	102.687342497	3.92443866703e-24	58.0	6.0
PA14_31500_2739445_C_T_G_G|1	102.687342497	3.92443866703e-24	58.0	6.0
PA14_55770,pitA_4979940_G_A_L_L|1	102.687342497	3.92443866703e-24	58.0	6.0
PA14_27200_2363480_A_G_E_E|2	102.687342497	3.92443866703e-24	58.0	6.0
PA14_61390_5479355_A_G_R_R|1	102.687342497	3.92443866703e-24	58.0	6.0
PA14_68890_6146502_G_A_S_S|1	102.687342497	3.92443866703e-24	58.0	6.0
intergenic_6048753_T_C_none_none|1	102.687342497	3.92443866703e-24	58.0	6.0
PA14_36080,yfaV_3214660_C_T_G_D|1	102.642531191	4.01422042029e-24	64.0	10.0
PA14_23470,wbpM_2042746_T_C_N_N|1	102.642531191	4.01422042029e-24	64.0	10.0
PA14_16180_1378182_A_T_A_A|1	102.642531191	4.01422042029e-24	64.0	10.0
intergenic_1944347_T_A_none_none|1	102.642531191	4.01422042029e-24	64.0	10.0
PA14_04710_418780_C_T_G_G|1	102.642531191	4.01422042029e-24	64.0	10.0
PA14_06160,fiuA_543992_C_T_A_A|1	102.642531191	4.01422042029e-24	64.0	10.0
PA14_07010_608245_C_A_A_A|1	102.642531191	4.01422042029e-24	64.0	10.0
PA14_05390,chpA_470998_A_C_Q_P|1	102.642531191	4.01422042029e-24	64.0	10.0
PA14_63250,yfcY_5645245_A_C_G_G|1	102.5291731	4.2506181941e-24	61.0	8.0
PA14_17040,glnD_1460582_G_A_G_G|1	102.527800858	4.25356356663e-24	97.0	37.0
intergenic_169824_T_G_none_none|1	102.519349722	4.27174809735e-24	81.0	23.0
PA14_59690_5311021_T_A_S_T|1	102.519349722	4.27174809735e-24	81.0	23.0
PA14_32790_2860375_C_T_V_V|1	102.381268109	4.58012037484e-24	98.0	38.0
PA14_41520,ppkB_3705756_C_T_L_F|1	102.193715441	5.03493843453e-24	68.0	13.0
PA14_11380,nrdR_988252_C_T_H_H|1	102.193715441	5.03493843453e-24	68.0	13.0
PA14_65000,azu_5793198_C_T_K_K|1	102.193715441	5.03493843453e-24	68.0	13.0
PA14_60020_5344844_G_C_A_A|1	102.149578257	5.14837870841e-24	72.0	16.0
PA14_59690_5311022_C_G_S_C|1	102.124264626	5.2145889823e-24	82.0	24.0
PA14_08050_691714_G_C_L_L|1	102.114969149	5.23911542225e-24	89.0	30.0
intergenic_2583255_G_A_none_none|1	101.916040198	5.79255748409e-24	77.0	20.0
intergenic_3204071_C_T_none_none|1	101.826560006	6.06021302691e-24	56.0	5.0
PA14_32790_2863291_T_C_S_S|1	101.826560006	6.06021302691e-24	56.0	5.0
intergenic_2869502_C_T_none_none|3	101.826560006	6.06021302691e-24	56.0	5.0
PA14_35330,kguT_3141002_C_T_P_P|1	101.826560006	6.06021302691e-24	56.0	5.0
PA14_35940_3199199_C_T_A_T|7	101.826560006	6.06021302691e-24	56.0	5.0
PA14_20520_1764304_A_G_T_A|3	101.826560006	6.06021302691e-24	56.0	5.0
PA14_42600,pscP_3789814_G_A_A_T|1	101.826560006	6.06021302691e-24	56.0	5.0
PA14_24510,pelD_2143371_G_T_R_L|1	101.826560006	6.06021302691e-24	56.0	5.0
intergenic_3426101_C_T_none_none|1	101.826560006	6.06021302691e-24	56.0	5.0
PA14_34000_3023955_C_T_R_Q|1	101.826560006	6.06021302691e-24	56.0	5.0
PA14_00050,gyrB_4574_C_T_L_L|1572	101.826560006	6.06021302691e-24	56.0	5.0
PA14_14010_1201286_G_T_A_A|1	101.826560006	6.06021302691e-24	56.0	5.0
PA14_05550,oprM_491407_C_T_D_D|1	101.826560006	6.06021302691e-24	56.0	5.0
PA14_36070_3212898_G_T_A_A|1	101.826560006	6.06021302691e-24	56.0	5.0
PA14_32790_2863290_G_A_S_N|1	101.826560006	6.06021302691e-24	56.0	5.0
PA14_69550_6204180_G_A_F_F|1	101.755284035	6.28223923981e-24	83.0	25.0
PA14_61910_5521427_G_A_A_A|1	101.754687406	6.28413168217e-24	65.0	11.0
PA14_34130_3035457_C_T_A_A|1	101.754687406	6.28413168217e-24	65.0	11.0
PA14_19920_1717360_C_G_R_R|1	101.754687406	6.28413168217e-24	65.0	11.0
PA14_64470_5744065_A_G_E_E|1	101.754687406	6.28413168217e-24	65.0	11.0
PA14_52400,kup_4650439_G_A_G_G|1	101.754687406	6.28413168217e-24	65.0	11.0
PA14_16440,wspB_1407685_C_T_V_V|4	101.754687406	6.28413168217e-24	65.0	11.0
PA14_02340,atsB_210129_C_T_R_H|1	101.54475245	6.98670046176e-24	73.0	17.0
PA14_06230_550420_G_T_P_P|1	101.518497692	7.07992030102e-24	59.0	7.0
PA14_62840,glmM_5605724_C_T_Q_Q|1	101.518497692	7.07992030102e-24	59.0	7.0
PA14_11340,trx-1_986432_C_T_E_E|5	101.518497692	7.07992030102e-24	59.0	7.0
PA14_67970_6065436_C_A_A_A|1	101.518497692	7.07992030102e-24	59.0	7.0
intergenic_841297_G_A_none_none|1	101.518497692	7.07992030102e-24	59.0	7.0
intergenic_4137016_C_A_none_none|2	101.518497692	7.07992030102e-24	59.0	7.0
PA14_68360_6098543_C_A_L_M|1	101.518497692	7.07992030102e-24	59.0	7.0
PA14_15435_1307150_T_C_N_S|1	101.518497692	7.07992030102e-24	59.0	7.0
intergenic_1242065_C_T_none_none|1	101.518497692	7.07992030102e-24	59.0	7.0
PA14_05810,amaB_513848_C_T_D_D|1	101.518497692	7.07992030102e-24	59.0	7.0
PA14_28220_2442638_A_G_E_E|1	101.518497692	7.07992030102e-24	59.0	7.0
PA14_39540_3520291_G_T_G_G|1	101.518497692	7.07992030102e-24	59.0	7.0
intergenic_405076_G_A_none_none|1	101.518497692	7.07992030102e-24	59.0	7.0
PA14_14530_1243089_C_T_L_L|1	101.518497692	7.07992030102e-24	59.0	7.0
PA14_06120_540145_C_T_R_H|1	101.514547537	7.09405293311e-24	62.0	9.0
PA14_65370,amiB_5823126_T_A_N_I|1	101.514547537	7.09405293311e-24	62.0	9.0
PA14_44920_4006123_C_T_S_S|1	101.514547537	7.09405293311e-24	62.0	9.0
PA14_55800_4983379_G_A_E_E|1	101.514547537	7.09405293311e-24	62.0	9.0
PA14_36605_3259443_G_A_R_Q|1	101.514547537	7.09405293311e-24	62.0	9.0
PA14_23270,serC_2017987_C_T_D_D|1	101.464190784	7.27670841649e-24	69.0	14.0
PA14_15430,tnpR_1306629_G_A_F_F|1	101.464190784	7.27670841649e-24	69.0	14.0
intergenic_3621949_C_T_none_none|1	101.444319483	7.35007384443e-24	78.0	21.0
intergenic_2937468_G_A_none_none|1	101.410984067	7.47481453622e-24	84.0	26.0
PA14_07770,ostA_668275_C_T_P_P|1	101.225894959	8.20693940326e-24	93.0	34.0
intergenic_5467324_G_A_none_none|1	101.05211518	8.95948603731e-24	54.0	4.0
PA14_21380_1851786_GGCC_G_none_none|1	101.05211518	8.95948603731e-24	54.0	4.0
intergenic_1936983_G_T_none_none|3	101.05211518	8.95948603731e-24	54.0	4.0
PA14_22250_1937956_A_G_R_R|1	101.05211518	8.95948603731e-24	54.0	4.0
PA14_22080_1922285_A_G_S_S|1	101.05211518	8.95948603731e-24	54.0	4.0
intergenic_1937268_G_T_none_none|1	101.05211518	8.95948603731e-24	54.0	4.0
intergenic_1921004_A_G_none_none|1	101.05211518	8.95948603731e-24	54.0	4.0
PA14_22090_1924082_G_A_R_R|1	101.05211518	8.95948603731e-24	54.0	4.0
PA14_22080_1922069_C_T_T_T|60	101.05211518	8.95948603731e-24	54.0	4.0
PA14_18120,mmsA_1554987_G_A_P_P|1	100.928257996	9.53761148796e-24	66.0	12.0
PA14_67110,pap_5990865_C_G_P_P|1	100.928257996	9.53761148796e-24	66.0	12.0
PA14_23270,serC_2017954_C_A_T_T|2	100.928257996	9.53761148796e-24	66.0	12.0
PA14_21280_1843731_G_A_E_E|1	100.928257996	9.53761148796e-24	66.0	12.0
PA14_13340_1146515_C_T_L_L|1	100.928257996	9.53761148796e-24	66.0	12.0
intergenic_4070705_G_A_none_none|1	100.928257996	9.53761148796e-24	66.0	12.0
PA14_59540_5299117_G_T_T_T|1	100.928257996	9.53761148796e-24	66.0	12.0
PA14_44030,sdhA_3920943_G_A_Y_Y|1	100.928257996	9.53761148796e-24	66.0	12.0
PA14_34230_3043868_A_C_T_T|1	100.591921618	1.13027796e-23	80.0	23.0
PA14_16780_1436419_C_G_R_G|1	100.573032237	1.14110876987e-23	57.0	6.0
intergenic_2866880_G_A_none_none|1	100.573032237	1.14110876987e-23	57.0	6.0
PA14_34870,chiC_3104244_C_T_D_D|1	100.573032237	1.14110876987e-23	57.0	6.0
intergenic_4402407_G_A_none_none|1	100.573032237	1.14110876987e-23	57.0	6.0
PA14_46490,fabF2_4137979_G_A_R_H|1	100.573032237	1.14110876987e-23	57.0	6.0
PA14_01910,pcaG_174694_T_G_V_G|1	100.573032237	1.14110876987e-23	57.0	6.0
PA14_00820_80121_C_T_Q_Q|1	100.573032237	1.14110876987e-23	57.0	6.0
intergenic_1767437_A_G_none_none|4	100.573032237	1.14110876987e-23	57.0	6.0
PA14_35880_3192827_T_C_L_L|1	100.573032237	1.14110876987e-23	57.0	6.0
PA14_33280,pvdL_2915449_A_G_E_E|1	100.573032237	1.14110876987e-23	57.0	6.0
PA14_66750,argS_5962451_G_A_E_E|1	100.573032237	1.14110876987e-23	57.0	6.0
PA14_64460,psiF_5743147_G_A_S_S|1	100.573032237	1.14110876987e-23	57.0	6.0
PA14_35940_3198825_G_C_T_T|1	100.573032237	1.14110876987e-23	57.0	6.0
PA14_34370,mtlk_3059007_G_A_N_N|1	100.573032237	1.14110876987e-23	57.0	6.0
intergenic_687825_G_C_none_none|1	100.573032237	1.14110876987e-23	57.0	6.0
PA14_66830,phaD_5969295_C_T_N_N|2	100.573032237	1.14110876987e-23	57.0	6.0
PA14_32100,xylY_2793130_G_A_V_I|1	100.573032237	1.14110876987e-23	57.0	6.0
PA14_02610,mdcG_232452_C_T_C_C|3	100.573032237	1.14110876987e-23	57.0	6.0
PA14_64060,ctpL_5710353_G_A_E_E|1	100.573032237	1.14110876987e-23	57.0	6.0
PA14_53370,plcR_4732622_G_A_K_K|1	100.573032237	1.14110876987e-23	57.0	6.0
PA14_68340,arcB_6096338_C_T_H_H|1	100.573032237	1.14110876987e-23	57.0	6.0
PA14_25390,sth_2219505_C_T_G_G|1	100.573032237	1.14110876987e-23	57.0	6.0
PA14_22050,htrB_1916968_G_A_L_L|1	100.573032237	1.14110876987e-23	57.0	6.0
intergenic_5219730_C_T_none_none|1	100.573032237	1.14110876987e-23	57.0	6.0
PA14_21490_1864854_G_T_G_C|3	100.573032237	1.14110876987e-23	57.0	6.0
PA14_02890_254592_G_T_S_S|4	100.573032237	1.14110876987e-23	57.0	6.0
intergenic_4679965_G_T_none_none|1	100.573032237	1.14110876987e-23	57.0	6.0
PA14_32790_2859876_A_T_Q_L|1	100.573032237	1.14110876987e-23	57.0	6.0
PA14_36910,ligD_3289616_C_G_E_Q|1	100.573032237	1.14110876987e-23	57.0	6.0
PA14_52670,astD_4668895_G_A_R_R|1	100.573032237	1.14110876987e-23	57.0	6.0
PA14_55260_4907825_G_A_R_C|2	100.573032237	1.14110876987e-23	57.0	6.0
PA14_32015_2786954_A_G_none_none|1	100.573032237	1.14110876987e-23	57.0	6.0
PA14_57640_5133652_G_A_D_N|1	100.573032237	1.14110876987e-23	57.0	6.0
PA14_70110_6253493_C_T_Y_Y|1	100.573032237	1.14110876987e-23	57.0	6.0
PA14_73260,atpA_6525178_A_C_G_G|1	100.573032237	1.14110876987e-23	57.0	6.0
PA14_43080_3832932_C_T_H_H|1	100.573032237	1.14110876987e-23	57.0	6.0
intergenic_1889011_T_C_none_none|1	100.573032237	1.14110876987e-23	57.0	6.0
PA14_28040_2427947_G_A_G_G|3	100.573032237	1.14110876987e-23	57.0	6.0
PA14_34500_3066783_C_T_R_R|2	100.573032237	1.14110876987e-23	57.0	6.0
PA14_36920_3290552_G_A_F_F|2	100.572489761	1.14142134365e-23	63.0	10.0
PA14_68500,attL_6110659_G_A_N_N|1	100.572489761	1.14142134365e-23	63.0	10.0
PA14_17130,dxr_1468921_C_T_L_L|1	100.572489761	1.14142134365e-23	63.0	10.0
PA14_67500,gloA3_6026344_G_A_I_I|1	100.572489761	1.14142134365e-23	63.0	10.0
PA14_26420_2301496_C_T_R_Q|1	100.572489761	1.14142134365e-23	63.0	10.0
PA14_55117_4896830_C_T_F_F|1	100.572489761	1.14142134365e-23	63.0	10.0
PA14_06160,fiuA_544071_C_T_R_Q|1	100.572489761	1.14142134365e-23	63.0	10.0
intergenic_1837160_G_A_none_none|1	100.572489761	1.14142134365e-23	63.0	10.0
PA14_49280_4377735_C_T_Q_Q|1	100.572489761	1.14142134365e-23	63.0	10.0
intergenic_273562_G_T_none_none|1	100.572489761	1.14142134365e-23	63.0	10.0
PA14_02690_239844_G_A_A_A|3	100.572489761	1.14142134365e-23	63.0	10.0
PA14_37420_3331118_C_T_A_T|1	100.572489761	1.14142134365e-23	63.0	10.0
PA14_56960_5076722_C_T_L_L|1	100.572489761	1.14142134365e-23	63.0	10.0
PA14_57480_5122255_G_A_S_N|1	100.572489761	1.14142134365e-23	63.0	10.0
PA14_66160_5893818_G_A_T_T|4	100.572489761	1.14142134365e-23	63.0	10.0
PA14_67510,estA_6027436_G_A_D_D|1	100.572489761	1.14142134365e-23	63.0	10.0
PA14_07130,tktA_617649_T_C_H_H|1	100.572489761	1.14142134365e-23	63.0	10.0
PA14_08050_691660_A_G_P_P|1	100.513402062	1.17598535633e-23	87.0	29.0
PA14_08050_691684_C_A_S_R|1	100.513402062	1.17598535633e-23	87.0	29.0
PA14_19940_1718862_G_A_A_V|1	100.513402062	1.17598535633e-23	87.0	29.0
intergenic_3086175_C_T_none_none|1	100.451853477	1.21310251712e-23	75.0	19.0
PA14_58750,pilB_5235073_G_A_S_S|1	100.43662826	1.22246351906e-23	60.0	8.0
PA14_25480_2226301_C_T_A_A|1	100.43662826	1.22246351906e-23	60.0	8.0
PA14_46440_4130755_G_A_N_N|1	100.43662826	1.22246351906e-23	60.0	8.0
PA14_02030_185315_G_A_C_C|2	100.43662826	1.22246351906e-23	60.0	8.0
