feature	score	p-value	#I-out-of-135	#O-out-of-291
PA14_59990_5342403|1	144.470207741	2.80406521735e-33	76.0	5.0
PA14_37490_3336619|1	139.241322735	3.9005157773e-32	86.0	13.0
PA14_59540_5299046|1	124.518693599	6.48651812327e-29	73.0	9.0
PA14_59540_5299116|1	121.766985203	2.59605702197e-28	67.0	6.0
PA14_13990_1199882|1	120.629899453	4.60504887076e-28	77.0	13.0
PA14_15460,merA_1309232.1|1	120.280935529	5.49072692116e-28	63.0	4.0
PA14_26140,cifR_2282153|1	119.643069874	7.57315321052e-28	66.0	6.0
PA14_26130,morB_2281979|1	119.643069874	7.57315321052e-28	66.0	6.0
PA14_18340_1573309|1	119.098894665	9.96361335306e-28	92.0	25.0
PA14_55520,hxcU_4942104|1	118.851499909	1.12870954331e-27	64.0	5.0
PA14_26970_2347008|1	118.851499909	1.12870954331e-27	64.0	5.0
PA14_12860_1104122|1	116.720557914	3.30502678315e-27	63.0	5.0
PA14_21940_1908910|1	116.720557914	3.30502678315e-27	63.0	5.0
PA14_06580_574469|8	116.720557914	3.30502678315e-27	63.0	5.0
PA14_53560_4749482|1	116.304867147	4.0757079579e-27	83.0	19.0
PA14_61870_5518248|1	116.278519983	4.13021497164e-27	66.0	7.0
PA14_67780_6052426|1	116.278519983	4.13021497164e-27	66.0	7.0
PA14_21160_1830118|1	116.278519983	4.13021497164e-27	66.0	7.0
PA14_65810_5861287|1	114.94880441	8.07556273762e-27	97.0	31.0
PA14_28880_2493687|1	114.590350652	9.67557782807e-27	62.0	5.0
PA14_23120_2005266|2	114.166030291	1.19841979273e-26	65.0	7.0
PA14_00310_28735|1	114.166030291	1.19841979273e-26	65.0	7.0
PA14_40640,cti_3628790|1	113.276826535	1.87657705333e-26	63.0	6.0
PA14_17650_1517271|1	113.276826535	1.87657705333e-26	63.0	6.0
PA14_26930_2343869|1	112.054753723	3.47577348095e-26	64.0	7.0
PA14_22410_1950831|1	112.054753723	3.47577348095e-26	64.0	7.0
PA14_71350_6356469|1	112.054753723	3.47577348095e-26	64.0	7.0
PA14_36960_3292403|1	111.156714507	5.46733266808e-26	62.0	6.0
PA14_33610_2970539|1	110.882016037	6.27991172252e-26	75.0	15.0
PA14_51420,pqsB_4569081|1	110.332275971	8.286834356e-26	60.0	5.0
PA14_18040_1549391|1	109.944742268	1.00760729828e-25	63.0	7.0
PA14_02310,atsA_207590|1	109.944742268	1.00760729828e-25	63.0	7.0
PA14_28340_2449491|1	109.944742268	1.00760729828e-25	63.0	7.0
PA14_11990_1036888|1	109.944742268	1.00760729828e-25	63.0	7.0
PA14_50380,flgJ_4478955|1	109.944742268	1.00760729828e-25	63.0	7.0
PA14_60020_5344845|1	109.535755892	1.23850204178e-25	77.0	17.0
PA14_11140_969423|1	109.535755892	1.23850204178e-25	77.0	17.0
PA14_11140_969871.1|1	108.924054983	1.68624484731e-25	78.0	18.0
PA14_03770,speB1_338673|1	108.817309406	1.77954636998e-25	64.0	8.0
PA14_59150_5266389|1	108.020493203	2.66013388406e-25	52.0	1.0
PA14_34130_3034210|1	107.836050932	2.91957164787e-25	62.0	7.0
PA14_71580_6377396|1	107.767561376	3.02222620743e-25	65.0	9.0
PA14_30590_2648777|1	107.456109515	3.53651234933e-25	57.0	4.0
PA14_36000,prpR_3204810|1	107.456109515	3.53651234933e-25	57.0	4.0
PA14_24080,xcpY_2091027.1|1	106.91971259	4.63574529443e-25	60.0	6.0
PA14_31780_2765005|1	106.91971259	4.63574529443e-25	60.0	6.0
PA14_49520,pyoS3A_4403637|1	106.91971259	4.63574529443e-25	60.0	6.0
PA14_35970_3201512|1	106.789365165	4.95090163655e-25	66.0	10.0
PA14_71180_6341164|1	106.719587629	5.12832674836e-25	63.0	8.0
PA14_20890,rfaD_1801119|2	106.719587629	5.12832674836e-25	63.0	8.0
PA14_05870_520408|13	106.077568683	7.09047083648e-25	58.0	5.0
PA14_42050_3750246|1	105.877216789	7.84483929449e-25	67.0	11.0
PA14_29270,yaiW_2533005|1	105.681272262	8.66019831591e-25	64.0	9.0
PA14_59990_5342598|1	105.518628125	9.40099794589e-25	71.0	14.0
PA14_55410_4931209|1	105.331612371	1.03314702946e-24	93.0	32.0
PA14_02930_258019|8	105.320748377	1.03882695297e-24	56.0	4.0
PA14_30330,serS_2628316|2	105.320748377	1.03882695297e-24	56.0	4.0
PA14_00060_7764|14	104.802921843	1.3490828388e-24	59.0	6.0
PA14_28040_2426950|1	104.802921843	1.3490828388e-24	59.0	6.0
PA14_46490,fabF2_4138284|1	104.802921843	1.3490828388e-24	59.0	6.0
PA14_63540,selA_5665867|1	104.802921843	1.3490828388e-24	59.0	6.0
PA14_61910_5521507|1	104.714852997	1.41039820567e-24	65.0	10.0
PA14_36830_3282316|1	104.623518246	1.47693322599e-24	62.0	8.0
PA14_62110_5543178|1	103.951579647	2.07321316344e-24	57.0	5.0
PA14_11580_1002226|6	103.951579647	2.07321316344e-24	57.0	5.0
PA14_25305,nqrB_2213424|3	103.951579647	2.07321316344e-24	57.0	5.0
PA14_00700_70871|1	103.951579647	2.07321316344e-24	57.0	5.0
PA14_62100_5542123|1	103.951579647	2.07321316344e-24	57.0	5.0
PA14_72890_6491370|1	103.951579647	2.07321316344e-24	57.0	5.0
PA14_36070_3213128|1	103.951579647	2.07321316344e-24	57.0	5.0
PA14_02560,mdcB_229497|13	103.951579647	2.07321316344e-24	57.0	5.0
PA14_47090_4195513|1	103.877214391	2.15250768516e-24	78.0	20.0
PA14_49520,pyoS3A_4403721|1	103.814727541	2.22147698307e-24	66.0	11.0
PA14_72820_6486303|1	103.622865056	2.44736371341e-24	60.0	7.0
PA14_13060_1121373|1	103.622865056	2.44736371341e-24	60.0	7.0
PA14_50010,yliI_4445904|1	103.596907216	2.4796397509e-24	63.0	9.0
PA14_05650_502648|1	103.596907216	2.4796397509e-24	63.0	9.0
PA14_15230,xseA_1290560|1	103.596907216	2.4796397509e-24	63.0	9.0
PA14_21190_1833985.1|1	103.596907216	2.4796397509e-24	63.0	9.0
PA14_06160,fiuA_544941|2	103.596907216	2.4796397509e-24	63.0	9.0
PA14_55400_4925847|1	103.596907216	2.4796397509e-24	63.0	9.0
PA14_16410_1404920.1|1	103.537300958	2.55537472719e-24	74.0	17.0
PA14_22160_1934441|1	103.186071796	3.05103567908e-24	55.0	4.0
PA14_65670_5849465|1	102.975860919	3.39256845742e-24	67.0	12.0
PA14_32790_2863284|1	102.687342497	3.92443866703e-24	58.0	6.0
PA14_53020,pbpG_4701815|1	102.687342497	3.92443866703e-24	58.0	6.0
PA14_33200_2906822|1	102.687342497	3.92443866703e-24	58.0	6.0
PA14_09710,aldH_835750|1	102.687342497	3.92443866703e-24	58.0	6.0
PA14_36080,yfaV_3214660|1	102.642531191	4.01422042029e-24	64.0	10.0
PA14_05390,chpA_470998|1	102.642531191	4.01422042029e-24	64.0	10.0
PA14_59690_5311021|1	102.519349722	4.27174809735e-24	81.0	23.0
PA14_41520,ppkB_3705756|1	102.193715441	5.03493843453e-24	68.0	13.0
PA14_59690_5311022|1	102.124264626	5.2145889823e-24	82.0	24.0
PA14_11970_1035325.1|1	101.826560006	6.06021302691e-24	56.0	5.0
PA14_42600,pscP_3789814|1	101.826560006	6.06021302691e-24	56.0	5.0
PA14_20520_1764304|1	101.826560006	6.06021302691e-24	56.0	5.0
PA14_34000_3023955|1	101.826560006	6.06021302691e-24	56.0	5.0
PA14_37950,cynT_3387698|1	101.826560006	6.06021302691e-24	56.0	5.0
PA14_01870_171335.1|10	101.826560006	6.06021302691e-24	56.0	5.0
PA14_63100_5630549|1	101.826560006	6.06021302691e-24	56.0	5.0
PA14_00080_9710|500	101.826560006	6.06021302691e-24	56.0	5.0
PA14_31690_2754618|2	101.826560006	6.06021302691e-24	56.0	5.0
PA14_35950_3200290|1	101.826560006	6.06021302691e-24	56.0	5.0
PA14_12150_1050531|1	101.826560006	6.06021302691e-24	56.0	5.0
PA14_24510,pelD_2143371|1	101.826560006	6.06021302691e-24	56.0	5.0
PA14_32790_2863290|1	101.826560006	6.06021302691e-24	56.0	5.0
PA14_35940_3199199.1|1	101.826560006	6.06021302691e-24	56.0	5.0
PA14_02340,atsB_210129|1	101.54475245	6.98670046176e-24	73.0	17.0
PA14_15435_1307150|1	101.518497692	7.07992030102e-24	59.0	7.0
PA14_68360_6098543|1	101.518497692	7.07992030102e-24	59.0	7.0
PA4055-PA4056,sRNA2315_989631|1	101.518497692	7.07992030102e-24	59.0	7.0
PA14_36605_3259443|1	101.514547537	7.09405293311e-24	62.0	9.0
PA14_65370,amiB_5823126|1	101.514547537	7.09405293311e-24	62.0	9.0
PA14_06120_540145.1|1	101.514547537	7.09405293311e-24	62.0	9.0
PA14_22110_1928152|4	101.05211518	8.95948603731e-24	54.0	4.0
PA14_02610,mdcG_232519|1	100.573032237	1.14110876987e-23	57.0	6.0
PA14_32100,xylY_2793130|1	100.573032237	1.14110876987e-23	57.0	6.0
PA14_57640_5133652|1	100.573032237	1.14110876987e-23	57.0	6.0
PA14_72510,thrB_6460556|1	100.573032237	1.14110876987e-23	57.0	6.0
PA14_32790_2859876|1	100.573032237	1.14110876987e-23	57.0	6.0
PA14_16780_1436419|1	100.573032237	1.14110876987e-23	57.0	6.0
PA14_46490,fabF2_4137979|1	100.573032237	1.14110876987e-23	57.0	6.0
PA14_36910,ligD_3289616|1	100.573032237	1.14110876987e-23	57.0	6.0
PA14_01910,pcaG_174694|1	100.573032237	1.14110876987e-23	57.0	6.0
PA14_55260_4907825|1	100.573032237	1.14110876987e-23	57.0	6.0
PA14_21490_1864854|3	100.573032237	1.14110876987e-23	57.0	6.0
PA14_26420_2301496|1	100.572489761	1.14142134365e-23	63.0	10.0
PA14_06160,fiuA_544071|1	100.572489761	1.14142134365e-23	63.0	10.0
PA14_57480_5122255|1	100.572489761	1.14142134365e-23	63.0	10.0
PA14_36920_3290779|1	100.572489761	1.14142134365e-23	63.0	10.0
PA14_30460_2638143|1	100.572489761	1.14142134365e-23	63.0	10.0
PA14_37420_3331118|1	100.572489761	1.14142134365e-23	63.0	10.0
PA14_66160_5893967|1	100.572489761	1.14142134365e-23	63.0	10.0
PA14_19940_1718862|1	100.513402062	1.17598535633e-23	87.0	29.0
PA14_08050_691684|1	100.513402062	1.17598535633e-23	87.0	29.0
PA14_28895_2496335|1	100.43662826	1.22246351906e-23	60.0	8.0
PA14_64120_5715151|1	100.207776141	1.37219694398e-23	81.0	24.0
PA14_02490,tonB2_224617|6	99.7025582283	1.77092328324e-23	55.0	5.0
PA14_55117_4896777.1|1	99.7025582283	1.77092328324e-23	55.0	5.0
PA14_32400,mexE_2817506|1	99.7025582283	1.77092328324e-23	55.0	5.0
PA14_03220_286750|1	99.7025582283	1.77092328324e-23	55.0	5.0
PA14_33530_2950861|16	99.7025582283	1.77092328324e-23	55.0	5.0
PA14_68970_6152568|1	99.7025582283	1.77092328324e-23	55.0	5.0
PA14_41280_3684874|2	99.7025582283	1.77092328324e-23	55.0	5.0
PA14_19290,srmB_1663600|1	99.7025582283	1.77092328324e-23	55.0	5.0
PA14_21450_1859423|1	99.7025582283	1.77092328324e-23	55.0	5.0
PA14_35620,pslK_3165683|1	99.7025582283	1.77092328324e-23	55.0	5.0
PA14_64800,vanA_5774982|1	99.7025582283	1.77092328324e-23	55.0	5.0
PA14_05390,chpA_471813.1|1	99.7025582283	1.77092328324e-23	55.0	5.0
PA14_09580_824859|7	99.7025582283	1.77092328324e-23	55.0	5.0
PA14_15910_1354685|2	99.7025582283	1.77092328324e-23	55.0	5.0
PA14_53800,mntH2_4770526|1	99.7025582283	1.77092328324e-23	55.0	5.0
PA14_36670_3266371.1|1	99.7025582283	1.77092328324e-23	55.0	5.0
PA14_42080,fadB_3753662|1	99.697194349	1.77572602051e-23	64.0	11.0
PA14_60760_5414610|1	99.697194349	1.77572602051e-23	64.0	11.0
PA14_49530_4406047|1	99.4987399771	1.96288191592e-23	77.0	21.0
PA14_71220,cls_6345695|1	99.4157053485	2.04692877403e-23	58.0	7.0
PA14_68510_6111764|1	99.4157053485	2.04692877403e-23	58.0	7.0
PA14_60900_5434776|1	99.4157053485	2.04692877403e-23	58.0	7.0
PA14_28880_2493570|1	99.4157053485	2.04692877403e-23	58.0	7.0
PA14_53310_4724878|1	99.4157053485	2.04692877403e-23	58.0	7.0
PA14_67200_5998004|1	99.4040546192	2.0590060188e-23	92.0	34.0
PA14_66150_5893268|1	99.2320231959	2.24585996198e-23	93.0	35.0
PA14_22110_1928163|1	98.9189164205	2.63054654998e-23	53.0	4.0
PA14_61870_5518617|1	98.8834590381	2.67806931983e-23	65.0	12.0
PA14_26810_2334453|2	98.5048237241	3.24233898828e-23	62.0	10.0
PA14_37460_3333475|1	98.4600524702	3.31647845668e-23	56.0	6.0
PA14_08120_696481|2	98.4600524702	3.31647845668e-23	56.0	6.0
PA14_22500_1958646|1	98.4600524702	3.31647845668e-23	56.0	6.0
PA14_08180_701590|1	98.4600524702	3.31647845668e-23	56.0	6.0
PA14_35530,bkdA1_3159525|1	98.4600524702	3.31647845668e-23	56.0	6.0
PA14_21020_1811983|1	98.4600524702	3.31647845668e-23	56.0	6.0
PA14_55400_4926837|1	98.4600524702	3.31647845668e-23	56.0	6.0
PA14_08050_692391|1	98.4600524702	3.31647845668e-23	56.0	6.0
PA14_02700_241022|1	98.4600524702	3.31647845668e-23	56.0	6.0
PA14_19710_1700783|2	98.4600524702	3.31647845668e-23	56.0	6.0
PA14_21300_1845706|3	98.4600524702	3.31647845668e-23	56.0	6.0
PA14_18330,arnT_1571636|1	98.4600524702	3.31647845668e-23	56.0	6.0
PA14_11990_1037389.1|2	98.4600524702	3.31647845668e-23	56.0	6.0
PA14_64280_5728766|1	98.4600524702	3.31647845668e-23	56.0	6.0
PA14_21870_1901805|1	98.4600524702	3.31647845668e-23	56.0	6.0
PA14_72110_6425732|1	98.4600524702	3.31647845668e-23	56.0	6.0
PA14_04950,mtgA_437516|1	98.4600524702	3.31647845668e-23	56.0	6.0
PA14_27755,yliJ_2407645|1	98.4600524702	3.31647845668e-23	56.0	6.0
PA14_65050_5797256|1	98.4600524702	3.31647845668e-23	56.0	6.0
PA14_04560_405394|5	98.4600524702	3.31647845668e-23	56.0	6.0
PA14_54450,nadB_4828624|1	98.4600524702	3.31647845668e-23	56.0	6.0
PA14_32110,xylZ_2794060|1	98.4600524702	3.31647845668e-23	56.0	6.0
PA14_34840_3101115|1	98.4600524702	3.31647845668e-23	56.0	6.0
PA14_13200_1137769|1	98.4600524702	3.31647845668e-23	56.0	6.0
PA14_27200_2364130.1|1	98.4600524702	3.31647845668e-23	56.0	6.0
PA14_00180,sun_19460|11	98.4600524702	3.31647845668e-23	56.0	6.0
PA14_39860_3553224|1	98.4600524702	3.31647845668e-23	56.0	6.0
PA14_02980_261047|18	98.4600524702	3.31647845668e-23	56.0	6.0
PA14_34640,gntK_3077363|1	98.4600524702	3.31647845668e-23	56.0	6.0
PA14_11290_983689|3	98.4600524702	3.31647845668e-23	56.0	6.0
PA14_66600,aroB_5946019|1	98.4600524702	3.31647845668e-23	56.0	6.0
PA14_31310_2723359|5	98.4600524702	3.31647845668e-23	56.0	6.0
PA14_12670_1087429|14	98.4600524702	3.31647845668e-23	56.0	6.0
PA14_28300_2446654|1	98.4600524702	3.31647845668e-23	56.0	6.0
PA14_42820_3807570|1	98.4600524702	3.31647845668e-23	56.0	6.0
PA14_06960_604416|1	98.4600524702	3.31647845668e-23	56.0	6.0
PA14_08120_696594|1	98.4600524702	3.31647845668e-23	56.0	6.0
PA14_57480_5121923|1	98.4600524702	3.31647845668e-23	56.0	6.0
PA14_51530,exoU_4581681|1	98.4600524702	3.31647845668e-23	56.0	6.0
PA14_01330_129569|1	98.4600524702	3.31647845668e-23	56.0	6.0
PA14_21470_1861628|1	98.4600524702	3.31647845668e-23	56.0	6.0
PA14_21070_1822348|1	98.3459643364	3.51316048334e-23	59.0	8.0
PA14_38770_3458305|1	98.3459643364	3.51316048334e-23	59.0	8.0
PA14_04550,glpQ_404820|1	98.3459643364	3.51316048334e-23	59.0	8.0
PA14_19210_1658999|1	98.3459643364	3.51316048334e-23	59.0	8.0
PA14_34550_3071074|1	98.3459643364	3.51316048334e-23	59.0	8.0
PA14_05540,mexB_490811|1	98.3459643364	3.51316048334e-23	59.0	8.0
PA14_20040,hasE_1728229|1	98.3459643364	3.51316048334e-23	59.0	8.0
PA14_02900,pcaK_256101|1	98.3459643364	3.51316048334e-23	59.0	8.0
PA14_29720_2573611|1	98.1266083779	3.92469583045e-23	66.0	13.0
PA14_62650_5591077|1	97.64235163	5.01203844273e-23	63.0	11.0
PA14_00660_67308|1	97.64235163	5.01203844273e-23	63.0	11.0
PA14_51670_4591650|1	97.64235163	5.01203844273e-23	63.0	11.0
PA14_69870,pchP_6230786|1	97.5796260702	5.17335038084e-23	54.0	5.0
PA14_36870_3286329|1	97.5796260702	5.17335038084e-23	54.0	5.0
PA14_22120_1929676|1	97.5796260702	5.17335038084e-23	54.0	5.0
PA14_22250_1937988|1	97.5796260702	5.17335038084e-23	54.0	5.0
PA14_22220_1936031|1	97.5796260702	5.17335038084e-23	54.0	5.0
PA14_39880,phzG2_3555928|1	97.5796260702	5.17335038084e-23	54.0	5.0
PA14_44910_4003612|1	97.5796260702	5.17335038084e-23	54.0	5.0
PA14_22090_1923991|2	97.5796260702	5.17335038084e-23	54.0	5.0
PA14_22270_1940159|1	97.5796260702	5.17335038084e-23	54.0	5.0
PA14_69880_6232358.1|1	97.5796260702	5.17335038084e-23	54.0	5.0
PA14_59990_5342418|1	97.3561930375	5.79132338588e-23	60.0	9.0
PA14_17880,paaJ_1535652|1	97.3561930375	5.79132338588e-23	60.0	9.0
PA14_53360,plcH_4731572|1	97.3145618557	5.91437655179e-23	57.0	7.0
PA14_55610,dnaE2_4951335|1	97.3145618557	5.91437655179e-23	57.0	7.0
PA14_72200,prfH_6432187|1	97.3145618557	5.91437655179e-23	57.0	7.0
PA14_65960,waaA_5876462|1	97.3145618557	5.91437655179e-23	57.0	7.0
PA14_44680,smc_3981238|1	97.3145618557	5.91437655179e-23	57.0	7.0
PA14_37490_3337557|7	97.3145618557	5.91437655179e-23	57.0	7.0
PA14_50360,flgK_4477147|1	97.3145618557	5.91437655179e-23	57.0	7.0
PA14_43910_3909468|1	96.8415747272	7.51024428495e-23	64.0	12.0
PA14_00510_48003|1	96.7865161185	7.72202054167e-23	52.0	4.0
PA14_03290_298673.1|1	96.7865161185	7.72202054167e-23	52.0	4.0
PA14_49560,toxA_4407502|1	96.767112436	7.79806929424e-23	68.0	15.0
PA14_67190_5997735|1	96.5264106778	8.806127558e-23	73.0	19.0
PA14_36560_3252991|1	96.3484686309	9.63423772328e-23	55.0	6.0
PA14_66190_5896995|1	96.3484686309	9.63423772328e-23	55.0	6.0
PA14_10010_861943|1	96.3484686309	9.63423772328e-23	55.0	6.0
PA14_09940,pfpI_854706.1|1	96.3484686309	9.63423772328e-23	55.0	6.0
PA14_28880_2492634|1	96.3484686309	9.63423772328e-23	55.0	6.0
PA14_32330_2809061|1	96.3484686309	9.63423772328e-23	55.0	6.0
PA14_08050_691742|2	96.3324130701	9.71268384887e-23	87.0	31.0
PA14_40150_3578371|1	96.2572668263	1.00884201078e-22	58.0	8.0
PA14_24490,pelB_2139300|1	96.2572668263	1.00884201078e-22	58.0	8.0
PA14_16310_1393007|1	96.2572668263	1.00884201078e-22	58.0	8.0
PA14_05390,chpA_470574|1	96.2572668263	1.00884201078e-22	58.0	8.0
PA14_37030,cupA3_3297697.1|1	96.0977472318	1.09349154922e-22	65.0	13.0
PA14_01680_154111|1	96.0977472318	1.09349154922e-22	65.0	13.0
PA14_52670,astD_4670033|1	95.4578188569	1.51076229025e-22	53.0	5.0
PA14_32790_2859797|1	95.4578188569	1.51076229025e-22	53.0	5.0
PA14_16330_1395068|1	95.2803854188	1.65242310453e-22	59.0	9.0
PA14_07810_672888|1	95.2803854188	1.65242310453e-22	59.0	9.0
PA14_35530,bkdA1_3159492|1	95.2803854188	1.65242310453e-22	59.0	9.0
PA14_65390,yjeF_5825057|1	95.2151457299	1.70778675431e-22	56.0	7.0
PA14_29020,cpo_2509287|1	95.2151457299	1.70778675431e-22	56.0	7.0
PA14_37260,opdO_3318526|1	95.2151457299	1.70778675431e-22	56.0	7.0
PA14_61550_5492637|1	95.2151457299	1.70778675431e-22	56.0	7.0
PA14_23930,metZ_2080458|1	95.2151457299	1.70778675431e-22	56.0	7.0
PA14_20520_1765345|1	95.2151457299	1.70778675431e-22	56.0	7.0
PA14_04730_419814|1	95.2151457299	1.70778675431e-22	56.0	7.0
PA14_55640,sbcD_4958208|1	95.2151457299	1.70778675431e-22	56.0	7.0
PA14_48150_4286214|1	95.2151457299	1.70778675431e-22	56.0	7.0
PA14_66230,waaG_5900150|1	95.2151457299	1.70778675431e-22	56.0	7.0
PA14_39640,cobN_3530102|1	95.2151457299	1.70778675431e-22	56.0	7.0
PA14_70010_6245307|1	95.2151457299	1.70778675431e-22	56.0	7.0
PA14_43650_3885589|1	95.2151457299	1.70778675431e-22	56.0	7.0
PA14_30730_2666434|1	95.2151457299	1.70778675431e-22	56.0	7.0
PA14_15780_1343709.1|1	95.2151457299	1.70778675431e-22	56.0	7.0
PA14_23090,edaA_2002865|1	95.2151457299	1.70778675431e-22	56.0	7.0
PA14_12760_1094262|1	95.2151457299	1.70778675431e-22	56.0	7.0
PA14_34580_3072200|1	95.2151457299	1.70778675431e-22	56.0	7.0
PA14_30690_2659558|1	95.2151457299	1.70778675431e-22	56.0	7.0
PA14_04320,ilvA1_386457|15	95.2151457299	1.70778675431e-22	56.0	7.0
PA14_66450_5928512|1	95.2151457299	1.70778675431e-22	56.0	7.0
PA14_46370_4126681|1	95.2151457299	1.70778675431e-22	56.0	7.0
PA14_09370_803560|1	95.2151457299	1.70778675431e-22	56.0	7.0
PA14_30320,ycaJ_2625792|5	95.2151457299	1.70778675431e-22	56.0	7.0
PA14_37900_3381418|1	95.2151457299	1.70778675431e-22	56.0	7.0
PA14_02020_184069|7	95.2151457299	1.70778675431e-22	56.0	7.0
PA14_45030,ttuD_4016777|1	95.2151457299	1.70778675431e-22	56.0	7.0
PA14_49750_4426810|1	95.2151457299	1.70778675431e-22	56.0	7.0
PA14_24445,gdhB_2130684|1	95.2151457299	1.70778675431e-22	56.0	7.0
PA14_44900_4002380|4	95.2151457299	1.70778675431e-22	56.0	7.0
PA14_07500_645487|2	95.2151457299	1.70778675431e-22	56.0	7.0
PA14_37400_3328972|6	95.2151457299	1.70778675431e-22	56.0	7.0
PA14_42980_3823958|1	95.2151457299	1.70778675431e-22	56.0	7.0
PA14_34270,metN-1_3046927|1	95.2151457299	1.70778675431e-22	56.0	7.0
PA14_68050_6072419|1	94.8027216495	2.10336253956e-22	63.0	12.0
PA14_37420_3331052|1	94.8027216495	2.10336253956e-22	63.0	12.0
PA14_37410_3330107|1	94.8027216495	2.10336253956e-22	63.0	12.0
PA14_32100,xylY_2792796|1	94.8027216495	2.10336253956e-22	63.0	12.0
PA14_68930_6149882|1	94.3770250368	2.60801804674e-22	60.0	10.0
PA14_22270_1940597|1	94.2383505155	2.79728197937e-22	54.0	6.0
PA14_22160_1934836|1	94.2383505155	2.79728197937e-22	54.0	6.0
PA14_32790_2863277.1|1	94.2383505155	2.79728197937e-22	54.0	6.0
PA14_59690_5312281|1	94.1706264869	2.89464487579e-22	57.0	8.0
PA14_26670_2324495|1	94.1706264869	2.89464487579e-22	57.0	8.0
PA14_16190_1380225|1	94.1706264869	2.89464487579e-22	57.0	8.0
PA14_61820,ychF_5513326|1	94.1706264869	2.89464487579e-22	57.0	8.0
PA14_24820_2170105|1	94.1706264869	2.89464487579e-22	57.0	8.0
PA14_32350_2810588|1	94.1706264869	2.89464487579e-22	57.0	8.0
PA14_25760,holB_2248546|2	94.1706264869	2.89464487579e-22	57.0	8.0
PA14_03770,speB1_338462|1	94.1706264869	2.89464487579e-22	57.0	8.0
PA14_59150_5266388|1	93.9550797427	3.2276631997e-22	49.0	3.0
PA14_25360,apbE_2217773|1	93.3943045225	4.28481977496e-22	65.0	14.0
PA14_53570_4751100|1	93.3371957959	4.41025478684e-22	52.0	5.0
PA14_29360,pfeS_2542029|1	93.2941864173	4.50714046534e-22	75.0	22.0
PA14_20050,hasF_1728682|1	93.2368274513	4.63967179441e-22	96.0	41.0
PA14_52130_4623243|1	93.2368274513	4.63967179441e-22	96.0	41.0
PA14_35360,kguE_3143268|1	93.2069583355	4.71022240225e-22	58.0	9.0
PA14_17760,ada_1526558|1	93.2069583355	4.71022240225e-22	58.0	9.0
PA14_59540_5298887|1	93.2069583355	4.71022240225e-22	58.0	9.0
PA14_13520_1164131|1	93.2069583355	4.71022240225e-22	58.0	9.0
PA14_08210_702254.1|1	93.2069583355	4.71022240225e-22	58.0	9.0
PA14_72710_6476142|1	93.2069583355	4.71022240225e-22	58.0	9.0
PA14_58515_5211648|1	93.1175405535	4.92790590005e-22	55.0	7.0
PA14_66140_5891814|1	93.1175405535	4.92790590005e-22	55.0	7.0
PA14_10040_863265|1	93.1175405535	4.92790590005e-22	55.0	7.0
PA14_32830_2871402|1	93.1175405535	4.92790590005e-22	55.0	7.0
PA14_36390_3242740|1	93.1175405535	4.92790590005e-22	55.0	7.0
PA14_43110_3841388|1	93.1175405535	4.92790590005e-22	55.0	7.0
PA14_51420,pqsB_4569300|1	92.7670226928	5.88272556623e-22	62.0	12.0
PA14_33280,pvdL_2914709|1	92.7670226928	5.88272556623e-22	62.0	12.0
PA14_69590_6208282|1	92.3171107459	7.38430729294e-22	59.0	10.0
PA14_09280,pchF_794681|1	92.3171107459	7.38430729294e-22	59.0	10.0
PA14_11580_1002013.1|1	92.3171107459	7.38430729294e-22	59.0	10.0
PA14_35900_3195474|1	92.3171107459	7.38430729294e-22	59.0	10.0
PA14_55780_4982619|1	92.3171107459	7.38430729294e-22	59.0	10.0
PA14_19320_1666415|1	92.3171107459	7.38430729294e-22	59.0	10.0
PA14_55840_4986611|1	92.1735544599	7.9398735933e-22	72.0	20.0
PA14_60020_5345193|1	92.1297726523	8.117489369e-22	53.0	6.0
PA14_09320,pchI_798737|3	92.086139748	8.29845489869e-22	56.0	8.0
PA14_10210_878179|1	92.086139748	8.29845489869e-22	56.0	8.0
PA14_72870_6489897.1|1	92.086139748	8.29845489869e-22	56.0	8.0
PA14_38820,pqqB_3461360|2	92.086139748	8.29845489869e-22	56.0	8.0
PA14_63130_5635386|1	92.086139748	8.29845489869e-22	56.0	8.0
PA14_09240,pchD_783463|1	92.086139748	8.29845489869e-22	56.0	8.0
PA14_05230_457703|1	92.086139748	8.29845489869e-22	56.0	8.0
PA14_00170,trkA_17563|7	92.086139748	8.29845489869e-22	56.0	8.0
PA14_40520_3619599|3	92.086139748	8.29845489869e-22	56.0	8.0
PA14_51450,cupC3_4574149|3	92.086139748	8.29845489869e-22	56.0	8.0
PA14_16360_1399119|7	92.086139748	8.29845489869e-22	56.0	8.0
PA14_05620,sahH_498554|10	92.086139748	8.29845489869e-22	56.0	8.0
PA14_36060_3212546|1	92.086139748	8.29845489869e-22	56.0	8.0
PA14_36290,yncB_3231625|1	92.086139748	8.29845489869e-22	56.0	8.0
PA14_66310,aceF_5910658|1	92.086139748	8.29845489869e-22	56.0	8.0
PA14_45470_4048844|1	92.086139748	8.29845489869e-22	56.0	8.0
PA14_05250,pyrC_459283|1	92.086139748	8.29845489869e-22	56.0	8.0
PA14_11830_1025254|4	92.086139748	8.29845489869e-22	56.0	8.0
PA14_53530_4746818|1	92.086139748	8.29845489869e-22	56.0	8.0
PA14_29660_2570779|1	92.086139748	8.29845489869e-22	56.0	8.0
PA14_28250_2443419|1	92.086139748	8.29845489869e-22	56.0	8.0
PA14_65390,yjeF_5826304|1	92.086139748	8.29845489869e-22	56.0	8.0
PA14_42290,pscH_3771277|1	92.086139748	8.29845489869e-22	56.0	8.0
PA14_68100_6076106|1	92.086139748	8.29845489869e-22	56.0	8.0
PA14_59530_5296642|1	92.086139748	8.29845489869e-22	56.0	8.0
PA14_72830_6486556|1	92.086139748	8.29845489869e-22	56.0	8.0
PA14_02930_257991|1	92.0500271297	8.45127842753e-22	63.0	13.0
PA14_17650_1517282|1	92.0500271297	8.45127842753e-22	63.0	13.0
PA14_55410_4931739|1	91.9145802651	9.04997702683e-22	90.0	36.0
PA14_52130_4623134|1	91.5578875383	1.08375013021e-21	94.0	40.0
PA14_13940_1197461|1	91.4948453608	1.11883247317e-21	60.0	11.0
PA14_09150,katA_774275|1	91.4948453608	1.11883247317e-21	60.0	11.0
PA14_66190_5896422|1	91.385684495	1.1822869347e-21	64.0	14.0
PA14_20520_1765766.2|1	91.385684495	1.1822869347e-21	64.0	14.0
PA14_38930,glpR_3470292|1	91.217820324	1.28696006111e-21	51.0	5.0
PA14_63580,fdnH_5668961|1	91.217820324	1.28696006111e-21	51.0	5.0
PA14_54480_4830322|1	91.1368882569	1.34068879123e-21	69.0	18.0
PA14_08220_703000|1	91.1360199938	1.34127720904e-21	57.0	9.0
PA14_34540_3070358|1	91.1360199938	1.34127720904e-21	57.0	9.0
PA14_16340_1396181|1	91.1360199938	1.34127720904e-21	57.0	9.0
PA14_11900_1030261|2	91.1360199938	1.34127720904e-21	57.0	9.0
PA14_17910,lipG_1539153|1	91.1360199938	1.34127720904e-21	57.0	9.0
PA14_61520_5488440|1	91.1360199938	1.34127720904e-21	57.0	9.0
PA14_64120_5715744|1	91.1360199938	1.34127720904e-21	57.0	9.0
PA14_08300,JF1_708670|1	91.1360199938	1.34127720904e-21	57.0	9.0
PA14_13940_1197343|1	90.7346074785	1.64294378479e-21	61.0	12.0
PA14_65605,parC_5845617|1	90.5184460038	1.83260413885e-21	86.0	33.0
PA14_22090_1923525|1	90.3945579113	1.95102027972e-21	49.0	4.0
PA14_09210,pchA_781009|1	90.2600094333	2.08831147491e-21	58.0	10.0
PA14_51240,purC_4553363|1	90.2600094333	2.08831147491e-21	58.0	10.0
PA14_08210_702235|1	90.2600094333	2.08831147491e-21	58.0	10.0
PA14_64880,braE_5782030|1	90.2600094333	2.08831147491e-21	58.0	10.0
PA14_13750,narK1_1182066|1	90.2600094333	2.08831147491e-21	58.0	10.0
PA14_63480_5659779|1	90.2600094333	2.08831147491e-21	58.0	10.0
PA14_52130_4623172|1	90.2513917991	2.09742706471e-21	88.0	35.0
PA14_36110_3217917|1	90.0314348988	2.34405942313e-21	62.0	13.0
PA14_36910,ligD_3289781|1	90.003909162	2.37689914855e-21	55.0	8.0
PA14_32790_2861958|1	90.003909162	2.37689914855e-21	55.0	8.0
PA14_32790_2859791|1	90.003909162	2.37689914855e-21	55.0	8.0
PA14_33960_3018132|1	90.003909162	2.37689914855e-21	55.0	8.0
PA14_58900_5248602|1	89.6709649266	2.81252537001e-21	67.0	17.0
PA14_51590_4586287|2	89.4517558501	3.14208063292e-21	59.0	11.0
PA14_20040,hasE_1728424|1	89.4517558501	3.14208063292e-21	59.0	11.0
PA14_38990_3474603|1	89.4517558501	3.14208063292e-21	59.0	11.0
PA14_43460,paaH_3871004|1	89.4517558501	3.14208063292e-21	59.0	11.0
PA14_09150,katA_774294|6	89.4517558501	3.14208063292e-21	59.0	11.0
PA14_39230_3493411|1	89.4517558501	3.14208063292e-21	59.0	11.0
PA14_37680_3355419|1	89.3808809747	3.25668743225e-21	63.0	14.0
PA14_22080_1922173|1	89.0997604915	3.75396420028e-21	50.0	5.0
PA14_59660_5308968.1|1	89.0676852586	3.81532638726e-21	56.0	9.0
PA14_15290_1297131|1	89.0676852586	3.81532638726e-21	56.0	9.0
PA14_21020_1814229|1	89.0676852586	3.81532638726e-21	56.0	9.0
PA14_33280,pvdL_2916594.1|1	89.0676852586	3.81532638726e-21	56.0	9.0
PA14_43780_3897679|1	89.0676852586	3.81532638726e-21	56.0	9.0
PA14_16600_1421430|1	89.0676852586	3.81532638726e-21	56.0	9.0
PA14_46320,pyc_4121463|1	89.0676852586	3.81532638726e-21	56.0	9.0
PA14_47510_4231880|1	89.0676852586	3.81532638726e-21	56.0	9.0
PA14_66230,waaG_5901089|1	89.0676852586	3.81532638726e-21	56.0	9.0
PA14_09920_852980|1	89.0676852586	3.81532638726e-21	56.0	9.0
PA14_14400_1228939.1|1	89.0676852586	3.81532638726e-21	56.0	9.0
PA14_55060_4891754|1	89.0676852586	3.81532638726e-21	56.0	9.0
PA14_23500,tyrB_2045078|2	89.0676852586	3.81532638726e-21	56.0	9.0
PA14_08230_703162|1	89.0676852586	3.81532638726e-21	56.0	9.0
PA14_26470,cbiD_2305584|1	89.0676852586	3.81532638726e-21	56.0	9.0
PA14_22550_1962397|1	89.0676852586	3.81532638726e-21	56.0	9.0
PA14_59650_5308157|5	89.0676852586	3.81532638726e-21	56.0	9.0
PA14_06620_577515|1	89.0676852586	3.81532638726e-21	56.0	9.0
PA14_63310,smtA_5650235|1	89.0676852586	3.81532638726e-21	56.0	9.0
PA14_41820,pabB_3736064|1	89.0676852586	3.81532638726e-21	56.0	9.0
PA14_08220_702993|1	89.0676852586	3.81532638726e-21	56.0	9.0
PA14_27000_2349507|1	89.0676852586	3.81532638726e-21	56.0	9.0
PA14_42640,pscT_3793122|1	89.0676852586	3.81532638726e-21	56.0	9.0
PA14_24270,pepN_2107102|1	89.0676852586	3.81532638726e-21	56.0	9.0
PA14_01810_166565|5	89.0676852586	3.81532638726e-21	56.0	9.0
PA14_04590_408259|31	89.0676852586	3.81532638726e-21	56.0	9.0
PA14_01550_143256|2	89.0676852586	3.81532638726e-21	56.0	9.0
PA14_67010_5980708|1	89.0676852586	3.81532638726e-21	56.0	9.0
PA14_17850,fadB_1533003|1	89.0676852586	3.81532638726e-21	56.0	9.0
PA14_09270,pchE_787758|1	88.7789493526	4.41489063923e-21	64.0	15.0
PA14_57370,murD_5111369|1	88.7056128293	4.58163397376e-21	60.0	12.0
PA14_45460_4047511|1	88.7056128293	4.58163397376e-21	60.0	12.0
PA14_48440_4306563|1	88.7056128293	4.58163397376e-21	60.0	12.0
PA14_50830_4517193|1	88.7056128293	4.58163397376e-21	60.0	12.0
PA14_69950_6241896|1	88.7056128293	4.58163397376e-21	60.0	12.0
PA14_03220_288086|1	88.2658207772	5.7223730856e-21	48.0	4.0
PA14_22370_1948234.1|1	88.2220383805	5.85044391155e-21	65.0	16.0
PA14_55840_4986712|1	88.2220383805	5.85044391155e-21	65.0	16.0
PA14_17860,paaH_1533472|1	88.2058470534	5.898529046e-21	57.0	10.0
PA14_02560,mdcB_229422|2	88.2058470534	5.898529046e-21	57.0	10.0
PA14_45710_4065664|1	88.2058470534	5.898529046e-21	57.0	10.0
PA14_34540_3070428|1	88.2058470534	5.898529046e-21	57.0	10.0
PA14_23310_2022320|1	88.2058470534	5.898529046e-21	57.0	10.0
PA14_43790_3899718|1	88.2058470534	5.898529046e-21	57.0	10.0
PA14_67970_6065042|1	88.2058470534	5.898529046e-21	57.0	10.0
PA14_08230_703168|1	88.2058470534	5.898529046e-21	57.0	10.0
PA14_72130_6427921|1	88.2058470534	5.898529046e-21	57.0	10.0
PA14_42950_3818621|1	88.2058470534	5.898529046e-21	57.0	10.0
PA14_37380_3328407|1	88.2058470534	5.898529046e-21	57.0	10.0
PA14_61130_5450463|1	88.2058470534	5.898529046e-21	57.0	10.0
PA14_55780_4982610|1	88.0165443794	6.4909277043e-21	61.0	13.0
PA14_59640_5307928|1	88.0165443794	6.4909277043e-21	61.0	13.0
PA14_47430,czcD_4226214|1	87.9240438976	6.8016833184e-21	54.0	8.0
PA14_43080_3832984|1	87.9240438976	6.8016833184e-21	54.0	8.0
PA14_55400_4929022|1	87.7068935536	7.59093691509e-21	66.0	17.0
PA14_08220_702916|1	87.4119262247	8.81175503525e-21	58.0	11.0
PA14_57200_5095662|1	87.4119262247	8.81175503525e-21	58.0	11.0
PA14_08210_702705|1	87.4119262247	8.81175503525e-21	58.0	11.0
PA14_08220_702904|1	87.4119262247	8.81175503525e-21	58.0	11.0
PA14_35080,arsH_3123549|1	87.3800446133	8.95494487088e-21	62.0	14.0
PA14_54480_4830319.1|1	87.2305666734	9.65795897962e-21	67.0	18.0
PA14_57210,argJ_5097009|1	87.0667284227	1.04920835942e-20	83.0	32.0
PA14_60050_5346998|1	87.0020761741	1.0840731651e-20	55.0	9.0
PA14_59670_5309376|1	87.0020761741	1.0840731651e-20	55.0	9.0
PA14_08230_703158|1	87.0020761741	1.0840731651e-20	55.0	9.0
PA14_40370_3607916|1	87.0020761741	1.0840731651e-20	55.0	9.0
PA14_33720,pvdN_2992561.1|1	87.0020761741	1.0840731651e-20	55.0	9.0
PA14_09630_827500|1	87.0020761741	1.0840731651e-20	55.0	9.0
PA14_55060_4891628|5	87.0020761741	1.0840731651e-20	55.0	9.0
PA14_64140,prmA_5716638|1	87.0020761741	1.0840731651e-20	55.0	9.0
PA14_20520_1765123.1|1	86.9830893895	1.09453054081e-20	49.0	5.0
PA14_21050_1820472|1	86.9830893895	1.09453054081e-20	49.0	5.0
PA14_52130_4623157|1	86.929967398	1.12432778902e-20	84.0	33.0
PA14_06120_540257|1	86.7920697859	1.20551953038e-20	63.0	15.0
PA14_20520_1765824|1	86.7920697859	1.20551953038e-20	63.0	15.0
PA14_68920_6148224|1	86.7920697859	1.20551953038e-20	63.0	15.0
PA14_69380,fkl_6188650|1	86.6801832761	1.27568689632e-20	59.0	12.0
PA14_73400,trmE_6533915|1	86.6801832761	1.27568689632e-20	59.0	12.0
PA14_35860_3191640|1	86.6801832761	1.27568689632e-20	59.0	12.0
PA14_12590_1080525|1	86.2489805269	1.58649166448e-20	64.0	16.0
PA14_48540_4316549|1	86.1547571939	1.66391169005e-20	56.0	10.0
PA14_51450,cupC3_4573939|1	86.1547571939	1.66391169005e-20	56.0	10.0
PA14_39520_3519067|1	86.1547571939	1.66391169005e-20	56.0	10.0
PA14_66190_5897322|1	86.1547571939	1.66391169005e-20	56.0	10.0
PA14_04290_384066|1	86.1547571939	1.66391169005e-20	56.0	10.0
PA14_48810_4339424|1	86.1547571939	1.66391169005e-20	56.0	10.0
PA14_26020_2273659|1	86.1547571939	1.66391169005e-20	56.0	10.0
PA14_02340,atsB_210640|2	86.1547571939	1.66391169005e-20	56.0	10.0
PA14_43420_3868463|1	86.1547571939	1.66391169005e-20	56.0	10.0
PA14_23500,tyrB_2044951|1	86.1547571939	1.66391169005e-20	56.0	10.0
PA14_73390_6533183|1	86.1547571939	1.66391169005e-20	56.0	10.0
PA14_40130_3577693|1	86.1547571939	1.66391169005e-20	56.0	10.0
