feature	score	p-value	#I-out-of-135	#O-out-of-277
PA14_59990_5342403_A_G_T_A|1	137.08247422	1.15679315259e-31	76.0	5.0
PA14_37490_3336619_G_T_L_I|1	131.533948659	1.89210765879e-30	86.0	13.0
PA14_59540_5299046_A_G_I_V|1	124.202492312	7.60707071245e-29	73.0	7.0
PA14_59540_5299116_C_G_T_R|1	118.790931646	1.16370614667e-27	67.0	5.0
PA14_53560_4749482_C_A_A_D|1	114.540557829	9.92160841231e-27	83.0	17.0
PA14_15460,merA_1309232_A_G_V_A|1	114.143251253	1.21226615774e-26	63.0	4.0
PA14_13990_1199882_A_G_K_R|1	113.84215834	1.41105319826e-26	77.0	13.0
PA14_26130,morB_2281979_C_T_A_T|2	113.380719348	1.7807816187e-26	66.0	6.0
PA14_26970_2347008_G_A_T_I|1	112.703902909	2.50528746792e-26	64.0	5.0
PA14_55520,hxcU_4942104_C_T_A_V|1	112.703902909	2.50528746792e-26	64.0	5.0
PA14_18340_1573309_C_T_S_N|1	111.722025318	4.11090276842e-26	92.0	25.0
PA14_21940_1908910_C_T_A_T|1	110.676236993	6.96681504481e-26	63.0	5.0
PA14_06580_574469_G_C_K_N|9	110.676236993	6.96681504481e-26	63.0	5.0
PA14_67780_6052426_G_A_R_K|1	110.10613059	9.28823727205e-26	66.0	7.0
PA14_61870_5518248_T_G_E_A|1	110.10613059	9.28823727205e-26	66.0	7.0
PA14_21160_1830118_A_G_V_A|1	110.10613059	9.28823727205e-26	66.0	7.0
PA14_65810_5861287_T_G_Q_P|1	109.641749866	1.17401615386e-25	97.0	30.0
PA14_26930_2343869_T_C_F_L|1	109.341861593	1.36577240029e-25	64.0	6.0
PA14_28880_2493687_C_T_A_T|1	108.649293045	1.93697150396e-25	62.0	5.0
PA14_00310_28735_G_C_K_N|3	108.096596396	2.55992754055e-25	65.0	7.0
PA14_02310,atsA_207590_C_T_D_N|1	107.323842411	3.78058756806e-25	63.0	6.0
PA14_40640,cti_3628790_G_A_P_S|1	107.323842411	3.78058756806e-25	63.0	6.0
PA14_17650_1517271_C_T_P_L|1	107.323842411	3.78058756806e-25	63.0	6.0
PA14_22410_1950831_T_A_C_S|1	106.088254248	7.05234021975e-25	64.0	7.0
PA14_71350_6356469_T_G_F_C|1	106.088254248	7.05234021975e-25	64.0	7.0
PA14_36960_3292403_C_T_A_T|1	105.306818307	1.04615560623e-24	62.0	6.0
PA14_71580_6377396_T_C_I_V|1	104.9351426	1.26199737251e-24	65.0	8.0
PA14_59990_5342598_G_A_A_T|1	104.934526393	1.26238989754e-24	71.0	12.0
PA14_51420,pqsB_4569081_G_A_A_V|1	104.597704341	1.4963007164e-24	60.0	5.0
PA14_33610_2970539_G_A_S_N|1	104.459152293	1.60467706677e-24	75.0	15.0
PA14_11990_1036888_C_G_G_A|1	104.081155235	1.94196517966e-24	63.0	7.0
PA14_18040_1549391_C_A_L_I|1	104.081155235	1.94196517966e-24	63.0	7.0
PA14_50380,flgJ_4478955_G_A_A_V|1	104.081155235	1.94196517966e-24	63.0	7.0
PA14_28340_2449491_G_C_V_L|1	104.081155235	1.94196517966e-24	63.0	7.0
PA14_60020_5344845_C_A_Q_K|1	103.066787288	3.24038123151e-24	77.0	17.0
PA14_11140_969423_C_G_Q_H|1	103.066787288	3.24038123151e-24	77.0	17.0
PA14_03770,speB1_338673_G_A_M_I|1	102.938562791	3.45704483734e-24	64.0	8.0
PA14_59150_5266389_G_C_Q_H|1	102.730090038	3.84066420936e-24	52.0	1.0
PA14_16410_1404920_G_T_A_S|1	102.534806522	4.23854800332e-24	74.0	15.0
PA14_55410_4931209_C_T_S_N|1	102.480445736	4.35646682981e-24	93.0	30.0
PA14_11140_969871_C_T_G_D|1	102.430966707	4.46664626154e-24	78.0	18.0
PA14_47090_4195513_C_G_E_D|1	102.430966707	4.46664626154e-24	78.0	18.0
PA14_34130_3034210_G_A_E_K|1	102.075353405	5.34494326899e-24	62.0	7.0
PA14_36830_3282316_G_A_D_N|1	102.075353405	5.34494326899e-24	62.0	7.0
PA14_30590_2648777_C_T_A_V|1	101.938762305	5.72649397867e-24	57.0	4.0
PA14_36000,prpR_3204810_G_A_A_T|1	101.938762305	5.72649397867e-24	57.0	4.0
PA14_61910_5521507_C_T_A_T|1	101.872305519	5.92186734932e-24	65.0	9.0
PA14_24080,xcpY_2091027_C_T_A_V|2	101.275936258	8.00220362333e-24	60.0	6.0
PA14_49520,pyoS3A_4403637_C_T_G_E|1	101.275936258	8.00220362333e-24	60.0	6.0
PA14_15230,xseA_1290560_C_T_A_T|1	100.94353994	9.46430963765e-24	63.0	8.0
PA14_21190_1833985_C_G_G_A|1	100.94353994	9.46430963765e-24	63.0	8.0
PA14_20890,rfaD_1801119_G_T_A_S|2	100.94353994	9.46430963765e-24	63.0	8.0
PA14_71180_6341164_C_T_R_H|1	100.94353994	9.46430963765e-24	63.0	8.0
PA14_35970_3201512_A_G_I_T|1	100.876356957	9.7908270105e-24	66.0	10.0
PA14_05870_520408_G_A_T_I|13	100.549424526	1.15479103299e-23	58.0	5.0
PA14_42050_3750246_G_T_L_I|1	99.9453087448	1.56663986212e-23	67.0	11.0
PA14_02930_258019_A_G_Q_R|8	99.9067540224	1.59743578151e-23	56.0	4.0
PA14_30330,serS_2628316_G_A_A_T|2	99.9067540224	1.59743578151e-23	56.0	4.0
PA14_05390,chpA_470998_A_C_Q_P|1	99.8885167052	1.61221321627e-23	64.0	9.0
PA14_36080,yfaV_3214660_C_T_G_D|1	99.8885167052	1.61221321627e-23	64.0	9.0
PA14_29270,yaiW_2533005_A_G_I_V|1	99.8885167052	1.61221321627e-23	64.0	9.0
PA14_60760_5414610_G_T_A_E|1	99.8885167052	1.61221321627e-23	64.0	9.0
PA14_46490,fabF2_4138284_G_A_G_S|2	99.2621757331	2.21192515431e-23	59.0	6.0
PA14_28040_2426950_T_C_I_V|1	99.2621757331	2.21192515431e-23	59.0	6.0
PA14_00060_7764_C_T_V_I|14	99.2621757331	2.21192515431e-23	59.0	6.0
PA14_67200_5998004_T_C_R_G|1	98.6278981691	3.04696344684e-23	92.0	31.0
PA14_72890_6491370_G_A_A_T|1	98.5266255192	3.20683853121e-23	57.0	5.0
PA14_36070_3213128_C_T_A_T|1	98.5266255192	3.20683853121e-23	57.0	5.0
PA14_55260_4907825_G_A_R_C|1	98.5266255192	3.20683853121e-23	57.0	5.0
PA14_02560,mdcB_229497_G_A_A_T|13	98.5266255192	3.20683853121e-23	57.0	5.0
PA14_25305,nqrB_2213424_A_G_N_S|3	98.5266255192	3.20683853121e-23	57.0	5.0
PA14_62100_5542123_T_G_Q_P|2	98.5266255192	3.20683853121e-23	57.0	5.0
PA14_00700_70871_A_C_E_A|1	98.5266255192	3.20683853121e-23	57.0	5.0
PA14_11580_1002226_A_G_T_A|6	98.5266255192	3.20683853121e-23	57.0	5.0
PA14_59690_5311021_T_A_S_T|1	98.3891696751	3.43734038218e-23	81.0	22.0
PA14_08050_691684_C_A_S_R|1	98.138205924	3.9017771766e-23	87.0	27.0
PA14_13060_1121373_T_G_Q_P|1	98.0678736282	4.04284957557e-23	60.0	7.0
PA14_72820_6486303_G_A_R_H|1	98.0678736282	4.04284957557e-23	60.0	7.0
PA14_02340,atsB_210129_C_T_R_H|1	98.0121782189	4.15817390795e-23	73.0	16.0
PA14_67190_5997735_G_T_L_I|1	98.0121782189	4.15817390795e-23	73.0	16.0
PA14_49520,pyoS3A_4403721_G_T_T_N|1	97.9849063091	4.21583809502e-23	66.0	11.0
PA14_59690_5311022_C_G_S_C|1	97.9282641555	4.33817165191e-23	82.0	23.0
PA14_55400_4925847_G_A_A_V|1	97.9066185319	4.38585317009e-23	63.0	9.0
PA14_05650_502648_C_T_A_V|1	97.9066185319	4.38585317009e-23	63.0	9.0
PA14_50010,yliI_4445904_C_T_R_Q|1	97.9066185319	4.38585317009e-23	63.0	9.0
PA14_06160,fiuA_544941_G_A_A_V|2	97.9066185319	4.38585317009e-23	63.0	9.0
PA14_22160_1934441_T_C_M_V|1	97.8754184032	4.45550538784e-23	55.0	4.0
PA14_68510_6111764_C_T_V_I|1	97.2496055622	6.11161804575e-23	58.0	6.0
PA14_32790_2863284_A_T_Y_F|1	97.2496055622	6.11161804575e-23	58.0	6.0
PA14_33200_2906822_C_T_A_V|1	97.2496055622	6.11161804575e-23	58.0	6.0
PA14_09710,aldH_835750_C_T_R_H|1	97.2496055622	6.11161804575e-23	58.0	6.0
PA14_53020,pbpG_4701815_G_T_A_S|1	97.2496055622	6.11161804575e-23	58.0	6.0
PA14_65670_5849465_C_A_A_S|1	97.1258666883	6.50574165414e-23	67.0	12.0
PA14_42080,fadB_3753662_G_T_A_E|1	96.9340763146	7.16744479042e-23	64.0	10.0
PA14_18330,arnT_1571636_C_A_R_L|1	96.5047790644	8.90286781984e-23	56.0	5.0
PA14_20520_1764304_A_G_T_A|1	96.5047790644	8.90286781984e-23	56.0	5.0
PA14_00080_9710_A_G_E_G|516	96.5047790644	8.90286781984e-23	56.0	5.0
PA14_35940_3199199_C_T_A_T|2	96.5047790644	8.90286781984e-23	56.0	5.0
PA14_34000_3023955_C_T_R_Q|1	96.5047790644	8.90286781984e-23	56.0	5.0
PA14_42600,pscP_3789814_G_A_A_T|1	96.5047790644	8.90286781984e-23	56.0	5.0
PA14_24510,pelD_2143371_G_T_R_L|1	96.5047790644	8.90286781984e-23	56.0	5.0
PA14_34640,gntK_3077363_C_T_G_D|1	96.5047790644	8.90286781984e-23	56.0	5.0
PA14_21870_1901805_A_T_M_K|1	96.5047790644	8.90286781984e-23	56.0	5.0
PA14_32790_2863290_G_A_S_N|1	96.5047790644	8.90286781984e-23	56.0	5.0
PA14_41520,ppkB_3705756_C_T_L_F|1	96.3225627642	9.7611275017e-23	68.0	13.0
PA14_64120_5715151_G_A_S_N|1	96.0963065815	1.09428754251e-22	81.0	23.0
PA14_05540,mexB_490811_G_A_G_D|1	96.0663206473	1.11098768508e-22	59.0	7.0
PA14_68360_6098543_C_A_L_M|1	96.0663206473	1.11098768508e-22	59.0	7.0
PA14_02900,pcaK_256101_G_A_P_S|1	96.0663206473	1.11098768508e-22	59.0	7.0
PA14_15435_1307150_T_C_N_S|1	96.0663206473	1.11098768508e-22	59.0	7.0
PA4055-PA4056,sRNA2315_989631_G_A_W_*|1	96.0663206473	1.11098768508e-22	59.0	7.0
PA14_61870_5518617_G_A_A_V|1	96.0269104369	1.13332481618e-22	65.0	11.0
PA14_08050_691742_G_A_A_T|2	96.0048741694	1.14600988077e-22	87.0	28.0
PA14_06120_540145_C_T_R_H|1	95.9266908847	1.19217235839e-22	62.0	9.0
PA14_65370,amiB_5823126_T_A_N_I|1	95.9266908847	1.19217235839e-22	62.0	9.0
PA14_36605_3259443_G_A_R_Q|1	95.9266908847	1.19217235839e-22	62.0	9.0
PA14_22110_1928152_T_C_I_V|4	95.8447902403	1.24252559011e-22	54.0	4.0
PA14_02610,mdcG_232519_C_T_P_S|1	95.2382824289	1.68794334417e-22	57.0	6.0
PA14_72510,thrB_6460556_C_A_A_D|1	95.2382824289	1.68794334417e-22	57.0	6.0
PA14_16780_1436419_C_G_R_G|1	95.2382824289	1.68794334417e-22	57.0	6.0
PA14_46490,fabF2_4137979_G_A_R_H|1	95.2382824289	1.68794334417e-22	57.0	6.0
PA14_32790_2859876_A_T_Q_L|1	95.2382824289	1.68794334417e-22	57.0	6.0
PA14_21490_1864854_G_T_G_C|3	95.2382824289	1.68794334417e-22	57.0	6.0
PA14_53360,plcH_4731572_G_A_V_I|1	95.2382824289	1.68794334417e-22	57.0	6.0
PA14_36910,ligD_3289616_C_G_E_Q|1	95.2382824289	1.68794334417e-22	57.0	6.0
PA14_57640_5133652_G_A_D_N|1	95.2382824289	1.68794334417e-22	57.0	6.0
PA14_32100,xylY_2793130_G_A_V_I|1	95.2382824289	1.68794334417e-22	57.0	6.0
PA14_01910,pcaG_174694_T_G_V_G|1	95.2382824289	1.68794334417e-22	57.0	6.0
PA14_29720_2573611_G_A_V_I|1	95.1800919498	1.73829640833e-22	66.0	12.0
PA14_28895_2496335_G_A_R_C|1	94.9685000354	1.93438998266e-22	60.0	8.0
PA14_26420_2301496_C_T_R_Q|1	94.9662529054	1.93658706981e-22	63.0	10.0
PA14_37420_3331118_C_T_A_T|1	94.9662529054	1.93658706981e-22	63.0	10.0
PA14_57480_5122255_G_A_S_N|1	94.9662529054	1.93658706981e-22	63.0	10.0
PA14_06160,fiuA_544071_C_T_R_Q|1	94.9662529054	1.93658706981e-22	63.0	10.0
PA14_36920_3290779_G_A_Q_*|1	94.9662529054	1.93658706981e-22	63.0	10.0
PA14_30460_2638143_G_A_A_T|1	94.9662529054	1.93658706981e-22	63.0	10.0
PA14_66160_5893967_T_C_I_V|1	94.9662529054	1.93658706981e-22	63.0	10.0
PA14_64800,vanA_5774982_A_G_T_A|1	94.4839327896	2.47089892317e-22	55.0	5.0
PA14_32400,mexE_2817506_T_C_Q_R|1	94.4839327896	2.47089892317e-22	55.0	5.0
PA14_05390,chpA_471813_G_T_A_S|3	94.4839327896	2.47089892317e-22	55.0	5.0
PA14_53800,mntH2_4770526_G_A_V_M|1	94.4839327896	2.47089892317e-22	55.0	5.0
PA14_55117_4896777_C_T_H_Y|1	94.4839327896	2.47089892317e-22	55.0	5.0
PA14_68970_6152568_C_T_R_H|1	94.4839327896	2.47089892317e-22	55.0	5.0
PA14_21450_1859423_C_T_R_W|1	94.4839327896	2.47089892317e-22	55.0	5.0
PA14_03220_286750_T_C_H_R|1	94.4839327896	2.47089892317e-22	55.0	5.0
PA14_09580_824859_C_T_R_C|7	94.4839327896	2.47089892317e-22	55.0	5.0
PA14_19290,srmB_1663600_C_T_A_V|1	94.4839327896	2.47089892317e-22	55.0	5.0
PA14_35620,pslK_3165683_T_C_H_R|1	94.4839327896	2.47089892317e-22	55.0	5.0
PA14_33530_2950861_C_T_E_K|16	94.4839327896	2.47089892317e-22	55.0	5.0
PA14_02490,tonB2_224617_G_A_A_T|7	94.4839327896	2.47089892317e-22	55.0	5.0
PA14_41280_3684874_G_A_A_T|2	94.4839327896	2.47089892317e-22	55.0	5.0
PA14_66150_5893268_G_A_P_L|1	94.3768517202	2.60824640957e-22	93.0	34.0
PA14_43910_3909468_G_A_P_S|1	94.0714173909	3.04342451394e-22	64.0	11.0
PA14_53310_4724878_G_A_R_H|1	94.0663153239	3.05127937663e-22	58.0	7.0
PA14_24490,pelB_2139300_G_A_G_S|1	94.0663153239	3.05127937663e-22	58.0	7.0
PA14_28880_2493570_T_C_S_G|1	94.0663153239	3.05127937663e-22	58.0	7.0
PA14_60900_5434776_A_G_L_S|1	94.0663153239	3.05127937663e-22	58.0	7.0
PA14_71220,cls_6345695_T_A_Y_F|1	94.0663153239	3.05127937663e-22	58.0	7.0
PA14_19940_1718862_G_A_A_V|1	93.9167268351	3.29081374784e-22	87.0	29.0
PA14_22110_1928163_T_C_Q_R|1	93.8149067682	3.46452761523e-22	53.0	4.0
PA14_49560,toxA_4407502_C_T_S_L|1	93.6498344959	3.76585573406e-22	68.0	14.0
PA14_49530_4406047_G_A_A_T|1	93.3301778313	4.42592048228e-22	77.0	21.0
PA14_37030,cupA3_3297697_G_C_R_G|1	93.2370724609	4.63909747599e-22	65.0	12.0
PA14_21020_1811983_C_T_A_T|1	93.2282666736	4.65978352713e-22	56.0	6.0
PA14_02020_184069_G_A_G_S|7	93.2282666736	4.65978352713e-22	56.0	6.0
PA14_21300_1845706_C_T_R_Q|3	93.2282666736	4.65978352713e-22	56.0	6.0
PA14_61550_5492637_G_A_A_T|1	93.2282666736	4.65978352713e-22	56.0	6.0
PA14_01330_129569_C_T_A_T|1	93.2282666736	4.65978352713e-22	56.0	6.0
PA14_13200_1137769_T_C_S_P|1	93.2282666736	4.65978352713e-22	56.0	6.0
PA14_22500_1958646_T_A_T_S|1	93.2282666736	4.65978352713e-22	56.0	6.0
PA14_66230,waaG_5900150_C_T_R_H|1	93.2282666736	4.65978352713e-22	56.0	6.0
PA14_66600,aroB_5946019_G_A_S_F|1	93.2282666736	4.65978352713e-22	56.0	6.0
PA14_08180_701590_A_G_Q_R|1	93.2282666736	4.65978352713e-22	56.0	6.0
PA14_32110,xylZ_2794060_C_T_H_Y|1	93.2282666736	4.65978352713e-22	56.0	6.0
PA14_37460_3333475_C_T_G_D|1	93.2282666736	4.65978352713e-22	56.0	6.0
PA14_51530,exoU_4581681_G_A_P_L|1	93.2282666736	4.65978352713e-22	56.0	6.0
PA14_27755,yliJ_2407645_G_T_E_D|1	93.2282666736	4.65978352713e-22	56.0	6.0
PA14_31310_2723359_G_A_A_T|5	93.2282666736	4.65978352713e-22	56.0	6.0
PA14_72110_6425732_A_C_D_A|1	93.2282666736	4.65978352713e-22	56.0	6.0
PA14_08120_696481_G_C_D_H|2	93.2282666736	4.65978352713e-22	56.0	6.0
PA14_08050_692391_C_G_A_G|1	93.2282666736	4.65978352713e-22	56.0	6.0
PA14_54450,nadB_4828624_C_G_D_E|1	93.2282666736	4.65978352713e-22	56.0	6.0
PA14_35530,bkdA1_3159525_A_G_V_A|1	93.2282666736	4.65978352713e-22	56.0	6.0
PA14_42820_3807570_A_G_Q_R|1	93.2282666736	4.65978352713e-22	56.0	6.0
PA14_65050_5797256_G_A_R_C|1	93.2282666736	4.65978352713e-22	56.0	6.0
PA14_12670_1087429_G_A_A_V|14	93.2282666736	4.65978352713e-22	56.0	6.0
PA14_06960_604416_C_G_D_E|6	93.2282666736	4.65978352713e-22	56.0	6.0
PA14_23090,edaA_2002865_G_A_A_T|1	93.2282666736	4.65978352713e-22	56.0	6.0
PA14_45030,ttuD_4016777_G_A_C_Y|1	93.2282666736	4.65978352713e-22	56.0	6.0
PA14_57480_5121923_G_T_E_D|1	93.2282666736	4.65978352713e-22	56.0	6.0
PA14_00180,sun_19460_G_A_R_C|11	93.2282666736	4.65978352713e-22	56.0	6.0
PA14_02700_241022_A_G_K_R|1	93.2282666736	4.65978352713e-22	56.0	6.0
PA14_08120_696594_G_A_M_I|1	93.2282666736	4.65978352713e-22	56.0	6.0
PA14_04950,mtgA_437516_C_G_G_A|1	93.2282666736	4.65978352713e-22	56.0	6.0
PA14_55400_4926837_A_G_V_A|1	93.2282666736	4.65978352713e-22	56.0	6.0
PA14_64280_5728766_G_C_G_A|1	93.2282666736	4.65978352713e-22	56.0	6.0
PA14_21470_1861628_A_C_D_A|2	93.2282666736	4.65978352713e-22	56.0	6.0
PA14_04560_405394_T_A_V_D|6	93.2282666736	4.65978352713e-22	56.0	6.0
PA14_39860_3553224_G_T_G_C|1	93.2282666736	4.65978352713e-22	56.0	6.0
PA14_02980_261047_C_A_R_L|18	93.2282666736	4.65978352713e-22	56.0	6.0
PA14_68100_6076106_G_A_G_S|1	93.2282666736	4.65978352713e-22	56.0	6.0
PA14_19710_1700783_C_T_R_C|2	93.2282666736	4.65978352713e-22	56.0	6.0
PA14_20520_1765345_C_G_P_A|1	93.2282666736	4.65978352713e-22	56.0	6.0
PA14_28300_2446654_C_T_A_T|1	93.2282666736	4.65978352713e-22	56.0	6.0
PA14_26810_2334453_C_A_Q_K|2	93.0007636196	5.22741671221e-22	62.0	10.0
PA14_16330_1395068_G_T_K_N|1	92.9804124185	5.28144645596e-22	59.0	8.0
PA14_21070_1822348_A_G_Q_R|1	92.9804124185	5.28144645596e-22	59.0	8.0
PA14_34550_3071074_G_A_A_V|1	92.9804124185	5.28144645596e-22	59.0	8.0
PA14_04550,glpQ_404820_T_C_M_V|1	92.9804124185	5.28144645596e-22	59.0	8.0
PA14_38770_3458305_G_A_A_V|1	92.9804124185	5.28144645596e-22	59.0	8.0
PA14_20040,hasE_1728229_G_C_V_L|1	92.9804124185	5.28144645596e-22	59.0	8.0
PA14_19210_1658999_G_A_P_S|1	92.9804124185	5.28144645596e-22	59.0	8.0
PA14_07810_672888_C_G_E_Q|1	92.9804124185	5.28144645596e-22	59.0	8.0
PA14_59150_5266388_A_G_Q_R|1	92.7930540153	5.80585628622e-22	49.0	2.0
PA14_36870_3286329_C_G_W_C|1	92.4641375512	6.85559007719e-22	54.0	5.0
PA14_39880,phzG2_3555928_T_A_Q_L|1	92.4641375512	6.85559007719e-22	54.0	5.0
PA14_22250_1937988_C_T_A_T|1	92.4641375512	6.85559007719e-22	54.0	5.0
PA14_44910_4003612_A_C_K_T|1	92.4641375512	6.85559007719e-22	54.0	5.0
PA14_22090_1923991_T_C_I_V|2	92.4641375512	6.85559007719e-22	54.0	5.0
PA14_22220_1936031_C_T_G_D|1	92.4641375512	6.85559007719e-22	54.0	5.0
PA14_69870,pchP_6230786_G_C_T_S|2	92.4641375512	6.85559007719e-22	54.0	5.0
PA14_22270_1940159_G_A_A_V|1	92.4641375512	6.85559007719e-22	54.0	5.0
PA14_22120_1929676_T_C_N_S|1	92.4641375512	6.85559007719e-22	54.0	5.0
PA14_65605,parC_5845617_G_A_S_L|1	92.1510429783	8.03070811877e-22	86.0	29.0
PA14_51670_4591650_T_G_E_A|1	92.1185286369	8.16374239952e-22	63.0	11.0
PA14_00660_67308_C_T_S_N|1	92.1185286369	8.16374239952e-22	63.0	11.0
PA14_68050_6072419_C_T_R_C|1	92.1185286369	8.16374239952e-22	63.0	11.0
PA14_62650_5591077_G_C_V_L|1	92.1185286369	8.16374239952e-22	63.0	11.0
PA14_16190_1380225_G_A_V_I|1	92.0679302046	8.37516647246e-22	57.0	7.0
PA14_50360,flgK_4477147_G_A_L_F|1	92.0679302046	8.37516647246e-22	57.0	7.0
PA14_72200,prfH_6432187_G_T_F_L|1	92.0679302046	8.37516647246e-22	57.0	7.0
PA14_55610,dnaE2_4951335_C_A_Q_K|1	92.0679302046	8.37516647246e-22	57.0	7.0
PA14_44680,smc_3981238_G_A_A_V|1	92.0679302046	8.37516647246e-22	57.0	7.0
PA14_61820,ychF_5513326_G_A_D_N|1	92.0679302046	8.37516647246e-22	57.0	7.0
PA14_65960,waaA_5876462_G_A_L_F|1	92.0679302046	8.37516647246e-22	57.0	7.0
PA14_37490_3337557_T_G_K_T|7	92.0679302046	8.37516647246e-22	57.0	7.0
PA14_59990_5342418_A_G_T_A|1	91.973089869	8.78631861078e-22	60.0	9.0
PA14_17880,paaJ_1535652_G_A_G_D|1	91.973089869	8.78631861078e-22	60.0	9.0
PA14_52130_4623243_G_A_A_V|1	91.9225461142	9.01362083118e-22	96.0	38.0
PA14_03290_298673_T_G_V_G|1	91.7858078811	9.65846670124e-22	52.0	4.0
PA14_00510_48003_C_G_H_Q|1	91.7858078811	9.65846670124e-22	52.0	4.0
PA14_20520_1765766_C_T_A_V|1	91.2969169816	1.23653141135e-21	64.0	12.0
PA14_10010_861943_A_G_I_V|1	91.2196225935	1.28578842124e-21	55.0	6.0
PA14_32830_2871402_G_C_P_A|1	91.2196225935	1.28578842124e-21	55.0	6.0
PA14_09940,pfpI_854706_T_G_T_P|1	91.2196225935	1.28578842124e-21	55.0	6.0
PA14_32330_2809061_G_T_R_S|1	91.2196225935	1.28578842124e-21	55.0	6.0
PA14_28880_2492634_C_G_E_Q|1	91.2196225935	1.28578842124e-21	55.0	6.0
PA14_66190_5896995_A_C_F_C|1	91.2196225935	1.28578842124e-21	55.0	6.0
PA14_36560_3252991_C_T_G_D|1	91.2196225935	1.28578842124e-21	55.0	6.0
PA14_55840_4986611_C_A_A_S|1	91.141179302	1.3377845593e-21	72.0	18.0
PA14_40150_3578371_G_A_V_I|1	90.9942570511	1.44089710262e-21	58.0	8.0
PA14_08210_702254_A_G_I_V|1	90.9942570511	1.44089710262e-21	58.0	8.0
PA14_16310_1393007_C_G_A_G|1	90.9942570511	1.44089710262e-21	58.0	8.0
PA14_05390,chpA_470574_G_A_G_S|1	90.9942570511	1.44089710262e-21	58.0	8.0
PA14_25360,apbE_2217773_G_C_G_A|1	90.5312653207	1.82076911486e-21	65.0	13.0
PA14_01680_154111_C_G_L_V|1	90.5312653207	1.82076911486e-21	65.0	13.0
PA14_32790_2859797_A_G_I_V|1	90.4454477134	1.9014790924e-21	53.0	5.0
PA14_52670,astD_4670033_C_T_R_Q|1	90.4454477134	1.9014790924e-21	53.0	5.0
PA14_52130_4623134_A_C_D_E|1	90.3921002216	1.95344525299e-21	94.0	37.0
PA14_20050,hasF_1728682_C_T_A_V|1	90.0973944823	2.267200849e-21	96.0	39.0
PA14_43650_3885589_T_C_F_L|1	90.0712424418	2.29736791022e-21	56.0	7.0
PA14_66450_5928512_T_C_Y_H|1	90.0712424418	2.29736791022e-21	56.0	7.0
PA14_38820,pqqB_3461360_G_A_A_V|2	90.0712424418	2.29736791022e-21	56.0	7.0
PA14_30320,ycaJ_2625792_G_A_V_I|5	90.0712424418	2.29736791022e-21	56.0	7.0
PA14_24445,gdhB_2130684_C_T_P_L|1	90.0712424418	2.29736791022e-21	56.0	7.0
PA14_30730_2666434_C_A_Q_H|1	90.0712424418	2.29736791022e-21	56.0	7.0
PA14_49750_4426810_C_T_A_V|1	90.0712424418	2.29736791022e-21	56.0	7.0
PA14_15780_1343709_A_T_V_E|1	90.0712424418	2.29736791022e-21	56.0	7.0
PA14_09320,pchI_798737_C_T_A_V|3	90.0712424418	2.29736791022e-21	56.0	7.0
PA14_09370_803560_C_G_D_E|5	90.0712424418	2.29736791022e-21	56.0	7.0
PA14_59530_5296642_T_C_V_A|1	90.0712424418	2.29736791022e-21	56.0	7.0
PA14_23930,metZ_2080458_G_T_K_N|1	90.0712424418	2.29736791022e-21	56.0	7.0
PA14_12760_1094262_C_T_A_V|1	90.0712424418	2.29736791022e-21	56.0	7.0
PA14_55640,sbcD_4958208_A_G_D_G|1	90.0712424418	2.29736791022e-21	56.0	7.0
PA14_48150_4286214_T_C_V_A|1	90.0712424418	2.29736791022e-21	56.0	7.0
PA14_04320,ilvA1_386457_G_T_E_D|15	90.0712424418	2.29736791022e-21	56.0	7.0
PA14_34270,metN-1_3046927_C_T_S_N|1	90.0712424418	2.29736791022e-21	56.0	7.0
PA14_34580_3072200_T_A_T_S|1	90.0712424418	2.29736791022e-21	56.0	7.0
PA14_37400_3328972_G_A_A_T|6	90.0712424418	2.29736791022e-21	56.0	7.0
PA14_70010_6245307_C_T_R_H|1	90.0712424418	2.29736791022e-21	56.0	7.0
PA14_07500_645487_G_A_A_V|2	90.0712424418	2.29736791022e-21	56.0	7.0
PA14_42980_3823958_C_T_S_N|1	90.0712424418	2.29736791022e-21	56.0	7.0
PA14_30690_2659558_G_C_T_R|1	90.0712424418	2.29736791022e-21	56.0	7.0
PA14_04730_419814_G_A_A_V|1	90.0712424418	2.29736791022e-21	56.0	7.0
PA14_37900_3381418_G_A_A_V|1	90.0712424418	2.29736791022e-21	56.0	7.0
PA14_65390,yjeF_5825057_C_G_E_Q|1	90.0712424418	2.29736791022e-21	56.0	7.0
PA14_29020,cpo_2509287_A_C_D_A|1	90.0712424418	2.29736791022e-21	56.0	7.0
PA14_65390,yjeF_5826304_G_A_A_V|1	90.0712424418	2.29736791022e-21	56.0	7.0
PA14_37260,opdO_3318526_A_C_E_A|1	90.0712424418	2.29736791022e-21	56.0	7.0
PA14_45470_4048844_G_C_E_Q|1	90.0712424418	2.29736791022e-21	56.0	7.0
PA14_39640,cobN_3530102_G_C_R_G|1	90.0712424418	2.29736791022e-21	56.0	7.0
PA14_46370_4126681_T_A_L_Q|1	90.0712424418	2.29736791022e-21	56.0	7.0
PA14_19320_1666415_A_G_N_S|1	89.9996004499	2.38208117234e-21	59.0	9.0
PA14_35530,bkdA1_3159492_T_G_E_A|1	89.9996004499	2.38208117234e-21	59.0	9.0
PA14_69590_6208282_C_T_P_S|1	89.9996004499	2.38208117234e-21	59.0	9.0
PA14_52130_4623172_T_C_K_E|1	89.6383509382	2.85927421255e-21	88.0	32.0
PA14_32100,xylY_2792796_G_C_Q_H|1	89.3597400722	3.29167571844e-21	63.0	12.0
PA14_37410_3330107_C_G_L_V|1	89.3597400722	3.29167571844e-21	63.0	12.0
PA14_02930_257991_C_T_H_Y|1	89.3597400722	3.29167571844e-21	63.0	12.0
PA14_37420_3331052_C_T_A_T|1	89.3597400722	3.29167571844e-21	63.0	12.0
PA14_55410_4931739_G_T_D_E|1	89.2209153371	3.53096077302e-21	90.0	34.0
PA14_22270_1940597_T_C_K_R|1	89.2124187726	3.546158466e-21	54.0	6.0
PA14_32790_2863277_C_T_H_Y|1	89.2124187726	3.546158466e-21	54.0	6.0
PA14_22160_1934836_C_T_R_K|1	89.2124187726	3.546158466e-21	54.0	6.0
PA14_68930_6149882_A_G_T_A|1	89.0771875537	3.79704397402e-21	60.0	10.0
PA14_08220_703000_G_A_D_N|1	89.0101231139	3.92797350383e-21	57.0	8.0
PA14_08300,JF1_708670_C_A_A_E|1	89.0101231139	3.92797350383e-21	57.0	8.0
PA14_24820_2170105_T_G_D_A|1	89.0101231139	3.92797350383e-21	57.0	8.0
PA14_59690_5312281_G_A_G_S|1	89.0101231139	3.92797350383e-21	57.0	8.0
PA14_26670_2324495_C_G_E_Q|1	89.0101231139	3.92797350383e-21	57.0	8.0
PA14_03770,speB1_338462_A_C_D_A|1	89.0101231139	3.92797350383e-21	57.0	8.0
PA14_32350_2810588_A_G_V_A|1	89.0101231139	3.92797350383e-21	57.0	8.0
PA14_25760,holB_2248546_C_T_P_S|2	89.0101231139	3.92797350383e-21	57.0	8.0
PA14_11900_1030261_T_C_D_G|2	89.0101231139	3.92797350383e-21	57.0	8.0
PA14_53570_4751100_G_C_R_G|1	88.4279214549	5.27213564895e-21	52.0	5.0
PA14_13940_1197343_G_A_A_T|1	88.2209980538	5.85352166108e-21	61.0	11.0
PA14_66140_5891814_G_A_R_C|1	88.0763341658	6.29766130715e-21	55.0	7.0
PA14_43110_3841388_C_T_A_T|1	88.0763341658	6.29766130715e-21	55.0	7.0
PA14_10040_863265_T_G_K_T|1	88.0763341658	6.29766130715e-21	55.0	7.0
PA14_36390_3242740_G_A_E_K|1	88.0763341658	6.29766130715e-21	55.0	7.0
PA14_58515_5211648_T_C_T_A|1	88.0763341658	6.29766130715e-21	55.0	7.0
PA14_59540_5298887_G_A_A_T|1	88.0284502078	6.45197558701e-21	58.0	9.0
PA14_17760,ada_1526558_A_G_Q_R|1	88.0284502078	6.45197558701e-21	58.0	9.0
PA14_35360,kguE_3143268_G_A_P_L|1	88.0284502078	6.45197558701e-21	58.0	9.0
PA14_08210_702235_C_G_I_M|1	88.0284502078	6.45197558701e-21	58.0	9.0
PA14_13520_1164131_A_G_N_S|1	88.0284502078	6.45197558701e-21	58.0	9.0
PA14_72710_6476142_A_G_Q_R|1	88.0284502078	6.45197558701e-21	58.0	9.0
PA14_54480_4830322_C_G_A_G|1	87.9501749083	6.71241802057e-21	69.0	17.0
PA14_33280,pvdL_2914709_C_T_R_C|1	87.4256624856	8.75076946898e-21	62.0	12.0
PA14_51420,pqsB_4569300_G_T_A_D|1	87.4256624856	8.75076946898e-21	62.0	12.0
PA14_29360,pfeS_2542029_C_T_D_N|1	87.397434466	8.87655572163e-21	75.0	22.0
PA14_60020_5345193_G_A_A_T|1	87.2067284442	9.77506880609e-21	53.0	6.0
PA14_55780_4982619_G_A_A_V|1	87.119315339	1.0216787858e-20	59.0	10.0
PA14_09280,pchF_794681_C_G_A_G|1	87.119315339	1.0216787858e-20	59.0	10.0
PA14_35900_3195474_A_C_I_L|1	87.119315339	1.0216787858e-20	59.0	10.0
PA14_11580_1002013_C_T_H_Y|1	87.119315339	1.0216787858e-20	59.0	10.0
PA14_51450,cupC3_4574149_C_T_V_I|3	87.0281053617	1.06989925593e-20	56.0	8.0
PA14_05390,chpA_474190_G_A_R_Q|1	87.0281053617	1.06989925593e-20	56.0	8.0
PA14_72830_6486556_G_A_R_Q|1	87.0281053617	1.06989925593e-20	56.0	8.0
PA14_05250,pyrC_459283_G_A_A_V|1	87.0281053617	1.06989925593e-20	56.0	8.0
PA14_22550_1962397_C_T_P_S|1	87.0281053617	1.06989925593e-20	56.0	8.0
PA14_53530_4746818_G_C_E_Q|1	87.0281053617	1.06989925593e-20	56.0	8.0
PA14_05620,sahH_498554_C_T_V_M|10	87.0281053617	1.06989925593e-20	56.0	8.0
PA14_36290,yncB_3231625_C_G_Q_H|1	87.0281053617	1.06989925593e-20	56.0	8.0
PA14_00170,trkA_17563_C_A_E_D|7	87.0281053617	1.06989925593e-20	56.0	8.0
PA14_01810_166565_G_A_A_T|5	87.0281053617	1.06989925593e-20	56.0	8.0
PA14_66230,waaG_5901089_T_C_D_G|1	87.0281053617	1.06989925593e-20	56.0	8.0
PA14_66310,aceF_5910658_G_A_A_T|1	87.0281053617	1.06989925593e-20	56.0	8.0
PA14_08230_703162_G_A_S_N|1	87.0281053617	1.06989925593e-20	56.0	8.0
PA14_29660_2570779_C_T_P_S|1	87.0281053617	1.06989925593e-20	56.0	8.0
PA14_28250_2443419_G_A_A_V|1	87.0281053617	1.06989925593e-20	56.0	8.0
PA14_10210_878179_C_G_R_G|1	87.0281053617	1.06989925593e-20	56.0	8.0
PA14_40520_3619599_G_A_A_T|3	87.0281053617	1.06989925593e-20	56.0	8.0
PA14_63130_5635386_C_A_R_S|1	87.0281053617	1.06989925593e-20	56.0	8.0
PA14_08220_702993_G_T_Q_H|1	87.0281053617	1.06989925593e-20	56.0	8.0
PA14_15290_1297131_C_T_R_H|1	87.0281053617	1.06989925593e-20	56.0	8.0
PA14_24270,pepN_2107102_C_T_A_V|1	87.0281053617	1.06989925593e-20	56.0	8.0
PA14_05230_457703_C_T_A_V|1	87.0281053617	1.06989925593e-20	56.0	8.0
PA14_09240,pchD_783463_C_A_R_L|1	87.0281053617	1.06989925593e-20	56.0	8.0
PA14_11830_1025254_C_T_A_V|4	87.0281053617	1.06989925593e-20	56.0	8.0
PA14_16360_1399119_C_T_G_D|9	87.0281053617	1.06989925593e-20	56.0	8.0
PA14_27000_2349507_C_G_K_N|1	87.0281053617	1.06989925593e-20	56.0	8.0
PA14_33280,pvdL_2916594_A_G_D_G|1	87.0281053617	1.06989925593e-20	56.0	8.0
PA14_41820,pabB_3736064_C_G_P_A|1	87.0281053617	1.06989925593e-20	56.0	8.0
PA14_36060_3212546_G_C_L_V|1	87.0281053617	1.06989925593e-20	56.0	8.0
PA14_67200_5998102_G_A_A_V|1	86.8846522644	1.15038645239e-20	83.0	29.0
PA14_17650_1517282_G_A_G_S|1	86.6863765913	1.27169820262e-20	63.0	13.0
PA14_20520_1765824_A_C_E_D|1	86.6863765913	1.27169820262e-20	63.0	13.0
PA14_37680_3355419_C_T_P_L|1	86.6863765913	1.27169820262e-20	63.0	13.0
PA14_38930,glpR_3470292_G_A_A_T|1	86.4116211105	1.46123720157e-20	51.0	5.0
PA14_63580,fdnH_5668961_G_A_A_V|1	86.4116211105	1.46123720157e-20	51.0	5.0
PA14_09150,katA_774275_T_A_F_Y|1	86.2765885324	1.56449730931e-20	60.0	11.0
PA14_13940_1197461_C_A_T_N|1	86.2765885324	1.56449730931e-20	60.0	11.0
PA14_57370,murD_5111369_A_G_V_A|1	86.2765885324	1.56449730931e-20	60.0	11.0
PA14_50830_4517193_C_G_G_A|1	86.2765885324	1.56449730931e-20	60.0	11.0
PA14_45460_4047511_C_T_V_I|1	86.2765885324	1.56449730931e-20	60.0	11.0
PA14_08210_702612_A_G_E_G|1	86.2765885324	1.56449730931e-20	60.0	11.0
PA14_69950_6241896_C_T_V_M|1	86.2765885324	1.56449730931e-20	60.0	11.0
PA14_43790_3899718_G_A_D_N|1	86.0597454691	1.74580664623e-20	57.0	9.0
PA14_52600,alaS_4663040_G_C_D_E|1	86.0597454691	1.74580664623e-20	57.0	9.0
PA14_42950_3818621_A_C_S_A|1	86.0597454691	1.74580664623e-20	57.0	9.0
PA14_08230_703168_C_A_A_D|1	86.0597454691	1.74580664623e-20	57.0	9.0
PA14_17910,lipG_1539153_G_A_E_K|1	86.0597454691	1.74580664623e-20	57.0	9.0
PA14_34540_3070358_T_C_V_A|1	86.0597454691	1.74580664623e-20	57.0	9.0
PA14_61520_5488440_G_A_V_I|1	86.0597454691	1.74580664623e-20	57.0	9.0
PA14_64120_5715744_A_T_T_S|1	86.0597454691	1.74580664623e-20	57.0	9.0
PA14_16340_1396181_G_T_P_T|1	86.0597454691	1.74580664623e-20	57.0	9.0
PA14_66190_5896422_G_A_A_V|1	85.9988288576	1.80042234288e-20	64.0	14.0
PA14_22090_1923525_A_T_L_Q|1	85.7036628346	2.09025369577e-20	49.0	4.0
PA14_07440_638398_C_T_V_M|1	85.4948115912	2.32310356327e-20	61.0	12.0
PA14_05440_480713_T_G_T_P|1	85.3591389223	2.4880937795e-20	65.0	15.0
PA14_22370_1948234_C_T_P_S|1	85.3591389223	2.4880937795e-20	65.0	15.0
PA14_55840_4986712_G_A_A_V|1	85.3591389223	2.4880937795e-20	65.0	15.0
PA14_64880,braE_5782030_G_C_A_G|1	85.1642072312	2.74587692181e-20	58.0	10.0
PA14_09210,pchA_781009_C_T_R_Q|1	85.1642072312	2.74587692181e-20	58.0	10.0
PA14_08220_702904_G_C_E_Q|1	85.1642072312	2.74587692181e-20	58.0	10.0
PA14_08220_702916_C_A_Q_K|1	85.1642072312	2.74587692181e-20	58.0	10.0
PA14_13750,narK1_1182066_C_T_A_V|1	85.1642072312	2.74587692181e-20	58.0	10.0
PA14_08210_702705_C_T_T_M|1	85.1642072312	2.74587692181e-20	58.0	10.0
PA14_63480_5659779_A_G_S_P|1	85.1642072312	2.74587692181e-20	58.0	10.0
PA14_03810,aguA_343891_C_T_A_T|1	85.1642072312	2.74587692181e-20	58.0	10.0
PA14_51240,purC_4553363_G_A_A_V|1	85.1642072312	2.74587692181e-20	58.0	10.0
PA14_57200_5095662_G_A_A_V|1	85.1642072312	2.74587692181e-20	58.0	10.0
PA14_32790_2861958_A_T_D_V|1	85.048304565	2.91164324978e-20	55.0	8.0
PA14_33720,pvdN_2992561_G_T_A_E|1	85.048304565	2.91164324978e-20	55.0	8.0
PA14_32790_2859791_C_A_Q_K|1	85.048304565	2.91164324978e-20	55.0	8.0
PA14_36910,ligD_3289781_G_A_R_C|1	85.048304565	2.91164324978e-20	55.0	8.0
PA14_08230_703158_C_A_L_I|1	85.048304565	2.91164324978e-20	55.0	8.0
PA14_33960_3018132_G_A_L_F|1	85.048304565	2.91164324978e-20	55.0	8.0
PA14_36110_3217917_G_A_A_V|1	84.7691085261	3.35322679276e-20	62.0	13.0
PA14_52130_4623157_G_T_L_M|1	84.6802092816	3.50743728049e-20	84.0	31.0
PA14_67200_5998106_G_C_L_V|1	84.6802092816	3.50743728049e-20	84.0	31.0
PA14_22080_1922173_T_C_T_A|1	84.3966135482	4.04840638471e-20	50.0	5.0
PA14_35860_3191640_G_A_G_D|1	84.3352487919	4.17603080736e-20	59.0	11.0
PA14_09150,katA_774294_G_C_Q_H|6	84.3352487919	4.17603080736e-20	59.0	11.0
PA14_43460,paaH_3871004_A_G_S_G|1	84.3352487919	4.17603080736e-20	59.0	11.0
PA14_51590_4586287_G_A_G_S|2	84.3352487919	4.17603080736e-20	59.0	11.0
PA14_39230_3493411_G_A_S_N|1	84.3352487919	4.17603080736e-20	59.0	11.0
PA14_38990_3474603_C_T_S_N|1	84.3352487919	4.17603080736e-20	59.0	11.0
PA14_20040,hasE_1728424_G_C_E_Q|1	84.3352487919	4.17603080736e-20	59.0	11.0
PA14_58900_5248602_G_A_S_N|1	84.2096587906	4.44991348022e-20	67.0	17.0
PA14_54480_4830319_A_G_D_G|1	84.2096587906	4.44991348022e-20	67.0	17.0
PA14_06120_540257_C_T_A_T|1	84.0951099442	4.71535587226e-20	63.0	14.0
PA14_42640,pscT_3793122_G_A_V_I|1	84.0935991031	4.71896073204e-20	56.0	9.0
PA14_47510_4231880_T_C_Q_R|1	84.0935991031	4.71896073204e-20	56.0	9.0
PA14_67010_5980708_G_A_A_T|1	84.0935991031	4.71896073204e-20	56.0	9.0
PA14_55060_4891754_A_G_L_P|1	84.0935991031	4.71896073204e-20	56.0	9.0
PA14_06620_577515_C_A_L_M|1	84.0935991031	4.71896073204e-20	56.0	9.0
PA14_43780_3897679_G_A_E_K|1	84.0935991031	4.71896073204e-20	56.0	9.0
PA14_63310,smtA_5650235_G_A_G_S|1	84.0935991031	4.71896073204e-20	56.0	9.0
PA14_01550_143256_C_T_T_I|2	84.0935991031	4.71896073204e-20	56.0	9.0
PA14_47430,czcD_4226521_A_G_K_R|1	84.0935991031	4.71896073204e-20	56.0	9.0
PA14_23500,tyrB_2045078_C_T_A_T|2	84.0935991031	4.71896073204e-20	56.0	9.0
PA14_26470,cbiD_2305584_C_T_G_S|1	84.0935991031	4.71896073204e-20	56.0	9.0
PA14_17850,fadB_1533003_G_A_R_Q|1	84.0935991031	4.71896073204e-20	56.0	9.0
PA14_46320,pyc_4121463_C_G_E_D|1	84.0935991031	4.71896073204e-20	56.0	9.0
PA14_43420_3868463_T_C_Q_R|2	84.0935991031	4.71896073204e-20	56.0	9.0
PA14_27110,ligT_2355638_G_A_P_S|1	84.0935991031	4.71896073204e-20	56.0	9.0
PA14_21020_1814229_T_G_D_A|1	84.0935991031	4.71896073204e-20	56.0	9.0
PA14_07450_639348_C_T_G_R|1	84.0935991031	4.71896073204e-20	56.0	9.0
PA14_02340,atsB_210640_C_T_V_I|2	84.0935991031	4.71896073204e-20	56.0	9.0
PA14_26020_2273659_C_T_A_T|1	84.0935991031	4.71896073204e-20	56.0	9.0
PA14_09920_852980_A_T_T_S|1	84.0935991031	4.71896073204e-20	56.0	9.0
PA14_16600_1421430_G_A_V_M|1	84.0935991031	4.71896073204e-20	56.0	9.0
PA14_00925_93930_C_G_G_A|2	84.0935991031	4.71896073204e-20	56.0	9.0
PA14_04590_408259_G_A_A_V|32	84.0935991031	4.71896073204e-20	56.0	9.0
PA14_59650_5308157_C_T_T_I|6	84.0935991031	4.71896073204e-20	56.0	9.0
PA14_59660_5308869_C_G_P_A|1	84.0935991031	4.71896073204e-20	56.0	9.0
PA14_08050_691667_T_G_S_A|1	83.914115246	5.16742648901e-20	79.0	27.0
PA14_03220_288086_G_C_Q_E|1	83.6781634731	5.82248303306e-20	48.0	4.0
PA14_48440_4306563_G_A_G_D|1	83.5673218345	6.15826694418e-20	60.0	12.0
PA14_58900_5250584_C_A_R_S|1	83.5673218345	6.15826694418e-20	60.0	12.0
PA14_63080,lldP_5628545_G_A_V_M|1	83.5673218345	6.15826694418e-20	60.0	12.0
PA14_12590_1080525_C_T_G_S|1	83.4688889227	6.47266425916e-20	64.0	15.0
PA14_09270,pchE_787758_T_C_V_A|1	83.4688889227	6.47266425916e-20	64.0	15.0
PA14_40650_3630274_G_A_A_T|1	83.4688889227	6.47266425916e-20	64.0	15.0
PA14_02560,mdcB_229422_G_C_E_Q|2	83.2119869964	7.37093901917e-20	57.0	10.0
PA14_54260,yecO_4814341_T_C_S_P|1	83.2119869964	7.37093901917e-20	57.0	10.0
PA14_61820,ychF_5513250_C_G_D_E|1	83.2119869964	7.37093901917e-20	57.0	10.0
PA14_72130_6427921_C_T_S_N|1	83.2119869964	7.37093901917e-20	57.0	10.0
PA14_61130_5450463_T_C_K_R|1	83.2119869964	7.37093901917e-20	57.0	10.0
PA14_27840_2412256_T_C_V_A|1	83.2119869964	7.37093901917e-20	57.0	10.0
PA14_08230_703141_C_G_A_G|1	83.2119869964	7.37093901917e-20	57.0	10.0
PA14_34540_3070428_T_A_D_E|1	83.2119869964	7.37093901917e-20	57.0	10.0
PA14_40200_3580726_G_A_V_I|1	83.2119869964	7.37093901917e-20	57.0	10.0
PA14_39670_3535939_G_T_Q_K|1	83.2119869964	7.37093901917e-20	57.0	10.0
PA14_02620,mdcH_233157_G_A_A_T|1	83.2119869964	7.37093901917e-20	57.0	10.0
PA14_17860,paaH_1533472_G_T_A_S|1	83.2119869964	7.37093901917e-20	57.0	10.0
PA14_37380_3328407_G_A_P_L|1	83.2119869964	7.37093901917e-20	57.0	10.0
PA14_23310_2022320_C_T_P_L|1	83.2119869964	7.37093901917e-20	57.0	10.0
PA14_09920_853128_C_T_T_I|1	83.2119869964	7.37093901917e-20	57.0	10.0
PA14_67970_6065042_C_A_T_K|1	83.2119869964	7.37093901917e-20	57.0	10.0
PA14_45710_4065664_T_C_Y_C|1	83.2119869964	7.37093901917e-20	57.0	10.0
PA14_47430,czcD_4226214_C_G_R_G|1	83.0708279958	7.91653988925e-20	54.0	8.0
PA14_43080_3832984_G_C_A_P|1	83.0708279958	7.91653988925e-20	54.0	8.0
PA14_08220_702992_A_C_Q_P|1	83.0708279958	7.91653988925e-20	54.0	8.0
PA14_57210,argJ_5097009_G_A_A_V|1	82.9610948082	8.3684333902e-20	83.0	31.0
PA14_02420,atsK_218370_G_A_R_Q|1	82.8869063831	8.68848032072e-20	65.0	16.0
PA14_55780_4982610_A_C_L_R|1	82.8554778605	8.82772739965e-20	61.0	13.0
PA14_59640_5307928_C_A_T_N|1	82.8554778605	8.82772739965e-20	61.0	13.0
PA14_60020_5344974_A_G_N_D|1	82.7668880272	9.2323647206e-20	70.0	20.0
PA14_30880,trbL_2682453_C_A_L_F|1	82.7336552909	9.38889681407e-20	76.0	25.0
PA14_66000_5878460_T_C_C_R|1	82.3971123009	1.1131631263e-19	58.0	11.0
PA14_21050_1820472_T_A_D_V|1	82.3829705893	1.12115604561e-19	49.0	5.0
PA14_20520_1765123_G_T_A_S|1	82.3829705893	1.12115604561e-19	49.0	5.0
PA14_55400_4929022_C_T_V_I|1	82.3459643629	1.14234475006e-19	66.0	17.0
PA14_23100,mutT_2003108_C_T_G_D|1	82.1952892661	1.2328335359e-19	62.0	14.0
PA14_35080,arsH_3123549_C_T_D_N|1	82.1952892661	1.2328335359e-19	62.0	14.0
PA14_59670_5309376_C_T_A_V|1	82.1301310336	1.27415311104e-19	55.0	9.0
PA14_55060_4891628_C_T_R_Q|6	82.1301310336	1.27415311104e-19	55.0	9.0
PA14_09630_827500_C_T_A_T|1	82.1301310336	1.27415311104e-19	55.0	9.0
PA14_40370_3607916_G_A_L_F|1	82.1301310336	1.27415311104e-19	55.0	9.0
PA14_64140,prmA_5716638_G_A_E_K|1	82.1301310336	1.27415311104e-19	55.0	9.0
PA14_08050_691673_G_A_A_T|1	81.903750189	1.42877934097e-19	79.0	28.0
PA14_31200_2713140_C_T_V_M|1	81.8431658841	1.47325476798e-19	67.0	18.0
PA14_47850_4258213_C_A_P_T|1	81.6433352354	1.63000566029e-19	59.0	12.0
PA14_08210_702611_G_C_E_Q|1	81.6433352354	1.63000566029e-19	59.0	12.0
PA14_02510,exbD1_225969_G_A_V_I|1	81.6433352354	1.63000566029e-19	59.0	12.0
PA14_69380,fkl_6188650_C_A_Q_K|1	81.6433352354	1.63000566029e-19	59.0	12.0
PA14_09700,pqsL_834321_G_A_R_C|1	81.6433352354	1.63000566029e-19	59.0	12.0
