feature	score	p-value	#I-out-of-206	#O-out-of-147
PA14_65605,parC_5845617_G_A_S_L|1	28.89250399	7.65084271562e-08	87.0	16.0
PA14_55840_4986611_C_A_A_S|1	27.7740228692	1.36344601021e-07	67.0	9.0
PA14_37420_3331052_C_T_A_T|1	26.7446054705	2.32199053266e-07	57.0	6.0
PA14_31180_2710235_G_C_P_R|1	26.4653701155	2.68305099141e-07	65.0	9.0
PA14_71580_6377396_T_C_I_V|1	26.0689390695	3.29441375735e-07	56.0	6.0
PA14_05650_502648_C_T_A_V|1	26.0261137264	3.36830418049e-07	53.0	5.0
PA14_13990_1199882_A_G_K_R|1	25.6371561429	4.12028772707e-07	61.0	8.0
PA14_37410_3330107_C_G_L_V|1	25.3945161385	4.6724446954e-07	55.0	6.0
PA14_37420_3331118_C_T_A_T|1	25.3945161385	4.6724446954e-07	55.0	6.0
PA14_33610_2970539_G_A_S_N|1	25.3755765975	4.71854454531e-07	66.0	10.0
PA14_26930_2343869_T_C_F_L|1	25.3436388011	4.79731800227e-07	52.0	5.0
PA14_02310,atsA_207590_C_T_D_N|1	25.3436388011	4.79731800227e-07	52.0	5.0
PA14_36830_3282316_G_A_D_N|1	25.3436388011	4.79731800227e-07	52.0	5.0
PA14_26970_2347008_G_A_T_I|1	25.3436388011	4.79731800227e-07	52.0	5.0
PA14_22680,yrbE_1972882_G_C_T_S|1	25.1633024569	5.26750517234e-07	63.0	9.0
PA14_00310_28735_G_C_K_N|3	24.7213988508	6.62445690179e-07	54.0	6.0
PA14_36960_3292403_C_T_A_T|1	24.6622752083	6.83082731546e-07	51.0	5.0
PA14_06580_574469_G_C_K_N|9	24.6622752083	6.83082731546e-07	51.0	5.0
PA14_55520,hxcU_4942104_C_T_A_V|1	24.6622752083	6.83082731546e-07	51.0	5.0
PA14_30360_2631242_T_C_I_V|1	24.5149119404	7.37369491925e-07	62.0	9.0
PA14_55840_4986712_G_A_A_V|1	24.3239050438	8.1422300891e-07	59.0	8.0
PA14_15230,xseA_1290560_C_T_A_T|1	24.0496535952	9.38831505885e-07	53.0	6.0
PA14_20890,rfaD_1801119_G_T_A_S|2	24.0496535952	9.38831505885e-07	53.0	6.0
PA14_21190_1833985_C_G_G_A|1	24.0496535952	9.38831505885e-07	53.0	6.0
PA14_03770,speB1_338673_G_A_M_I|1	24.0496535952	9.38831505885e-07	53.0	6.0
PA14_32790_2863277_C_T_H_Y|1	24.0452512341	9.40980441172e-07	44.0	3.0
PA14_21940_1908910_C_T_A_T|1	23.982083566	9.72363385939e-07	50.0	5.0
PA14_28880_2493687_C_T_A_T|1	23.982083566	9.72363385939e-07	50.0	5.0
PA14_36910,ligD_3289616_C_G_E_Q|1	23.9754315966	9.7572870417e-07	47.0	4.0
PA14_37490_3336619_G_T_L_I|1	23.7139271797	1.11770763609e-06	66.0	11.0
PA14_02930_257991_C_T_H_Y|1	23.5045672826	1.24617586249e-06	55.0	7.0
PA14_00620_63078_C_G_R_P|1	23.4915244513	1.25465264578e-06	34.0	65.0
PA14_63080,lldP_5628545_G_A_V_M|1	23.3793513388	1.32998537662e-06	52.0	6.0
PA14_51420,pqsB_4569300_G_T_A_D|1	23.3793513388	1.32998537662e-06	52.0	6.0
PA14_51420,pqsB_4569081_G_A_A_V|1	23.3031289826	1.38374710842e-06	49.0	5.0
PA14_51680_4592038_G_A_H_Y|1	23.223800622	1.44201579425e-06	60.0	9.0
PA14_58270_5189659_C_T_V_M|1	23.0854185568	1.54961427737e-06	65.0	11.0
PA14_67190_5997735_G_T_L_I|1	23.0854185568	1.54961427737e-06	65.0	11.0
PA14_29720_2573611_G_A_V_I|1	23.0176652289	1.60519634157e-06	57.0	8.0
PA14_33610_2965042_C_T_P_S|1	22.984818464	1.63285786871e-06	10.0	34.0
PA14_68050_6072419_C_T_R_C|1	22.8442888217	1.75670554118e-06	54.0	7.0
PA14_31150_2708661_G_C_S_C|1	22.8442888217	1.75670554118e-06	54.0	7.0
PA14_42600,pscP_3790172_C_G_A_G|1	22.8220083071	1.77718882695e-06	62.0	10.0
PA14_33650,pvdD_2983680_G_A_A_T|1	22.7470817328	1.84784538017e-06	5.0	26.0
PA14_17650_1517271_C_T_P_L|1	22.7105680289	1.88329262195e-06	51.0	6.0
PA14_40640,cti_3628790_G_A_P_S|1	22.7105680289	1.88329262195e-06	51.0	6.0
PA14_30910,trbE_2685745_G_C_A_G|1	22.6304408697	1.96348876912e-06	79.0	17.0
PA14_52600,alaS_4663040_G_C_D_E|1	22.6254814804	1.96856353886e-06	48.0	5.0
PA14_68510_6111764_C_T_V_I|1	22.6254814804	1.96856353886e-06	48.0	5.0
PA14_09270,pchE_788309_C_G_P_A|1	22.5812465763	2.01441362629e-06	59.0	9.0
PA14_30910,trbE_2685746_C_T_A_T|1	22.4419823577	2.16587691052e-06	69.0	13.0
PA14_31180_2710400_C_G_R_P|1	22.4217687075	2.18879108217e-06	0.0	16.0
PA14_55610,dnaE2_4949272_A_T_Q_L|1	22.2658373607	2.37392682137e-06	76.0	16.0
PA14_26130,morB_2281979_C_T_A_T|2	22.1857874865	2.47499159898e-06	53.0	7.0
PA14_30460_2638143_G_A_A_T|1	22.1857874865	2.47499159898e-06	53.0	7.0
PA14_16410_1404920_G_T_A_S|1	22.1308164789	2.54688290488e-06	66.0	12.0
PA14_59540_5298887_G_A_A_T|1	22.0433850378	2.66556720734e-06	50.0	6.0
PA14_22550_1962397_C_T_P_S|1	21.9492164678	2.79961177225e-06	47.0	5.0
PA14_28880_2493570_T_C_S_G|1	21.9492164678	2.79961177225e-06	47.0	5.0
PA14_09270,pchE_788606_G_A_A_T|1	21.9408130735	2.81189741284e-06	58.0	9.0
PA14_30330,serS_2628316_G_A_A_T|2	21.9153402461	2.84946980301e-06	44.0	4.0
PA14_47430,czcD_4226214_C_G_R_G|1	21.9153402461	2.84946980301e-06	44.0	4.0
PA14_30590_2648777_C_T_A_V|1	21.9153402461	2.84946980301e-06	44.0	4.0
PA14_02490,tonB2_224617_G_A_A_T|7	21.9153402461	2.84946980301e-06	44.0	4.0
PA14_31070_2701313_T_G_M_L|1	21.9095355927	2.85810188869e-06	73.0	15.0
PA14_02340,atsB_210129_C_T_R_H|1	21.835299982	2.97083880367e-06	63.0	11.0
PA14_47930_4267828_A_G_Q_R|1	21.835299982	2.97083880367e-06	63.0	11.0
PA14_55400_4925847_G_A_A_V|1	21.5291536394	3.48490280787e-06	52.0	7.0
PA14_16830_1441908_C_T_G_S|1	21.515205026	3.51034280675e-06	16.0	41.0
PA14_39670_3535939_G_T_Q_K|1	21.3778896554	3.77094961115e-06	49.0	6.0
PA14_43100_3835967_A_C_N_T|1	21.3778896554	3.77094961115e-06	49.0	6.0
PA14_70010_6245307_C_T_R_H|1	21.2744152677	3.98008368958e-06	46.0	5.0
PA14_68100_6076106_G_A_G_S|1	21.2744152677	3.98008368958e-06	46.0	5.0
PA14_51450,cupC3_4574149_C_T_V_I|3	21.2744152677	3.98008368958e-06	46.0	5.0
PA14_40150_3578371_G_A_V_I|1	21.2744152677	3.98008368958e-06	46.0	5.0
PA14_42980_3823958_C_T_S_N|1	21.2744152677	3.98008368958e-06	46.0	5.0
PA14_07500_645487_G_A_A_V|2	21.2744152677	3.98008368958e-06	46.0	5.0
PA14_30690_2659558_G_C_T_R|1	21.2744152677	3.98008368958e-06	46.0	5.0
PA14_37900_3381418_G_A_A_V|1	21.2744152677	3.98008368958e-06	46.0	5.0
PA14_05870_520408_G_A_T_I|13	21.2744152677	3.98008368958e-06	46.0	5.0
PA14_36060_3212546_G_C_L_V|1	21.2744152677	3.98008368958e-06	46.0	5.0
PA14_32790_2863284_A_T_Y_F|1	21.2744152677	3.98008368958e-06	46.0	5.0
PA14_55640,sbcD_4958208_A_G_D_G|1	21.2744152677	3.98008368958e-06	46.0	5.0
PA14_46490,fabF2_4138284_G_A_G_S|2	21.2744152677	3.98008368958e-06	46.0	5.0
PA14_38820,pqqB_3461360_G_A_A_V|2	21.2744152677	3.98008368958e-06	46.0	5.0
PA14_36910,ligD_3289781_G_A_R_C|1	21.2744152677	3.98008368958e-06	46.0	5.0
PA14_46490,fabF2_4137979_G_A_R_H|1	21.2744152677	3.98008368958e-06	46.0	5.0
PA14_05390,chpA_474190_G_A_R_Q|1	21.2744152677	3.98008368958e-06	46.0	5.0
PA14_39880,phzG2_3555928_T_A_Q_L|1	21.2309320754	4.07140553192e-06	43.0	4.0
PA14_36870_3286329_C_G_W_C|1	21.2309320754	4.07140553192e-06	43.0	4.0
PA14_39590,metE_3523460_G_A_R_C|1	21.2138790348	4.10779110523e-06	62.0	11.0
PA14_31200_2713383_G_A_L_F|1	21.0931040809	4.37499713517e-06	74.0	16.0
PA14_31070_2701541_T_A_M_L|1	21.0931040809	4.37499713517e-06	74.0	16.0
PA14_32100,xylY_2792796_G_C_Q_H|1	21.0729359078	4.42128771483e-06	54.0	8.0
PA14_42080,fadB_3753662_G_T_A_E|1	21.0729359078	4.42128771483e-06	54.0	8.0
PA14_08160,lys_700869_A_T_Q_H|1	21.0643408748	4.44116435855e-06	4.0	23.0
PA14_08050_691667_T_G_S_A|1	20.9648106991	4.6779725681e-06	69.0	14.0
PA14_48640_4326208_C_T_A_V|1	20.903548747	4.82998960771e-06	64.0	12.0
PA14_21180_1831885_G_A_R_Q|1	20.903548747	4.82998960771e-06	64.0	12.0
PA14_31070_2701241_G_T_L_I|1	20.8892681198	4.86613268317e-06	76.0	17.0
PA14_18040_1549391_C_A_L_I|1	20.8744838746	4.90383636827e-06	51.0	7.0
PA14_11990_1036888_C_G_G_A|1	20.8744838746	4.90383636827e-06	51.0	7.0
PA14_28340_2449491_G_C_V_L|1	20.8744838746	4.90383636827e-06	51.0	7.0
PA14_73400,trmE_6533915_C_T_G_S|1	20.8744838746	4.90383636827e-06	51.0	7.0
PA14_71350_6356469_T_G_F_C|1	20.8744838746	4.90383636827e-06	51.0	7.0
PA14_22410_1950831_T_A_C_S|1	20.8744838746	4.90383636827e-06	51.0	7.0
PA14_02720_241950_A_G_Y_C|1	20.8744838746	4.90383636827e-06	51.0	7.0
PA14_50380,flgJ_4478955_G_A_A_V|1	20.8744838746	4.90383636827e-06	51.0	7.0
PA14_26420_2301496_C_T_R_Q|1	20.8744838746	4.90383636827e-06	51.0	7.0
PA14_34130_3034210_G_A_E_K|1	20.8744838746	4.90383636827e-06	51.0	7.0
PA14_53340_4729395_T_C_F_L|1	20.7141756379	5.33198084426e-06	48.0	6.0
PA14_59660_5308869_C_G_P_A|1	20.7141756379	5.33198084426e-06	48.0	6.0
PA14_35360,kguE_3143268_G_A_P_L|1	20.7141756379	5.33198084426e-06	48.0	6.0
PA14_59860_5332569_A_G_N_S|1	20.7141756379	5.33198084426e-06	48.0	6.0
PA14_13430,fecA_1156482_G_A_A_V|1	20.7141756379	5.33198084426e-06	48.0	6.0
PA14_59690_5312281_G_A_G_S|1	20.7141756379	5.33198084426e-06	48.0	6.0
PA14_56390_5030623_G_A_H_Y|1	20.7141756379	5.33198084426e-06	48.0	6.0
PA14_13520_1164131_A_G_N_S|1	20.7141756379	5.33198084426e-06	48.0	6.0
PA14_30960,traG_2688715_T_C_T_A|1	20.6565327587	5.49493792942e-06	6.0	26.0
PA14_30960,traG_2688720_G_A_P_L|1	20.6503771951	5.51263253797e-06	1.0	17.0
PA14_30970,bphR_2691475_C_T_V_I|1	20.6232620122	5.59126039754e-06	66.0	13.0
PA14_31200_2713463_T_A_H_L|1	20.6232620122	5.59126039754e-06	66.0	13.0
PA14_57480_5121923_G_T_E_D|1	20.601165709	5.65616633624e-06	45.0	5.0
PA14_16780_1436419_C_G_R_G|1	20.601165709	5.65616633624e-06	45.0	5.0
PA14_08180_701590_A_G_Q_R|1	20.601165709	5.65616633624e-06	45.0	5.0
PA14_62100_5542123_T_G_Q_P|2	20.601165709	5.65616633624e-06	45.0	5.0
PA14_02610,mdcG_232519_C_T_P_S|1	20.601165709	5.65616633624e-06	45.0	5.0
PA14_21870_1901805_A_T_M_K|1	20.601165709	5.65616633624e-06	45.0	5.0
PA14_21020_1811983_C_T_A_T|1	20.601165709	5.65616633624e-06	45.0	5.0
PA14_23090,edaA_2002865_G_A_A_T|1	20.601165709	5.65616633624e-06	45.0	5.0
PA14_66600,aroB_5946019_G_A_S_F|1	20.601165709	5.65616633624e-06	45.0	5.0
PA14_02700_241022_A_G_K_R|1	20.601165709	5.65616633624e-06	45.0	5.0
PA14_51530,exoU_4581681_G_A_P_L|1	20.601165709	5.65616633624e-06	45.0	5.0
PA14_72110_6425732_A_C_D_A|1	20.601165709	5.65616633624e-06	45.0	5.0
PA14_25305,nqrB_2213424_A_G_N_S|3	20.601165709	5.65616633624e-06	45.0	5.0
PA14_57640_5133652_G_A_D_N|1	20.601165709	5.65616633624e-06	45.0	5.0
PA14_32790_2859876_A_T_Q_L|1	20.601165709	5.65616633624e-06	45.0	5.0
PA14_31310_2723359_G_A_A_T|5	20.601165709	5.65616633624e-06	45.0	5.0
PA14_09370_803560_C_G_D_E|5	20.601165709	5.65616633624e-06	45.0	5.0
PA14_28300_2446654_C_T_A_T|1	20.601165709	5.65616633624e-06	45.0	5.0
PA14_11580_1002226_A_G_T_A|6	20.601165709	5.65616633624e-06	45.0	5.0
PA14_42820_3807570_A_G_Q_R|1	20.601165709	5.65616633624e-06	45.0	5.0
PA14_36070_3213128_C_T_A_T|1	20.601165709	5.65616633624e-06	45.0	5.0
PA14_53530_4746818_G_C_E_Q|1	20.601165709	5.65616633624e-06	45.0	5.0
PA14_08050_692391_C_G_A_G|1	20.601165709	5.65616633624e-06	45.0	5.0
PA14_02020_184069_G_A_G_S|7	20.601165709	5.65616633624e-06	45.0	5.0
PA14_00700_70871_A_C_E_A|1	20.601165709	5.65616633624e-06	45.0	5.0
PA14_72890_6491370_G_A_A_T|1	20.601165709	5.65616633624e-06	45.0	5.0
PA14_34640,gntK_3077363_C_T_G_D|1	20.601165709	5.65616633624e-06	45.0	5.0
PA14_55400_4926837_A_G_V_A|1	20.601165709	5.65616633624e-06	45.0	5.0
PA14_30880,trbL_2682381_C_A_M_I|1	20.5950184011	5.67435759974e-06	61.0	11.0
PA14_31130_2707431_C_T_A_T|1	20.5110259441	5.92887395452e-06	73.0	16.0
PA14_10600,hpaX_912802_C_G_G_A|1	20.4289779894	6.18855968199e-06	53.0	8.0
PA14_51670_4591650_T_G_E_A|1	20.4289779894	6.18855968199e-06	53.0	8.0
PA14_60760_5414610_G_T_A_E|1	20.4289779894	6.18855968199e-06	53.0	8.0
PA14_61910_5521507_C_T_A_T|1	20.4289779894	6.18855968199e-06	53.0	8.0
PA14_61870_5518248_T_G_E_A|1	20.4289779894	6.18855968199e-06	53.0	8.0
PA14_67780_6052426_G_A_R_K|1	20.4289779894	6.18855968199e-06	53.0	8.0
PA14_21160_1830118_A_G_V_A|1	20.4289779894	6.18855968199e-06	53.0	8.0
PA14_08050_691742_G_A_A_T|2	20.3146685648	6.56950029627e-06	75.0	17.0
PA14_30900,trbJ_2683647_G_T_R_S|1	20.2939132158	6.64115217817e-06	63.0	12.0
PA14_47500,sseA_4230868_T_G_S_A|1	20.2939132158	6.64115217817e-06	63.0	12.0
PA14_47370_4220133_C_A_D_E|1	20.2218815648	6.89596172e-06	50.0	7.0
PA14_55660,recD_4964153_G_A_A_V|1	20.2218815648	6.89596172e-06	50.0	7.0
PA14_59530_5296533_C_T_R_C|1	20.2218815648	6.89596172e-06	50.0	7.0
PA14_22680,yrbE_1972391_G_T_L_I|2	20.1400948729	7.19719924031e-06	70.0	15.0
PA14_38270_3413321_G_A_R_H|1	20.1400948729	7.19719924031e-06	70.0	15.0
PA14_24860,snr1_2173693_G_C_G_R|1	20.1400948729	7.19719924031e-06	70.0	15.0
PA14_07500_646091_C_T_E_K|3	20.0523438172	7.53511248193e-06	47.0	6.0
PA14_02900,pcaK_256101_G_A_P_S|1	20.0523438172	7.53511248193e-06	47.0	6.0
PA14_71220,cls_6345695_T_A_Y_F|1	20.0523438172	7.53511248193e-06	47.0	6.0
PA14_53310_4724878_G_A_R_H|1	20.0523438172	7.53511248193e-06	47.0	6.0
PA14_43780_3897679_G_A_E_K|1	20.0523438172	7.53511248193e-06	47.0	6.0
PA14_59650_5308157_C_T_T_I|6	20.0523438172	7.53511248193e-06	47.0	6.0
PA14_39520_3519067_C_T_R_H|1	20.0523438172	7.53511248193e-06	47.0	6.0
PA14_27110,ligT_2355638_G_A_P_S|1	20.0523438172	7.53511248193e-06	47.0	6.0
PA14_59940_5337434_A_T_E_D|1	20.0523438172	7.53511248193e-06	47.0	6.0
PA14_66190_5897322_T_G_D_A|1	20.0523438172	7.53511248193e-06	47.0	6.0
PA14_16310_1393007_C_G_A_G|1	20.0523438172	7.53511248193e-06	47.0	6.0
PA14_17860,paaH_1533472_G_T_A_S|1	20.0523438172	7.53511248193e-06	47.0	6.0
PA14_30930,trbC_2686678_A_T_S_T|1	20.0523438172	7.53511248193e-06	47.0	6.0
PA14_03170_280277_C_T_R_H|1	20.0523438172	7.53511248193e-06	47.0	6.0
PA14_15435_1307150_T_C_N_S|1	20.0523438172	7.53511248193e-06	47.0	6.0
PA14_36590,malQ_3257089_A_G_I_V|1	20.0332298271	7.61080419571e-06	55.0	9.0
PA14_52350_4645468_G_A_D_N|1	20.0332298271	7.61080419571e-06	55.0	9.0
PA14_01680_154111_C_G_L_V|1	20.0332298271	7.61080419571e-06	55.0	9.0
PA14_39640,cobN_3531528_C_G_M_I|1	20.0225271338	7.65351991184e-06	65.0	13.0
PA14_33650,pvdD_2984391_A_G_I_V|1	20.0225271338	7.65351991184e-06	65.0	13.0
PA14_32830_2871624_C_A_A_S|1	19.993403449	7.77097848334e-06	35.0	2.0
PA14_31260_2718494_T_A_T_S|1	19.9788262632	7.83044752412e-06	60.0	11.0
PA14_28880_2492634_C_G_E_Q|1	19.92956279	8.03482445214e-06	44.0	5.0
PA14_66190_5896995_A_C_F_C|1	19.92956279	8.03482445214e-06	44.0	5.0
PA14_30320,ycaJ_2625792_G_A_V_I|5	19.92956279	8.03482445214e-06	44.0	5.0
PA14_41280_3684874_G_A_A_T|2	19.92956279	8.03482445214e-06	44.0	5.0
PA14_54450,nadB_4828624_C_G_D_E|1	19.92956279	8.03482445214e-06	44.0	5.0
PA14_35620,pslK_3165683_T_C_H_R|1	19.92956279	8.03482445214e-06	44.0	5.0
PA14_33530_2950861_C_T_E_K|16	19.92956279	8.03482445214e-06	44.0	5.0
PA14_36560_3252991_C_T_G_D|1	19.92956279	8.03482445214e-06	44.0	5.0
PA14_03220_286750_T_C_H_R|1	19.92956279	8.03482445214e-06	44.0	5.0
PA14_34000_3023955_C_T_R_Q|1	19.92956279	8.03482445214e-06	44.0	5.0
PA14_53800,mntH2_4770526_G_A_V_M|1	19.92956279	8.03482445214e-06	44.0	5.0
PA14_43110_3841388_C_T_A_T|1	19.92956279	8.03482445214e-06	44.0	5.0
PA14_02560,mdcB_229497_G_A_A_T|13	19.92956279	8.03482445214e-06	44.0	5.0
PA14_42600,pscP_3789814_G_A_A_T|1	19.92956279	8.03482445214e-06	44.0	5.0
PA14_08120_696594_G_A_M_I|1	19.92956279	8.03482445214e-06	44.0	5.0
PA14_36000,prpR_3204810_G_A_A_T|1	19.92956279	8.03482445214e-06	44.0	5.0
PA14_01330_129569_C_T_A_T|1	19.92956279	8.03482445214e-06	44.0	5.0
PA14_00080_9710_A_G_E_G|516	19.92956279	8.03482445214e-06	44.0	5.0
PA14_38930,glpR_3470292_G_A_A_T|1	19.8660069422	8.30642733868e-06	41.0	4.0
PA14_40290,lasA_3599688_T_A_T_S|1	19.8259688957	8.48224119556e-06	81.0	20.0
PA14_55690,recC_4969018_T_G_S_R|1	19.7873412148	8.65540220831e-06	52.0	8.0
PA14_29270,yaiW_2533005_A_G_I_V|1	19.7873412148	8.65540220831e-06	52.0	8.0
PA14_36080,yfaV_3214660_C_T_G_D|1	19.7873412148	8.65540220831e-06	52.0	8.0
PA14_57480_5122255_G_A_S_N|1	19.7873412148	8.65540220831e-06	52.0	8.0
PA14_05390,chpA_470998_A_C_Q_P|1	19.7873412148	8.65540220831e-06	52.0	8.0
PA14_15240_1291421_T_G_M_L|1	19.7873412148	8.65540220831e-06	52.0	8.0
PA14_31200_2713215_T_G_K_Q|1	19.7431237938	8.8579822299e-06	74.0	17.0
PA14_52260,lemA_4638525_C_G_D_E|1	19.6870873251	9.12156453445e-06	62.0	12.0
PA14_22680,yrbE_1972739_T_G_I_L|1	19.6870873251	9.12156453445e-06	62.0	12.0
PA14_31070_2701472_C_A_A_S|1	19.6870873251	9.12156453445e-06	62.0	12.0
PA14_30850,trbI_2679546_G_A_T_I|1	19.6805555145	9.15279666726e-06	57.0	10.0
PA14_31180_2710373_A_G_L_P|1	19.6805555145	9.15279666726e-06	57.0	10.0
PA14_39250_3495522_A_C_N_H|1	19.5714574665	9.69061755691e-06	49.0	7.0
PA14_40220_3583809_G_A_R_K|1	19.5714574665	9.69061755691e-06	49.0	7.0
PA14_03810,aguA_343891_C_T_A_T|1	19.5714574665	9.69061755691e-06	49.0	7.0
PA14_37380_3327828_T_C_Q_R|1	19.5714574665	9.69061755691e-06	49.0	7.0
PA14_69590_6208282_C_T_P_S|1	19.5714574665	9.69061755691e-06	49.0	7.0
PA14_31070_2701202_T_C_I_V|1	19.5561755215	9.76844527645e-06	69.0	15.0
PA14_31180_2710069_G_C_F_L|1	19.5561755215	9.76844527645e-06	69.0	15.0
PA14_33250_2909967_T_C_L_S|1	19.5561755215	9.76844527645e-06	69.0	15.0
PA14_40690_3634932_C_T_H_Y|1	19.4247236153	1.04643591326e-05	64.0	13.0
PA14_39330,rbsA_3501610_G_A_T_I|1	19.4163536298	1.05103199886e-05	78.0	19.0
PA14_17650_1517282_G_A_G_S|1	19.4023040562	1.05879244587e-05	54.0	9.0
PA14_28400,oprQ_2452698_T_C_N_D|1	19.4023040562	1.05879244587e-05	54.0	9.0
PA14_67970_6065042_C_A_T_K|1	19.3925027815	1.06424034017e-05	46.0	6.0
PA14_33200_2906822_C_T_A_V|1	19.3925027815	1.06424034017e-05	46.0	6.0
PA14_09240,pchD_783463_C_A_R_L|1	19.3925027815	1.06424034017e-05	46.0	6.0
PA14_33720,pvdN_2992561_G_T_A_E|1	19.3925027815	1.06424034017e-05	46.0	6.0
PA14_55060_4891628_C_T_R_Q|6	19.3925027815	1.06424034017e-05	46.0	6.0
PA14_11900_1030261_T_C_D_G|2	19.3925027815	1.06424034017e-05	46.0	6.0
PA14_17850,fadB_1533003_G_A_R_Q|1	19.3925027815	1.06424034017e-05	46.0	6.0
PA14_40370_3607916_G_A_L_F|1	19.3925027815	1.06424034017e-05	46.0	6.0
PA14_05230_457703_C_T_A_V|1	19.3925027815	1.06424034017e-05	46.0	6.0
PA14_21020_1814229_T_G_D_A|1	19.3925027815	1.06424034017e-05	46.0	6.0
PA14_51580_4586010_C_G_A_P|1	19.3925027815	1.06424034017e-05	46.0	6.0
PA14_59670_5309376_C_T_A_V|1	19.3925027815	1.06424034017e-05	46.0	6.0
PA14_01810_166565_G_A_A_T|5	19.3925027815	1.06424034017e-05	46.0	6.0
PA14_04590_408259_G_A_A_V|32	19.3925027815	1.06424034017e-05	46.0	6.0
PA14_72200,prfH_6432187_G_T_F_L|1	19.3925027815	1.06424034017e-05	46.0	6.0
PA14_36630,glgX_3262553_G_A_R_Q|1	19.3925027815	1.06424034017e-05	46.0	6.0
PA14_55060_4891754_A_G_L_P|1	19.3925027815	1.06424034017e-05	46.0	6.0
PA14_61820,ychF_5513326_G_A_D_N|1	19.3925027815	1.06424034017e-05	46.0	6.0
PA14_48810_4339424_G_A_A_V|1	19.3925027815	1.06424034017e-05	46.0	6.0
PA14_28040_2426950_T_C_I_V|1	19.3925027815	1.06424034017e-05	46.0	6.0
PA14_33280,pvdL_2921405_C_A_H_N|1	19.3654169851	1.07944240083e-05	59.0	11.0
PA14_30960,traG_2689066_G_T_R_S|1	19.3559396083	1.08481297237e-05	71.0	16.0
PA14_30940,trbB_2688018_C_T_V_I|1	19.262464209	1.13924183425e-05	1.0	16.0
PA14_31100_2705469_C_T_A_T|1	19.262464209	1.13924183425e-05	1.0	16.0
PA14_31280_2720928_T_G_K_Q|1	19.262464209	1.13924183425e-05	1.0	16.0
PA14_46150_4104716_A_C_E_A|1	19.262464209	1.13924183425e-05	1.0	16.0
PA14_64800,vanA_5774982_A_G_T_A|1	19.2597094258	1.14088683184e-05	43.0	5.0
PA14_02930_258019_A_G_Q_R|8	19.2597094258	1.14088683184e-05	43.0	5.0
PA14_68970_6152568_C_T_R_H|1	19.2597094258	1.14088683184e-05	43.0	5.0
PA14_69870,pchP_6230786_G_C_T_S|2	19.2597094258	1.14088683184e-05	43.0	5.0
PA14_22250_1937988_C_T_A_T|1	19.2597094258	1.14088683184e-05	43.0	5.0
PA14_23030,oprB_1996988_A_G_T_A|1	19.2597094258	1.14088683184e-05	43.0	5.0
PA14_21450_1859423_C_T_R_W|1	19.2597094258	1.14088683184e-05	43.0	5.0
PA14_55117_4896777_C_T_H_Y|1	19.2597094258	1.14088683184e-05	43.0	5.0
PA14_05390,chpA_471813_G_T_A_S|3	19.2597094258	1.14088683184e-05	43.0	5.0
PA14_32790_2863290_G_A_S_N|1	19.2597094258	1.14088683184e-05	43.0	5.0
PA14_32400,mexE_2817506_T_C_Q_R|1	19.2597094258	1.14088683184e-05	43.0	5.0
PA14_19290,srmB_1663600_C_T_A_V|1	19.2597094258	1.14088683184e-05	43.0	5.0
PA14_09580_824859_C_T_R_C|7	19.2597094258	1.14088683184e-05	43.0	5.0
PA14_40510,ccoN-2_3619525_G_A_G_S|1	19.2447592629	1.1498558928e-05	2.0	18.0
PA14_33700,pvdF_2990947_G_A_G_E|1	19.2378750853	1.15400969713e-05	112.0	35.0
PA14_31070_2702027_C_A_V_L|1	19.1884304207	1.18428994138e-05	66.0	14.0
PA14_37420_3331127_G_A_L_F|1	19.1884304207	1.18428994138e-05	66.0	14.0
PA14_22680,yrbE_1972834_G_C_A_G|1	19.1884304207	1.18428994138e-05	66.0	14.0
PA14_31130_2707197_G_T_P_T|1	19.1856668528	1.18600572092e-05	40.0	4.0
PA14_08050_691684_C_A_S_R|1	19.1747356332	1.1928169412e-05	73.0	17.0
PA14_30880,trbL_2681794_T_C_K_R|1	19.1747356332	1.1928169412e-05	73.0	17.0
PA14_50010,yliI_4445904_C_T_R_Q|1	19.1481436083	1.20955084316e-05	51.0	8.0
PA14_71180_6341164_C_T_R_H|1	19.1481436083	1.20955084316e-05	51.0	8.0
PA14_28220_2442573_T_A_S_T|1	19.1481436083	1.20955084316e-05	51.0	8.0
PA14_10600,hpaX_912803_C_T_G_S|1	19.1481436083	1.20955084316e-05	51.0	8.0
PA14_36605_3259443_G_A_R_Q|1	19.1481436083	1.20955084316e-05	51.0	8.0
PA14_47230_4207245_C_T_A_T|1	19.1481436083	1.20955084316e-05	51.0	8.0
PA14_66160_5893967_T_C_I_V|1	19.1481436083	1.20955084316e-05	51.0	8.0
PA14_41780_3728941_G_C_D_E|1	19.1481436083	1.20955084316e-05	51.0	8.0
PA14_30960,traG_2689078_G_T_R_S|1	19.0831865397	1.2514252906e-05	61.0	12.0
PA14_31110_2706660_C_G_S_T|1	19.0600196536	1.26670942464e-05	56.0	10.0
PA14_72710_6476142_A_G_Q_R|1	18.9233303913	1.36078288582e-05	48.0	7.0
PA14_30910,trbE_2685914_A_G_Y_H|1	18.9233303913	1.36078288582e-05	48.0	7.0
PA14_16300_1392188_G_A_G_E|1	18.9233303913	1.36078288582e-05	48.0	7.0
PA14_27160,tesA_2360364_C_A_A_E|1	18.9233303913	1.36078288582e-05	48.0	7.0
PA14_24490,pelB_2140044_G_A_G_S|1	18.9233303913	1.36078288582e-05	48.0	7.0
PA14_33630,pvdJ_2972690_T_G_V_G|1	18.8985547756	1.37857067698e-05	5.0	23.0
PA14_67300,proX_6010533_G_A_L_F|1	18.8985547756	1.37857067698e-05	5.0	23.0
PA14_31190_2711151_C_A_E_*|1	18.8299671683	1.42904114303e-05	63.0	13.0
PA14_31070_2701456_C_T_G_D|1	18.783142338	1.46455936669e-05	70.0	16.0
PA14_59940_5338656_T_C_F_L|1	18.783142338	1.46455936669e-05	70.0	16.0
PA14_22670,yrbF_1971912_G_A_L_F|6	18.783142338	1.46455936669e-05	70.0	16.0
PA14_47610_4240376_C_G_Q_H|1	18.7740449453	1.47156223721e-05	53.0	9.0
PA14_60650_5405777_C_T_H_Y|1	18.7740449453	1.47156223721e-05	53.0	9.0
PA14_43910_3909468_G_A_P_S|1	18.7740449453	1.47156223721e-05	53.0	9.0
PA14_31070_2701190_G_T_R_S|1	18.7740449453	1.47156223721e-05	53.0	9.0
PA14_00510_50345_A_G_N_S|1	18.7740449453	1.47156223721e-05	53.0	9.0
PA14_61550_5492637_G_A_A_T|1	18.734769636	1.50218313999e-05	45.0	6.0
PA14_37400_3328972_G_A_A_T|6	18.734769636	1.50218313999e-05	45.0	6.0
PA14_37260,opdO_3318526_A_C_E_A|1	18.734769636	1.50218313999e-05	45.0	6.0
PA14_29660_2570779_C_T_P_S|1	18.734769636	1.50218313999e-05	45.0	6.0
PA14_09320,pchI_798737_C_T_A_V|3	18.734769636	1.50218313999e-05	45.0	6.0
PA14_72830_6486556_G_A_R_Q|1	18.734769636	1.50218313999e-05	45.0	6.0
PA14_30730_2666434_C_A_Q_H|1	18.734769636	1.50218313999e-05	45.0	6.0
PA14_59530_5296642_T_C_V_A|1	18.734769636	1.50218313999e-05	45.0	6.0
PA14_27000_2349507_C_G_K_N|1	18.734769636	1.50218313999e-05	45.0	6.0
PA14_29020,cpo_2509287_A_C_D_A|1	18.734769636	1.50218313999e-05	45.0	6.0
PA14_43080_3832984_G_C_A_P|1	18.734769636	1.50218313999e-05	45.0	6.0
PA14_34270,metN-1_3046927_C_T_S_N|1	18.734769636	1.50218313999e-05	45.0	6.0
PA14_58515_5211648_T_C_T_A|1	18.734769636	1.50218313999e-05	45.0	6.0
PA14_04730_419814_G_A_A_V|1	18.734769636	1.50218313999e-05	45.0	6.0
PA14_32100,xylY_2793130_G_A_V_I|1	18.734769636	1.50218313999e-05	45.0	6.0
PA14_38010_3391679_G_A_R_H|1	18.635016105	1.58286396366e-05	15.0	37.0
PA14_37850,yejE_3377417_C_A_R_L|1	18.6096104854	1.60409847882e-05	72.0	17.0
PA14_13210_1137995_T_G_H_P|1	18.6024538118	1.61013165636e-05	65.0	14.0
PA14_31070_2701904_C_T_A_T|1	18.6024538118	1.61013165636e-05	65.0	14.0
PA14_30910,trbE_2685949_T_C_N_S|1	18.6024538118	1.61013165636e-05	65.0	14.0
PA14_22120_1929676_T_C_N_S|1	18.5917172901	1.6192254688e-05	42.0	5.0
PA14_31130_2707476_C_T_E_K|1	18.5917172901	1.6192254688e-05	42.0	5.0
PA14_22090_1923991_T_C_I_V|2	18.5917172901	1.6192254688e-05	42.0	5.0
PA14_22270_1940159_G_A_A_V|1	18.5917172901	1.6192254688e-05	42.0	5.0
PA14_32790_2859797_A_G_I_V|1	18.5917172901	1.6192254688e-05	42.0	5.0
PA14_63580,fdnH_5668961_G_A_A_V|1	18.5917172901	1.6192254688e-05	42.0	5.0
PA14_44910_4003612_A_C_K_T|1	18.5917172901	1.6192254688e-05	42.0	5.0
PA14_22220_1936031_C_T_G_D|1	18.5917172901	1.6192254688e-05	42.0	5.0
PA14_34840_3100763_G_A_S_N|3	18.5115113337	1.68881220448e-05	50.0	8.0
PA14_45460_4047511_C_T_V_I|1	18.5115113337	1.68881220448e-05	50.0	8.0
PA14_31260_2718335_C_T_G_S|1	18.5115113337	1.68881220448e-05	50.0	8.0
PA14_55060_4891446_A_G_Y_H|1	18.5115113337	1.68881220448e-05	50.0	8.0
PA14_51540_4583704_G_A_A_V|1	18.5115113337	1.68881220448e-05	50.0	8.0
PA14_49250,napA_4373602_C_T_A_V|1	18.5115113337	1.68881220448e-05	50.0	8.0
PA14_07700,apaH_662156_G_A_P_L|5	18.5115113337	1.68881220448e-05	50.0	8.0
PA14_09410,phzG1_807157_C_T_R_H|1	18.5115113337	1.68881220448e-05	50.0	8.0
PA14_19360_1672067_T_G_E_D|1	18.4872757757	1.7104242086e-05	98.0	29.0
PA14_30960,traG_2690079_C_T_R_H|1	18.4823327389	1.71486614522e-05	60.0	12.0
PA14_30960,traG_2688829_G_C_R_G|1	18.4823327389	1.71486614522e-05	60.0	12.0
PA14_40370_3608000_A_C_W_G|1	18.4566990291	1.73808777398e-05	4.0	21.0
PA14_18340_1573309_C_T_S_N|1	18.452955264	1.74150559207e-05	74.0	18.0
PA14_31070_2701268_C_T_V_M|1	18.452955264	1.74150559207e-05	74.0	18.0
PA14_30910,trbE_2686081_A_G_L_P|1	18.4423470658	1.75122691049e-05	55.0	10.0
PA14_30890_2683107_C_T_P_L|1	18.4423470658	1.75122691049e-05	55.0	10.0
PA14_65670_5849465_C_A_A_S|1	18.4423470658	1.75122691049e-05	55.0	10.0
PA14_37030,cupA3_3297697_G_C_R_G|1	18.4423470658	1.75122691049e-05	55.0	10.0
PA14_59990_5342403_A_G_T_A|1	18.4423470658	1.75122691049e-05	55.0	10.0
PA14_59600_5304008_T_C_Y_C|1	18.3983667721	1.79211523042e-05	85.0	23.0
PA14_29360,pfeS_2542029_C_T_D_N|1	18.3978250784	1.79262477435e-05	67.0	15.0
PA14_22680,yrbE_1972413_G_T_H_Q|1	18.3978250784	1.79262477435e-05	67.0	15.0
PA14_05540,mexB_490811_G_A_G_D|1	18.2776279516	1.90936425474e-05	47.0	7.0
PA14_51240,purC_4553363_G_A_A_V|1	18.2776279516	1.90936425474e-05	47.0	7.0
PA14_38770_3458305_G_A_A_V|1	18.2776279516	1.90936425474e-05	47.0	7.0
PA14_42950_3818621_A_C_S_A|1	18.2776279516	1.90936425474e-05	47.0	7.0
PA14_27000_2349541_C_T_S_N|1	18.2776279516	1.90936425474e-05	47.0	7.0
PA14_08620,birA_738606_G_A_D_N|1	18.2776279516	1.90936425474e-05	47.0	7.0
PA14_72820_6486303_G_A_R_H|1	18.2776279516	1.90936425474e-05	47.0	7.0
PA14_46260_4114670_T_G_D_E|1	18.2776279516	1.90936425474e-05	47.0	7.0
PA14_30600_2651771_A_T_T_S|1	18.2776279516	1.90936425474e-05	47.0	7.0
PA14_02810,pcaT_249284_A_C_E_A|1	18.2776279516	1.90936425474e-05	47.0	7.0
PA14_33690,pvdE_2989326_G_A_P_S|1	18.2383796755	1.9491142102e-05	62.0	13.0
PA14_72420_6452109_G_C_P_R|1	18.2383796755	1.9491142102e-05	62.0	13.0
PA14_31110_2706456_A_C_L_R|1	18.2383796755	1.9491142102e-05	62.0	13.0
PA14_31090_2704871_A_G_S_P|1	18.2248909892	1.96296640264e-05	13.0	34.0
PA14_31190_2711458_T_A_E_D|1	18.2176870748	1.9704049252e-05	0.0	13.0
PA14_30910,trbE_2685185_T_C_T_A|2	18.2176870748	1.9704049252e-05	0.0	13.0
PA14_31070_2701402_G_C_T_S|1	18.2136578903	1.97457766857e-05	69.0	16.0
PA14_22670,yrbF_1972041_C_A_V_L|1	18.2136578903	1.97457766857e-05	69.0	16.0
PA14_22670,yrbF_1972083_C_T_V_M|1	18.2136578903	1.97457766857e-05	69.0	16.0
PA14_40730_3636185_T_C_C_R|1	18.1624331286	2.02840791645e-05	6.0	24.0
PA14_35050_3120637_T_G_N_H|1	18.1624331286	2.02840791645e-05	6.0	24.0
PA14_20640_1777303_T_C_I_V|1	18.1624331286	2.02840791645e-05	6.0	24.0
PA14_48510_4312268_C_G_P_A|1	18.1503354185	2.04133470206e-05	8.0	27.0
PA14_70040,dadA_6246011_C_T_V_I|1	18.1485836416	2.04321337836e-05	52.0	9.0
PA14_31180_2710268_G_C_P_R|1	18.1485836416	2.04321337836e-05	52.0	9.0
PA14_30860,trbG_2680029_C_T_A_T|1	18.1485836416	2.04321337836e-05	52.0	9.0
PA14_07620,cca_655732_C_G_E_Q|2	18.1485836416	2.04321337836e-05	52.0	9.0
PA14_61640,phr_5500464_G_A_E_K|1	18.1485836416	2.04321337836e-05	52.0	9.0
PA14_30970,bphR_2691920_C_G_K_N|1	18.1485836416	2.04321337836e-05	52.0	9.0
PA14_19205_1658366_T_C_Q_R|1	18.1485836416	2.04321337836e-05	52.0	9.0
PA14_36920_3290779_G_A_Q_*|1	18.1485836416	2.04321337836e-05	52.0	9.0
PA14_59600_5304029_T_G_Q_P|1	18.1485836416	2.04321337836e-05	52.0	9.0
PA14_32790_2858933_T_A_F_I|1	18.1485836416	2.04321337836e-05	52.0	9.0
PA14_31190_2712484_G_C_I_M|1	18.1485836416	2.04321337836e-05	52.0	9.0
PA14_32905_2878778_C_T_P_S|1	18.1485836416	2.04321337836e-05	52.0	9.0
PA14_34720_3084531_G_T_R_S|1	18.1485836416	2.04321337836e-05	52.0	9.0
PA14_33460_2945726_C_T_T_I|1	18.1474381015	2.04444284117e-05	57.0	11.0
PA14_55200_4902522_C_A_P_T|1	18.1474381015	2.04444284117e-05	57.0	11.0
PA14_31180_2710292_C_T_R_H|1	18.1474381015	2.04444284117e-05	57.0	11.0
PA14_11280_982408_G_A_A_V|1	18.1474381015	2.04444284117e-05	57.0	11.0
PA14_67220_6001120_G_A_L_F|1	18.1474381015	2.04444284117e-05	57.0	11.0
PA14_31130_2707804_G_T_D_E|1	18.10515848	2.09034361267e-05	3.0	19.0
PA14_71090,yeiE_6333898_G_A_A_V|1	18.10515848	2.09034361267e-05	3.0	19.0
PA14_08120_696481_G_C_D_H|2	18.079270854	2.1189580574e-05	44.0	6.0
PA14_13200_1137769_T_C_S_P|1	18.079270854	2.1189580574e-05	44.0	6.0
PA14_46370_4126681_T_A_L_Q|1	18.079270854	2.1189580574e-05	44.0	6.0
PA14_00180,sun_19460_G_A_R_C|11	18.079270854	2.1189580574e-05	44.0	6.0
PA14_35530,bkdA1_3159525_A_G_V_A|1	18.079270854	2.1189580574e-05	44.0	6.0
PA14_19710_1700783_C_T_R_C|2	18.079270854	2.1189580574e-05	44.0	6.0
PA14_39860_3553224_G_T_G_C|1	18.079270854	2.1189580574e-05	44.0	6.0
PA14_22500_1958646_T_A_T_S|1	18.079270854	2.1189580574e-05	44.0	6.0
PA14_27755,yliJ_2407645_G_T_E_D|1	18.079270854	2.1189580574e-05	44.0	6.0
PA14_21300_1845706_C_T_R_Q|3	18.079270854	2.1189580574e-05	44.0	6.0
PA14_51580_4585991_G_A_T_I|1	18.079270854	2.1189580574e-05	44.0	6.0
PA14_72510,thrB_6460556_C_A_A_D|1	18.079270854	2.1189580574e-05	44.0	6.0
PA14_60000_5343269_G_A_D_N|1	18.079270854	2.1189580574e-05	44.0	6.0
PA14_06960_604416_C_G_D_E|6	18.079270854	2.1189580574e-05	44.0	6.0
PA14_04950,mtgA_437516_C_G_G_A|1	18.079270854	2.1189580574e-05	44.0	6.0
PA14_21470_1861628_A_C_D_A|2	18.079270854	2.1189580574e-05	44.0	6.0
PA14_65050_5797256_G_A_R_C|1	18.079270854	2.1189580574e-05	44.0	6.0
PA14_21490_1864854_G_T_G_C|3	18.079270854	2.1189580574e-05	44.0	6.0
PA14_02980_261047_C_A_R_L|18	18.079270854	2.1189580574e-05	44.0	6.0
PA14_04560_405394_T_A_V_D|6	18.079270854	2.1189580574e-05	44.0	6.0
PA14_12670_1087429_G_A_A_V|14	18.079270854	2.1189580574e-05	44.0	6.0
PA14_36390_3242740_G_A_E_K|1	18.079270854	2.1189580574e-05	44.0	6.0
PA14_18330,arnT_1571636_C_A_R_L|1	18.079270854	2.1189580574e-05	44.0	6.0
PA14_37460_3333475_C_T_G_D|1	18.079270854	2.1189580574e-05	44.0	6.0
PA14_55260_4907825_G_A_R_C|1	18.079270854	2.1189580574e-05	44.0	6.0
PA14_34580_3072200_T_A_T_S|1	18.079270854	2.1189580574e-05	44.0	6.0
PA14_64280_5728766_G_C_G_A|1	18.079270854	2.1189580574e-05	44.0	6.0
PA14_32110,xylZ_2794060_C_T_H_Y|1	18.079270854	2.1189580574e-05	44.0	6.0
PA14_48150_4286214_T_C_V_A|1	18.079270854	2.1189580574e-05	44.0	6.0
PA14_22680,yrbE_1972462_C_G_S_T|5	18.0478595896	2.15420694355e-05	71.0	17.0
PA14_43020_3827177_T_G_K_T|1	18.0197493984	2.18625069103e-05	64.0	14.0
PA14_67200_5998004_T_C_R_G|1	17.9658911361	2.24898949083e-05	82.0	22.0
PA14_22110_1928152_T_C_I_V|4	17.9257077673	2.29697414333e-05	41.0	5.0
PA14_53570_4751100_G_C_R_G|1	17.9257077673	2.29697414333e-05	41.0	5.0
PA14_03290_298673_T_G_V_G|1	17.9257077673	2.29697414333e-05	41.0	5.0
PA14_52670,astD_4670033_C_T_R_Q|1	17.9257077673	2.29697414333e-05	41.0	5.0
PA14_51650_4590691_T_A_S_T|1	17.9257077673	2.29697414333e-05	41.0	5.0
PA14_30950_2688299_C_T_A_T|1	17.8986134729	2.32990790876e-05	73.0	18.0
PA14_10340,cvaB_891695_T_C_I_V|1	17.8867140111	2.34452153644e-05	2.0	17.0
PA14_38690,acsA_3451239_A_T_T_S|1	17.8846546686	2.34705992951e-05	59.0	12.0
PA14_31130_2707811_C_T_W_*|1	17.8846546686	2.34705992951e-05	59.0	12.0
PA14_22670,yrbF_1971959_G_C_A_G|1	17.8846546686	2.34705992951e-05	59.0	12.0
PA14_30910,trbE_2686060_A_T_F_Y|1	17.8846546686	2.34705992951e-05	59.0	12.0
PA14_61700,prfA_5504865_C_T_A_T|1	17.8846546686	2.34705992951e-05	59.0	12.0
PA14_35900_3195351_T_A_C_S|1	17.8775794085	2.35580211823e-05	49.0	8.0
PA14_59630_5305937_T_C_I_M|1	17.8775794085	2.35580211823e-05	49.0	8.0
PA14_52730_4674146_C_T_S_F|1	17.8775794085	2.35580211823e-05	49.0	8.0
PA14_19320_1666415_A_G_N_S|1	17.8775794085	2.35580211823e-05	49.0	8.0
PA14_30910,trbE_2686016_C_A_E_*|1	17.8775794085	2.35580211823e-05	49.0	8.0
PA14_28220_2442620_T_G_D_E|1	17.8775794085	2.35580211823e-05	49.0	8.0
PA14_31150_2708590_C_G_E_Q|1	17.8297369803	2.41578104162e-05	38.0	4.0
PA14_59620_5305332_T_C_I_V|1	17.8276719668	2.4184041673e-05	54.0	10.0
PA14_59620_5305476_T_G_K_Q|1	17.8276719668	2.4184041673e-05	54.0	10.0
PA14_46260_4114819_T_A_I_N|2	17.8276719668	2.4184041673e-05	54.0	10.0
PA14_59610_5304382_T_C_H_R|1	17.8276719668	2.4184041673e-05	54.0	10.0
PA14_07620,cca_655742_C_G_E_D|1	17.8276719668	2.4184041673e-05	54.0	10.0
PA14_30910,trbE_2685902_C_G_E_Q|1	17.8276719668	2.4184041673e-05	54.0	10.0
PA14_40650_3630274_G_A_A_T|1	17.8276719668	2.4184041673e-05	54.0	10.0
PA14_31070_2701997_T_C_N_D|1	17.8236282647	2.42354905475e-05	66.0	15.0
PA14_22670,yrbF_1971897_T_C_I_V|1	17.8236282647	2.42354905475e-05	66.0	15.0
PA14_31070_2701966_G_A_T_I|1	17.8236282647	2.42354905475e-05	66.0	15.0
PA14_31070_2701816_A_G_V_A|1	17.8236282647	2.42354905475e-05	66.0	15.0
PA14_31070_2702696_C_T_G_S|1	17.6500896081	2.65502765696e-05	61.0	13.0
PA14_48500_4311631_G_A_R_Q|1	17.6500896081	2.65502765696e-05	61.0	13.0
PA14_28200_2441118_G_A_R_Q|1	17.6500896081	2.65502765696e-05	61.0	13.0
PA14_30960,traG_2688615_G_C_P_R|1	17.6500896081	2.65502765696e-05	61.0	13.0
PA14_22680,yrbE_1972382_G_T_L_I|1	17.6476045804	2.6584988975e-05	68.0	16.0
PA14_30960,traG_2688574_G_C_P_A|1	17.6476045804	2.6584988975e-05	68.0	16.0
PA14_30970,bphR_2691793_G_T_R_S|1	17.6476045804	2.6584988975e-05	68.0	16.0
PA14_31070_2703116_T_C_S_G|1	17.6436347134	2.66405371796e-05	77.0	20.0
PA14_43420_3868463_T_C_Q_R|2	17.6344873909	2.67689751141e-05	46.0	7.0
PA14_33560_2953597_G_A_L_F|1	17.6344873909	2.67689751141e-05	46.0	7.0
PA14_40420,modC_3612200_C_G_D_E|1	17.6344873909	2.67689751141e-05	46.0	7.0
PA14_60900_5434776_A_G_L_S|1	17.6344873909	2.67689751141e-05	46.0	7.0
PA14_49520,pyoS3A_4403637_C_T_G_E|1	17.6344873909	2.67689751141e-05	46.0	7.0
PA14_44660,ligA_3977913_G_A_P_S|1	17.6344873909	2.67689751141e-05	46.0	7.0
PA14_24080,xcpY_2091027_C_T_A_V|2	17.6344873909	2.67689751141e-05	46.0	7.0
PA14_26020_2273659_C_T_A_T|1	17.6344873909	2.67689751141e-05	46.0	7.0
PA14_59650_5308439_G_A_S_N|1	17.6344873909	2.67689751141e-05	46.0	7.0
PA14_64120_5715744_A_T_T_S|1	17.6344873909	2.67689751141e-05	46.0	7.0
PA14_37380_3328407_G_A_P_L|1	17.6344873909	2.67689751141e-05	46.0	7.0
PA14_07450_639348_C_T_G_R|1	17.6344873909	2.67689751141e-05	46.0	7.0
PA14_02560,mdcB_229422_G_C_E_Q|2	17.6344873909	2.67689751141e-05	46.0	7.0
PA14_40130_3577693_C_T_R_Q|1	17.6344873909	2.67689751141e-05	46.0	7.0
PA14_41820,pabB_3736064_C_G_P_A|1	17.6344873909	2.67689751141e-05	46.0	7.0
PA14_65090_5803846_C_T_P_S|1	17.6344873909	2.67689751141e-05	46.0	7.0
PA14_43790_3899718_G_A_D_N|1	17.6344873909	2.67689751141e-05	46.0	7.0
PA14_48540_4316549_T_A_F_I|1	17.6344873909	2.67689751141e-05	46.0	7.0
PA14_18920,rnfC_1631775_G_A_A_V|1	17.6344873909	2.67689751141e-05	46.0	7.0
PA14_00060_7764_C_T_V_I|14	17.6344873909	2.67689751141e-05	46.0	7.0
PA14_18830_1623745_A_C_H_P|2	17.6344873909	2.67689751141e-05	46.0	7.0
PA14_55060_4891454_A_G_L_P|3	17.6344873909	2.67689751141e-05	46.0	7.0
PA14_51450,cupC3_4573939_C_T_E_K|1	17.6344873909	2.67689751141e-05	46.0	7.0
PA14_47360_4218300_G_T_A_S|1	17.6332707121	2.67861053714e-05	5.0	22.0
PA14_31130_2707229_C_T_C_Y|1	17.5431323667	2.80863371761e-05	56.0	11.0
PA14_31180_2710530_C_G_G_R|1	17.5431323667	2.80863371761e-05	56.0	11.0
PA14_30970,bphR_2691869_C_G_K_N|1	17.5431323667	2.80863371761e-05	56.0	11.0
PA14_08000_688688_A_G_I_M|1	17.5431323667	2.80863371761e-05	56.0	11.0
PA14_67200_5998106_G_C_L_V|1	17.5352912621	2.82023994655e-05	79.0	21.0
PA14_31090_2704228_T_G_E_A|1	17.5260600357	2.83396559049e-05	51.0	9.0
