feature	score	p-value	#I-out-of-293	#O-out-of-102
PA14_63920_5696365_C_T_S_N|2	26.2171107351	3.05107071515e-07	2.0	12.0
PA14_35420,pvcB_3149721_C_T_R_H|1	22.9803921569	1.6366218092e-06	0.0	8.0
PA14_25060_2192107_C_A_Q_H|1	22.7665147167	1.8292536461e-06	4.0	13.0
PA14_43630_3883456_C_G_S_T|1	22.7222462903	1.87188187776e-06	5.0	14.0
PA14_28880_2493534_C_T_D_N|1	21.8551721768	2.94022997224e-06	15.0	22.0
PA14_03860_347434_T_G_K_Q|1	20.6082522677	5.6352682385e-06	7.0	15.0
PA14_63100_5630926_G_A_A_T|1	20.3365383696	6.49484047809e-06	3.0	11.0
PA14_65300,hflX_5818703_T_C_I_V|1	20.3365383696	6.49484047809e-06	3.0	11.0
PA14_29490,hplR_2557422_A_C_D_A|1	20.2010640434	6.97141475589e-06	4.0	12.0
PA14_58700,nadC_5231997_T_C_M_T|1	19.5405504686	9.84866931156e-06	21.0	25.0
PA14_35210_3132028_C_T_V_I|1	18.6879177913	1.53954931879e-05	1.0	8.0
PA14_31260_2718335_C_T_G_S|1	18.6248339318	1.59134031015e-05	60.0	1.0
PA14_18350,fmt_1575697_T_C_I_V|1	18.0062692778	2.20178658856e-05	2.0	9.0
PA14_69570,corA_6207831_T_C_D_G|1	18.0062692778	2.20178658856e-05	2.0	9.0
PA14_56110_5011847_C_T_A_V|1	18.0062692778	2.20178658856e-05	2.0	9.0
PA14_10010_860852_A_G_H_R|1	17.7853017939	2.47286205525e-05	5.0	12.0
PA14_08360,trpC_716247_A_G_N_S|1	17.7221544433	2.5563199803e-05	3.0	10.0
PA14_31110_2706661_T_A_S_C|1	17.5848921303	2.74762550572e-05	57.0	1.0
PA14_31130_2707556_C_T_G_D|1	17.5567669966	2.78856621741e-05	63.0	2.0
PA14_14300_1220499_T_C_H_R|1	17.3148013734	3.1671032569e-05	10.0	16.0
PA14_16660,cadA_1424662_G_T_A_E|1	17.2352941176	3.30243835483e-05	0.0	6.0
PA14_22490,acpD_1957385_G_A_G_R|1	17.2352941176	3.30243835483e-05	0.0	6.0
PA14_03855_346208_A_C_S_R|1	17.2352941176	3.30243835483e-05	0.0	6.0
PA14_12850_1102776_C_T_A_V|1	17.2352941176	3.30243835483e-05	0.0	6.0
PA14_34840_3101924_C_T_A_V|1	17.2352941176	3.30243835483e-05	0.0	6.0
PA14_31180_2710269_G_A_P_S|1	17.2136640066	3.34025213075e-05	62.0	2.0
PA14_31260_2718406_T_C_Q_R|1	17.1052927532	3.53636161491e-05	73.0	4.0
PA14_31090_2704228_T_G_E_A|1	16.8707203776	4.00140958133e-05	61.0	2.0
PA14_31180_2710268_G_C_P_R|1	16.8707203776	4.00140958133e-05	61.0	2.0
PA14_04140_372068_A_G_N_D|1	16.8550617346	4.03455848413e-05	9.0	15.0
PA14_23260,gyrA_2015001_C_T_T_I|1	16.7935190928	4.16753928094e-05	193.0	31.0
PA14_31080_2703653_G_A_S_F|1	16.5454332524	4.74982361672e-05	54.0	1.0
PA14_31090_2704229_C_T_E_K|1	16.5279438209	4.79383517659e-05	60.0	2.0
PA14_69280_6180065_C_T_R_K|1	16.422703242	5.06746410478e-05	8.0	14.0
PA14_31180_2710353_G_A_P_S|1	16.2745890265	5.47938612063e-05	65.0	3.0
PA14_31130_2707461_C_A_A_S|1	16.2745890265	5.47938612063e-05	65.0	3.0
PA14_31190_2712484_G_C_I_M|1	16.1853425531	5.7436823202e-05	59.0	2.0
PA14_31090_2704436_C_T_A_T|1	16.1853425531	5.7436823202e-05	59.0	2.0
PA14_31190_2711577_G_C_L_V|1	16.1049031364	5.99286775585e-05	70.0	4.0
PA14_33610_2966659_G_A_A_T|1	16.0259402396	6.24805392096e-05	7.0	13.0
PA14_31110_2706940_G_C_R_G|1	16.0000606471	6.33404545943e-05	75.0	5.0
PA14_31180_2710235_G_C_P_R|1	15.9464896841	6.51584997386e-05	80.0	6.0
PA14_31070_2703352_G_C_P_R|1	15.9367791638	6.54936230933e-05	64.0	3.0
PA14_31130_2707238_G_T_A_E|1	15.9367791638	6.54936230933e-05	64.0	3.0
PA14_31090_2704868_G_T_P_T|1	15.9367791638	6.54936230933e-05	64.0	3.0
PA14_31100_2705139_C_T_V_M|1	15.9367791638	6.54936230933e-05	64.0	3.0
PA14_31190_2711826_T_C_N_D|1	15.9367791638	6.54936230933e-05	64.0	3.0
PA14_31130_2707628_A_G_I_T|1	15.9367791638	6.54936230933e-05	64.0	3.0
PA14_30850,trbI_2679195_T_G_N_T|1	15.8878781035	6.72077995195e-05	1.0	7.0
PA14_11650_1010678_A_G_S_P|1	15.8878781035	6.72077995195e-05	1.0	7.0
PA14_47260_4210437_C_T_A_T|1	15.8878781035	6.72077995195e-05	1.0	7.0
PA14_21190_1832342_C_T_A_T|1	15.8878781035	6.72077995195e-05	1.0	7.0
PA14_31730_2760093_C_T_T_I|1	15.8878781035	6.72077995195e-05	1.0	7.0
PA14_27490_2386697_C_T_R_Q|1	15.8878781035	6.72077995195e-05	1.0	7.0
PA14_15350_1301972_A_G_I_V|1	15.8878781035	6.72077995195e-05	1.0	7.0
PA14_31180_2710583_T_G_K_T|1	15.8429253385	6.88233596665e-05	58.0	2.0
PA14_31080_2703960_C_G_G_R|1	15.7722432	7.14429864112e-05	69.0	4.0
PA14_65390,yjeF_5825372_T_C_T_A|1	15.6766378907	7.51466600091e-05	6.0	12.0
PA14_19190,sfcA_1657744_A_G_K_R|1	15.6766378907	7.51466600091e-05	6.0	12.0
PA14_43640,gpsA_3883926_T_G_M_L|1	15.6766378907	7.51466600091e-05	6.0	12.0
PA14_31090_2705009_T_A_S_C|1	15.5992818164	7.82843170322e-05	63.0	3.0
PA14_31180_2710517_G_C_P_R|1	15.5992818164	7.82843170322e-05	63.0	3.0
PA14_31080_2704170_C_T_V_I|1	15.5992818164	7.82843170322e-05	63.0	3.0
PA14_31180_2709596_C_T_S_N|1	15.5992818164	7.82843170322e-05	63.0	3.0
PA14_31260_2718182_T_C_I_V|1	15.5992818164	7.82843170322e-05	63.0	3.0
PA14_31110_2705917_T_C_T_A|3	15.5992818164	7.82843170322e-05	63.0	3.0
PA14_31080_2704029_T_C_I_V|1	15.5007015359	8.24746391369e-05	57.0	2.0
PA14_58960_5255181_G_T_G_V|1	15.4668113833	8.39667337487e-05	14.0	18.0
PA14_64950,pncA_5789408_G_A_A_T|1	15.3925939403	8.73299003009e-05	5.0	11.0
PA14_62410_5567471_G_A_R_H|1	15.3235628722	9.05796245063e-05	2.0	8.0
PA14_33610_2960432_T_G_L_R|1	15.3235628722	9.05796245063e-05	2.0	8.0
PA14_65420_5828426_C_G_D_E|1	15.3235628722	9.05796245063e-05	2.0	8.0
PA14_47260_4211189_A_C_I_S|5	15.3235628722	9.05796245063e-05	2.0	8.0
PA14_65920_5871328_G_A_H_Y|1	15.3235628722	9.05796245063e-05	2.0	8.0
PA14_31260_2718440_G_C_Q_E|1	15.262111408	9.3574787183e-05	62.0	3.0
PA14_31180_2710514_A_G_L_S|2	15.262111408	9.3574787183e-05	62.0	3.0
PA14_31280_2721118_C_A_L_F|1	15.262111408	9.3574787183e-05	62.0	3.0
PA14_31260_2718438_C_G_Q_H|1	15.262111408	9.3574787183e-05	62.0	3.0
PA14_31190_2712821_G_T_A_D|1	15.262111408	9.3574787183e-05	62.0	3.0
PA14_31180_2710536_T_A_R_W|1	15.262111408	9.3574787183e-05	62.0	3.0
PA14_31090_2704733_T_C_M_V|1	15.262111408	9.3574787183e-05	62.0	3.0
PA14_31110_2706997_G_T_Q_K|1	15.262111408	9.3574787183e-05	62.0	3.0
PA14_58240_5183110_C_T_A_T|1	15.2017762736	9.66125016469e-05	4.0	10.0
PA14_29050_2511852_T_C_D_G|1	15.2017762736	9.66125016469e-05	4.0	10.0
PA14_31280_2721105_G_A_P_S|1	15.1603865932	9.87535659351e-05	50.0	1.0
PA14_31260_2718313_G_A_A_V|1	15.1603865932	9.87535659351e-05	50.0	1.0
PA14_31280_2720862_G_C_P_A|1	15.1603865932	9.87535659351e-05	50.0	1.0
PA14_31080_2704032_G_T_L_M|1	15.1586811493	9.88428047212e-05	56.0	2.0
PA14_31110_2707167_C_A_R_L|1	15.1586811493	9.88428047212e-05	56.0	2.0
PA14_14300_1221132_T_C_Y_C|1	15.1507980325	9.92563510963e-05	3.0	9.0
PA14_38970_3472970_T_C_Q_R|1	15.1507980325	9.92563510963e-05	3.0	9.0
PA14_27310_2370182_G_A_R_Q|1	15.1507980325	9.92563510963e-05	3.0	9.0
PA14_55520,hxcU_4942083_C_A_P_Q|1	15.1507980325	9.92563510963e-05	3.0	9.0
PA14_05000,trmB_439511_G_A_E_K|1	15.1507980325	9.92563510963e-05	3.0	9.0
PA14_65850,rocE_5865913_C_A_V_F|1	15.1507980325	9.92563510963e-05	3.0	9.0
PA14_31080_2704086_C_T_A_T|1	14.9252832639	0.000111853842863	61.0	3.0
PA14_31110_2706775_G_A_R_C|1	14.9252832639	0.000111853842863	61.0	3.0
PA14_31190_2712275_G_C_T_S|1	14.9252832639	0.000111853842863	61.0	3.0
PA14_31110_2705948_C_G_M_I|1	14.9252832639	0.000111853842863	61.0	3.0
PA14_31150_2708433_C_G_G_A|1	14.9252832639	0.000111853842863	61.0	3.0
PA14_31200_2713512_C_T_D_N|1	14.9252832639	0.000111853842863	61.0	3.0
PA14_31180_2710529_C_T_G_D|1	14.9252832639	0.000111853842863	61.0	3.0
PA14_08300,JF1_708686_G_T_K_N|1	14.8143110487	0.000118631823623	49.0	1.0
PA14_31200_2713391_G_C_A_G|1	14.7769141786	0.000121007895949	66.0	4.0
PA14_03860_347470_C_A_A_S|1	14.7485895679	0.00012283938231	9.0	14.0
PA14_31260_2718302_G_T_L_I|1	14.5888136825	0.0001337058955	60.0	3.0
PA14_31180_2710277_T_A_K_M|1	14.5888136825	0.0001337058955	60.0	3.0
PA14_31180_2710338_C_T_G_R|1	14.5888136825	0.0001337058955	60.0	3.0
PA14_65605,parC_5845617_G_A_S_L|1	14.5081378203	0.000139555378369	104.0	12.0
PA14_08300,JF1_708685_A_G_K_R|1	14.4752942132	0.000142009920431	54.0	2.0
PA14_31280_2721031_C_G_Q_H|1	14.4752942132	0.000142009920431	54.0	2.0
PA14_31100_2705500_T_A_R_S|1	14.4460854629	0.000144229312782	65.0	4.0
PA14_31130_2707334_G_C_A_G|1	14.4460854629	0.000144229312782	65.0	4.0
PA14_31180_2710373_A_G_L_P|1	14.4460854629	0.000144229312782	65.0	4.0
PA14_31130_2707187_A_G_L_S|1	14.3682103103	0.000150318778587	70.0	5.0
PA14_63100_5632330_C_T_L_F|1	14.362745098	0.000150755730224	0.0	5.0
PA14_49480_4400974_T_A_I_N|1	14.362745098	0.000150755730224	0.0	5.0
PA14_44640_3973946_G_A_V_I|1	14.362745098	0.000150755730224	0.0	5.0
PA14_37680_3355250_G_A_A_T|1	14.362745098	0.000150755730224	0.0	5.0
PA14_28620_2465868_T_C_H_R|3	14.362745098	0.000150755730224	0.0	5.0
PA14_39640,cobN_3531448_G_A_A_V|1	14.362745098	0.000150755730224	0.0	5.0
PA14_15030,leuA_1275117_T_C_N_S|1	14.362745098	0.000150755730224	0.0	5.0
PA14_66550,hemE_5936442_C_A_G_C|1	14.362745098	0.000150755730224	0.0	5.0
PA14_33300_2927813_C_T_V_I|1	14.362745098	0.000150755730224	0.0	5.0
PA14_21470_1861643_A_G_D_G|1	14.362745098	0.000150755730224	0.0	5.0
PA14_40050_3570033_G_T_Q_H|1	14.362745098	0.000150755730224	0.0	5.0
PA14_59670_5309496_G_T_G_V|1	14.362745098	0.000150755730224	0.0	5.0
PA14_31180_2710149_G_C_R_G|1	14.362745098	0.000150755730224	0.0	5.0
PA14_01140_111733_G_C_A_G|3	14.362745098	0.000150755730224	0.0	5.0
PA14_21000_1808247_C_G_V_L|1	14.362745098	0.000150755730224	0.0	5.0
PA14_08240_703424_C_T_T_I|4	14.362745098	0.000150755730224	0.0	5.0
PA14_31180_2710275_T_A_R_W|1	14.3407764319	0.000152525099279	75.0	6.0
PA14_31080_2703800_G_A_S_L|1	14.3407764319	0.000152525099279	75.0	6.0
PA14_32850_2875726_T_C_K_R|1	14.3393657804	0.000152639425876	12.0	16.0
PA14_31090_2704748_G_C_Q_E|1	14.2527200135	0.00015982965013	59.0	3.0
PA14_31130_2707763_G_C_A_G|1	14.1224158748	0.000171290368625	47.0	1.0
PA14_31110_2707165_T_C_S_G|1	14.0821141745	0.000174999989763	98.0	11.0
PA14_31260_2718080_T_C_T_A|1	14.0436039834	0.000178620298792	69.0	5.0
PA14_31190_2711820_C_G_E_Q|1	14.0436039834	0.000178620298792	69.0	5.0
PA14_31190_2712822_C_G_A_P|1	13.9170207444	0.000191060446661	58.0	3.0
PA14_31200_2713880_G_A_S_F|1	13.9170207444	0.000191060446661	58.0	3.0
PA14_31190_2711539_G_C_S_R|1	13.9170207444	0.000191060446661	58.0	3.0
PA14_24950,glpD2_2180280_C_G_L_V|1	13.8265831211	0.000200479606387	7.0	12.0
PA14_14530_1242210_G_C_V_L|1	13.8265831211	0.000200479606387	7.0	12.0
PA14_31190_2712263_G_T_A_E|1	13.7928597807	0.000204110481005	52.0	2.0
PA14_08300,JF1_708684_A_C_K_Q|1	13.7928597807	0.000204110481005	52.0	2.0
PA14_31110_2707012_C_A_A_S|1	13.7928597807	0.000204110481005	52.0	2.0
PA14_06940_601242_C_T_R_H|1	13.7863998579	0.000204813522958	11.0	15.0
PA14_31190_2711813_A_G_V_A|1	13.7859767614	0.000204859654143	63.0	4.0
PA14_31090_2704796_C_T_G_S|1	13.7859767614	0.000204859654143	63.0	4.0
PA14_31110_2706022_G_C_L_V|1	13.7859767614	0.000204859654143	63.0	4.0
PA14_31190_2712557_G_C_P_R|1	13.7766071355	0.000205883933196	46.0	1.0
PA14_31190_2711117_G_C_A_G|1	13.7196419453	0.000212223325451	68.0	5.0
PA14_46420_4129693_G_A_G_S|1	13.7176536143	0.000212448115249	25.0	24.0
PA14_33820,pvdQ_3006869_A_G_T_A|1	13.6554917947	0.000219598102118	17.0	19.0
PA14_07060_611410_C_T_R_K|1	13.6257660832	0.00022310243083	14.0	17.0
PA14_31080_2703732_C_G_E_Q|2	13.5817355953	0.000228396961517	57.0	3.0
PA14_31260_2718397_T_C_Q_R|1	13.5817355953	0.000228396961517	57.0	3.0
PA14_19940_1718862_G_A_A_V|1	13.4941941371	0.000239302717836	96.0	11.0
PA14_31190_2711015_T_G_Q_P|1	13.4567437069	0.000244127096942	62.0	4.0
PA14_31190_2712558_G_T_P_T|1	13.4308990104	0.000247513471094	45.0	1.0
PA14_31090_2704688_C_G_A_P|1	13.4308990104	0.000247513471094	45.0	1.0
PA14_31150_2708644_T_A_M_L|1	13.4308990104	0.000247513471094	45.0	1.0
PA14_04530_403725_G_C_K_N|1	13.4182855636	0.000249183334543	6.0	11.0
PA14_02410_217988_G_A_R_H|1	13.4182855636	0.000249183334543	6.0	11.0
PA14_40320,xqhA_3602134_G_C_P_A|1	13.4182855636	0.000249183334543	6.0	11.0
PA14_55480,hxcX_4939383_G_C_D_E|1	13.4182855636	0.000249183334543	6.0	11.0
PA14_31110_2705949_A_G_M_T|1	13.3963510414	0.000252114279376	67.0	5.0
PA14_31260_2718097_G_C_A_G|1	13.3963510414	0.000252114279376	67.0	5.0
PA14_31180_2709761_C_T_R_H|1	13.3963510414	0.000252114279376	67.0	5.0
PA14_31200_2713383_G_A_L_F|1	13.3669342843	0.000256099642772	91.0	10.0
PA14_52920_4691674_G_C_S_T|1	13.2797174718	0.000268292925806	36.0	30.0
PA14_31190_2711325_C_A_V_L|1	13.246885623	0.000273033117902	56.0	3.0
PA14_14530_1242403_T_C_I_T|1	13.2429956055	0.000273600315495	10.0	14.0
PA14_63100_5632353_G_C_R_S|1	13.2429956055	0.000273600315495	10.0	14.0
PA14_22080_1922236_A_T_S_T|1	13.228668942	0.000275699526647	38.0	0.0
PA14_31110_2707020_C_A_R_L|1	13.228668942	0.000275699526647	38.0	0.0
PA14_31110_2706766_T_A_T_S|1	13.111487756	0.000293490521096	50.0	2.0
PA14_15350_1301853_C_T_T_I|2	13.1085553675	0.000293950274449	1.0	6.0
PA14_72600_6467592_C_T_A_V|1	13.1085553675	0.000293950274449	1.0	6.0
PA14_18920,rnfC_1632894_A_T_L_Q|1	13.1085553675	0.000293950274449	1.0	6.0
PA14_04110,serA_370477_C_T_R_K|1	13.1085553675	0.000293950274449	1.0	6.0
PA14_34840_3100309_G_A_A_T|2	13.1085553675	0.000293950274449	1.0	6.0
PA14_51050,pcd_4536658_G_A_R_C|1	13.1085553675	0.000293950274449	1.0	6.0
PA14_61920_5522301_G_T_A_E|1	13.1085553675	0.000293950274449	1.0	6.0
PA14_42220_3765384_G_A_R_Q|1	13.1085553675	0.000293950274449	1.0	6.0
PA14_53880_4776639_C_A_A_S|1	13.1085553675	0.000293950274449	1.0	6.0
PA14_38970_3472956_T_G_S_R|2	13.1085553675	0.000293950274449	1.0	6.0
PA14_48280_4296128_G_C_R_S|1	13.1085553675	0.000293950274449	1.0	6.0
PA14_15350_1301974_T_G_I_M|1	13.1085553675	0.000293950274449	1.0	6.0
PA14_02200,cheR_198194_G_A_T_I|2	13.1085553675	0.000293950274449	1.0	6.0
PA14_24490,pelB_2140695_A_G_I_V|1	13.1085553675	0.000293950274449	1.0	6.0
PA14_34820_3095272_G_A_A_T|1	13.1085553675	0.000293950274449	1.0	6.0
PA14_67310,hutT_6010727_G_A_A_V|1	13.1085553675	0.000293950274449	1.0	6.0
PA14_05000,trmB_439512_A_C_E_A|1	13.1085553675	0.000293950274449	1.0	6.0
PA14_53890_4778326_G_A_P_L|2	13.1085553675	0.000293950274449	1.0	6.0
PA14_37690_3359204_T_C_N_S|1	13.1085553675	0.000293950274449	1.0	6.0
PA14_19850_1710135_C_A_Q_K|1	13.1085553675	0.000293950274449	1.0	6.0
PA14_31110_2706660_C_G_S_T|1	13.0737596293	0.000299461456725	66.0	5.0
PA14_31180_2710530_C_G_G_R|1	13.0737596293	0.000299461456725	66.0	5.0
PA14_31130_2707229_C_T_C_Y|1	13.0737596293	0.000299461456725	66.0	5.0
PA14_31130_2707578_G_C_L_V|1	13.0737596293	0.000299461456725	66.0	5.0
PA14_69610,cyaA_6210342_A_T_H_L|1	13.0638649089	0.000301047589452	5.0	10.0
PA14_23520_2047842_C_T_V_I|1	13.0638649089	0.000301047589452	5.0	10.0
PA14_31730_2760237_A_T_Y_F|1	13.0638649089	0.000301047589452	5.0	10.0
PA14_67030_5983516_C_T_R_H|1	13.0638649089	0.000301047589452	5.0	10.0
PA14_29320_2536405_A_C_M_L|1	13.0638649089	0.000301047589452	5.0	10.0
PA14_31180_2710084_G_C_F_L|1	12.9124933367	0.000326396216858	55.0	3.0
PA14_31130_2707541_A_G_V_A|1	12.9124933367	0.000326396216858	55.0	3.0
PA14_31180_2710472_T_G_Q_P|1	12.9124933367	0.000326396216858	55.0	3.0
PA14_22160_1934816_T_C_T_A|1	12.8805460751	0.000332015348235	37.0	0.0
PA14_22280_1941344_G_A_A_V|1	12.8805460751	0.000332015348235	37.0	0.0
PA14_22210_1935898_G_A_T_I|2	12.8805460751	0.000332015348235	37.0	0.0
PA14_22100_1926918_T_C_K_R|1	12.8805460751	0.000332015348235	37.0	0.0
PA14_22270_1940184_C_T_G_S|1	12.8805460751	0.000332015348235	37.0	0.0
PA14_31090_2705007_G_C_S_R|1	12.8000485177	0.000346610362061	60.0	4.0
PA14_43810_3900929_G_A_S_N|1	12.7881874199	0.000348814928075	4.0	9.0
PA14_37400_3329327_A_G_H_R|1	12.7881874199	0.000348814928075	4.0	9.0
PA14_58760,pilC_5236632_A_G_N_S|1	12.7881874199	0.000348814928075	4.0	9.0
PA14_00830_82362_G_T_L_M|1	12.7881874199	0.000348814928075	4.0	9.0
PA14_55230_4905172_G_A_A_T|2	12.7881874199	0.000348814928075	4.0	9.0
PA14_31090_2704946_A_T_C_S|2	12.7712392057	0.000351989575461	49.0	2.0
PA14_31090_2704240_A_G_L_P|1	12.7528133222	0.000355474084398	70.0	6.0
PA14_31260_2718079_G_A_T_M|1	12.7528133222	0.000355474084398	70.0	6.0
PA14_31180_2710292_C_T_R_H|1	12.7518976874	0.000355648144142	65.0	5.0
PA14_31130_2707197_G_T_P_T|1	12.7398120433	0.000357953664386	43.0	1.0
PA14_31100_2705294_C_G_S_T|1	12.7398120433	0.000357953664386	43.0	1.0
PA14_31090_2704898_C_G_A_P|1	12.7398120433	0.000357953664386	43.0	1.0
PA14_18275,fruA_1568193_A_G_Q_R|1	12.6830437143	0.000368986436791	2.0	7.0
PA14_00510_44176_G_A_D_N|1	12.6830437143	0.000368986436791	2.0	7.0
PA14_06980_606017_C_G_E_D|1	12.6830437143	0.000368986436791	2.0	7.0
PA14_63440_5657447_T_A_F_Y|1	12.6830437143	0.000368986436791	2.0	7.0
PA14_16660,cadA_1425719_G_C_Q_E|1	12.6830437143	0.000368986436791	2.0	7.0
PA14_22660_1970747_C_A_A_S|1	12.6830437143	0.000368986436791	2.0	7.0
PA14_46860_4174305_T_C_S_P|1	12.6830437143	0.000368986436791	2.0	7.0
PA14_48890_4346670_G_C_Q_E|1	12.6830437143	0.000368986436791	2.0	7.0
PA14_64610_5755906_T_A_M_L|1	12.6830437143	0.000368986436791	2.0	7.0
PA14_04490_399778_C_T_R_Q|1	12.6830437143	0.000368986436791	2.0	7.0
PA14_16530,lysS_1417049_A_G_N_D|1	12.6830437143	0.000368986436791	2.0	7.0
PA14_05010_441390_C_G_T_S|1	12.6830437143	0.000368986436791	2.0	7.0
PA14_55850_4987232_T_C_N_S|1	12.6550529694	0.000374551983117	102.0	13.0
PA14_57340,murG_5109077_A_C_L_R|1	12.6342039143	0.000378752469129	3.0	8.0
PA14_34210,sfnR_3042484_A_C_N_T|1	12.6342039143	0.000378752469129	3.0	8.0
PA14_22910,edd_1987474_G_C_V_L|1	12.6342039143	0.000378752469129	3.0	8.0
PA14_30840_2677335_C_G_P_A|1	12.6342039143	0.000378752469129	3.0	8.0
PA14_48810_4339266_C_G_A_P|1	12.6342039143	0.000378752469129	3.0	8.0
PA14_58420_5204860_A_T_I_F|1	12.6342039143	0.000378752469129	3.0	8.0
PA14_26930_2342670_C_T_P_L|1	12.6342039143	0.000378752469129	3.0	8.0
PA14_47860_4259471_A_G_T_A|1	12.6342039143	0.000378752469129	3.0	8.0
PA14_30900,trbJ_2683781_G_A_A_V|1	12.6342039143	0.000378752469129	3.0	8.0
PA14_59650_5308153_C_A_Q_K|1	12.6088955642	0.00038391528061	28.0	25.0
PA14_60010_5344185_C_G_I_M|1	12.5887028365	0.000388085396862	18.0	19.0
PA14_31180_2710547_C_T_G_D|1	12.5785828253	0.000390192496608	54.0	3.0
PA14_31180_2710230_C_T_V_I|1	12.5572178108	0.000394678911639	79.0	8.0
PA14_06330_560929_C_T_G_D|21	12.5324232082	0.000399950786686	36.0	0.0
PA14_31150_2708391_C_A_R_L|1	12.4824163095	0.00041080048771	74.0	7.0
PA14_31090_2704694_C_T_G_S|1	12.4726426027	0.000412955473871	59.0	4.0
PA14_31110_2705953_C_T_G_S|1	12.4726426027	0.000412955473871	59.0	4.0
PA14_31190_2711409_C_T_G_S|1	12.4726426027	0.000412955473871	59.0	4.0
PA14_06940_601332_G_A_A_V|1	12.4612304535	0.000415486155187	12.0	15.0
PA14_31180_2709738_A_C_F_V|1	12.4313056281	0.000422196643621	48.0	2.0
PA14_31070_2703433_G_A_P_L|1	12.4313056281	0.000422196643621	48.0	2.0
PA14_31130_2707476_C_T_E_K|1	12.4313056281	0.000422196643621	48.0	2.0
PA14_31180_2710140_T_A_S_C|1	12.4307969317	0.000422311656442	64.0	5.0
PA14_31130_2707845_C_T_D_N|1	12.3944485168	0.000430612152437	42.0	1.0
PA14_11700_1014546_G_A_L_F|1	12.3944485168	0.000430612152437	42.0	1.0
PA14_31080_2704083_A_C_C_G|1	12.2779345828	0.0004583453535	105.0	14.0
PA14_31100_2705403_C_T_V_I|1	12.2537518539	0.000464323627064	78.0	8.0
PA14_45480_4049590_G_C_L_V|1	12.1963461152	0.00047883211191	8.0	12.0
PA14_63540,selA_5666346_G_A_A_V|1	12.1963461152	0.00047883211191	8.0	12.0
PA14_22250_1937876_A_G_V_A|1	12.1843003413	0.000481934119713	35.0	0.0
PA14_22090_1923516_A_G_L_P|1	12.1843003413	0.000481934119713	35.0	0.0
PA14_22270_1939842_C_T_E_K|1	12.1843003413	0.000481934119713	35.0	0.0
PA14_22270_1939824_G_C_P_A|1	12.1843003413	0.000481934119713	35.0	0.0
PA14_31130_2707788_T_C_S_G|1	12.1747850164	0.000484398822711	138.0	22.0
PA14_31180_2710481_A_C_V_G|1	12.1459049765	0.000491957642843	58.0	4.0
PA14_31080_2703704_A_G_V_A|1	12.1459049765	0.000491957642843	58.0	4.0
PA14_31180_2710605_C_T_A_T|1	12.1459049765	0.000491957642843	58.0	4.0
PA14_31260_2718272_C_T_V_M|1	12.110490944	0.000501389328312	63.0	5.0
PA14_33330_2930568_A_T_V_E|1	12.10497525	0.00050287464184	34.0	28.0
PA14_12590_1080929_T_G_N_T|1	12.10497525	0.00050287464184	34.0	28.0
PA14_31110_2706159_G_T_T_N|1	12.0945969315	0.000505681455808	100.0	13.0
PA14_31180_2710616_T_G_N_T|1	12.0917063071	0.000506466036313	47.0	2.0
PA14_31150_2708622_G_T_A_D|1	12.0917063071	0.000506466036313	47.0	2.0
PA14_64940_5789060_G_T_S_Y|1	12.0907634618	0.000506722211407	51.0	37.0
PA14_31110_2706838_A_C_F_V|1	12.0599409625	0.000515169234767	82.0	9.0
PA14_31180_2710620_G_T_Q_K|1	12.0492163874	0.000518141559538	41.0	1.0
PA14_31150_2708610_G_A_A_V|1	12.0492163874	0.000518141559538	41.0	1.0
PA14_31260_2718347_C_T_A_T|1	11.8955377657	0.000562685804116	86.0	10.0
PA14_68080_6074328_G_C_E_D|1	11.8903624471	0.000564251405531	22.0	21.0
PA14_10020_862232_G_C_T_S|1	11.8856989895	0.000565665929083	11.0	14.0
PA14_33340_2931617_C_G_Q_H|1	11.8856989895	0.000565665929083	11.0	14.0
PA14_31190_2711542_G_T_D_E|1	11.8661246068	0.000571642405903	72.0	7.0
PA14_31190_2711591_A_G_V_A|1	11.8661246068	0.000571642405903	72.0	7.0
PA14_61200_5461412_G_C_T_S|2	11.8361774744	0.000580909533022	34.0	0.0
PA14_61200_5461764_T_C_S_G|1	11.8361774744	0.000580909533022	34.0	0.0
PA14_31110_2707132_G_A_R_C|1	11.8161875245	0.000587179694633	99.0	13.0
PA14_08210_702713_T_A_S_T|1	11.7041252695	0.000623616900186	40.0	1.0
PA14_31190_2712143_C_T_R_H|1	11.7041252695	0.000623616900186	40.0	1.0
PA14_05390,chpA_473373_G_A_A_T|1	11.7020251028	0.000624321144546	7.0	11.0
PA14_53730_4764249_G_A_L_F|1	11.7020251028	0.000624321144546	7.0	11.0
PA14_05440_480075_A_T_H_Q|1	11.7020251028	0.000624321144546	7.0	11.0
PA14_37370_3326732_A_G_V_A|1	11.7020251028	0.000624321144546	7.0	11.0
PA14_30910,trbE_2685691_C_G_G_A|1	11.7020251028	0.000624321144546	7.0	11.0
PA14_31190_2711150_T_G_E_A|1	11.6046591081	0.000657868031918	85.0	10.0
PA14_52940_4694807_C_T_T_I|1	11.5963829218	0.000660802171819	19.0	19.0
PA14_31280_2720861_G_A_P_L|1	11.580009592	0.00066664597739	51.0	3.0
PA14_40370_3607969_C_T_G_D|1	11.5480313564	0.00067821030877	50.0	36.0
PA14_31200_2713719_C_G_E_Q|1	11.5461483435	0.000678897548719	115.0	17.0
PA14_67380_6018948_T_C_H_R|1	11.5263352801	0.000686171469453	52.0	37.0
PA14_12590_1080801_G_A_R_W|1	11.5199006224	0.000688550705134	33.0	27.0
PA14_03000_265471_T_C_V_A|1	11.5071080324	0.000693305589591	119.0	18.0
PA14_31130_2707443_C_T_A_T|1	11.4977079569	0.000696820638258	66.0	6.0
PA14_35740,tpnA_3177977_G_C_L_F|1	11.4945682482	0.000697998702068	56.0	4.0
PA14_69540_6203430_G_A_A_V|1	11.4901960784	0.000699642555456	0.0	4.0
PA14_30180,idh_2614544_C_T_R_H|1	11.4901960784	0.000699642555456	0.0	4.0
PA14_42510,pcr4_3785477_G_A_R_C|1	11.4901960784	0.000699642555456	0.0	4.0
PA14_55400_4925265_T_G_D_A|1	11.4901960784	0.000699642555456	0.0	4.0
PA14_22540,wrbA_1961481_A_T_V_E|3	11.4901960784	0.000699642555456	0.0	4.0
PA14_31190_2711464_C_T_W_*|1	11.4901960784	0.000699642555456	0.0	4.0
PA14_27140_2358402_C_T_R_H|3	11.4901960784	0.000699642555456	0.0	4.0
PA14_31620_2747886_C_T_A_T|1	11.4901960784	0.000699642555456	0.0	4.0
PA14_02720_242145_A_G_K_R|2	11.4901960784	0.000699642555456	0.0	4.0
PA14_15740,purL_1338671_C_A_F_L|1	11.4901960784	0.000699642555456	0.0	4.0
PA14_36020_3207940_C_T_R_H|1	11.4901960784	0.000699642555456	0.0	4.0
PA14_43230_3852961_G_A_R_H|1	11.4901960784	0.000699642555456	0.0	4.0
PA14_28600_2464852_G_A_A_T|9	11.4901960784	0.000699642555456	0.0	4.0
PA14_63530,selB_5663958_T_G_E_D|1	11.4901960784	0.000699642555456	0.0	4.0
PA14_59690_5310674_T_G_V_G|1	11.4901960784	0.000699642555456	0.0	4.0
PA14_55240_4906583_T_A_H_L|2	11.4901960784	0.000699642555456	0.0	4.0
PA14_35470_3154489_C_T_A_V|3	11.4901960784	0.000699642555456	0.0	4.0
PA14_08300,JF1_710667_A_G_T_A|1	11.4901960784	0.000699642555456	0.0	4.0
PA14_38010_3390908_G_T_G_V|1	11.4901960784	0.000699642555456	0.0	4.0
PA14_22520_1960047_C_T_D_N|1	11.4901960784	0.000699642555456	0.0	4.0
PA14_30850,trbI_2679253_G_A_Q_*|1	11.4901960784	0.000699642555456	0.0	4.0
PA14_27090,lipH_2353101_G_T_Q_K|1	11.4901960784	0.000699642555456	0.0	4.0
PA14_32850_2875705_C_T_G_E|1	11.4901960784	0.000699642555456	0.0	4.0
PA14_24270,pepN_2105812_A_G_K_R|1	11.4901960784	0.000699642555456	0.0	4.0
PA14_30880,trbL_2681557_T_G_Q_P|1	11.4901960784	0.000699642555456	0.0	4.0
PA14_34250_3045843_G_A_A_V|2	11.4901960784	0.000699642555456	0.0	4.0
PA14_47670,cobT_4243933_G_C_Q_E|1	11.4901960784	0.000699642555456	0.0	4.0
PA14_69170_6170994_G_A_P_L|1	11.4901960784	0.000699642555456	0.0	4.0
PA14_32500_2824315_G_C_V_L|1	11.4901960784	0.000699642555456	0.0	4.0
PA14_31190_2711466_A_T_W_R|1	11.4901960784	0.000699642555456	0.0	4.0
PA14_11900_1030715_T_G_K_Q|1	11.4901960784	0.000699642555456	0.0	4.0
PA14_16360_1398633_C_T_R_H|1	11.4901960784	0.000699642555456	0.0	4.0
PA14_69610,cyaA_6211231_G_T_Q_H|6	11.4901960784	0.000699642555456	0.0	4.0
PA14_16660,cadA_1425507_G_C_S_R|1	11.4901960784	0.000699642555456	0.0	4.0
PA14_31370,tam_2728212_A_C_E_A|1	11.4901960784	0.000699642555456	0.0	4.0
PA14_58900_5248163_G_A_G_S|1	11.4901960784	0.000699642555456	0.0	4.0
PA14_38180_3405639_C_T_V_I|1	11.4901960784	0.000699642555456	0.0	4.0
PA14_18140,mmsB_1556206_G_A_G_S|6	11.4901960784	0.000699642555456	0.0	4.0
PA14_58760,pilC_5236763_C_G_L_V|1	11.4901960784	0.000699642555456	0.0	4.0
PA14_10470,bcr_901575_C_T_S_L|11	11.4901960784	0.000699642555456	0.0	4.0
PA14_06620_577041_T_G_S_A|1	11.4901960784	0.000699642555456	0.0	4.0
PA14_05560,rhlE_493389_C_A_A_S|6	11.4901960784	0.000699642555456	0.0	4.0
PA14_64550_5750743_C_T_R_H|1	11.4901960784	0.000699642555456	0.0	4.0
PA14_37840_3376258_G_C_A_G|1	11.4901960784	0.000699642555456	0.0	4.0
PA14_21020_1816171_T_C_T_A|1	11.4901960784	0.000699642555456	0.0	4.0
PA14_21690,lhr1_1879384_C_A_S_Y|5	11.4901960784	0.000699642555456	0.0	4.0
PA14_11140_968528_T_G_T_P|1	11.4901960784	0.000699642555456	0.0	4.0
PA14_46800_4167925_A_G_Q_R|1	11.4901960784	0.000699642555456	0.0	4.0
PA14_21380_1851986_G_T_R_L|4	11.4901960784	0.000699642555456	0.0	4.0
PA14_50540,livM_4489798_C_G_L_V|1	11.4901960784	0.000699642555456	0.0	4.0
PA14_28560_2462294_C_T_A_T|1	11.4901960784	0.000699642555456	0.0	4.0
PA14_28895_2498400_C_G_Q_H|1	11.4901960784	0.000699642555456	0.0	4.0
PA14_11600_1005283_C_T_V_I|23	11.4901960784	0.000699642555456	0.0	4.0
PA14_37260,opdO_3319443_C_T_L_F|1	11.4901960784	0.000699642555456	0.0	4.0
PA14_58760,pilC_5236712_C_T_H_Y|1	11.4901960784	0.000699642555456	0.0	4.0
PA14_22270_1940013_G_A_L_F|1	11.4880546075	0.000700449134473	33.0	0.0
PA14_22270_1939839_G_A_L_F|1	11.4880546075	0.000700449134473	33.0	0.0
PA14_61200_5461419_T_C_N_D|1	11.4880546075	0.000700449134473	33.0	0.0
PA14_31080_2704173_C_T_A_T|1	11.4681215586	0.00070800207414	80.0	9.0
PA14_31190_2711710_G_C_D_E|1	11.4135957774	0.000729085824565	45.0	2.0
PA14_25020,uup_2189288_C_T_A_V|1	11.3723066846	0.000745472415259	16.0	17.0
PA14_31180_2710459_A_T_H_Q|1	11.3591857391	0.000750757314617	39.0	1.0
PA14_31130_2707844_T_C_D_G|1	11.3591857391	0.000750757314617	39.0	1.0
PA14_31180_2709697_A_T_D_E|1	11.3306288765	0.000762390782287	110.0	16.0
PA14_56480_5036836_T_C_N_S|1	11.3162204784	0.000768329430063	10.0	13.0
PA14_31810,tpx_2767562_C_T_A_V|1	11.3162204784	0.000768329430063	10.0	13.0
PA14_06940_601030_C_T_V_I|1	11.3162204784	0.000768329430063	10.0	13.0
PA14_70110_6253199_G_C_E_D|1	11.3162204784	0.000768329430063	10.0	13.0
PA14_31090_2704636_C_T_S_N|1	11.3149984124	0.000768835269152	84.0	10.0
PA14_41280_3685630_T_C_Y_H|1	11.3149984124	0.000768835269152	84.0	10.0
PA14_36410_3243259_A_G_T_A|2	11.2367078231	0.0008019527909	6.0	10.0
PA14_62410_5567442_C_A_S_R|1	11.2367078231	0.0008019527909	6.0	10.0
PA14_61650,pagL_5501761_T_A_T_S|1	11.2367078231	0.0008019527909	6.0	10.0
PA14_58760,pilC_5236633_T_A_N_K|1	11.2367078231	0.0008019527909	6.0	10.0
PA14_59570_5301816_C_A_S_R|1	11.2367078231	0.0008019527909	6.0	10.0
PA14_09870_848046_G_C_A_G|1	11.2367078231	0.0008019527909	6.0	10.0
PA14_18150,acsL_1558322_A_C_E_D|1	11.2367078231	0.0008019527909	6.0	10.0
PA14_07850_676639_G_A_A_T|1	11.2367078231	0.0008019527909	6.0	10.0
PA14_31200_2713669_G_C_D_E|1	11.1872302785	0.00082362196849	134.0	22.0
PA14_37000,cupA5_3294934_C_T_G_S|1	11.1739918509	0.000829519575233	79.0	9.0
PA14_31110_2707164_C_T_S_N|1	11.1700416385	0.000831287615686	55.0	4.0
PA14_31100_2705304_A_C_L_V|1	11.1700416385	0.000831287615686	55.0	4.0
PA14_31180_2710576_T_A_Q_H|1	11.1700416385	0.000831287615686	55.0	4.0
PA14_31180_2710473_G_A_Q_*|1	11.1700416385	0.000831287615686	55.0	4.0
PA14_22080_1922175_T_C_D_G|1	11.1399317406	0.000844890004126	32.0	0.0
PA14_61200_5461403_T_G_K_T|1	11.1399317406	0.000844890004126	32.0	0.0
PA14_61200_5461811_G_C_S_C|1	11.1399317406	0.000844890004126	32.0	0.0
PA14_61200_5461397_A_T_L_Q|1	11.1399317406	0.000844890004126	32.0	0.0
PA14_61200_5461800_G_T_R_S|1	11.1399317406	0.000844890004126	32.0	0.0
PA14_31200_2713215_T_G_K_Q|1	11.0784519636	0.000873366814884	92.0	12.0
PA14_08300,JF1_708763_G_C_S_T|1	11.0507799557	0.000886498967282	74.0	8.0
PA14_55690,recC_4969801_G_A_P_S|1	11.0507799557	0.000886498967282	74.0	8.0
PA14_31190_2712531_C_T_G_S|1	11.0507799557	0.000886498967282	74.0	8.0
PA14_31260_2718485_T_G_M_L|1	11.0265949677	0.000898139688493	83.0	10.0
PA14_31180_2710069_G_C_F_L|1	11.0265949677	0.000898139688493	83.0	10.0
PA14_59110_5264302_T_C_L_P|1	10.9860469785	0.000918004069751	18.0	18.0
PA14_31130_2707183_C_A_Q_H|1	10.9495772532	0.000936249734086	69.0	7.0
PA14_31280_2720669_T_A_Y_F|1	10.9495772532	0.000936249734086	69.0	7.0
PA14_31260_2718271_A_C_V_G|1	10.9495772532	0.000936249734086	69.0	7.0
PA14_31070_2703353_G_C_P_A|1	10.9172297036	0.000952739750351	49.0	3.0
PA14_31190_2712891_G_A_P_S|1	10.837959768	0.000994402393929	59.0	5.0
PA14_31180_2710619_T_C_Q_R|1	10.837959768	0.000994402393929	59.0	5.0
PA14_42880,stk1_3810511_G_A_L_F|1	10.8128244472	0.00100799404168	5.0	9.0
PA14_07210_622861_T_C_S_P|1	10.8128244472	0.00100799404168	5.0	9.0
PA14_38690,acsA_3449956_A_C_E_A|1	10.8128244472	0.00100799404168	5.0	9.0
PA14_48880,intT_4346161_C_T_V_I|1	10.8128244472	0.00100799404168	5.0	9.0
PA14_18150,acsL_1558319_C_A_D_E|1	10.8128244472	0.00100799404168	5.0	9.0
PA14_52920_4691755_G_A_R_K|1	10.8128244472	0.00100799404168	5.0	9.0
PA14_23980,xcpP_2084425_A_G_I_T|1	10.8128244472	0.00100799404168	5.0	9.0
PA14_18350,fmt_1574203_T_C_T_A|1	10.8128244472	0.00100799404168	5.0	9.0
PA14_23380,orfH_2029604_T_A_C_S|1	10.8128244472	0.00100799404168	5.0	9.0
PA14_08210_702590_G_A_A_T|1	10.8005098988	0.00101472141515	91.0	12.0
PA14_61200_5461812_A_T_S_T|1	10.7918088737	0.00101950209909	31.0	0.0
PA14_22270_1939794_C_T_V_M|1	10.7918088737	0.00101950209909	31.0	0.0
PA14_08300,JF1_708641_G_T_K_N|1	10.7918088737	0.00101950209909	31.0	0.0
PA14_61200_5461749_C_A_A_S|1	10.7918088737	0.00101950209909	31.0	0.0
PA14_61200_5461799_C_T_R_H|1	10.7918088737	0.00101950209909	31.0	0.0
PA14_31190_2712471_T_G_M_L|1	10.7675961937	0.00103292573269	112.0	17.0
PA14_48890_4346917_C_G_E_D|1	10.7645223894	0.00103464260454	15.0	16.0
PA14_61380_5478679_G_T_L_F|1	10.7645223894	0.00103464260454	15.0	16.0
PA14_33340_2931852_T_G_D_A|1	10.7545243353	0.00104024699991	9.0	12.0
PA14_11480_994404_T_G_S_A|1	10.7545243353	0.00104024699991	9.0	12.0
PA14_19870,ldh_1714522_G_C_Q_H|1	10.7545243353	0.00104024699991	9.0	12.0
PA14_48010_4272374_C_G_L_V|1	10.7545243353	0.00104024699991	9.0	12.0
PA14_72230_6436757_C_A_S_R|2	10.7545243353	0.00104024699991	9.0	12.0
PA14_37880_3379124_C_T_V_I|1	10.7545243353	0.00104024699991	9.0	12.0
PA14_33330_2930759_G_C_D_E|1	10.7545243353	0.00104024699991	9.0	12.0
PA14_31260_2718494_T_A_T_S|1	10.7529616659	0.00104112572243	73.0	8.0
PA14_22680,yrbE_1972834_G_C_A_G|1	10.7394897713	0.00104873246103	82.0	10.0
PA14_59640_5307717_G_A_A_T|1	10.7382135448	0.00104945597495	36.0	28.0
PA14_31180_2710460_T_C_H_R|1	10.7370972659	0.00105008922584	43.0	2.0
PA14_31180_2710463_C_T_R_Q|1	10.7370972659	0.00105008922584	43.0	2.0
PA14_31130_2707316_A_G_V_A|1	10.7154597966	0.00106244052881	95.0	13.0
PA14_06900_598803_A_T_I_F|1	10.7089388713	0.00106619160316	74.0	47.0
PA14_31200_2713101_G_T_L_M|1	10.7013412874	0.00107057891071	132.0	22.0
PA14_31130_2707196_G_A_P_L|1	10.6698093105	0.00108898343408	37.0	1.0
PA14_31130_2707935_C_T_A_T|1	10.6698093105	0.00108898343408	37.0	1.0
PA14_07250_625418_G_T_P_T|1	10.6595884875	0.00109501753075	12.0	14.0
PA14_31130_2707811_C_T_W_*|1	10.6463338464	0.00110289311366	68.0	7.0
PA14_50280,flaG_4465091_A_T_S_T|1	10.6463338464	0.00110289311366	68.0	7.0
PA14_31090_2704790_G_T_P_T|1	10.6457683741	0.00110323037495	99.0	14.0
PA14_47720,cobC_4246351_T_G_E_A|1	10.6457683741	0.00110323037495	99.0	14.0
PA14_31110_2706399_C_T_R_H|1	10.6215995353	0.00111774320317	86.0	11.0
PA14_31190_2711151_C_A_E_*|1	10.5894994	0.00113731768165	77.0	9.0
PA14_13990_1199882_A_G_K_R|1	10.5894994	0.00113731768165	77.0	9.0
PA14_31180_2710582_T_A_K_N|1	10.586824049	0.00113896466985	48.0	3.0
PA14_31260_2718276_G_T_D_E|1	10.5668322233	0.00115134858449	63.0	6.0
PA14_31190_2711201_T_C_K_R|1	10.5668322233	0.00115134858449	63.0	6.0
PA14_31190_2710989_C_T_A_T|1	10.5668322233	0.00115134858449	63.0	6.0
PA14_59940_5338656_T_C_F_L|1	10.5239439281	0.00117837732225	90.0	12.0
PA14_59690_5312145_C_G_I_M|1	10.5222071384	0.00117948529516	58.0	5.0
PA14_47760,cobB_4249637_A_G_V_A|1	10.5191587682	0.00118143253114	44.0	32.0
PA14_39280,rbsK_3498588_C_T_G_E|1	10.4562245624	0.00122236852894	52.0	36.0
PA14_15350_1301936_C_G_L_V|2	10.4510919271	0.00122576973877	4.0	8.0
PA14_36500_3248255_T_C_D_G|1	10.4510919271	0.00122576973877	4.0	8.0
PA14_21690,lhr1_1883287_C_T_T_I|1	10.4510919271	0.00122576973877	4.0	8.0
PA14_18250,fruI_1564890_A_T_D_V|1	10.4510919271	0.00122576973877	4.0	8.0
PA14_35060_3122224_C_G_V_L|1	10.4510919271	0.00122576973877	4.0	8.0
PA14_22320_1944182_T_C_I_V|1	10.4510919271	0.00122576973877	4.0	8.0
PA14_07090,metK_614291_T_G_E_D|1	10.4510919271	0.00122576973877	4.0	8.0
PA14_03300_299637_A_G_I_V|1	10.4510919271	0.00122576973877	4.0	8.0
PA14_43080_3832906_C_T_R_C|1	10.4510919271	0.00122576973877	4.0	8.0
PA14_69540_6203550_T_C_D_G|1	10.4510919271	0.00122576973877	4.0	8.0
PA14_19660,mioC_1697041_T_A_S_T|1	10.4510919271	0.00122576973877	4.0	8.0
PA14_04340_388604_G_A_V_I|1	10.4510919271	0.00122576973877	4.0	8.0
PA14_47560_4236163_A_G_V_A|1	10.4510919271	0.00122576973877	4.0	8.0
PA14_22530_1960552_G_C_P_A|1	10.4510919271	0.00122576973877	4.0	8.0
PA14_20380,phnI_1753386_C_T_P_L|1	10.4510919271	0.00122576973877	4.0	8.0
PA14_11100,cupB5_964501_C_T_A_V|1	10.4510919271	0.00122576973877	4.0	8.0
PA14_25930_2261904_C_T_D_N|1	10.4510919271	0.00122576973877	4.0	8.0
PA14_22270_1939840_T_A_E_D|1	10.4436860068	0.00123069425791	30.0	0.0
PA14_23010,gltK_1996580_T_C_V_A|1	10.4169303671	0.00124865267846	22.0	20.0
PA14_08300,JF1_708636_C_A_H_N|1	10.3995212109	0.00126047992352	42.0	2.0
PA14_13970_1198529_C_A_A_S|1	10.3995212109	0.00126047992352	42.0	2.0
PA14_28530_2460596_C_T_G_S|1	10.3757110353	0.00127683963603	17.0	17.0
PA14_65860_5867451_G_A_T_M|1	10.3603080595	0.00128753716931	1.0	5.0
PA14_52600,alaS_4663369_C_T_V_I|1	10.3603080595	0.00128753716931	1.0	5.0
PA14_15350_1301981_A_C_K_Q|2	10.3603080595	0.00128753716931	1.0	5.0
PA14_09870_848214_C_T_R_H|2	10.3603080595	0.00128753716931	1.0	5.0
PA14_35010_3117121_T_G_E_A|1	10.3603080595	0.00128753716931	1.0	5.0
PA14_35020_3118710_A_T_C_S|1	10.3603080595	0.00128753716931	1.0	5.0
PA14_47810_4253164_G_A_L_F|1	10.3603080595	0.00128753716931	1.0	5.0
PA14_11650_1010612_A_G_S_P|1	10.3603080595	0.00128753716931	1.0	5.0
PA14_24780_2165985_T_C_S_P|1	10.3603080595	0.00128753716931	1.0	5.0
PA14_25480_2228052_G_A_S_N|1	10.3603080595	0.00128753716931	1.0	5.0
PA14_09280,pchF_793891_C_A_R_S|1	10.3603080595	0.00128753716931	1.0	5.0
