feature	score	p-value	#I-out-of-293	#O-out-of-102
,,group_12802	46.1238245768	1.11010276061e-11	164.0	5.0
,,oprD_2	43.0341600164	5.37923784169e-11	155.0	5.0
PA14_51830,,dps2	33.8814545198	5.8574388481e-09	130.0	97.0
,,group_25592	18.0062692778	2.20178658856e-05	2.0	9.0
PA14_25910,,lip3	18.0062692778	2.20178658856e-05	2.0	9.0
,,lifO_2	18.0062692778	2.20178658856e-05	2.0	9.0
,,lip_3	18.0062692778	2.20178658856e-05	2.0	9.0
,,spo0C	15.5992818164	7.82843170322e-05	63.0	3.0
,,group_23988	15.5992818164	7.82843170322e-05	63.0	3.0
,,group_23989	15.5992818164	7.82843170322e-05	63.0	3.0
,,group_17501	15.5992818164	7.82843170322e-05	63.0	3.0
,,group_23990	15.5992818164	7.82843170322e-05	63.0	3.0
,,group_17502	15.5992818164	7.82843170322e-05	63.0	3.0
,,group_17504	15.5992818164	7.82843170322e-05	63.0	3.0
,,group_17503	15.5992818164	7.82843170322e-05	63.0	3.0
,,group_6165	15.5992818164	7.82843170322e-05	63.0	3.0
,,group_7429	15.262111408	9.3574787183e-05	62.0	3.0
,,group_14286	15.262111408	9.3574787183e-05	62.0	3.0
,,group_14287	14.7769141786	0.000121007895949	66.0	4.0
,,group_13308	14.6934354935	0.000126486144069	71.0	5.0
,,group_16064	14.6934354935	0.000126486144069	71.0	5.0
,,rclR_3	14.6211604096	0.000131430469956	42.0	0.0
,,rclC	14.6211604096	0.000131430469956	42.0	0.0
,,aadB	14.4683190682	0.000142536773242	48.0	1.0
,,group_11276	14.3682103103	0.000150318778587	70.0	5.0
,,group_20517	14.3682103103	0.000150318778587	70.0	5.0
,,group_20515	14.3682103103	0.000150318778587	70.0	5.0
,,group_20516	14.3682103103	0.000150318778587	70.0	5.0
,,group_33278	14.362745098	0.000150755730224	0.0	5.0
,,group_30267	14.362745098	0.000150755730224	0.0	5.0
,,group_874	14.362745098	0.000150755730224	0.0	5.0
,,group_13721	13.6257660832	0.00022310243083	14.0	17.0
,,group_25020	13.2429956055	0.000273600315495	10.0	14.0
,,group_7084	13.0737596293	0.000299461456725	66.0	5.0
,,group_1345	13.0638649089	0.000301047589452	5.0	10.0
,,ybhF_3	12.8805460751	0.000332015348235	37.0	0.0
,,group_1761	12.6830437143	0.000368986436791	2.0	7.0
,,group_22298	12.5324232082	0.000399950786686	36.0	0.0
,,group_4892	12.5324232082	0.000399950786686	36.0	0.0
,,group_22301	12.5324232082	0.000399950786686	36.0	0.0
,,hin_5	12.5324232082	0.000399950786686	36.0	0.0
,,group_22341	12.5324232082	0.000399950786686	36.0	0.0
,,group_22322	12.5324232082	0.000399950786686	36.0	0.0
,,group_22319	12.5324232082	0.000399950786686	36.0	0.0
,,group_22320	12.5324232082	0.000399950786686	36.0	0.0
,,group_22302	12.5324232082	0.000399950786686	36.0	0.0
,,group_22300	12.5324232082	0.000399950786686	36.0	0.0
,,group_22299	12.5324232082	0.000399950786686	36.0	0.0
,,group_22297	12.4313056281	0.000422196643621	48.0	2.0
,,group_22296	12.4313056281	0.000422196643621	48.0	2.0
,,group_8537	12.1963461152	0.00047883211191	8.0	12.0
,,group_14342	12.1963461152	0.00047883211191	8.0	12.0
,,group_23272	12.1843003413	0.000481934119713	35.0	0.0
,,tnsB_2	12.1843003413	0.000481934119713	35.0	0.0
,,group_22303	12.1843003413	0.000481934119713	35.0	0.0
,,group_22323	12.1843003413	0.000481934119713	35.0	0.0
,,group_22304	12.1843003413	0.000481934119713	35.0	0.0
,,mdtN_5	12.1843003413	0.000481934119713	35.0	0.0
PA14_40040,,group_2347	12.0876962401	0.000507556493764	71.0	47.0
,,group_22308	11.8361774744	0.000580909533022	34.0	0.0
,,rhtA_2	11.8361774744	0.000580909533022	34.0	0.0
,,group_22311	11.8361774744	0.000580909533022	34.0	0.0
,,group_4782	11.8361774744	0.000580909533022	34.0	0.0
,,group_22312	11.8361774744	0.000580909533022	34.0	0.0
,,fom3	11.8361774744	0.000580909533022	34.0	0.0
,,group_22310	11.8361774744	0.000580909533022	34.0	0.0
,,yeaP	11.8361774744	0.000580909533022	34.0	0.0
,,ldc_2	11.8361774744	0.000580909533022	34.0	0.0
,,parB_2	11.8100727972	0.000589111290406	67.0	6.0
,,iolC	11.7041252695	0.000623616900186	40.0	1.0
,,group_13920	11.7041252695	0.000623616900186	40.0	1.0
,,ogg	11.7041252695	0.000623616900186	40.0	1.0
,,queC_2	11.7041252695	0.000623616900186	40.0	1.0
,,group_24998	11.4901960784	0.000699642555456	0.0	4.0
,,group_28680	11.4901960784	0.000699642555456	0.0	4.0
,,group_2529	11.4901960784	0.000699642555456	0.0	4.0
,,camD	11.4901960784	0.000699642555456	0.0	4.0
,,group_18376	11.4901960784	0.000699642555456	0.0	4.0
,,cdhR_8	11.4901960784	0.000699642555456	0.0	4.0
,,group_11480	11.4901960784	0.000699642555456	0.0	4.0
,,group_9920	11.4901960784	0.000699642555456	0.0	4.0
,,group_18130	11.4901960784	0.000699642555456	0.0	4.0
,,group_28682	11.4901960784	0.000699642555456	0.0	4.0
,,group_9021	11.4901960784	0.000699642555456	0.0	4.0
,,group_14498	11.4901960784	0.000699642555456	0.0	4.0
,,group_18122	11.4901960784	0.000699642555456	0.0	4.0
,,group_28679	11.4901960784	0.000699642555456	0.0	4.0
,,group_11684	11.4705966004	0.000707059786719	89.0	11.0
,,group_5329	11.3162204784	0.000768329430063	10.0	13.0
,,group_5173	11.3162204784	0.000768329430063	10.0	13.0
,,group_25600	11.2367078231	0.0008019527909	6.0	10.0
,,group_7103	11.2367078231	0.0008019527909	6.0	10.0
,,emrB_6	11.2367078231	0.0008019527909	6.0	10.0
,,emrK_3	11.2367078231	0.0008019527909	6.0	10.0
,,metR_4	11.2367078231	0.0008019527909	6.0	10.0
,,hilA	11.2367078231	0.0008019527909	6.0	10.0
,,group_25599	11.2367078231	0.0008019527909	6.0	10.0
,,group_9708	11.2230563612	0.000807873377365	122.0	19.0
,,comM_1	11.1739918509	0.000829519575233	79.0	9.0
,,group_7049	11.1399317406	0.000844890004126	32.0	0.0
,,group_13923	11.1399317406	0.000844890004126	32.0	0.0
,,group_2348	11.1213769017	0.000853384114593	71.0	46.0
,,group_2270	10.837959768	0.000994402393929	59.0	5.0
,,group_4551	10.8128244472	0.00100799404168	5.0	9.0
,,tnsB_1	10.7918088737	0.00101950209909	31.0	0.0
,,group_22325	10.7918088737	0.00101950209909	31.0	0.0
,,group_10568	10.7089388713	0.00106619160316	74.0	47.0
,,dapA_5	10.6693446396	0.00108925703197	72.0	46.0
,,hin_3	10.5668322233	0.00115134858449	63.0	6.0
,,group_3019	10.4510919271	0.00122576973877	4.0	8.0
,,group_12189	10.3603080595	0.00128753716931	1.0	5.0
,,group_31242	10.3603080595	0.00128753716931	1.0	5.0
,,aplIR	10.3603080595	0.00128753716931	1.0	5.0
,,group_8558	10.3603080595	0.00128753716931	1.0	5.0
,,group_17523	10.3603080595	0.00128753716931	1.0	5.0
,,group_23662	10.3603080595	0.00128753716931	1.0	5.0
,,group_22316	10.2587656625	0.00136036668535	62.0	6.0
,,group_16515	10.2587656625	0.00136036668535	62.0	6.0
,,group_22317	10.2587656625	0.00136036668535	62.0	6.0
,,group_22315	10.2587656625	0.00136036668535	62.0	6.0
,,group_21518	10.2587656625	0.00136036668535	62.0	6.0
,,group_22318	10.2587656625	0.00136036668535	62.0	6.0
,,group_16516	10.2587656625	0.00136036668535	62.0	6.0
,,group_16873	10.2587656625	0.00136036668535	62.0	6.0
,,group_13184	10.2146504134	0.00139329401508	122.0	20.0
,,group_13958	10.1888007763	0.00141296177208	3.0	7.0
,,group_3848	10.1888007763	0.00141296177208	3.0	7.0
,,group_14413	10.1888007763	0.00141296177208	3.0	7.0
,,group_5631	10.1611456869	0.00143431459852	71.0	8.0
,,group_17794	10.1005320217	0.00148226525866	2.0	6.0
,,group_18374	10.1005320217	0.00148226525866	2.0	6.0
,,group_25067	10.1005320217	0.00148226525866	2.0	6.0
,,group_131	10.1005320217	0.00148226525866	2.0	6.0
,,group_5362	10.0955631399	0.00148626734991	29.0	0.0
,,group_7642	10.065985467	0.00151031760325	11.0	13.0
,,group_17468	10.065985467	0.00151031760325	11.0	13.0
,,group_16512	9.95189481223	0.0016068392606	61.0	6.0
,,group_11596	9.95189481223	0.0016068392606	61.0	6.0
,,group_21519	9.95189481223	0.0016068392606	61.0	6.0
,,group_16513	9.95189481223	0.0016068392606	61.0	6.0
,,group_1353	9.93385144674	0.00162266653055	49.0	34.0
,,group_5890	9.8922893925	0.00165972749473	28.0	23.0
,,group_6181	9.78507299369	0.0017593424507	83.0	11.0
,,group_209	9.77224564456	0.00177165929217	104.0	16.0
,,hin_1	9.77224564456	0.00177165929217	104.0	16.0
,,group_21505	9.6654660258	0.00187764125637	7.0	10.0
,,group_4779	9.64627402311	0.0018973605424	60.0	6.0
,,pgrR_4	9.63721666141	0.00190673953104	34.0	1.0
,,group_6789	9.63721666141	0.00190673953104	34.0	1.0
,,group_6275	9.57475463037	0.00197271216441	69.0	8.0
,,group_2844	9.48781182447	0.0020684136491	111.0	18.0
,,group_4141	9.47542479604	0.00208242659914	10.0	12.0
,,group_11285	9.39931740614	0.00217066241799	27.0	0.0
,,group_13318	9.39931740614	0.00217066241799	27.0	0.0
,,group_22336	9.39931740614	0.00217066241799	27.0	0.0
,,group_18787	9.39931740614	0.00217066241799	27.0	0.0
,,group_11284	9.39931740614	0.00217066241799	27.0	0.0
,,group_9806	9.39931740614	0.00217066241799	27.0	0.0
,,group_16883	9.39931740614	0.00217066241799	27.0	0.0
,,ant1	9.39931740614	0.00217066241799	27.0	0.0
,,group_7252	9.2837272865	0.00231198501437	68.0	8.0
,,group_3100	9.27016958227	0.00232916136641	54.0	5.0
,,group_3440	9.2415809005	0.00236580616209	49.0	4.0
,,group_104	9.2415809005	0.00236580616209	49.0	4.0
,,katA_2	9.2415809005	0.00236580616209	49.0	4.0
,,group_17376	9.14725958643	0.00249090842757	6.0	9.0
,,rhtB_4	9.14725958643	0.00249090842757	6.0	9.0
,,group_265	9.07033591683	0.00259789341598	129.0	23.0
,,group_16107	9.05119453925	0.00262523242266	26.0	0.0
,,group_20652	9.05119453925	0.00262523242266	26.0	0.0
,,group_14040	9.05119453925	0.00262523242266	26.0	0.0
,,group_11286	9.05119453925	0.00262523242266	26.0	0.0
,,group_13319	9.05119453925	0.00262523242266	26.0	0.0
,,group_16106	9.05119453925	0.00262523242266	26.0	0.0
,,group_20651	9.05119453925	0.00262523242266	26.0	0.0
,,group_11600	8.94361908586	0.00278440506863	12.0	13.0
,,group_4814	8.94361908586	0.00278440506863	12.0	13.0
,,group_16521	8.94361908586	0.00278440506863	12.0	13.0
,,group_21530	8.94361908586	0.00278440506863	12.0	13.0
,,group_1735	8.88881917955	0.00286922233593	9.0	11.0
,,group_4963	8.86954803252	0.00289966923116	71.0	9.0
,,group_13672	8.85419133771	0.0029241664023	62.0	7.0
,,intS_3	8.80690144562	0.00300093234952	92.0	14.0
,,group_1215	8.71975386812	0.0031478053537	37.0	2.0
,,hsdM	8.71975386812	0.0031478053537	37.0	2.0
,,group_8230	8.70630196549	0.00317111846808	66.0	8.0
,,hsdR_1	8.70307167235	0.00317674287532	25.0	0.0
,,group_7273	8.65740068671	0.00325735629191	5.0	8.0
,,group_11178	8.65740068671	0.00325735629191	5.0	8.0
,,group_9590	8.65740068671	0.00325735629191	5.0	8.0
,,group_7020	8.6515431153	0.00326784477962	52.0	5.0
,,group_1635	8.61764705882	0.00332921622662	0.0	3.0
,,group_26831	8.61764705882	0.00332921622662	0.0	3.0
,,group_2673	8.61764705882	0.00332921622662	0.0	3.0
,,group_17793	8.61764705882	0.00332921622662	0.0	3.0
,,group_8394	8.61764705882	0.00332921622662	0.0	3.0
,,group_3901	8.61764705882	0.00332921622662	0.0	3.0
,,group_7680	8.61764705882	0.00332921622662	0.0	3.0
,,group_14866	8.61764705882	0.00332921622662	0.0	3.0
,,group_253	8.61764705882	0.00332921622662	0.0	3.0
,,group_18521	8.61764705882	0.00332921622662	0.0	3.0
,,group_17854	8.61764705882	0.00332921622662	0.0	3.0
,,group_18172	8.61764705882	0.00332921622662	0.0	3.0
,,group_18486	8.61764705882	0.00332921622662	0.0	3.0
,,group_18500	8.61764705882	0.00332921622662	0.0	3.0
,,group_14560	8.61764705882	0.00332921622662	0.0	3.0
,,group_8191	8.61764705882	0.00332921622662	0.0	3.0
,,group_32652	8.61764705882	0.00332921622662	0.0	3.0
,,group_26834	8.61764705882	0.00332921622662	0.0	3.0
,,group_1331	8.61764705882	0.00332921622662	0.0	3.0
,,bag	8.61764705882	0.00332921622662	0.0	3.0
,,group_32711	8.61764705882	0.00332921622662	0.0	3.0
,,group_32658	8.61764705882	0.00332921622662	0.0	3.0
,,group_14687	8.61764705882	0.00332921622662	0.0	3.0
,,group_18894	8.61764705882	0.00332921622662	0.0	3.0
,,group_32656	8.61764705882	0.00332921622662	0.0	3.0
,,group_19251	8.61764705882	0.00332921622662	0.0	3.0
,,group_11209	8.61764705882	0.00332921622662	0.0	3.0
,,group_32651	8.61764705882	0.00332921622662	0.0	3.0
,,group_17792	8.61764705882	0.00332921622662	0.0	3.0
,,group_32649	8.61764705882	0.00332921622662	0.0	3.0
,,group_6431	8.61764705882	0.00332921622662	0.0	3.0
,,group_32655	8.61764705882	0.00332921622662	0.0	3.0
,,group_8906	8.61764705882	0.00332921622662	0.0	3.0
,,group_18124	8.61764705882	0.00332921622662	0.0	3.0
,,group_32669	8.61764705882	0.00332921622662	0.0	3.0
,,group_32657	8.61764705882	0.00332921622662	0.0	3.0
,,group_12224	8.61764705882	0.00332921622662	0.0	3.0
,,group_18839	8.61764705882	0.00332921622662	0.0	3.0
,,group_32731	8.61764705882	0.00332921622662	0.0	3.0
,,group_26017	8.61764705882	0.00332921622662	0.0	3.0
,,group_32653	8.61764705882	0.00332921622662	0.0	3.0
,,group_6347	8.61764705882	0.00332921622662	0.0	3.0
,,group_26833	8.61764705882	0.00332921622662	0.0	3.0
,,group_32654	8.61764705882	0.00332921622662	0.0	3.0
,,group_7998	8.61764705882	0.00332921622662	0.0	3.0
,,syrM1_2	8.61764705882	0.00332921622662	0.0	3.0
,,group_30181	8.61764705882	0.00332921622662	0.0	3.0
,,group_17745	8.61764705882	0.00332921622662	0.0	3.0
,,group_32611	8.61764705882	0.00332921622662	0.0	3.0
,,group_32650	8.61764705882	0.00332921622662	0.0	3.0
,,group_9313	8.61764705882	0.00332921622662	0.0	3.0
,,group_38341	8.61764705882	0.00332921622662	0.0	3.0
,,group_11417	8.61764705882	0.00332921622662	0.0	3.0
,,group_465	8.61764705882	0.00332921622662	0.0	3.0
,,group_18957	8.61764705882	0.00332921622662	0.0	3.0
,,group_3589	8.61764705882	0.00332921622662	0.0	3.0
,,group_14888	8.61764705882	0.00332921622662	0.0	3.0
,,group_30398	8.61764705882	0.00332921622662	0.0	3.0
,,group_6338	8.61764705882	0.00332921622662	0.0	3.0
,,group_25700	8.61764705882	0.00332921622662	0.0	3.0
,,group_5664	8.61764705882	0.00332921622662	0.0	3.0
,,group_897	8.61764705882	0.00332921622662	0.0	3.0
,,group_7841	8.61764705882	0.00332921622662	0.0	3.0
,,group_18527	8.61764705882	0.00332921622662	0.0	3.0
,,cdiA_3	8.60683200328	0.00334904324415	31.0	1.0
,,group_8408	8.56058955403	0.00343518159748	61.0	7.0
,,group_22343	8.38572188351	0.00378179980054	36.0	2.0
,,group_13936	8.38572188351	0.00378179980054	36.0	2.0
,,group_8567	8.38572188351	0.00378179980054	36.0	2.0
,,group_22718	8.35494880546	0.00384638304228	24.0	0.0
,,group_7044	8.35494880546	0.00384638304228	24.0	0.0
,,group_22719	8.35494880546	0.00384638304228	24.0	0.0
,,group_22339	8.35494880546	0.00384638304228	24.0	0.0
,,group_11811	8.35494880546	0.00384638304228	24.0	0.0
,,group_17834	8.35494880546	0.00384638304228	24.0	0.0
,,group_197	8.35494880546	0.00384638304228	24.0	0.0
,,group_14033	8.35494880546	0.00384638304228	24.0	0.0
,,group_22720	8.35494880546	0.00384638304228	24.0	0.0
,,group_7377	8.35494880546	0.00384638304228	24.0	0.0
,,cusF	8.33782285729	0.00388280996709	11.0	12.0
,,group_23874	8.33782285729	0.00388280996709	11.0	12.0
,,group_23872	8.33782285729	0.00388280996709	11.0	12.0
,,group_23873	8.33782285729	0.00388280996709	11.0	12.0
,,group_5523	8.30883897271	0.00394526027889	69.0	9.0
,,group_6336	8.307486969	0.00394819820447	8.0	10.0
,,group_2211	8.26397191046	0.00404395552499	30.0	1.0
,,group_20956	8.24009623667	0.00409749598304	16.0	15.0
,,group_14680	8.21135162101	0.0041629130493	4.0	7.0
,,group_25618	8.21135162101	0.0041629130493	4.0	7.0
,,group_1560	8.21135162101	0.0041629130493	4.0	7.0
,,group_2999	8.21135162101	0.0041629130493	4.0	7.0
,,group_11732	8.13547777852	0.00434074079015	64.0	8.0
,,group_881	8.02531507635	0.00461280006285	97.0	16.0
,,group_23262	8.00682593857	0.00466013484371	23.0	0.0
,,group_6364	8.00682593857	0.00466013484371	23.0	0.0
,,group_22333	8.00682593857	0.00466013484371	23.0	0.0
,,group_1658	7.97324484203	0.004747376332	40.0	3.0
,,group_16875	7.97324484203	0.004747376332	40.0	3.0
,,group_13679	7.93436726226	0.00485045852054	13.0	13.0
,,group_2041	7.92146266925	0.0048851762252	29.0	1.0
,,group_14186	7.85271543603	0.00507444332373	63.0	8.0
,,group_3484	7.83831894533	0.00511501516599	3.0	6.0
,,group_25605	7.83831894533	0.00511501516599	3.0	6.0
,,group_17991	7.83831894533	0.00511501516599	3.0	6.0
,,group_7339	7.83831894533	0.00511501516599	3.0	6.0
,,group_25039	7.83831894533	0.00511501516599	3.0	6.0
,,group_26763	7.83831894533	0.00511501516599	3.0	6.0
,,group_928	7.83831894533	0.00511501516599	3.0	6.0
,,iorA_3	7.83831894533	0.00511501516599	3.0	6.0
,,group_25607	7.83831894533	0.00511501516599	3.0	6.0
,,group_4669	7.83831894533	0.00511501516599	3.0	6.0
,,group_18000	7.83831894533	0.00511501516599	3.0	6.0
,,group_9486	7.83831894533	0.00511501516599	3.0	6.0
,,group_11260	7.83831894533	0.00511501516599	3.0	6.0
,,group_21793	7.81253333113	0.00518851185536	84.0	13.0
,,group_13790	7.81253333113	0.00518851185536	84.0	13.0
,,ptlF	7.81253333113	0.00518851185536	84.0	13.0
,,group_16647	7.81253333113	0.00518851185536	84.0	13.0
,,group_21794	7.81253333113	0.00518851185536	84.0	13.0
,,group_13791	7.81253333113	0.00518851185536	84.0	13.0
,,group_13674	7.75526342206	0.00535562295962	67.0	9.0
,,group_10221	7.73340569163	0.0054208405913	7.0	9.0
,,group_1603	7.73340569163	0.0054208405913	7.0	9.0
,,group_17908	7.73340569163	0.0054208405913	7.0	9.0
,,group_7379	7.73289133628	0.00542238500372	10.0	11.0
,,group_3560	7.73289133628	0.00542238500372	10.0	11.0
,,group_15996	7.68984963374	0.00555322540753	58.0	7.0
,,nemA_4	7.67993374824	0.00558382180181	22.0	18.0
,,group_9926	7.66513863794	0.00562979344569	44.0	4.0
PA14_22080,,group_16415	7.66513863794	0.00562979344569	44.0	4.0
PA14_22260,,group_21403	7.66513863794	0.00562979344569	44.0	4.0
,,proS_1	7.66178143612	0.00564027862664	1.0	4.0
,,group_25847	7.66178143612	0.00564027862664	1.0	4.0
,,group_1158	7.66178143612	0.00564027862664	1.0	4.0
,,group_11598	7.66178143612	0.00564027862664	1.0	4.0
,,group_25013	7.66178143612	0.00564027862664	1.0	4.0
,,group_32476	7.66178143612	0.00564027862664	1.0	4.0
,,group_3445	7.66178143612	0.00564027862664	1.0	4.0
,,group_31527	7.66178143612	0.00564027862664	1.0	4.0
,,group_6733	7.66178143612	0.00564027862664	1.0	4.0
,,group_31528	7.66178143612	0.00564027862664	1.0	4.0
,,group_4844	7.66178143612	0.00564027862664	1.0	4.0
,,group_17719	7.66178143612	0.00564027862664	1.0	4.0
,,group_5668	7.66178143612	0.00564027862664	1.0	4.0
,,group_24341	7.66178143612	0.00564027862664	1.0	4.0
,,group_17780	7.66178143612	0.00564027862664	1.0	4.0
,,group_10037	7.66178143612	0.00564027862664	1.0	4.0
,,group_24134	7.66178143612	0.00564027862664	1.0	4.0
,,group_1570	7.66178143612	0.00564027862664	1.0	4.0
,,group_31529	7.66178143612	0.00564027862664	1.0	4.0
,,group_24135	7.66178143612	0.00564027862664	1.0	4.0
,,xre_1	7.65870307167	0.00564991044835	22.0	0.0
,,group_3171	7.65870307167	0.00564991044835	22.0	0.0
,,group_16739	7.65113861244	0.00567365002662	39.0	3.0
,,group_25254	7.65113861244	0.00567365002662	39.0	3.0
,,group_2196	7.60088813682	0.00583395563102	2.0	5.0
,,group_22929	7.60088813682	0.00583395563102	2.0	5.0
,,group_8830	7.60088813682	0.00583395563102	2.0	5.0
,,group_11472	7.60088813682	0.00583395563102	2.0	5.0
,,group_17533	7.60088813682	0.00583395563102	2.0	5.0
,,group_17535	7.60088813682	0.00583395563102	2.0	5.0
,,group_17375	7.60088813682	0.00583395563102	2.0	5.0
,,group_17534	7.60088813682	0.00583395563102	2.0	5.0
,,group_13556	7.60088813682	0.00583395563102	2.0	5.0
,,group_17536	7.60088813682	0.00583395563102	2.0	5.0
,,group_7269	7.60088813682	0.00583395563102	2.0	5.0
,,rstB_3	7.60088813682	0.00583395563102	2.0	5.0
,,group_17537	7.60088813682	0.00583395563102	2.0	5.0
,,group_16879	7.57934057464	0.00590410349017	28.0	1.0
,,group_8299	7.57934057464	0.00590410349017	28.0	1.0
,,katA_1	7.57182053709	0.00592878695009	62.0	8.0
,,group_2027	7.56997598627	0.00593485749026	24.0	19.0
,,group_21795	7.55915848279	0.00597058649007	83.0	13.0
,,group_21796	7.55915848279	0.00597058649007	83.0	13.0
,,group_13792	7.55915848279	0.00597058649007	83.0	13.0
,,acrR_2	7.55915848279	0.00597058649007	83.0	13.0
,,mdtE_1	7.55915848279	0.00597058649007	83.0	13.0
,,cnrA	7.55915848279	0.00597058649007	83.0	13.0
,,group_13794	7.55915848279	0.00597058649007	83.0	13.0
,,group_21791	7.55915848279	0.00597058649007	83.0	13.0
,,group_689	7.55915848279	0.00597058649007	83.0	13.0
,,group_8625	7.48132905039	0.00623420380295	66.0	9.0
,,group_12496	7.43186435499	0.00640789200186	48.0	5.0
,,group_10027	7.42290704678	0.00643986871076	28.0	21.0
,,group_22099	7.42290704678	0.00643986871076	28.0	21.0
,,group_642	7.41321187178	0.00647466316121	70.0	10.0
,,group_13262	7.41321187178	0.00647466316121	70.0	10.0
,,group_41853	7.40322025781	0.00651072233831	57.0	7.0
,,group_1039	7.40322025781	0.00651072233831	57.0	7.0
,,group_6455	7.38845708932	0.00656437747082	33.0	2.0
,,group_8610	7.38845708932	0.00656437747082	33.0	2.0
,,group_11489	7.33030148711	0.0067801680238	38.0	3.0
,,group_11622	7.33030148711	0.0067801680238	38.0	3.0
,,group_21	7.33030148711	0.0067801680238	38.0	3.0
,,group_3799	7.32403131901	0.00680386252064	12.0	12.0
,,group_97	7.31058020478	0.00685497901434	21.0	0.0
,,group_5418	7.31058020478	0.00685497901434	21.0	0.0
,,group_30049	7.31058020478	0.00685497901434	21.0	0.0
,,group_24762	7.31058020478	0.00685497901434	21.0	0.0
,,group_11680	7.30777832958	0.00686567587851	82.0	13.0
,,group_11679	7.30777832958	0.00686567587851	82.0	13.0
,,group_16650	7.30777832958	0.00686567587851	82.0	13.0
,,group_16649	7.30777832958	0.00686567587851	82.0	13.0
,,mkl_1	7.30777832958	0.00686567587851	82.0	13.0
,,group_14932	7.2928742749	0.00692286309879	61.0	8.0
,,group_23315	7.23764710662	0.00713904747661	27.0	1.0
,,group_13928	7.23764710662	0.00713904747661	27.0	1.0
,,group_11507	7.23764710662	0.00713904747661	27.0	1.0
,,group_4351	7.23764710662	0.00713904747661	27.0	1.0
,,group_11711	7.20939977319	0.00725227437495	65.0	9.0
,,group_13821	7.20939977319	0.00725227437495	65.0	9.0
,,group_11703	7.20939977319	0.00725227437495	65.0	9.0
,,group_2827	7.20939977319	0.00725227437495	65.0	9.0
,,group_2233	7.20939977319	0.00725227437495	65.0	9.0
,,group_11709	7.20939977319	0.00725227437495	65.0	9.0
,,group_7165	7.20939977319	0.00725227437495	65.0	9.0
,,group_16673	7.20939977319	0.00725227437495	65.0	9.0
,,group_9984	7.20939977319	0.00725227437495	65.0	9.0
,,group_11708	7.20939977319	0.00725227437495	65.0	9.0
,,topB_2	7.20939977319	0.00725227437495	65.0	9.0
,,group_21825	7.20939977319	0.00725227437495	65.0	9.0
,,group_11706	7.20939977319	0.00725227437495	65.0	9.0
,,group_790	7.16968289022	0.00741458804671	6.0	8.0
,,group_2003	7.13109881653	0.00757582872691	47.0	5.0
,,epsF_2	7.12909758838	0.00758428887149	9.0	10.0
,,group_4235	7.11854305621	0.00762906796757	56.0	7.0
,,group_21934	7.11854305621	0.00762906796757	56.0	7.0
,,group_2689	7.09707502545	0.00772098501637	21.0	17.0
,,hin_2	7.07491614201	0.00781704800428	77.0	12.0
,,xerD_4	7.05788269936	0.00789172142269	32.0	2.0
,,group_8427	7.05788269936	0.00789172142269	32.0	2.0
,,group_579	7.05581498155	0.00790083566766	89.0	15.0
,,group_920	7.05581498155	0.00790083566766	89.0	15.0
,,group_13843	7.03373204651	0.00799884855362	116.0	22.0
,,group_6764	7.02358762494	0.00804428952716	51.0	32.0
,,group_21831	7.01596261874	0.00807861876975	60.0	8.0
,,group_25255	7.01082864887	0.00810181726742	37.0	3.0
,,group_17313	7.01082864887	0.00810181726742	37.0	3.0
,,group_23460	7.01082864887	0.00810181726742	37.0	3.0
,,group_20955	6.9966555839	0.00816621442777	23.0	18.0
,,group_10049	6.96245733788	0.00832376344186	20.0	0.0
,,group_33651	6.96245733788	0.00832376344186	20.0	0.0
,,group_25040	6.96245733788	0.00832376344186	20.0	0.0
,,group_7233	6.96245733788	0.00832376344186	20.0	0.0
,,group_22366	6.96245733788	0.00832376344186	20.0	0.0
,,group_25353	6.96245733788	0.00832376344186	20.0	0.0
,,group_18922	6.96245733788	0.00832376344186	20.0	0.0
,,yedK_3	6.96245733788	0.00832376344186	20.0	0.0
,,group_35525	6.96245733788	0.00832376344186	20.0	0.0
,,group_17772	6.96245733788	0.00832376344186	20.0	0.0
,,group_7170	6.9395579916	0.00843099443604	64.0	9.0
,,group_6416	6.9395579916	0.00843099443604	64.0	9.0
,,group_6414	6.9395579916	0.00843099443604	64.0	9.0
,,group_13818	6.9395579916	0.00843099443604	64.0	9.0
,,group_11701	6.9395579916	0.00843099443604	64.0	9.0
,,soj_4	6.9395579916	0.00843099443604	64.0	9.0
,,group_1377	6.9395579916	0.00843099443604	64.0	9.0
,,group_23317	6.89642989037	0.00863680534601	26.0	1.0
,,group_23316	6.89642989037	0.00863680534601	26.0	1.0
,,hin_4	6.89642989037	0.00863680534601	26.0	1.0
,,group_9981	6.89642989037	0.00863680534601	26.0	1.0
,,group_13341	6.88429536512	0.00869563407751	68.0	10.0
,,group_2682	6.88429536512	0.00869563407751	68.0	10.0
,,group_3116	6.88429536512	0.00869563407751	68.0	10.0
,,group_4167	6.84635389581	0.00888223603467	72.0	11.0
PA14_67200,,hcpC_2	6.83814191327	0.00892316057783	91.0	50.0
,,group_9829	6.83591248896	0.00893430423084	55.0	7.0
,,group_2098	6.83591248896	0.00893430423084	55.0	7.0
,,group_16024	6.83591248896	0.00893430423084	55.0	7.0
,,group_1510	6.82278111369	0.00900023041488	76.0	12.0
,,group_9975	6.81125948857	0.00905848500867	80.0	13.0
,,ptlG	6.8099444556	0.00906515846065	84.0	14.0
,,group_989	6.74117667035	0.00942124643875	59.0	8.0
,,group_7041	6.72837185345	0.00948911759981	31.0	2.0
,,group_22756	6.72837185345	0.00948911759981	31.0	2.0
,,tnsB_3	6.72837185345	0.00948911759981	31.0	2.0
,,group_7462	6.72837185345	0.00948911759981	31.0	2.0
,,group_3059	6.72837185345	0.00948911759981	31.0	2.0
,,group_3413	6.72837185345	0.00948911759981	31.0	2.0
,,group_1190	6.71369537576	0.00956752576553	11.0	11.0
,,group_14437	6.69282504286	0.00968016887575	36.0	3.0
,,group_16561	6.69282504286	0.00968016887575	36.0	3.0
,,group_13596	6.6735523561	0.00978539577572	50.0	6.0
,,group_4711	6.6735523561	0.00978539577572	50.0	6.0
,,group_11226	6.6735523561	0.00978539577572	50.0	6.0
,,group_13822	6.6718906846	0.00979452304124	63.0	9.0
,,group_13846	6.6718906846	0.00979452304124	63.0	9.0
,,group_3009	6.6718906846	0.00979452304124	63.0	9.0
,,group_11217	6.62309677206	0.0100664652127	67.0	10.0
,,group_17909	6.62149780276	0.010075506542	5.0	7.0
,,group_5253	6.62149780276	0.010075506542	5.0	7.0
,,group_25273	6.62149780276	0.010075506542	5.0	7.0
,,group_25626	6.62149780276	0.010075506542	5.0	7.0
,,group_25627	6.62149780276	0.010075506542	5.0	7.0
,,group_25628	6.62149780276	0.010075506542	5.0	7.0
,,group_6114	6.62149780276	0.010075506542	5.0	7.0
,,group_25629	6.62149780276	0.010075506542	5.0	7.0
,,group_25625	6.62149780276	0.010075506542	5.0	7.0
,,group_17112	6.61433447099	0.0101161136996	19.0	0.0
,,group_33653	6.61433447099	0.0101161136996	19.0	0.0
,,group_22326	6.61433447099	0.0101161136996	19.0	0.0
,,group_13935	6.61433447099	0.0101161136996	19.0	0.0
,,group_4504	6.61433447099	0.0101161136996	19.0	0.0
,,group_17113	6.61433447099	0.0101161136996	19.0	0.0
,,group_31720	6.61433447099	0.0101161136996	19.0	0.0
,,group_4312	6.61433447099	0.0101161136996	19.0	0.0
,,oatA_3	6.61433447099	0.0101161136996	19.0	0.0
,,group_4170	6.57285270234	0.0103545850829	75.0	12.0
,,group_4175	6.57285270234	0.0103545850829	75.0	12.0
