feature	score	p-value	#I-out-of-135	#O-out-of-277
PA14_15435	6694.84226662	0.0	8136.0	3858.0
PA14_15450,merD	5745.4812591	0.0	7376.0	3705.0
PA14_22230	5614.07211559	0.0	4356.0	1048.0
PA14_22220	5545.21686105	0.0	4305.0	1037.0
PA14_15445,merE	5541.26030967	0.0	7254.0	3716.0
PA14_22270	5450.66629754	0.0	5430.0	2016.0
PA14_22080	5444.34470946	0.0	4835.0	1505.0
PA14_22190	5384.71141388	0.0	4635.0	1367.0
PA14_22210	5301.70244482	0.0	4097.0	977.0
PA14_22100	4958.49264377	0.0	3909.0	973.0
PA14_15420	4811.05942635	0.0	7123.0	4093.0
PA14_22090	4780.46667103	0.0	4210.0	1292.0
PA14_22120	4597.15337563	0.0	4224.0	1390.0
PA14_22250	4443.4915416	0.0	3584.0	935.0
PA14_15470,merP	4440.24399345	0.0	7907.0	5268.0
PA14_22140	4364.46514058	0.0	3736.0	1091.0
PA14_22110	4336.06087099	0.0	3686.0	1063.0
PA14_22240	4236.45963686	0.0	3608.0	1044.0
PA14_22180	4150.52196637	0.0	3305.0	840.0
PA14_22260	3960.59417569	0.0	3246.0	874.0
PA14_49510,pyoS3I	3881.36652869	0.0	5700.0	3252.0
PA14_15475,merT	3863.31691589	0.0	8858.0	6973.0
PA14_22130	3832.24859016	0.0	3145.0	849.0
PA14_15410	3287.47594249	0.0	6718.0	4923.0
PA14_22160	3171.39162555	0.0	2765.0	834.0
PA14_29330	3068.56867329	0.0	5852.0	4094.0
PA14_59630	2727.47821367	0.0	4631.0	2977.0
PA14_27990	2726.53000049	0.0	1860.0	12905.0
PA14_59610	2649.78323576	0.0	4359.0	2734.0
PA14_15460,merA	2604.53656905	0.0	8647.0	8242.0
PA14_15430,tnpR	2580.76935479	0.0	6298.0	5140.0
PA14_10830	2503.2293813	0.0	7850.0	7289.0
PA14_14430	2460.44589758	0.0	2286.0	13664.0
PA14_10840	2406.84792015	0.0	7134.0	6448.0
PA14_59620	2380.2818975	0.0	4171.0	2746.0
PA14_43090	2277.98057727	0.0	4125.0	2782.0
PA14_15480,merR	2277.11131174	0.0	8335.0	8289.0
PA14_13910	2196.16420225	0.0	434.0	6467.0
PA14_31260	2167.40889466	0.0	4684.0	3557.0
PA14_08250	2103.54224294	0.0	1712.0	10887.0
PA14_14420	2044.94606061	0.0	1694.0	10682.0
PA14_08320	1954.82786064	0.0	1676.0	10398.0
PA14_53620	1936.10184084	0.0	2237.0	12150.0
PA14_43100	1921.07561358	0.0	6650.0	6457.0
PA14_04710	1889.35199921	0.0	5313.0	4678.0
PA14_08200	1876.5683024	0.0	2207.0	11898.0
PA14_13950	1772.86724817	0.0	1130.0	8119.0
PA14_30940,trbB	1745.03576319	0.0	6805.0	6946.0
PA14_31190	1737.4012544	0.0	6606.0	6674.0
PA14_13880	1722.04931859	0.0	279.0	4815.0
PA14_13890	1714.20641389	0.0	480.0	5615.0
PA14_13920	1706.79176991	0.0	245.0	4638.0
PA14_53650	1684.58110917	0.0	2770.0	13087.0
PA14_01130	1666.03241938	0.0	5702.0	5509.0
PA14_30850,trbI	1645.66830462	0.0	8301.0	9319.0
PA14_53660	1440.11186369	0.0	3546.0	14598.0
PA14_08260	1407.8980073	4.03811528346e-308	2657.0	11947.0
PA14_13870	1398.17498016	5.23612405493e-306	1388.0	8052.0
PA14_08330	1397.16051879	8.69870897528e-306	2295.0	10847.0
PA14_50310	1388.63745248	6.1878809319e-304	1451.0	8229.0
PA14_08280	1387.80241827	9.39718449043e-304	2894.0	12575.0
PA14_50320	1343.80895377	3.41225938638e-294	1473.0	8182.0
PA14_22550	1326.99164525	1.54029807423e-290	5762.0	6132.0
PA14_31180	1292.9069703	3.93223765727e-283	6528.0	7331.0
PA14_50330	1272.87807215	8.85614464111e-279	1663.0	8586.0
PA14_53630	1268.8821731	6.54070917109e-278	1831.0	9089.0
PA14_23350,orfA	1204.61174025	6.06793503114e-264	581.0	4859.0
PA14_13900	1198.80019526	1.11186045215e-262	1285.0	7207.0
PA14_10130	1193.28468803	1.75681957848e-261	4885.0	17412.0
PA14_51520,spcU	1152.62447982	1.20640887319e-252	5814.0	6527.0
PA14_49020	1137.19983558	2.71540053032e-249	2834.0	11623.0
PA14_53570	1132.58680742	2.7316265892e-248	5656.0	6328.0
PA14_08240	1126.74395083	5.08513716158e-247	3529.0	13519.0
PA14_20600	1120.4340026	1.19593571761e-245	5953.0	6800.0
PA14_24360	1110.80601653	1.48002527182e-243	4978.0	5360.0
PA14_30860,trbG	1105.65807228	1.94597788577e-242	6460.0	7606.0
PA14_30870,trbF	1042.48323935	1.04744386219e-228	5633.0	6470.0
PA14_48940,coaB	1041.83260768	1.45060422129e-228	1658.0	7929.0
PA14_13220	1032.89979621	1.26809149455e-226	4763.0	5182.0
PA14_53640	1028.52197535	1.13423446183e-225	1489.0	7382.0
PA14_22530	1020.6343274	5.87695390064e-224	4398.0	4667.0
PA14_30950	1020.43634855	6.4891062948e-224	5045.0	5625.0
PA14_48950	1017.02257833	3.58262962538e-223	1812.0	8315.0
PA14_33680,fpvA	1014.90284147	1.03502085343e-222	2492.0	10268.0
PA14_23360,wzz	992.101541822	9.35648647717e-218	1328.0	6790.0
PA14_20530	983.573877994	6.6794739335e-216	474.0	3966.0
PA14_18960	978.316433668	9.27989894423e-215	5751.0	6784.0
PA14_30900,trbJ	964.284830038	1.04135268673e-211	6085.0	7333.0
PA14_13200	964.066748917	1.1614554854e-211	5111.0	5834.0
PA14_22520	952.29624739	4.20335893406e-209	4256.0	4578.0
PA14_15650	918.427085377	9.68363759058e-202	1968.0	8474.0
PA14_15630	906.097485586	4.63773130841e-199	1594.0	7348.0
PA14_30690	905.438721239	6.44929181678e-199	5458.0	6488.0
PA14_55410	901.69470099	4.20158822855e-198	6188.0	7639.0
PA14_51530,exoU	896.915369882	4.59603708777e-197	5834.0	7093.0
PA14_22500	888.807376332	2.66059927988e-195	3969.0	4268.0
PA14_22540,wrbA	886.819272052	7.19740602003e-195	3936.0	4223.0
PA14_30910,trbE	886.264672574	9.50038678197e-195	6807.0	8663.0
PA14_59220	883.765507038	3.31925031507e-194	2384.0	9542.0
PA14_40470	883.601240298	3.60371426388e-194	5662.0	6854.0
PA14_63450	870.56596887	2.45778320358e-191	169.0	2551.0
PA14_15620	845.050616773	8.66116650425e-186	1440.0	6715.0
PA14_31170	841.941650943	4.10656042491e-185	4273.0	4807.0
PA14_30930,trbC	815.776551957	2.00445455437e-179	4360.0	4990.0
PA14_03320	802.886000367	1.27231339e-176	3680.0	3995.0
PA14_01770	800.505866474	4.18867524806e-176	4142.0	4690.0
PA14_28820	787.733207284	2.5067344748e-173	3075.0	3140.0
PA14_54050	781.551678086	5.53498869361e-172	5698.0	7152.0
PA14_59190	772.098216444	6.28847973883e-170	465.0	3442.0
PA14_08230	757.888054086	7.73154844157e-167	3263.0	11484.0
PA14_30960,traG	746.647447455	2.14965797434e-164	6043.0	7795.0
PA14_14300	744.120645541	7.61713378357e-164	3725.0	4171.0
PA14_23370,orfK	737.982366944	1.64624969524e-162	1054.0	5253.0
PA14_14400	737.289607151	2.32878809624e-162	997.0	5077.0
PA14_13210	720.067219408	1.29432248704e-158	2782.0	2829.0
PA14_15570	717.049314073	5.86518615021e-158	592.0	3739.0
PA14_32850	716.907346662	6.29727283033e-158	1176.0	5561.0
PA14_28250	715.745026223	1.12693419012e-157	6905.0	9291.0
PA14_03166	713.011100506	4.42987727733e-157	225.0	2434.0
PA14_48910	708.296716216	4.6940070963e-156	1879.0	7559.0
PA14_15380,repA	707.956202787	5.56659235847e-156	116.0	1985.0
PA14_49010	704.96128542	2.49370706863e-155	191.0	2284.0
PA14_03350	700.860684771	1.9433130128e-154	4175.0	4945.0
PA14_14310	691.98593206	1.6535988062e-152	4703.0	5790.0
PA14_48970	688.87771668	7.84052776315e-152	1364.0	6032.0
PA14_34170	685.234813568	4.85891932189e-151	7434.0	10265.0
PA14_30880,trbL	682.837080417	1.6142090513e-150	4762.0	5905.0
PA14_23380,orfH	681.88332035	2.60236840048e-150	1094.0	5216.0
PA14_41290	678.641098489	1.31959372867e-149	6713.0	9084.0
PA14_18970,pldA	669.884576403	1.05853845464e-147	6794.0	9245.0
PA14_59570	655.528037452	1.40242525355e-144	792.0	4222.0
PA14_60320,pilE	630.391592121	4.10821997741e-139	1218.0	5432.0
PA14_03340	623.610732109	1.22585673295e-137	3264.0	3710.0
PA14_14560	619.406473542	1.00657721551e-136	237.0	2272.0
PA14_15660	616.976778702	3.39859448413e-136	1911.0	7344.0
PA14_33980	612.789888949	2.7665896593e-135	5467.0	7223.0
PA14_63440	610.081471099	1.07406105552e-134	1284.0	5562.0
PA14_08010,gpV	609.441028912	1.48022097821e-134	8763.0	12789.0
PA14_48450	609.42822425	1.48974384395e-134	5496.0	7280.0
PA14_59600	604.617586099	1.65746234864e-133	2130.0	2084.0
PA14_08130,gpU	599.175507173	2.53007261811e-132	8155.0	11782.0
PA14_03310	598.650004482	3.29180686017e-132	2261.0	2278.0
PA14_59350,pilV2	587.61662957	8.26660553501e-130	4826.0	14762.0
PA14_08030	575.653823433	3.30726256275e-127	9072.0	13456.0
PA14_13960	575.449649547	3.66337381763e-127	337.0	2532.0
PA14_48960	573.970214434	7.68587909921e-127	839.0	4144.0
PA14_53580	572.550219931	1.56522747146e-126	421.0	2813.0
PA14_03163	572.088551527	1.97243199881e-126	797.0	4011.0
PA14_33250	570.638385854	4.0780330288e-126	1455.0	5925.0
PA14_58720	568.796064089	1.02613755735e-125	996.0	4599.0
PA14_36000,prpR	566.541998468	3.17343011449e-125	9669.0	14535.0
PA14_59090	566.480819268	3.2721801179e-125	4619.0	14148.0
PA14_28750	560.78718917	5.66733801055e-124	6050.0	8344.0
PA14_59340,pilT2	555.369521767	8.54891851183e-123	3953.0	12432.0
PA14_31270	553.615436912	2.0582130795e-122	2587.0	2828.0
PA14_48920	551.324510555	6.48419230243e-122	995.0	4545.0
PA14_54900	548.578889509	2.56531156333e-121	60.0	1409.0
PA14_48900	547.085457537	5.42031554016e-121	606.0	3351.0
PA14_01220	545.452511648	1.22817717272e-120	149.0	1772.0
PA14_54860	543.314566118	3.58393140037e-120	28.0	1252.0
PA14_31160	539.933175757	1.94970983825e-119	5445.0	7400.0
PA14_51560	539.427782896	2.51140788201e-119	1023.0	4592.0
PA14_08140,XR2	535.838807283	1.51599453566e-118	6577.0	9315.0
PA14_53610	527.18200637	1.15883519417e-116	122.0	1625.0
PA14_08040,gpI	521.483844709	2.01239255832e-115	8912.0	13400.0
PA14_33970	519.831069592	4.60569261159e-115	5460.0	7487.0
PA14_08000	513.57472354	1.05794343649e-113	8184.0	12162.0
PA14_08100	510.947011499	3.94613964642e-113	8033.0	11910.0
PA14_33310	506.505002157	3.65284465362e-112	2978.0	9747.0
PA14_59230	505.757359904	5.31250270601e-112	1382.0	5510.0
PA14_54960	503.527093316	1.62387022223e-111	60.0	1315.0
PA14_48990	503.180150345	1.93213785551e-111	860.0	4006.0
PA14_28800	497.704664277	3.00186595233e-110	1945.0	1987.0
PA14_15360	495.951447913	7.22537864836e-110	355.0	2404.0
PA14_33350	494.179222743	1.75577414177e-109	2365.0	8112.0
PA14_08150,gpD	490.360872184	1.18929748139e-108	8816.0	13365.0
PA14_28770	488.357860795	3.2443232067e-108	2105.0	2234.0
PA14_07300	487.540283002	4.8867625582e-108	2649.0	8823.0
PA14_59320,pilS2	486.033114944	1.03984405019e-107	4935.0	14532.0
PA14_48490	482.550065088	5.95467734664e-107	4432.0	5896.0
PA14_39520	475.956614809	1.6202533826e-105	8927.0	13624.0
PA14_08090,gpFII	467.203388023	1.30117514137e-103	8344.0	12636.0
PA14_08110	463.306887997	9.16770998069e-103	7713.0	11547.0
PA14_54980	463.028646687	1.05392592933e-102	88.0	1349.0
PA14_24500,pelC	462.967142679	1.08691163413e-102	4632.0	6284.0
PA14_48460	462.07448874	1.69999981276e-102	5007.0	6912.0
PA14_08120	461.174872643	2.6682062101e-102	8865.0	13581.0
PA14_03330	461.090768117	2.78305565391e-102	3233.0	4015.0
PA14_23420	456.786575806	2.4054323278e-101	1471.0	5591.0
PA14_54910	452.038232867	2.59741841129e-100	78.0	1284.0
PA14_59250,pilN2	451.628628262	3.18920484445e-100	4734.0	13865.0
PA14_59180	448.813449031	1.30720184628e-99	4807.0	14028.0
PA14_08020,gpW	448.343440773	1.65436055587e-99	7664.0	11524.0
PA14_49520,pyoS3A	446.006742313	5.33540595682e-99	8189.0	12456.0
PA14_33300	443.618331337	1.76589594147e-98	2581.0	8467.0
PA14_08070,gpFI	442.225894618	3.54820341238e-98	9345.0	14521.0
PA14_50250,fliS	440.729882654	7.50923886275e-98	5234.0	15019.0
PA14_39540	440.729189972	7.51184594403e-98	8098.0	12319.0
PA14_08270	436.850065198	5.24806213132e-97	4211.0	12512.0
PA14_55080	436.756361816	5.5003809656e-97	307.0	2098.0
PA14_03360	436.636281972	5.84153814111e-97	3381.0	4312.0
PA14_48500	435.523909864	1.02006335947e-96	5030.0	7037.0
PA14_40110	434.359252928	1.82855491353e-96	6632.0	9783.0
PA14_33340	423.803780549	3.62674665616e-94	2934.0	9279.0
PA14_59310,pilR2	422.812300344	5.96102086182e-94	4579.0	13338.0
PA14_55020	421.570397112	1.11079077573e-93	0.0	865.0
PA14_39480	420.318068928	2.08072585806e-93	602.0	2997.0
PA14_08220	417.917903658	6.9285412623e-93	4208.0	12409.0
PA14_59100	417.428842111	8.85305641669e-93	5650.0	15888.0
PA14_15530,trbK	417.06855088	1.06051324139e-92	79.0	1214.0
PA14_59210	415.979649161	1.83034553922e-92	4210.0	12404.0
PA14_49000	415.894740298	1.90991890711e-92	239.0	1814.0
PA14_54890	415.271133229	2.61068080148e-92	178.0	1594.0
PA14_28790	414.456973729	3.92618157143e-92	1554.0	1561.0
PA14_59200	410.927670618	2.30248576158e-91	5433.0	15332.0
PA14_33330	409.229012187	5.39449874033e-91	2748.0	8745.0
PA14_59280,pilP2	408.027450082	9.8515013518e-91	4096.0	12085.0
PA14_38190	407.310996884	1.41077589213e-90	7858.0	12045.0
PA14_54880	407.25452277	1.45127993698e-90	199.0	1652.0
PA14_59060	405.988864815	2.73689374483e-90	3940.0	11693.0
PA14_33320	405.311626331	3.84307774092e-90	2910.0	9136.0
PA14_03370	402.77227511	1.37230407992e-89	3206.0	4118.0
PA14_59270,pilO2	395.100414611	6.41991172854e-88	4448.0	12874.0
PA14_08310	394.819120364	7.39205530356e-88	4245.0	12380.0
PA14_38395	393.555317435	1.39280152707e-87	9624.0	15264.0
PA14_35700	392.896367716	1.93794034987e-87	194.0	1601.0
PA14_49500	391.542410311	3.82027254772e-87	5568.0	15543.0
PA14_15490	389.902070401	8.69354006148e-87	48.0	1025.0
PA14_28240	389.175515994	1.25132150172e-86	5399.0	7828.0
PA14_39530	389.030544965	1.34564176993e-86	8096.0	12552.0
PA14_31280	386.914620035	3.88664587968e-86	5871.0	8651.0
PA14_29750	386.41782739	4.98574076449e-86	6720.0	10133.0
PA14_59290,pilQ2	380.465814047	9.85249830459e-85	4844.0	13749.0
PA14_59130	379.443698979	1.644663098e-84	4316.0	12471.0
PA14_15560	378.842459242	2.22319242556e-84	193.0	1565.0
PA14_54870	378.477205447	2.6699263132e-84	176.0	1503.0
PA14_59240,pilL2	377.531775321	4.28881281125e-84	4451.0	12787.0
PA14_55090	376.121495856	8.69728711241e-84	471.0	2474.0
PA14_59540	371.160865448	1.04577624295e-82	7303.0	11228.0
PA14_59430	370.446654587	1.49604175297e-82	4423.0	12681.0
PA14_31130	368.38258462	4.21073222877e-82	3175.0	4160.0
PA14_51630	367.723347785	5.85997740612e-82	9732.0	15597.0
PA14_48470	366.548368238	1.05616246858e-81	3866.0	5306.0
PA14_40100	364.546077643	2.88207725943e-81	7165.0	11014.0
PA14_41280	359.229832824	4.14272531725e-80	8822.0	14000.0
PA14_60070	358.004077983	7.65937880632e-80	662.0	2998.0
PA14_59070	357.528883822	9.7200271912e-80	5562.0	15327.0
PA14_60690	351.701008829	1.80602336345e-78	6194.0	9359.0
PA14_55000	350.283065676	3.67703797278e-78	65.0	1014.0
PA14_33060	349.054049679	6.80980183083e-78	7520.0	11718.0
PA14_15600	348.577783025	8.64667780581e-78	787.0	3331.0
PA14_22510	347.559363298	1.44088083933e-77	3530.0	4805.0
PA14_58990	347.318784955	1.62561798772e-77	4444.0	12604.0
PA14_20550	344.793212878	5.76786726287e-77	7477.0	11662.0
PA14_14540	342.104025681	2.22154614816e-76	1422.0	5049.0
PA14_08050	342.011497026	2.32705196988e-76	9265.0	14893.0
PA14_59380	340.761988912	4.35435179121e-76	4368.0	12385.0
PA14_15400,repC	338.363772731	1.44948685043e-75	182.0	1432.0
PA14_48880,intT	336.396710194	3.88700541401e-75	1672.0	5684.0
PA14_69510	335.073340594	7.54800380754e-75	2242.0	7140.0
PA14_59440	333.825179519	1.41147263008e-74	4325.0	12243.0
PA14_15370	331.879580182	3.74468899401e-74	18.0	769.0
PA14_59150	329.769262891	1.07905171775e-73	5213.0	14333.0
PA14_58930	323.338150139	2.71513520576e-72	3387.0	9921.0
PA14_35980	317.705759737	4.5776436157e-71	5505.0	8296.0
PA14_48980	316.627262393	7.86264210784e-71	1628.0	5491.0
PA14_58920	315.828072422	1.17396669412e-70	3976.0	11305.0
PA14_59020	314.498696728	2.28684251375e-70	3464.0	10062.0
PA14_35970	313.596836528	3.59494616102e-70	6680.0	10392.0
PA14_03300	313.100351392	4.61152603912e-70	9854.0	16133.0
PA14_59560	309.628909776	2.63065776708e-69	710.0	2990.0
PA14_59030	309.55863109	2.72504799101e-69	3289.0	9611.0
PA14_15350	305.739284223	1.85102966273e-68	1338.0	4690.0
PA14_58980	305.205953003	2.41880836006e-68	3706.0	10597.0
PA14_10110	303.006979471	7.28890885149e-68	535.0	2463.0
PA14_46520	301.042768806	1.95248839653e-67	303.0	1747.0
PA14_58740	299.067509576	5.25933292421e-67	1983.0	6327.0
PA14_23410,orfJ	296.972596542	1.50435939099e-66	541.0	2463.0
PA14_23440,orfL	296.348267781	2.05767523417e-66	777.0	3137.0
PA14_38410,amrB	292.339409545	1.53754234861e-65	10315.0	17109.0
PA14_51620	292.30647978	1.56315480872e-65	9685.0	15951.0
PA14_35990	291.910465681	1.90672370704e-65	5837.0	8996.0
PA14_54920	291.854710551	1.96081237321e-65	331.0	1812.0
PA14_10120	288.728495562	9.41039139238e-65	890.0	3425.0
PA14_53590	286.937400591	2.31143152411e-64	579.0	2544.0
PA14_59000	286.411351726	3.00958646767e-64	3510.0	10022.0
PA14_24410	281.820794224	3.01174391792e-63	7011.0	18204.0
PA14_55030	279.41019447	1.00954447558e-62	56.0	826.0
PA14_33450,treA	279.285519805	1.07471781658e-62	7716.0	12434.0
PA14_53600	277.144900677	3.14617553276e-62	272.0	1586.0
PA14_23400	274.110922026	1.44203658976e-61	603.0	2574.0
PA14_35880	273.866261667	1.63040731531e-61	7154.0	11446.0
PA14_10080	271.76214425	4.68664582762e-61	622.0	2621.0
PA14_55040	270.070292302	1.09544192712e-60	108.0	1008.0
PA14_59370	268.452677268	2.46686295705e-60	6018.0	15816.0
PA14_31360	267.144106175	4.75719459503e-60	5846.0	9130.0
PA14_15500,traK	266.894446892	5.39219113414e-60	182.0	1263.0
PA14_33650,pvdD	263.848590023	2.4867872576e-59	5434.0	14429.0
PA14_31110	263.178076674	3.48166655343e-59	3551.0	5122.0
PA14_46540	262.402390729	5.13879639761e-59	349.0	1789.0
PA14_58970	260.108909816	1.62471212274e-58	4416.0	12023.0
PA14_31000	259.942388633	1.76633896151e-58	2304.0	6949.0
PA14_32820	257.927431925	4.85616368723e-58	2637.0	7756.0
PA14_01140	257.852103374	5.04328660494e-58	8745.0	14441.0
PA14_36530	254.757700247	2.38372614651e-57	7094.0	11443.0
PA14_31350	253.293390768	4.97129102281e-57	5986.0	9450.0
PA14_28980	252.70120069	6.6921545898e-57	3120.0	4424.0
PA14_59010	252.589998171	7.07633069606e-57	3780.0	10474.0
PA14_35890	252.185706111	8.66850419719e-57	6518.0	10414.0
PA14_46550	252.148779714	8.83068066081e-57	313.0	1650.0
PA14_10050	250.6426849	1.88074225548e-56	505.0	2220.0
PA14_59510	246.304531187	1.66000266861e-55	3234.0	9136.0
PA14_03190	243.722065726	6.06952211781e-55	10140.0	17114.0
PA14_10070	243.104166527	8.27706546204e-55	756.0	2902.0
PA14_31240	242.786644555	9.7074893993e-55	2949.0	8432.0
PA14_59410	242.765591286	9.81063826935e-55	3693.0	10209.0
PA14_36560	241.987641478	1.44983391232e-54	7704.0	12630.0
PA14_35920	241.84652671	1.55627584266e-54	7656.0	12543.0
PA14_14550	241.229774419	2.12110714801e-54	1992.0	6087.0
PA14_59160	241.227544337	2.1234833243e-54	3756.0	10349.0
PA14_23430	239.572506466	4.87437048635e-54	865.0	3186.0
PA14_08060	239.098273497	6.18477154073e-54	8281.0	13707.0
PA14_31370,tam	234.922469171	5.03364247477e-53	6704.0	10847.0
PA14_55050	234.877669054	5.14815550207e-53	513.0	2195.0
PA14_03200	233.544173805	1.00563985522e-52	10471.0	17804.0
PA14_36620	233.537649684	1.00893964413e-52	7518.0	12341.0
PA14_35730	233.197133602	1.19707539557e-52	718.0	2764.0
PA14_31070	229.734977155	6.80988518038e-52	5073.0	7933.0
PA14_28760	229.71774749	6.86906001829e-52	7703.0	12704.0
PA14_59470	229.4203369	7.97550366434e-52	4102.0	11091.0
PA14_23390,orfE	229.239217671	8.73489509505e-52	659.0	2588.0
PA14_58960	227.779168818	1.81835570858e-51	3412.0	9453.0
PA14_46530	226.875437893	2.86270996571e-51	253.0	1395.0
PA14_21600	226.252103011	3.91493960411e-51	5242.0	13723.0
PA14_33050	226.076218708	4.27646840972e-51	8807.0	14764.0
PA14_35940	225.922006956	4.62081746788e-51	6503.0	10533.0
PA14_31080	224.386365392	9.99188221334e-51	2772.0	3931.0
PA14_68430,fdhD	223.969360279	1.231967403e-50	7674.0	12687.0
PA14_35860	223.196063304	1.81661538638e-50	6507.0	10556.0
PA14_07460	222.717168472	2.31055336493e-50	8821.0	14813.0
PA14_03210	222.657251508	2.3811388454e-50	8906.0	14971.0
PA14_59360,pilM2	220.577615247	6.76693042973e-50	3588.0	9826.0
PA14_07480	219.715659166	1.04329170751e-49	6035.0	9718.0
PA14_46280	219.227391214	1.33324691042e-49	7898.0	13130.0
PA14_31030	218.076863015	2.37616722921e-49	2612.0	7485.0
PA14_59830	216.622624272	4.93288226724e-49	9176.0	15515.0
PA14_31220	214.444969119	1.47280968686e-48	1487.0	1841.0
PA14_03290	213.850973602	1.9848511183e-48	9855.0	16801.0
PA14_59400	212.308956033	4.30655343315e-48	5711.0	14700.0
PA14_13050	211.415481362	6.74609909507e-48	6112.0	9905.0
PA14_33800	209.372367295	1.88277500859e-47	5379.0	13916.0
PA14_28850	207.559876921	4.6800015264e-47	9837.0	16815.0
PA14_08300,JF1	206.946627659	6.36865685382e-47	5413.0	13976.0
PA14_59480	205.360375902	1.41303546914e-46	3494.0	9510.0
PA14_28970	204.410858227	2.27685282578e-46	3261.0	4847.0
PA14_10980	203.371891137	3.83742337161e-46	5442.0	8734.0
PA14_10090	203.040869447	4.5317974996e-46	1086.0	3630.0
PA14_39100	202.0073748	7.61707872201e-46	5728.0	14660.0
PA14_28390	200.50460875	1.62074858533e-45	6671.0	16795.0
PA14_59140	200.179939357	1.90794208977e-45	5236.0	13519.0
PA14_36010	196.904876621	9.89197153341e-45	6676.0	11024.0
PA14_38180	196.378924237	1.28844831625e-44	2763.0	7725.0
PA14_59590	193.360806973	5.87181531349e-44	661.0	2471.0
PA14_35950	193.174042192	6.44964139093e-44	6164.0	10108.0
PA14_50240	191.057534877	1.86851810254e-43	6363.0	16018.0
PA14_02130	190.322076443	2.70413904429e-43	9479.0	16278.0
PA14_31050	189.632169836	3.82490647127e-43	3295.0	8943.0
PA14_31200	188.988600948	5.2856771147e-43	5447.0	8824.0
PA14_59500	187.075746344	1.38247693937e-42	3385.0	9138.0
PA14_59120	186.967216034	1.45998923221e-42	338.0	1543.0
PA14_60280,fimU	186.842736721	1.55425797805e-42	5451.0	13909.0
PA14_15590	186.64236653	1.71895102014e-42	1248.0	3975.0
PA14_59530	186.207145963	2.13930198185e-42	5113.0	8233.0
PA14_21670	183.612265985	7.88421291569e-42	7931.0	13436.0
PA14_59580	183.50782381	8.30921345935e-42	1360.0	4243.0
PA14_59110	183.093835893	1.02315509226e-41	3743.0	9948.0
PA14_20150,nosL	181.923776957	1.84244195949e-41	7248.0	17938.0
PA14_34190,msuD	181.137900422	2.735109521e-41	6813.0	11379.0
PA14_28870	179.433249178	6.44415635775e-41	7017.0	11768.0
PA14_28840	178.704840412	9.29419381769e-41	3545.0	5457.0
PA14_03250	175.981598945	3.65471937596e-40	3109.0	4700.0
PA14_18040	173.95477224	1.01265463121e-39	5666.0	14295.0
PA14_13320	172.386397359	2.2283028909e-39	7942.0	19406.0
PA14_21590	171.818676036	2.96456900015e-39	5058.0	12894.0
PA14_30970,bphR	171.748534937	3.07100249464e-39	5547.0	9109.0
PA14_20500	171.463185633	3.54486719194e-39	6469.0	10808.0
PA14_55060	170.139815845	6.89651022477e-39	5451.0	8943.0
PA14_06840,norD	169.451714204	9.74807092172e-39	7722.0	18886.0
PA14_28230	169.263864663	1.07139048011e-38	7498.0	12734.0
PA14_17350	168.647204742	1.4609562828e-38	6324.0	15739.0
PA14_59970	167.645082438	2.41837989272e-38	7321.0	12416.0
PA14_46510	166.708133868	3.87421030564e-38	389.0	1629.0
PA14_06800	166.428246892	4.45985251779e-38	6963.0	17157.0
PA14_31040	166.079002423	5.31629162641e-38	2858.0	7767.0
PA14_31090	165.115986763	8.62924860346e-38	2759.0	4133.0
PA14_69540	165.08853493	8.74922835067e-38	1415.0	4294.0
PA14_32810	164.410540383	1.23048830941e-37	4025.0	10470.0
PA14_31010	163.998052266	1.51421373593e-37	3073.0	8258.0
PA14_33630,pvdJ	163.887267657	1.60099049514e-37	5526.0	13894.0
PA14_50280,flaG	163.329453038	2.11957226051e-37	6781.0	16720.0
PA14_36410	161.430313005	5.50998726232e-37	5519.0	9122.0
PA14_10970	161.290012057	5.91293486607e-37	4041.0	6430.0
PA14_27890	160.419490449	9.16210899731e-37	4831.0	7868.0
PA14_03270	159.733143963	1.29405716355e-36	3812.0	6026.0
PA14_31060	159.643971455	1.35343315257e-36	3329.0	8826.0
PA14_50300	157.419223373	4.14519351394e-36	7789.0	18919.0
PA14_13300	155.961915764	8.6295817209e-36	8233.0	19893.0
PA14_10380	155.476693161	1.10159689861e-35	6303.0	10610.0
PA14_46610	155.261274853	1.22771486111e-35	2430.0	3600.0
PA14_31100	153.452682468	3.05028727533e-35	3430.0	5373.0
PA14_69520	152.971313816	3.88635289197e-35	2715.0	7348.0
PA14_24510,pelD	152.559087594	4.78227498921e-35	6856.0	11660.0
PA14_15510,traJ	151.072191263	1.01067057162e-34	485.0	1845.0
PA14_19140,pheC	150.975453927	1.0610923273e-34	8206.0	19782.0
PA14_67200	149.236984501	2.54530310967e-34	9811.0	17252.0
PA14_35900	149.187233479	2.60984231228e-34	5780.0	9684.0
PA14_36900	148.586787393	3.53072445318e-34	5561.0	9283.0
PA14_23450,orfM	148.29120476	4.097090334e-34	2588.0	7020.0
PA14_36780	147.407570132	6.39197656417e-34	7793.0	13455.0
PA14_24530,pelE	145.245208287	1.89824661821e-33	7200.0	12359.0
PA14_34210,sfnR	144.019761462	3.51779307952e-33	7334.0	12620.0
PA14_10960	143.89697883	3.74209593746e-33	4558.0	7468.0
PA14_03265	143.613074983	4.31704855203e-33	2865.0	4414.0
PA14_26340	143.041554195	5.75632484592e-33	3771.0	9728.0
PA14_60310,pilY1	141.801162624	1.07487619469e-32	5929.0	14610.0
PA14_21570	141.048356886	1.57024788501e-32	6089.0	14962.0
PA14_20170,nosY	140.779401207	1.79795979306e-32	8093.0	19425.0
PA14_28810	140.572922016	1.9949439791e-32	3528.0	5615.0
PA14_59710,cupD1	139.472908403	3.47118686586e-32	101.0	680.0
PA14_27680	139.201577308	3.97936504209e-32	4046.0	10328.0
PA14_36375	138.284244751	6.31576196548e-32	7981.0	13885.0
PA14_55400	137.881764668	7.73476771009e-32	9255.0	16301.0
PA14_36650	137.55678387	9.11005889008e-32	6996.0	12037.0
PA14_33160	137.327497269	1.02250938258e-31	9098.0	16008.0
PA14_59390	136.032562043	1.96285025267e-31	3590.0	9260.0
PA14_07950,prtN	135.471956906	2.60318488505e-31	10342.0	18394.0
PA14_62680	135.128899341	3.09415272864e-31	9131.0	16091.0
PA14_59490	134.895914176	3.47939070324e-31	3029.0	7959.0
PA14_28080	134.874511237	3.51710027645e-31	5136.0	12764.0
PA14_21580	134.60848253	4.021376527e-31	5729.0	14095.0
PA14_40300	132.511135237	1.15656139143e-30	7915.0	13810.0
PA14_39140	132.043041754	1.46410129145e-30	7753.0	18579.0
PA14_55100	131.562382671	1.86519923212e-30	6138.0	14982.0
PA14_24550,pelF	131.418692108	2.00521549988e-30	8407.0	14751.0
PA14_36590,malQ	131.343664556	2.08245327113e-30	7556.0	13142.0
PA14_03285	130.063462413	3.96883615504e-30	2406.0	3664.0
PA14_66100	129.560773608	5.11268532657e-30	7765.0	18579.0
PA14_38380,amrR	129.440655558	5.4316375793e-30	10568.0	18887.0
PA14_15240	126.697873192	2.16321231805e-29	9287.0	16468.0
PA14_37320	125.094831895	4.85196706038e-29	9060.0	16051.0
PA14_08210	124.900158417	5.35209280021e-29	5507.0	13507.0
PA14_60090	124.164241902	7.75513340012e-29	122.0	711.0
PA14_36580,glgB	123.997014739	8.43704388417e-29	8268.0	14555.0
PA14_50270,fliD	123.599216066	1.0309986735e-28	7702.0	18375.0
PA14_54950	123.419736678	1.12860558822e-28	391.0	1493.0
PA14_33690,pvdE	123.329070001	1.18137372275e-28	3886.0	9837.0
PA14_59750,cupD4	123.128206939	1.3072317656e-28	143.0	775.0
PA14_07370	122.498552698	1.79546167499e-28	8777.0	15537.0
PA14_28780	121.232869944	3.39809379745e-28	2038.0	3056.0
PA14_40320,xqhA	120.578821104	4.72515725578e-28	6439.0	15544.0
PA14_24490,pelB	119.549968688	7.93706128815e-28	8293.0	14644.0
PA14_54940	119.308201282	8.96584800698e-28	499.0	1769.0
PA14_15610	119.284836638	9.0720781876e-28	1061.0	3198.0
PA14_55110	119.1624499	9.64943852623e-28	8917.0	21001.0
PA14_35240	118.916302362	1.09243113843e-27	6889.0	11989.0
PA14_06740,nirM	118.784553017	1.16745433348e-27	8525.0	20135.0
PA14_13290	118.574496144	1.29787029348e-27	8643.0	20392.0
PA14_10910,phlE	118.527297131	1.32912394006e-27	5422.0	9237.0
PA14_32140,antC	115.84160921	5.14814258304e-27	3241.0	5231.0
PA14_48930	114.962424414	8.02028776084e-27	1853.0	5081.0
PA14_36850	114.309965842	1.1145120311e-26	7749.0	13659.0
PA14_59170	114.005126794	1.29972009942e-26	118.0	672.0
PA14_67210	113.884015519	1.38157903793e-26	10252.0	18446.0
PA14_15750	113.773158726	1.46101911419e-26	5046.0	12370.0
PA14_60080	113.093622352	2.05823145534e-26	443.0	1597.0
PA14_35710	112.972693198	2.18767104932e-26	797.0	2511.0
PA14_19100,rhlA	112.83158092	2.34904295411e-26	5454.0	13273.0
PA14_54170,putA	112.299563224	3.07203360419e-26	8482.0	19964.0
PA14_58910	112.028371954	3.52233330832e-26	4429.0	10969.0
PA14_60120,dcd2	111.542204966	4.50120178209e-26	240.0	1032.0
PA14_46580	111.2345039	5.25695736255e-26	2174.0	3339.0
PA14_15260	111.043859018	5.78760033286e-26	5703.0	9821.0
PA14_42510,pcr4	111.012568793	5.87967417319e-26	5299.0	9064.0
PA14_02110	109.886991696	1.0373941276e-25	8865.0	15830.0
PA14_36920	109.431062386	1.3056736787e-25	7284.0	12821.0
PA14_20180,nosF	109.018095442	1.60811056706e-25	8340.0	19613.0
PA14_72700	108.141446354	2.50265016165e-25	7868.0	13944.0
PA14_01120	108.050171677	2.62059736602e-25	9411.0	16895.0
PA14_55070	107.683002594	3.15395938054e-25	6400.0	11162.0
PA14_36370	107.387719552	3.66067906407e-25	6110.0	10617.0
PA14_48890	107.013628882	4.42118468336e-25	3918.0	9773.0
PA14_06810,norC	106.867622507	4.75920824437e-25	8407.0	19734.0
PA14_06830,norB	106.831804433	4.84600651064e-25	8555.0	20058.0
PA14_36605	106.305805547	6.31910773211e-25	8237.0	14666.0
PA14_36680	106.186922678	6.70979803693e-25	5756.0	9960.0
PA14_20190,nosD	106.038950947	7.23000257463e-25	8470.0	19862.0
PA14_06700,nirL	106.035322767	7.24325203757e-25	9542.0	22207.0
PA14_36660	105.629656054	8.88874237282e-25	7493.0	13254.0
PA14_27220,ohr	105.230611744	1.08717304443e-24	5527.0	13360.0
PA14_24630	104.781820529	1.36352667352e-24	6304.0	15079.0
