feature	score	p-value	#I-out-of-148	#O-out-of-278
PA14_23260,gyrA_2015001_C_T_T_I|1	78.5588323935	7.7650875466e-19	18.0	222.0
PA14_65605,parC_5845617_G_A_S_L|1	51.68656753	6.51066604063e-13	4.0	115.0
PA14_18340_1573309_C_T_S_N|1	40.1825034775	2.31310670446e-10	8.0	109.0
PA14_59990_5342403_A_G_T_A|1	37.2106206926	1.06034710207e-09	2.0	79.0
PA14_22680,yrbE_1972882_G_C_T_S|1	37.0515184333	1.15048954021e-09	3.0	83.0
PA14_13990_1199882_A_G_K_R|1	36.4388100331	1.57534953729e-09	4.0	86.0
PA14_22680,yrbE_1972834_G_C_A_G|1	36.4125228978	1.59673998649e-09	5.0	90.0
PA14_31070_2701258_T_G_Q_P|1	35.5921965131	2.43260072015e-09	8.0	100.0
PA14_31070_2701313_T_G_M_L|1	34.9678117601	3.3520098206e-09	7.0	95.0
PA14_30850,trbI_2679573_C_A_G_V|1	34.8532503022	3.55515559614e-09	5.0	87.0
PA14_30910,trbE_2685878_T_C_K_E|1	34.5129301964	4.23429159693e-09	16.0	126.0
PA14_30910,trbE_2686169_C_A_A_S|1	34.4564167772	4.35903345546e-09	7.0	94.0
PA14_30970,bphR_2691793_G_T_R_S|1	34.3734566401	4.5488484464e-09	6.0	90.0
PA14_30960,traG_2688711_G_A_A_V|1	34.3457849685	4.61398549794e-09	4.0	82.0
PA14_30880,trbL_2681902_G_A_A_V|1	34.3457849685	4.61398549794e-09	4.0	82.0
PA14_31070_2701541_T_A_M_L|1	34.069753618	5.31713721929e-09	8.0	97.0
PA14_22670,yrbF_1972083_C_T_V_M|1	33.9454413766	5.66793288543e-09	7.0	93.0
PA14_30910,trbE_2685746_C_T_A_T|1	33.9454413766	5.66793288543e-09	7.0	93.0
PA14_31200_2713383_G_A_L_F|1	33.5632300812	6.8984551527e-09	8.0	96.0
PA14_30910,trbE_2686168_G_A_A_V|1	33.434898273	7.36897487302e-09	7.0	92.0
PA14_30930,trbC_2686930_A_G_F_L|1	33.3439006127	7.72196277954e-09	6.0	88.0
PA14_30910,trbE_2685949_T_C_N_S|1	33.3439006127	7.72196277954e-09	6.0	88.0
PA14_30960,traG_2688616_G_A_P_S|1	33.300574984	7.89592898208e-09	4.0	80.0
PA14_30940,trbB_2687997_G_A_P_S|1	33.300574984	7.89592898208e-09	4.0	80.0
PA14_31200_2713463_T_A_H_L|1	33.2965293723	7.91237243179e-09	5.0	84.0
PA14_22680,yrbE_1972462_C_G_S_T|5	33.0572084972	8.94866597509e-09	8.0	95.0
PA14_31200_2713215_T_G_K_Q|1	32.7202758127	1.0642130283e-08	9.0	98.0
PA14_30910,trbE_2685860_T_G_T_P|1	32.6139201447	1.12406792416e-08	16.0	122.0
PA14_22670,yrbF_1972058_A_T_F_Y|2	32.5517036291	1.16063349875e-08	8.0	94.0
PA14_30940,trbB_2687838_C_A_A_S|1	32.5517036291	1.16063349875e-08	8.0	94.0
PA14_22680,yrbE_1972391_G_T_L_I|2	32.4151624368	1.24511170944e-08	7.0	90.0
PA14_30930,trbC_2686711_C_A_A_S|1	32.4151624368	1.24511170944e-08	7.0	90.0
PA14_30910,trbE_2685821_C_A_A_S|1	32.2602633643	1.34842939318e-08	5.0	82.0
PA14_30910,trbE_2685681_T_G_E_D|1	32.0467308251	1.50508160145e-08	8.0	93.0
PA14_31180_2710069_G_C_F_L|1	31.9059978369	1.61816727928e-08	7.0	89.0
PA14_22680,yrbE_1972786_A_T_F_Y|1	31.9059978369	1.61816727928e-08	7.0	89.0
PA14_30960,traG_2688574_G_C_P_A|1	31.9059978369	1.61816727928e-08	7.0	89.0
PA14_22670,yrbF_1971771_C_T_D_N|1	31.9059978369	1.61816727928e-08	7.0	89.0
PA14_30940,trbB_2688007_C_A_L_F|1	31.8024670255	1.70675817703e-08	6.0	85.0
PA14_30910,trbE_2686165_C_T_R_Q|1	31.7191272465	1.78158903719e-08	9.0	96.0
PA14_30860,trbG_2679807_T_C_I_V|2	31.5423060471	1.95142037599e-08	8.0	92.0
PA14_30940,trbB_2687061_C_T_A_T|1	31.397321858	2.10270743137e-08	7.0	88.0
PA14_30910,trbE_2683859_C_A_D_Y|1	31.397321858	2.10270743137e-08	7.0	88.0
PA14_30970,bphR_2691475_C_T_V_I|1	31.2894808478	2.22280769305e-08	6.0	84.0
PA14_30910,trbE_2684033_C_A_A_S|1	31.2894808478	2.22280769305e-08	6.0	84.0
PA14_22680,yrbE_1972739_T_G_I_L|1	31.2253376949	2.29747724713e-08	5.0	80.0
PA14_30960,traG_2688615_G_C_P_R|1	31.2253376949	2.29747724713e-08	5.0	80.0
PA14_30900,trbJ_2683647_G_T_R_S|1	31.2253376949	2.29747724713e-08	5.0	80.0
PA14_59990_5342598_G_A_A_T|1	31.2253376949	2.29747724713e-08	5.0	80.0
PA14_30850,trbI_2679568_A_C_S_A|1	31.2194702658	2.30443174906e-08	9.0	95.0
PA14_30900,trbJ_2683294_C_G_L_F|1	31.0384459018	2.52967700982e-08	8.0	91.0
PA14_30910,trbE_2685859_G_C_T_R|1	30.9576218065	2.63724371545e-08	18.0	125.0
PA14_30850,trbI_2679088_G_T_L_M|5	30.8891500945	2.73194861329e-08	7.0	87.0
PA14_22680,yrbE_1972413_G_T_H_Q|1	30.8891500945	2.73194861329e-08	7.0	87.0
PA14_30970,bphR_2691856_G_T_Q_K|1	30.8891500945	2.73194861329e-08	7.0	87.0
PA14_60020_5344845_C_A_Q_K|1	30.8891500945	2.73194861329e-08	7.0	87.0
PA14_31070_2701586_A_T_S_T|1	30.8606249033	2.77240091473e-08	19.0	128.0
PA14_52130_4623134_A_C_D_E|1	30.7286704723	2.96747868126e-08	16.0	118.0
PA14_30880,trbL_2682453_C_A_L_F|1	30.720448569	2.98007914687e-08	9.0	94.0
PA14_30960,traG_2688829_G_C_R_G|1	30.7084074053	2.99862960819e-08	5.0	79.0
PA14_30850,trbI_2679546_G_A_T_I|1	30.6918781089	3.02428296855e-08	4.0	75.0
PA14_55410_4931209_C_T_S_N|1	30.556347657	3.24309054757e-08	14.0	111.0
PA14_30910,trbE_2685080_C_T_V_M|1	30.5351676739	3.27868935039e-08	8.0	90.0
PA14_22670,yrbF_1971912_G_A_L_F|6	30.5351676739	3.27868935039e-08	8.0	90.0
PA14_19940_1718862_G_A_A_V|1	30.4538341368	3.41906901807e-08	12.0	104.0
PA14_59940_5338656_T_C_F_L|1	30.4387453412	3.44576652699e-08	10.0	97.0
PA14_30970,bphR_2691855_T_G_Q_P|1	30.3814988114	3.54896942484e-08	7.0	86.0
PA14_30960,traG_2688660_G_A_P_L|1	30.3814988114	3.54896942484e-08	7.0	86.0
PA14_22670,yrbF_1971897_T_C_I_V|1	30.3814988114	3.54896942484e-08	7.0	86.0
PA14_31070_2701816_A_G_V_A|1	30.3814988114	3.54896942484e-08	7.0	86.0
PA14_30960,traG_2688609_G_T_A_D|1	30.3814988114	3.54896942484e-08	7.0	86.0
PA14_22670,yrbF_1971858_G_C_P_A|1	30.2648303961	3.76898347195e-08	6.0	82.0
PA14_22680,yrbE_1972847_G_T_L_I|1	30.2648303961	3.76898347195e-08	6.0	82.0
PA14_31070_2701481_C_G_V_L|1	30.2648303961	3.76898347195e-08	6.0	82.0
PA14_47720,cobC_4246351_T_G_E_A|1	30.254975209	3.78818285353e-08	13.0	107.0
PA14_30880,trbL_2681665_G_A_A_V|1	30.2220808409	3.85297816694e-08	9.0	93.0
PA14_59540_5299116_C_G_T_R|1	30.2128561497	3.87134749884e-08	3.0	70.0
PA14_30880,trbL_2682381_C_A_M_I|1	30.1918492559	3.91350706131e-08	5.0	78.0
PA14_31070_2701472_C_A_A_S|1	30.1918492559	3.91350706131e-08	5.0	78.0
PA14_31070_2701554_C_A_E_D|1	30.1894125313	3.91842709678e-08	11.0	100.0
PA14_20520_1765766_C_T_A_V|1	30.1709567897	3.95589319263e-08	4.0	74.0
PA14_20520_1765824_A_C_E_D|1	30.1709567897	3.95589319263e-08	4.0	74.0
PA14_52130_4623243_G_A_A_V|1	30.1389664358	4.02168744496e-08	17.0	120.0
PA14_30860,trbG_2680000_C_G_E_D|1	30.032489361	4.24867809993e-08	8.0	89.0
PA14_22670,yrbF_1972041_C_A_V_L|1	30.032489361	4.24867809993e-08	8.0	89.0
PA14_31070_2701202_T_C_I_V|1	30.032489361	4.24867809993e-08	8.0	89.0
PA14_30900,trbJ_2683437_G_A_L_F|1	29.9452599063	4.4441699178e-08	10.0	96.0
PA14_31070_2701892_C_T_D_N|1	29.8743849809	4.60962673382e-08	7.0	85.0
PA14_30860,trbG_2680596_G_T_P_T|1	29.8743849809	4.60962673382e-08	7.0	85.0
PA14_30910,trbE_2686102_A_T_L_*|1	29.8743849809	4.60962673382e-08	7.0	85.0
PA14_22680,yrbE_1972876_T_A_Y_F|1	29.8743849809	4.60962673382e-08	7.0	85.0
PA14_30970,bphR_2691524_A_T_D_E|1	29.8743849809	4.60962673382e-08	7.0	85.0
PA14_30940,trbB_2687385_A_T_S_T|1	29.7531965108	4.90696546658e-08	6.0	81.0
PA14_00310_28735_G_C_K_N|3	29.6880347074	5.07470875342e-08	3.0	69.0
PA14_31070_2701402_G_C_T_S|1	29.5304297103	5.50456548695e-08	8.0	88.0
PA14_30870,trbF_2680774_C_A_R_L|1	29.5304297103	5.50456548695e-08	8.0	88.0
PA14_31070_2701966_G_A_T_I|1	29.5304297103	5.50456548695e-08	8.0	88.0
PA14_22680,yrbE_1972382_G_T_L_I|1	29.5304297103	5.50456548695e-08	8.0	88.0
PA14_22680,yrbE_1972874_T_A_T_S|1	29.3678263211	5.98632986324e-08	7.0	84.0
PA14_30970,bphR_2691692_C_G_K_N|1	29.3678263211	5.98632986324e-08	7.0	84.0
PA14_30930,trbC_2686773_T_G_Q_P|1	29.2420449561	6.38779401116e-08	6.0	80.0
PA14_31070_2702740_G_T_A_D|1	29.2273857671	6.43630429749e-08	9.0	91.0
PA14_30900,trbJ_2683196_G_A_T_I|1	29.2128866706	6.48464789292e-08	11.0	98.0
PA14_26930_2343869_T_C_F_L|1	29.1634260159	6.65231614619e-08	3.0	68.0
PA14_30910,trbE_2686060_A_T_F_Y|1	29.1599045088	6.66441815272e-08	5.0	76.0
PA14_30930,trbC_2686774_G_T_Q_K|1	29.1300183182	6.76801708018e-08	4.0	72.0
PA14_30880,trbL_2682609_C_G_E_D|1	29.0290082585	7.13025552673e-08	8.0	87.0
PA14_30900,trbJ_2683350_C_T_G_S|1	29.0020768843	7.23007418727e-08	12.0	101.0
PA14_30960,traG_2690392_C_T_A_T|1	28.8618413377	7.77292387403e-08	7.0	83.0
PA14_33610_2970539_G_A_S_N|1	28.8618413377	7.77292387403e-08	7.0	83.0
PA14_30960,traG_2688846_G_A_A_V|1	28.8618413377	7.77292387403e-08	7.0	83.0
PA14_22670,yrbF_1971895_G_C_I_M|1	28.8618413377	7.77292387403e-08	7.0	83.0
PA14_37490_3336619_G_T_L_I|1	28.7310996412	8.31575333742e-08	9.0	90.0
PA14_30910,trbE_2684300_G_T_R_S|1	28.7258490505	8.33832965682e-08	11.0	97.0
PA14_02310,atsA_207590_C_T_D_N|1	28.6390391934	8.72062060694e-08	3.0	67.0
PA14_31070_2701997_T_C_N_D|1	28.5282453738	9.23415244967e-08	8.0	86.0
PA14_30910,trbE_2684648_C_G_G_R|1	28.5282453738	9.23415244967e-08	8.0	86.0
PA14_30880,trbL_2681730_C_G_L_F|1	28.5198883364	9.27409489117e-08	12.0	100.0
PA14_30900,trbJ_2683722_T_C_I_V|1	28.3934089686	9.90017925141e-08	16.0	113.0
PA14_31070_2703143_G_C_R_G|1	28.3564493683	1.00910058882e-07	7.0	82.0
PA14_30880,trbL_2681645_G_A_P_S|1	28.3564493683	1.00910058882e-07	7.0	82.0
PA14_14010_1201267_C_T_A_T|1	28.2893026363	1.04471729914e-07	17.0	116.0
PA14_30860,trbG_2680589_T_A_Q_L|1	28.2355500046	1.0741351691e-07	9.0	89.0
PA14_30960,traG_2689066_G_T_R_S|1	28.2355500046	1.0741351691e-07	9.0	89.0
PA14_31070_2701456_C_T_G_D|1	28.2355500046	1.0741351691e-07	9.0	89.0
PA14_30960,traG_2689078_G_T_R_S|1	28.2212577428	1.08209582479e-07	6.0	78.0
PA14_31070_2702696_C_T_G_S|1	28.2212577428	1.08209582479e-07	6.0	78.0
PA14_55520,hxcU_4942104_C_T_A_V|1	28.1148838861	1.14323260682e-07	3.0	66.0
PA14_30910,trbE_2686081_A_G_L_P|1	28.0903668592	1.15780731213e-07	4.0	70.0
PA14_30960,traG_2688718_C_T_A_T|1	28.0903668592	1.15780731213e-07	4.0	70.0
PA14_05390,chpA_470998_A_C_Q_P|1	28.0903668592	1.15780731213e-07	4.0	70.0
PA14_36080,yfaV_3214660_C_T_G_D|1	28.0903668592	1.15780731213e-07	4.0	70.0
PA14_30880,trbL_2681915_C_T_V_I|1	28.0668736213	1.17194807466e-07	20.0	125.0
PA14_30880,trbL_2682332_G_T_L_I|1	28.0386040328	1.1891933832e-07	12.0	99.0
PA14_30880,trbL_2681656_C_T_R_H|1	28.0281623002	1.19562727271e-07	8.0	85.0
PA14_31070_2702027_C_A_V_L|1	28.0281623002	1.19562727271e-07	8.0	85.0
PA14_30890_2683037_G_C_V_L|1	27.9789433954	1.22642743397e-07	10.0	92.0
PA14_30900,trbJ_2683720_G_C_I_M|1	27.9789433954	1.22642743397e-07	10.0	92.0
PA14_57210,argJ_5097009_G_A_A_V|1	27.8631833898	1.30203860128e-07	13.0	102.0
PA14_30910,trbE_2684785_T_C_E_G|1	27.8631833898	1.30203860128e-07	13.0	102.0
PA14_31110_2706882_C_A_G_V|1	27.8631833898	1.30203860128e-07	13.0	102.0
PA14_30960,traG_2690146_T_C_N_D|1	27.8631833898	1.30203860128e-07	13.0	102.0
PA14_31070_2703128_G_A_R_C|2	27.8516706291	1.30980923206e-07	7.0	81.0
PA14_30960,traG_2688621_G_T_A_D|1	27.7543400262	1.37738855169e-07	11.0	95.0
PA14_30960,traG_2690112_T_A_Q_L|1	27.7543400262	1.37738855169e-07	11.0	95.0
PA14_30910,trbE_2684755_T_G_D_A|1	27.7116586119	1.40811518867e-07	6.0	77.0
PA14_30930,trbC_2686772_T_G_Q_H|1	27.7116586119	1.40811518867e-07	6.0	77.0
PA14_30910,trbE_2684138_G_A_L_F|1	27.7116586119	1.40811518867e-07	6.0	77.0
PA14_30880,trbL_2682415_C_G_G_A|1	27.7108119546	1.40873160127e-07	14.0	105.0
PA14_30970,bphR_2691869_C_G_K_N|1	27.6151415666	1.48015551213e-07	5.0	73.0
PA14_06580_574469_G_C_K_N|9	27.590970308	1.49876807397e-07	3.0	65.0
PA14_21940_1908910_C_T_A_T|1	27.590970308	1.49876807397e-07	3.0	65.0
PA14_52600,alaS_4663040_G_C_D_E|1	27.590970308	1.49876807397e-07	3.0	65.0
PA14_52130_4623172_T_C_K_E|1	27.5792410238	1.50788430522e-07	15.0	108.0
PA14_57480_5122255_G_A_S_N|1	27.5710568162	1.51427812794e-07	4.0	69.0
PA14_31070_2701190_G_T_R_S|1	27.5710568162	1.51427812794e-07	4.0	69.0
PA14_30850,trbI_2678530_C_G_E_Q|1	27.5582486345	1.52433895754e-07	12.0	98.0
PA14_30910,trbE_2684908_G_A_T_M|1	27.5582486345	1.52433895754e-07	12.0	98.0
PA14_30900,trbJ_2683752_T_A_T_S|1	27.5582486345	1.52433895754e-07	12.0	98.0
PA14_55840_4986611_C_A_A_S|1	27.5287812054	1.54774072132e-07	8.0	84.0
PA14_30910,trbE_2685851_T_C_N_D|1	27.5046082053	1.56720646482e-07	24.0	136.0
PA14_30890_2683013_G_T_G_C|1	27.4893838207	1.57959190645e-07	10.0	91.0
PA14_30910,trbE_2684204_G_T_R_S|1	27.3876679595	1.6648957437e-07	13.0	101.0
PA14_31070_2701241_G_T_L_I|1	27.2699175023	1.76942986414e-07	11.0	94.0
PA14_64120_5715151_G_A_S_N|1	27.2699175023	1.76942986414e-07	11.0	94.0
PA14_08050_691742_G_A_A_T|2	27.240003691	1.79701809816e-07	14.0	104.0
PA14_30900,trbJ_2683446_T_G_K_Q|1	27.2137846884	1.82155307088e-07	31.0	156.0
PA14_59540_5299046_A_G_I_V|1	27.202614968	1.83210708199e-07	6.0	76.0
PA14_30880,trbL_2682390_A_C_D_E|1	27.202614968	1.83210708199e-07	6.0	76.0
PA14_36070_3213128_C_T_A_T|1	27.1622625178	1.87074841769e-07	2.0	60.0
PA14_30930,trbC_2686678_A_T_S_T|1	27.1622625178	1.87074841769e-07	2.0	60.0
PA14_30960,traG_2689222_T_A_T_S|1	27.0788477078	1.95323516035e-07	12.0	97.0
PA14_30880,trbL_2681741_T_C_M_V|1	27.0788477078	1.95323516035e-07	12.0	97.0
PA14_28880_2493687_C_T_A_T|1	27.0673092829	1.96492864972e-07	3.0	64.0
PA14_15460,merA_1309232_A_G_V_A|1	27.0673092829	1.96492864972e-07	3.0	64.0
PA14_21190_1833985_C_G_G_A|1	27.0521096636	1.98043969564e-07	4.0	68.0
PA14_30930,trbC_2686700_C_A_L_F|1	27.0521096636	1.98043969564e-07	4.0	68.0
PA14_31100_2705500_T_A_R_S|1	27.0521096636	1.98043969564e-07	4.0	68.0
PA14_05650_502648_C_T_A_V|1	27.0521096636	1.98043969564e-07	4.0	68.0
PA14_15230,xseA_1290560_C_T_A_T|1	27.0521096636	1.98043969564e-07	4.0	68.0
PA14_30970,bphR_2691920_C_G_K_N|1	27.0521096636	1.98043969564e-07	4.0	68.0
PA14_30880,trbL_2681654_T_C_M_V|1	27.0301252316	2.00309194378e-07	8.0	83.0
PA14_30890_2683058_G_C_G_R|1	27.0301252316	2.00309194378e-07	8.0	83.0
PA14_30890_2682984_G_C_R_P|1	27.0006805367	2.03383842566e-07	10.0	90.0
PA14_30850,trbI_2679517_C_T_G_S|1	27.0006805367	2.03383842566e-07	10.0	90.0
PA14_30540_2643917_T_C_F_L|1	26.9988109305	2.03580658425e-07	29.0	10.0
PA14_52130_4623157_G_T_L_M|1	26.770247835	2.29138162717e-07	14.0	103.0
PA14_30970,bphR_2691577_T_C_I_V|1	26.753552606	2.31126419798e-07	9.0	86.0
PA14_30960,traG_2690233_C_A_V_F|1	26.6941473848	2.3834234633e-07	6.0	75.0
PA14_31070_2702147_C_T_E_K|1	26.6941473848	2.3834234633e-07	6.0	75.0
PA14_30960,traG_2690443_A_T_F_I|1	26.6941473848	2.3834234633e-07	6.0	75.0
PA14_40650_3630274_G_A_A_T|1	26.6941473848	2.3834234633e-07	6.0	75.0
PA14_22670,yrbF_1971876_G_T_R_S|1	26.6941473848	2.3834234633e-07	6.0	75.0
PA14_55840_4986712_G_A_A_V|1	26.6941473848	2.3834234633e-07	6.0	75.0
PA14_31260_2718386_A_C_S_A|1	26.6636826755	2.42130039259e-07	22.0	128.0
PA14_30940,trbB_2687604_T_G_M_L|1	26.6478556266	2.4412157863e-07	15.0	106.0
PA14_35940_3199199_C_T_A_T|2	26.6345534118	2.45808107975e-07	2.0	59.0
PA14_30590_2648777_C_T_A_V|1	26.6345534118	2.45808107975e-07	2.0	59.0
PA14_30860,trbG_2679975_T_A_S_C|1	26.5439122903	2.57615228594e-07	3.0	63.0
PA14_66190_5897322_T_G_D_A|1	26.5439122903	2.57615228594e-07	3.0	63.0
PA14_05390,chpA_474190_G_A_R_Q|1	26.5439122903	2.57615228594e-07	3.0	63.0
PA14_71180_6341164_C_T_R_H|1	26.533540735	2.5900199464e-07	4.0	67.0
PA14_02340,atsB_210129_C_T_R_H|1	26.5322185495	2.59179319106e-07	8.0	82.0
PA14_31180_2710230_C_T_V_I|1	26.5322185495	2.59179319106e-07	8.0	82.0
PA14_30930,trbC_2686911_A_G_L_S|1	26.5322185495	2.59179319106e-07	8.0	82.0
PA14_30880,trbL_2681657_G_T_R_S|1	26.5322185495	2.59179319106e-07	8.0	82.0
PA14_31070_2702000_G_A_L_F|1	26.5128594913	2.61789631e-07	10.0	89.0
PA14_30940,trbB_2688009_A_T_L_M|1	26.3015716039	2.92050922964e-07	14.0	102.0
PA14_30900,trbJ_2683746_G_A_L_F|1	26.3015716039	2.92050922964e-07	14.0	102.0
PA14_30910,trbE_2684453_T_G_K_Q|1	26.3015716039	2.92050922964e-07	14.0	102.0
PA14_08050_691684_C_A_S_R|1	26.3015716039	2.92050922964e-07	14.0	102.0
PA14_30880,trbL_2681554_G_T_T_K|1	26.2493037071	3.00062991819e-07	21.0	124.0
PA14_02930_258019_A_G_Q_R|8	26.1069998056	3.23010892516e-07	2.0	58.0
PA14_30330,serS_2628316_G_A_A_T|2	26.1069998056	3.23010892516e-07	2.0	58.0
PA14_22160_1934836_C_T_R_K|1	26.1069998056	3.23010892516e-07	2.0	58.0
PA14_30880,trbL_2681506_A_G_L_P|1	26.0745673731	3.28482431528e-07	5.0	70.0
PA14_30880,trbL_2681507_G_C_L_V|1	26.0745673731	3.28482431528e-07	5.0	70.0
PA14_37420_3331052_C_T_A_T|1	26.0745673731	3.28482431528e-07	5.0	70.0
PA14_30910,trbE_2685902_C_G_E_Q|1	26.0745673731	3.28482431528e-07	5.0	70.0
PA14_60760_5414610_G_T_A_E|1	26.0745673731	3.28482431528e-07	5.0	70.0
PA14_30880,trbL_2681647_G_T_A_E|1	26.0350864161	3.35268644598e-07	8.0	81.0
PA14_30910,trbE_2684882_G_A_R_C|1	26.0259476919	3.36859386384e-07	10.0	88.0
PA14_30880,trbL_2682398_G_C_Q_E|1	26.0259476919	3.36859386384e-07	10.0	88.0
PA14_47090_4195513_C_G_E_D|1	26.0259476919	3.36859386384e-07	10.0	88.0
PA14_49530_4406047_G_A_A_T|1	26.0259476919	3.36859386384e-07	10.0	88.0
PA14_22550_1962397_C_T_P_S|1	26.0207915165	3.37760237888e-07	3.0	62.0
PA14_46490,fabF2_4138284_G_A_G_S|2	26.0207915165	3.37760237888e-07	3.0	62.0
PA14_71220,cls_6345695_T_A_Y_F|1	26.0207915165	3.37760237888e-07	3.0	62.0
PA14_51420,pqsB_4569081_G_A_A_V|1	26.0207915165	3.37760237888e-07	3.0	62.0
PA14_22670,yrbF_1972011_T_G_N_H|1	26.0207915165	3.37760237888e-07	3.0	62.0
PA14_21020_1814229_T_G_D_A|1	26.0207915165	3.37760237888e-07	3.0	62.0
PA14_50380,flgJ_4478955_G_A_A_V|1	26.0153662398	3.38710712328e-07	4.0	66.0
PA14_36830_3282316_G_A_D_N|1	26.0153662398	3.38710712328e-07	4.0	66.0
PA14_66150_5893268_G_A_P_L|1	26.0018175493	3.41096083105e-07	17.0	111.0
PA14_30910,trbE_2685849_A_C_N_K|1	25.8391259965	3.71089379339e-07	7.0	77.0
PA14_08050_692894_A_C_M_L|1	25.8100877406	3.76714420844e-07	21.0	123.0
PA14_59990_5342689_A_G_K_R|1	25.7696806809	3.84684238967e-07	9.0	84.0
PA14_30940,trbB_2687295_T_C_I_V|1	25.7696806809	3.84684238967e-07	9.0	84.0
PA14_59990_5342682_C_G_Q_E|1	25.6790279032	4.03184873156e-07	6.0	73.0
PA14_22680,yrbE_1972940_G_T_L_M|1	25.6790279032	4.03184873156e-07	6.0	73.0
PA14_22090_1923991_T_C_I_V|2	25.5796096059	4.2450159445e-07	2.0	57.0
PA14_60020_5345193_G_A_A_T|1	25.5796096059	4.2450159445e-07	2.0	57.0
PA14_39880,phzG2_3555928_T_A_Q_L|1	25.5796096059	4.2450159445e-07	2.0	57.0
PA14_22160_1934441_T_C_M_V|1	25.5796096059	4.2450159445e-07	2.0	57.0
PA14_22270_1940159_G_A_A_V|1	25.5796096059	4.2450159445e-07	2.0	57.0
PA14_22250_1937988_C_T_A_T|1	25.5796096059	4.2450159445e-07	2.0	57.0
PA14_30970,bphR_2691922_T_G_K_Q|1	25.5620615268	4.28379813243e-07	5.0	69.0
PA14_71580_6377396_T_C_I_V|1	25.5620615268	4.28379813243e-07	5.0	69.0
PA14_31200_2713391_G_C_A_G|1	25.5620615268	4.28379813243e-07	5.0	69.0
PA14_00660_67308_C_T_S_N|1	25.5620615268	4.28379813243e-07	5.0	69.0
PA14_30940,trbB_2686986_A_T_S_T|1	25.5399732596	4.33311972302e-07	10.0	87.0
PA14_59990_5342688_A_C_K_Q|1	25.5399732596	4.33311972302e-07	10.0	87.0
PA14_45710_4066553_C_G_V_L|1	25.5399732596	4.33311972302e-07	10.0	87.0
PA14_31190_2711151_C_A_E_*|1	25.5387552366	4.33585598734e-07	8.0	80.0
PA14_30910,trbE_2685934_C_A_G_V|1	25.5387552366	4.33585598734e-07	8.0	80.0
PA14_38820,pqqB_3461360_G_A_A_V|2	25.4979599091	4.42850938366e-07	3.0	61.0
PA14_59890_5333533_T_C_F_L|1	25.4979599091	4.42850938366e-07	3.0	61.0
PA14_32790_2863284_A_T_Y_F|1	25.4979599091	4.42850938366e-07	3.0	61.0
PA14_68100_6076106_G_A_G_S|1	25.4979599091	4.42850938366e-07	3.0	61.0
PA14_40640,cti_3628790_G_A_P_S|1	25.4976033274	4.42932793314e-07	4.0	65.0
PA14_55060_4892000_T_C_E_G|1	25.4976033274	4.42932793314e-07	4.0	65.0
PA14_26970_2347008_G_A_T_I|1	25.4976033274	4.42932793314e-07	4.0	65.0
PA14_39670_3535939_G_T_Q_K|1	25.4976033274	4.42932793314e-07	4.0	65.0
PA14_17650_1517271_C_T_P_L|1	25.4976033274	4.42932793314e-07	4.0	65.0
PA14_30860,trbG_2680029_C_T_A_T|1	25.4976033274	4.42932793314e-07	4.0	65.0
PA14_43100_3835967_A_C_N_T|1	25.4976033274	4.42932793314e-07	4.0	65.0
PA14_31070_2701421_T_G_K_Q|1	25.4959441783	4.43313858096e-07	13.0	97.0
PA14_63880_5693551_G_T_A_S|1	25.4349666213	4.57549242643e-07	19.0	116.0
PA14_08050_692983_T_A_H_Q|1	25.3721746851	4.72687315975e-07	21.0	122.0
PA14_31070_2702252_T_C_T_A|1	25.367571661	4.73816582119e-07	14.0	100.0
PA14_30880,trbL_2682230_C_T_V_M|1	25.367571661	4.73816582119e-07	14.0	100.0
PA14_31070_2701904_C_T_A_T|1	25.2790633533	4.96064208234e-07	9.0	83.0
PA14_30970,bphR_2691756_T_C_K_R|1	25.2790633533	4.96064208234e-07	9.0	83.0
PA14_59150_5266389_G_C_Q_H|1	25.2343008816	5.07711553884e-07	1.0	52.0
PA14_30970,bphR_2691804_A_G_V_A|1	25.1724225609	5.24265352432e-07	6.0	72.0
PA14_37030,cupA3_3297697_G_C_R_G|1	25.1724225609	5.24265352432e-07	6.0	72.0
PA14_31260_2718080_T_C_T_A|1	25.1724225609	5.24265352432e-07	6.0	72.0
PA14_30890_2683025_A_G_I_V|1	25.1713341296	5.24561323562e-07	12.0	93.0
PA14_55410_4931739_G_T_D_E|1	25.0951431905	5.45701285909e-07	17.0	109.0
PA14_11140_969871_C_T_G_D|1	25.0549654871	5.57190842971e-07	10.0	86.0
PA14_22110_1928152_T_C_I_V|4	25.052391265	5.5793520331e-07	2.0	56.0
PA14_30900,trbJ_2683609_C_G_Q_H|1	25.0501000162	5.58598577844e-07	5.0	68.0
PA14_37420_3331118_C_T_A_T|1	25.0501000162	5.58598577844e-07	5.0	68.0
PA14_66160_5893967_T_C_I_V|1	25.0501000162	5.58598577844e-07	5.0	68.0
PA14_30910,trbE_2686015_T_G_E_A|1	25.0501000162	5.58598577844e-07	5.0	68.0
PA14_30900,trbJ_2683602_C_A_A_S|1	25.04325263	5.60585786246e-07	8.0	79.0
PA14_30960,traG_2689375_A_T_S_T|1	25.0257399833	5.65700509338e-07	13.0	96.0
PA14_31110_2706886_G_C_R_G|1	24.990612512	5.76101280096e-07	19.0	115.0
PA14_31260_2718440_G_C_Q_E|1	24.9802701559	5.79199890082e-07	4.0	64.0
PA14_31260_2718438_C_G_Q_H|1	24.9802701559	5.79199890082e-07	4.0	64.0
PA14_31180_2710514_A_G_L_S|2	24.9802701559	5.79199890082e-07	4.0	64.0
PA14_36960_3292403_C_T_A_T|1	24.9802701559	5.79199890082e-07	4.0	64.0
PA14_61820,ychF_5513250_C_G_D_E|1	24.9802701559	5.79199890082e-07	4.0	64.0
PA14_31280_2721118_C_A_L_F|1	24.9802701559	5.79199890082e-07	4.0	64.0
PA14_28895_2496335_G_A_R_C|1	24.9802701559	5.79199890082e-07	4.0	64.0
PA14_55260_4907825_G_A_R_C|1	24.975431238	5.8065538112e-07	3.0	60.0
PA14_02610,mdcG_232519_C_T_P_S|1	24.975431238	5.8065538112e-07	3.0	60.0
PA14_02020_184069_G_A_G_S|7	24.975431238	5.8065538112e-07	3.0	60.0
PA14_66230,waaG_5900150_C_T_R_H|1	24.975431238	5.8065538112e-07	3.0	60.0
PA14_30910,trbE_2685914_A_G_Y_H|1	24.975431238	5.8065538112e-07	3.0	60.0
PA14_23090,edaA_2002865_G_A_A_T|1	24.975431238	5.8065538112e-07	3.0	60.0
PA14_57640_5133652_G_A_D_N|1	24.975431238	5.8065538112e-07	3.0	60.0
PA14_20520_1765345_C_G_P_A|1	24.975431238	5.8065538112e-07	3.0	60.0
PA14_55640,sbcD_4958208_A_G_D_G|1	24.975431238	5.8065538112e-07	3.0	60.0
PA14_08050_692897_G_A_V_M|1	24.957451665	5.86095630727e-07	20.0	118.0
PA14_30910,trbE_2686148_G_A_L_F|1	24.902307286	6.03102000128e-07	14.0	99.0
PA14_30900,trbJ_2683488_C_T_V_I|1	24.902307286	6.03102000128e-07	14.0	99.0
PA14_31200_2713434_G_T_H_N|1	24.8621903558	6.15784041469e-07	11.0	89.0
PA14_22670,yrbF_1971959_G_C_A_G|1	24.8371324035	6.23840850738e-07	7.0	75.0
PA14_30960,traG_2690079_C_T_R_H|1	24.8371324035	6.23840850738e-07	7.0	75.0
PA14_30950_2688146_G_A_L_F|1	24.7987630685	6.36382936238e-07	15.0	102.0
PA14_30960,traG_2689374_G_C_S_W|1	24.7987630685	6.36382936238e-07	15.0	102.0
PA14_51860_4605693_C_T_V_I|1	24.789363757	6.39493722907e-07	9.0	82.0
PA14_16410_1404920_G_T_A_S|1	24.789363757	6.39493722907e-07	9.0	82.0
PA14_30940,trbB_2687100_C_A_A_S|1	24.6971237978	6.70842133155e-07	12.0	92.0
PA14_30900,trbJ_2683380_C_G_E_Q|1	24.6971237978	6.70842133155e-07	12.0	92.0
PA14_30940,trbB_2687298_G_A_L_F|1	24.666486537	6.81591682502e-07	6.0	71.0
PA14_23100,mutT_2003108_C_T_G_D|1	24.666486537	6.81591682502e-07	6.0	71.0
PA14_30910,trbE_2685877_T_C_K_R|1	24.5810315875	7.1249639096e-07	27.0	138.0
PA14_30880,trbL_2682356_G_T_L_I|1	24.5566870828	7.21554997727e-07	13.0	95.0
PA14_30960,traG_2689606_G_T_P_T|1	24.5566870828	7.21554997727e-07	13.0	95.0
PA14_30890_2683089_A_G_D_G|1	24.5486074999	7.24586867514e-07	8.0	78.0
PA14_51070,opdD_4538276_A_G_Y_H|1	24.5486074999	7.24586867514e-07	8.0	78.0
PA14_26130,morB_2281979_C_T_A_T|2	24.5387055221	7.28320018644e-07	5.0	67.0
PA14_06160,fiuA_544941_G_A_A_V|2	24.5387055221	7.28320018644e-07	5.0	67.0
PA14_55400_4925847_G_A_A_V|1	24.5387055221	7.28320018644e-07	5.0	67.0
PA14_31180_2710373_A_G_L_P|1	24.5387055221	7.28320018644e-07	5.0	67.0
PA14_22110_1928163_T_C_Q_R|1	24.5253538279	7.3338430225e-07	2.0	55.0
PA14_08060_693938_C_T_S_L|1	24.4925717581	7.45968791791e-07	22.0	123.0
PA14_30910,trbE_2686016_C_A_E_*|1	24.4633859673	7.57354822905e-07	4.0	63.0
PA14_02900,pcaK_256101_G_A_P_S|1	24.4633859673	7.57354822905e-07	4.0	63.0
PA14_31090_2704733_T_C_M_V|1	24.4633859673	7.57354822905e-07	4.0	63.0
PA14_27110,ligT_2355638_G_A_P_S|1	24.4633859673	7.57354822905e-07	4.0	63.0
PA14_72110_6425732_A_C_D_A|1	24.4532201614	7.61361517088e-07	3.0	59.0
PA14_43110_3841388_C_T_A_T|1	24.4532201614	7.61361517088e-07	3.0	59.0
PA14_66600,aroB_5946019_G_A_S_F|1	24.4532201614	7.61361517088e-07	3.0	59.0
PA14_55400_4926837_A_G_V_A|1	24.4532201614	7.61361517088e-07	3.0	59.0
PA14_57480_5121923_G_T_E_D|1	24.4532201614	7.61361517088e-07	3.0	59.0
PA14_08120_696594_G_A_M_I|1	24.4532201614	7.61361517088e-07	3.0	59.0
PA14_25305,nqrB_2213424_A_G_N_S|3	24.4532201614	7.61361517088e-07	3.0	59.0
PA14_35530,bkdA1_3159525_A_G_V_A|1	24.4532201614	7.61361517088e-07	3.0	59.0
PA14_18330,arnT_1571636_C_A_R_L|1	24.4532201614	7.61361517088e-07	3.0	59.0
PA14_02560,mdcB_229497_G_A_A_T|13	24.4532201614	7.61361517088e-07	3.0	59.0
PA14_54450,nadB_4828624_C_G_D_E|1	24.4532201614	7.61361517088e-07	3.0	59.0
PA14_10040_863265_T_G_K_T|1	24.4532201614	7.61361517088e-07	3.0	59.0
PA14_01330_129569_C_T_A_T|1	24.4532201614	7.61361517088e-07	3.0	59.0
PA14_11580_1002226_A_G_T_A|6	24.4532201614	7.61361517088e-07	3.0	59.0
PA14_42820_3807570_A_G_Q_R|1	24.4532201614	7.61361517088e-07	3.0	59.0
PA14_02700_241022_A_G_K_R|1	24.4532201614	7.61361517088e-07	3.0	59.0
PA14_21870_1901805_A_T_M_K|1	24.4532201614	7.61361517088e-07	3.0	59.0
PA14_39860_3553224_G_T_G_C|1	24.4532201614	7.61361517088e-07	3.0	59.0
PA14_32830_2871402_G_C_P_A|1	24.4532201614	7.61361517088e-07	3.0	59.0
PA14_00700_70871_A_C_E_A|1	24.4532201614	7.61361517088e-07	3.0	59.0
PA14_30960,traG_2688610_C_T_A_T|1	24.3837254521	7.89326999071e-07	11.0	88.0
PA14_59690_5311460_C_G_T_S|1	24.2585261521	8.42333832965e-07	16.0	104.0
PA14_31070_2702741_C_G_A_P|1	24.2240428597	8.57550473429e-07	12.0	91.0
PA14_30850,trbI_2679663_C_T_G_D|1	24.2240428597	8.57550473429e-07	12.0	91.0
PA14_30950_2688299_C_T_A_T|1	24.2240428597	8.57550473429e-07	12.0	91.0
PA14_30850,trbI_2678441_C_T_M_I|1	24.1612462519	8.85972691434e-07	6.0	70.0
PA14_26050_2276218_A_T_T_S|1	24.1612462519	8.85972691434e-07	6.0	70.0
PA14_31260_2718097_G_C_A_G|1	24.1612462519	8.85972691434e-07	6.0	70.0
PA14_30930,trbC_2686677_G_C_S_W|1	24.1612462519	8.85972691434e-07	6.0	70.0
PA14_43910_3909468_G_A_P_S|1	24.1612462519	8.85972691434e-07	6.0	70.0
PA14_30970,bphR_2691613_G_A_L_F|1	24.1612462519	8.85972691434e-07	6.0	70.0
PA14_65810_5861287_T_G_Q_P|1	24.1431344789	8.94344376554e-07	18.0	110.0
PA14_11140_969423_C_G_Q_H|1	24.0879733246	9.20333029789e-07	10.0	84.0
PA14_08050_693285_C_A_T_N|1	24.0813369219	9.23510316367e-07	24.0	128.0
PA14_30960,traG_2688491_C_G_E_D|1	24.0807150782	9.23808597301e-07	20.0	116.0
PA14_08050_692607_G_C_S_T|1	24.067618148	9.30113319183e-07	23.0	125.0
PA14_60750,pra_5413473_T_G_K_T|1	24.067618148	9.30113319183e-07	23.0	125.0
PA14_08050_693105_G_C_G_A|1	24.0624392378	9.32618279222e-07	22.0	122.0
PA14_08050_692915_A_T_S_C|1	24.0624392378	9.32618279222e-07	22.0	122.0
PA14_30960,traG_2688871_T_G_K_Q|1	24.0548501104	9.36301250257e-07	8.0	77.0
PA14_65370,amiB_5823126_T_A_N_I|1	24.0279020027	9.49497294859e-07	5.0	66.0
PA14_22410_1950831_T_A_C_S|1	24.0279020027	9.49497294859e-07	5.0	66.0
PA14_36605_3259443_G_A_R_Q|1	24.0279020027	9.49497294859e-07	5.0	66.0
PA14_60020_5344953_G_A_V_M|1	24.0279020027	9.49497294859e-07	5.0	66.0
PA14_71350_6356469_T_G_F_C|1	24.0279020027	9.49497294859e-07	5.0	66.0
PA14_06120_540145_C_T_R_H|1	24.0279020027	9.49497294859e-07	5.0	66.0
PA14_00510_48003_C_G_H_Q|1	23.9985069859	9.64104323186e-07	2.0	54.0
PA14_31070_2702281_C_T_R_H|1	23.9754060886	9.75741631464e-07	14.0	97.0
PA14_30900,trbJ_2683118_C_T_R_H|1	23.9754060886	9.75741631464e-07	14.0	97.0
PA14_02340,atsB_210640_C_T_V_I|2	23.94697117	9.90259600212e-07	4.0	62.0
PA14_15435_1307150_T_C_N_S|1	23.94697117	9.90259600212e-07	4.0	62.0
PA14_59660_5308869_C_G_P_A|1	23.94697117	9.90259600212e-07	4.0	62.0
PA14_31180_2710338_C_T_G_R|1	23.94697117	9.90259600212e-07	4.0	62.0
PA14_31180_2710529_C_T_G_D|1	23.94697117	9.90259600212e-07	4.0	62.0
PA14_30950_2688200_G_T_Q_K|1	23.94697117	9.90259600212e-07	4.0	62.0
PA14_16310_1393007_C_G_A_G|1	23.94697117	9.90259600212e-07	4.0	62.0
PA14_11900_1030261_T_C_D_G|2	23.94697117	9.90259600212e-07	4.0	62.0
PA14_36000,prpR_3204810_G_A_A_T|1	23.9313422988	9.98331255785e-07	3.0	58.0
PA14_66190_5896995_A_C_F_C|1	23.9313422988	9.98331255785e-07	3.0	58.0
PA14_30970,bphR_2691742_G_T_H_N|1	23.9313422988	9.98331255785e-07	3.0	58.0
PA14_10010_861943_A_G_I_V|1	23.9313422988	9.98331255785e-07	3.0	58.0
PA14_32790_2863290_G_A_S_N|1	23.9313422988	9.98331255785e-07	3.0	58.0
PA14_20520_1764304_A_G_T_A|1	23.9313422988	9.98331255785e-07	3.0	58.0
PA14_28880_2492634_C_G_E_Q|1	23.9313422988	9.98331255785e-07	3.0	58.0
PA14_34000_3023955_C_T_R_Q|1	23.9313422988	9.98331255785e-07	3.0	58.0
PA14_30960,traG_2690340_G_A_T_M|1	23.9313422988	9.98331255785e-07	3.0	58.0
PA14_42600,pscP_3789814_G_A_A_T|1	23.9313422988	9.98331255785e-07	3.0	58.0
PA14_00080_9710_A_G_E_G|516	23.9313422988	9.98331255785e-07	3.0	58.0
PA14_24510,pelD_2143371_G_T_R_L|1	23.9313422988	9.98331255785e-07	3.0	58.0
PA14_22670,yrbF_1971855_C_T_D_N|1	23.8382765409	1.04778068653e-06	7.0	73.0
PA14_36590,malQ_3258262_G_A_A_T|1	23.8382765409	1.04778068653e-06	7.0	73.0
PA14_30860,trbG_2679973_G_C_S_R|1	23.8382765409	1.04778068653e-06	7.0	73.0
PA14_30960,traG_2688715_T_A_T_S|1	23.8382765409	1.04778068653e-06	7.0	73.0
PA14_30890_2683086_A_G_E_G|1	23.8128414972	1.06171770217e-06	9.0	80.0
PA14_17150_1472583_A_G_I_V|1	23.6930563657	1.12989465819e-06	49.0	32.0
PA14_68050_6072419_C_T_R_C|1	23.6567295353	1.15142556804e-06	6.0	69.0
PA14_42080,fadB_3753662_G_T_A_E|1	23.6567295353	1.15142556804e-06	6.0	69.0
PA14_55410_4930921_T_G_N_T|1	23.6444358027	1.15880486313e-06	20.0	115.0
PA14_60750,pra_5413201_T_G_K_Q|1	23.6424920736	1.15997591815e-06	23.0	124.0
PA14_08060_693937_T_C_S_P|1	23.6337366697	1.16526559205e-06	22.0	121.0
PA14_55410_4931252_T_C_T_A|1	23.6337366697	1.16526559205e-06	22.0	121.0
PA14_55610,dnaE2_4949272_A_T_Q_L|1	23.6221655006	1.17229357252e-06	13.0	93.0
PA14_51860_4605569_G_A_T_M|1	23.6060539537	1.18215010196e-06	10.0	83.0
PA14_30960,traG_2690040_G_C_T_S|1	23.6060539537	1.18215010196e-06	10.0	83.0
PA14_30860,trbG_2680115_T_C_K_R|1	23.5620121663	1.2095196623e-06	8.0	76.0
PA14_55060_4892001_C_T_E_K|1	23.5177147857	1.23768918028e-06	5.0	65.0
PA14_31130_2707238_G_T_A_E|1	23.5177147857	1.23768918028e-06	5.0	65.0
PA14_30950_2688053_C_A_A_S|1	23.5177147857	1.23768918028e-06	5.0	65.0
PA14_30960,traG_2690227_C_A_V_L|1	23.5177147857	1.23768918028e-06	5.0	65.0
PA14_31090_2704868_G_T_P_T|1	23.5177147857	1.23768918028e-06	5.0	65.0
PA14_11990_1036888_C_G_G_A|1	23.5177147857	1.23768918028e-06	5.0	65.0
PA14_28340_2449491_G_C_V_L|1	23.5177147857	1.23768918028e-06	5.0	65.0
PA14_18040_1549391_C_A_L_I|1	23.5177147857	1.23768918028e-06	5.0	65.0
PA14_32350_2810588_A_G_V_A|1	23.4310474282	1.29471985564e-06	4.0	61.0
PA14_31090_2704228_T_G_E_A|1	23.4310474282	1.29471985564e-06	4.0	61.0
PA14_31080_2703704_A_G_V_A|1	23.4310474282	1.29471985564e-06	4.0	61.0
PA14_55060_4891754_A_G_L_P|1	23.4310474282	1.29471985564e-06	4.0	61.0
PA14_16190_1380225_G_A_V_I|1	23.4310474282	1.29471985564e-06	4.0	61.0
PA14_59650_5308157_C_T_T_I|6	23.4310474282	1.29471985564e-06	4.0	61.0
PA14_33280,pvdL_2916594_A_G_D_G|1	23.4310474282	1.29471985564e-06	4.0	61.0
PA14_61820,ychF_5513326_G_A_D_N|1	23.4310474282	1.29471985564e-06	4.0	61.0
PA14_30910,trbE_2685952_C_T_G_D|1	23.4310474282	1.29471985564e-06	4.0	61.0
PA14_01810_166565_G_A_A_T|5	23.4310474282	1.29471985564e-06	4.0	61.0
PA14_26670_2324495_C_G_E_Q|1	23.4310474282	1.29471985564e-06	4.0	61.0
PA14_25760,holB_2248546_C_T_P_S|2	23.4310474282	1.29471985564e-06	4.0	61.0
PA14_31260_2718302_G_T_L_I|1	23.4310474282	1.29471985564e-06	4.0	61.0
PA14_59690_5312281_G_A_G_S|1	23.4310474282	1.29471985564e-06	4.0	61.0
PA14_24820_2170105_T_G_D_A|1	23.4310474282	1.29471985564e-06	4.0	61.0
PA14_30850,trbI_2679542_G_C_I_M|1	23.4301302341	1.29533729172e-06	11.0	86.0
PA14_30910,trbE_2684452_T_G_K_T|1	23.424856985	1.29889286781e-06	15.0	99.0
PA14_30910,trbE_2685270_C_G_M_I|1	23.424856985	1.29889286781e-06	15.0	99.0
PA14_30960,traG_2689590_C_G_G_A|1	23.424856985	1.29889286781e-06	15.0	99.0
PA14_19290,srmB_1663600_C_T_A_V|1	23.4098143107	1.30908952143e-06	3.0	57.0
PA14_55117_4896777_C_T_H_Y|1	23.4098143107	1.30908952143e-06	3.0	57.0
PA14_64800,vanA_5774982_A_G_T_A|1	23.4098143107	1.30908952143e-06	3.0	57.0
PA14_30850,trbI_2679076_A_G_S_P|1	23.4098143107	1.30908952143e-06	3.0	57.0
PA14_22270_1940597_T_C_K_R|1	23.4098143107	1.30908952143e-06	3.0	57.0
PA14_32790_2863277_C_T_H_Y|1	23.4098143107	1.30908952143e-06	3.0	57.0
PA14_35620,pslK_3165683_T_C_H_R|1	23.4098143107	1.30908952143e-06	3.0	57.0
PA14_03220_286750_T_C_H_R|1	23.4098143107	1.30908952143e-06	3.0	57.0
PA14_41280_3684874_G_A_A_T|2	23.4098143107	1.30908952143e-06	3.0	57.0
PA14_53800,mntH2_4770526_G_A_V_M|1	23.4098143107	1.30908952143e-06	3.0	57.0
PA14_05390,chpA_471813_G_T_A_S|3	23.4098143107	1.30908952143e-06	3.0	57.0
PA14_21450_1859423_C_T_R_W|1	23.4098143107	1.30908952143e-06	3.0	57.0
PA14_31110_2706661_T_A_S_C|1	23.4098143107	1.30908952143e-06	3.0	57.0
PA14_68970_6152568_C_T_R_H|1	23.4098143107	1.30908952143e-06	3.0	57.0
PA14_09580_824859_C_T_R_C|7	23.4098143107	1.30908952143e-06	3.0	57.0
PA14_30960,traG_2690139_T_A_Q_L|1	23.4098143107	1.30908952143e-06	3.0	57.0
PA14_33530_2950861_C_T_E_K|16	23.4098143107	1.30908952143e-06	3.0	57.0
PA14_32400,mexE_2817506_T_C_Q_R|1	23.4098143107	1.30908952143e-06	3.0	57.0
PA14_02490,tonB2_224617_G_A_A_T|7	23.4098143107	1.30908952143e-06	3.0	57.0
PA14_30850,trbI_2679004_T_C_I_V|1	23.353262786	1.34814635593e-06	16.0	102.0
PA14_29720_2573611_G_A_V_I|1	23.34009973	1.35740372659e-06	7.0	72.0
PA14_31070_2701944_C_G_K_N|1	23.34009973	1.35740372659e-06	7.0	72.0
PA14_25360,apbE_2217773_G_C_G_A|1	23.34009973	1.35740372659e-06	7.0	72.0
PA14_45250_4034669_G_A_G_D|1	23.34009973	1.35740372659e-06	7.0	72.0
PA14_70690,glcD_6295670_C_A_A_S|1	23.3260842186	1.36733070991e-06	9.0	79.0
PA14_30940,trbB_2687293_G_C_I_M|1	23.3260842186	1.36733070991e-06	9.0	79.0
PA14_31180_2710235_G_C_P_R|1	23.3260842186	1.36733070991e-06	9.0	79.0
PA14_31180_2709782_T_G_N_T|1	23.3260842186	1.36733070991e-06	9.0	79.0
PA14_55530,hxcW_4942770_G_T_A_S|1	23.2814033494	1.39946620691e-06	12.0	89.0
PA14_30540_2643511_C_G_D_E|1	23.2582831032	1.4163911094e-06	23.0	7.0
PA14_08060_693954_A_T_L_F|1	23.2394477931	1.43033091521e-06	24.0	126.0
PA14_23470,wbpM_2041865_C_T_L_F|2	23.2394477931	1.43033091521e-06	24.0	126.0
PA14_08050_692604_A_C_N_T|2	23.2394477931	1.43033091521e-06	24.0	126.0
PA14_30900,trbJ_2683382_C_G_G_A|1	23.226737612	1.43981525515e-06	19.0	111.0
PA14_23210_2011021_C_T_R_Q|1	23.2188351503	1.4457438479e-06	23.0	123.0
PA14_33280,pvdL_2914709_C_T_R_C|1	23.1529657209	1.49612279723e-06	6.0	68.0
PA14_58270_5189659_C_T_V_M|1	23.1252314247	1.51785813452e-06	10.0	82.0
PA14_09270,pchE_788606_G_A_A_T|1	23.0701269008	1.56198782176e-06	8.0	75.0
PA14_49560,toxA_4407502_C_T_S_L|1	23.0701269008	1.56198782176e-06	8.0	75.0
PA14_31260_2718182_T_C_I_V|1	23.0081706668	1.61314342861e-06	5.0	64.0
PA14_31080_2704170_C_T_V_I|1	23.0081706668	1.61314342861e-06	5.0	64.0
PA14_33900_3012150_G_T_K_N|1	23.0081706668	1.61314342861e-06	5.0	64.0
PA14_55060_4891992_C_T_A_T|1	23.0081706668	1.61314342861e-06	5.0	64.0
PA14_02620,mdcH_233157_G_A_A_T|1	23.0081706668	1.61314342861e-06	5.0	64.0
PA14_31180_2710517_G_C_P_R|1	23.0081706668	1.61314342861e-06	5.0	64.0
PA14_34130_3034210_G_A_E_K|1	23.0081706668	1.61314342861e-06	5.0	64.0
PA14_57200_5095662_G_A_A_V|1	23.0081706668	1.61314342861e-06	5.0	64.0
PA14_31110_2705917_T_C_T_A|3	23.0081706668	1.61314342861e-06	5.0	64.0
PA14_30880,trbL_2681833_C_G_S_T|1	22.9695221101	1.64590219762e-06	15.0	98.0
PA14_30960,traG_2689290_T_G_E_A|1	22.9695221101	1.64590219762e-06	15.0	98.0
PA14_48990_4352676_G_C_A_G|1	22.968750868	1.64656265356e-06	40.0	23.0
PA14_30960,traG_2688600_C_T_G_D|1	22.9454274418	1.66666182353e-06	2.0	52.0
PA14_08300,JF1_708686_G_T_K_N|1	22.9454274418	1.66666182353e-06	2.0	52.0
PA14_60020_5345194_C_G_A_G|1	22.9454274418	1.66666182353e-06	2.0	52.0
PA14_59670_5309376_C_T_A_V|1	22.9156377601	1.69269165513e-06	4.0	60.0
