feature	score	p-value	#I-out-of-102	#O-out-of-324
PA14_63920_5696365_C_T_S_N|2	29.3336445689	6.0928592274e-08	12.0	2.0
PA14_25060_2192107_C_A_Q_H|1	25.7565039088	3.87319578321e-07	13.0	4.0
PA14_35420,pvcB_3149721_C_T_R_H|1	25.4117647059	4.63085373051e-07	8.0	0.0
PA14_43630_3883456_C_G_S_T|1	23.2960784314	1.38882887202e-06	14.0	6.0
PA14_65300,hflX_5818703_T_C_I_V|1	22.9418767507	1.6697431733e-06	11.0	3.0
PA14_28880_2493534_C_T_D_N|1	22.5741857997	2.02183072405e-06	22.0	17.0
PA14_35210_3132028_C_T_V_I|1	20.8454369402	4.9787696908e-06	8.0	1.0
PA14_29490,hplR_2557422_A_C_D_A|1	20.310713828	6.58309278999e-06	12.0	5.0
PA14_18350,fmt_1575697_T_C_I_V|1	20.2321251733	6.85913527327e-06	9.0	2.0
PA14_63100_5630926_G_A_A_T|1	20.0926652142	7.37790832608e-06	11.0	4.0
PA14_03860_347434_T_G_K_Q|1	19.5919117647	9.5874215395e-06	15.0	9.0
PA14_34840_3101924_C_T_A_V|1	19.0588235294	1.26750362612e-05	6.0	0.0
PA14_16660,cadA_1424662_G_T_A_E|1	19.0588235294	1.26750362612e-05	6.0	0.0
PA14_22490,acpD_1957385_G_A_G_R|1	19.0588235294	1.26750362612e-05	6.0	0.0
PA14_12850_1102776_C_T_A_V|1	19.0588235294	1.26750362612e-05	6.0	0.0
PA14_58700,nadC_5231997_T_C_M_T|1	18.6410675381	1.5778478313e-05	25.0	25.0
PA14_10010_860852_A_G_H_R|1	18.0413943355	2.16153486759e-05	12.0	6.0
PA14_04140_372068_A_G_N_D|1	17.8474945534	2.393341783e-05	15.0	10.0
PA14_21190_1832342_C_T_A_T|1	17.7452342048	2.52549366023e-05	7.0	1.0
PA14_30850,trbI_2679195_T_G_N_T|1	17.7452342048	2.52549366023e-05	7.0	1.0
PA14_47260_4210437_C_T_A_T|1	17.7452342048	2.52549366023e-05	7.0	1.0
PA14_11650_1010678_A_G_S_P|1	17.7452342048	2.52549366023e-05	7.0	1.0
PA14_27490_2386697_C_T_R_Q|1	17.7452342048	2.52549366023e-05	7.0	1.0
PA14_15350_1301972_A_G_I_V|1	17.7452342048	2.52549366023e-05	7.0	1.0
PA14_31730_2760093_C_T_T_I|1	17.7452342048	2.52549366023e-05	7.0	1.0
PA14_08360,trpC_716247_A_G_N_S|1	17.3345782758	3.13431419465e-05	10.0	4.0
PA14_29050_2511852_T_C_D_G|1	17.3345782758	3.13431419465e-05	10.0	4.0
PA14_31260_2718335_C_T_G_S|1	17.2908669641	3.20724667737e-05	1.0	62.0
PA14_65420_5828426_C_G_D_E|1	17.2553376906	3.26778231699e-05	8.0	2.0
PA14_33610_2960432_T_G_L_R|1	17.2553376906	3.26778231699e-05	8.0	2.0
PA14_47260_4211189_A_C_I_S|5	17.2553376906	3.26778231699e-05	8.0	2.0
PA14_56110_5011847_C_T_A_V|1	17.1772875817	3.40482938843e-05	9.0	3.0
PA14_27310_2370182_G_A_R_Q|1	17.1772875817	3.40482938843e-05	9.0	3.0
PA14_65850,rocE_5865913_C_A_V_F|1	17.1772875817	3.40482938843e-05	9.0	3.0
PA14_38970_3472970_T_C_Q_R|1	17.1772875817	3.40482938843e-05	9.0	3.0
PA14_14300_1220499_T_C_H_R|1	16.9467787115	3.84424945986e-05	16.0	12.0
PA14_46420_4129693_G_A_G_S|1	16.8654350629	4.01256771934e-05	24.0	25.0
PA14_31110_2706661_T_A_S_C|1	16.3507806826	5.26344764804e-05	1.0	59.0
PA14_31130_2707556_C_T_G_D|1	16.1611712678	5.81744487516e-05	2.0	65.0
PA14_31260_2718406_T_C_Q_R|1	16.0661798327	6.11667366647e-05	4.0	77.0
PA14_19190,sfcA_1657744_A_G_K_R|1	16.0440889806	6.18845143119e-05	12.0	7.0
PA14_23260,gyrA_2015001_C_T_T_I|1	16.0250590051	6.25096264648e-05	31.0	209.0
PA14_28620_2465868_T_C_H_R|3	15.8823529412	6.74042943209e-05	5.0	0.0
PA14_15030,leuA_1275117_T_C_N_S|1	15.8823529412	6.74042943209e-05	5.0	0.0
PA14_49480_4400974_T_A_I_N|1	15.8823529412	6.74042943209e-05	5.0	0.0
PA14_63100_5632330_C_T_L_F|1	15.8823529412	6.74042943209e-05	5.0	0.0
PA14_31180_2710149_G_C_R_G|1	15.8823529412	6.74042943209e-05	5.0	0.0
PA14_08240_703424_C_T_T_I|4	15.8823529412	6.74042943209e-05	5.0	0.0
PA14_33300_2927813_C_T_V_I|1	15.8823529412	6.74042943209e-05	5.0	0.0
PA14_01140_111733_G_C_A_G|3	15.8823529412	6.74042943209e-05	5.0	0.0
PA14_66550,hemE_5936442_C_A_G_C|1	15.8823529412	6.74042943209e-05	5.0	0.0
PA14_39640,cobN_3531448_G_A_A_V|1	15.8823529412	6.74042943209e-05	5.0	0.0
PA14_21000_1808247_C_G_V_L|1	15.8823529412	6.74042943209e-05	5.0	0.0
PA14_44640_3973946_G_A_V_I|1	15.8823529412	6.74042943209e-05	5.0	0.0
PA14_21470_1861643_A_G_D_G|1	15.8823529412	6.74042943209e-05	5.0	0.0
PA14_37680_3355250_G_A_A_T|1	15.8823529412	6.74042943209e-05	5.0	0.0
PA14_59670_5309496_G_T_G_V|1	15.8823529412	6.74042943209e-05	5.0	0.0
PA14_31180_2710269_G_A_P_S|1	15.8513236945	6.85185911468e-05	2.0	64.0
PA14_31190_2712484_G_C_I_M|1	15.8513236945	6.85185911468e-05	2.0	64.0
PA14_31090_2704228_T_G_E_A|1	15.5416289593	8.07082241234e-05	2.0	63.0
PA14_31180_2710268_G_C_P_R|1	15.5416289593	8.07082241234e-05	2.0	63.0
PA14_32850_2875726_T_C_K_R|1	15.5303508377	8.11911502361e-05	16.0	13.0
PA14_64950,pncA_5789408_G_A_A_T|1	15.5109573241	8.20283831328e-05	11.0	6.0
PA14_31190_2711577_G_C_L_V|1	15.4640109208	8.40912390261e-05	4.0	75.0
PA14_31080_2703653_G_A_S_F|1	15.4111531552	8.64763869402e-05	1.0	56.0
PA14_31090_2704229_C_T_E_K|1	15.2320942266	9.50738666826e-05	2.0	62.0
PA14_31090_2704436_C_T_A_T|1	15.2320942266	9.50738666826e-05	2.0	62.0
PA14_31070_2703352_G_C_P_R|1	15.1590413943	9.88239478386e-05	3.0	68.0
PA14_31180_2710353_G_A_P_S|1	15.1590413943	9.88239478386e-05	3.0	68.0
PA14_31130_2707461_C_A_A_S|1	15.1590413943	9.88239478386e-05	3.0	68.0
PA14_31730_2760237_A_T_Y_F|1	15.0344952796	0.000105563903722	10.0	5.0
PA14_58240_5183110_C_T_A_T|1	15.0344952796	0.000105563903722	10.0	5.0
PA14_31090_2705009_T_A_S_C|1	14.8541705571	0.000116150958608	3.0	67.0
PA14_31130_2707238_G_T_A_E|1	14.8541705571	0.000116150958608	3.0	67.0
PA14_31130_2707628_A_G_I_T|1	14.8541705571	0.000116150958608	3.0	67.0
PA14_31110_2706775_G_A_R_C|1	14.8541705571	0.000116150958608	3.0	67.0
PA14_31190_2711826_T_C_N_D|1	14.8541705571	0.000116150958608	3.0	67.0
PA14_31090_2704868_G_T_P_T|1	14.8541705571	0.000116150958608	3.0	67.0
PA14_06940_601242_C_T_R_H|1	14.8162672476	0.000118508833882	15.0	12.0
PA14_37690_3359204_T_C_N_S|1	14.6668222845	0.000128284586649	6.0	1.0
PA14_02200,cheR_198194_G_A_T_I|2	14.6668222845	0.000128284586649	6.0	1.0
PA14_19850_1710135_C_A_Q_K|1	14.6668222845	0.000128284586649	6.0	1.0
PA14_03855_346208_A_C_S_R|1	14.6668222845	0.000128284586649	6.0	1.0
PA14_18920,rnfC_1632894_A_T_L_Q|1	14.6668222845	0.000128284586649	6.0	1.0
PA14_38970_3472956_T_G_S_R|2	14.6668222845	0.000128284586649	6.0	1.0
PA14_53890_4778326_G_A_P_L|2	14.6668222845	0.000128284586649	6.0	1.0
PA14_67310,hutT_6010727_G_A_A_V|1	14.6668222845	0.000128284586649	6.0	1.0
PA14_34820_3095272_G_A_A_T|1	14.6668222845	0.000128284586649	6.0	1.0
PA14_04110,serA_370477_C_T_R_K|1	14.6668222845	0.000128284586649	6.0	1.0
PA14_42220_3765384_G_A_R_Q|1	14.6668222845	0.000128284586649	6.0	1.0
PA14_48280_4296128_G_C_R_S|1	14.6668222845	0.000128284586649	6.0	1.0
PA14_34840_3100309_G_A_A_T|2	14.6668222845	0.000128284586649	6.0	1.0
PA14_24490,pelB_2140695_A_G_I_V|1	14.6668222845	0.000128284586649	6.0	1.0
PA14_53880_4776639_C_A_A_S|1	14.6668222845	0.000128284586649	6.0	1.0
PA14_15350_1301974_T_G_I_M|1	14.6668222845	0.000128284586649	6.0	1.0
PA14_00830_82362_G_T_L_M|1	14.6408580526	0.000130063981648	9.0	4.0
PA14_05000,trmB_439511_G_A_E_K|1	14.6408580526	0.000130063981648	9.0	4.0
PA14_31110_2706940_G_C_R_G|1	14.6354831089	0.000130435433375	5.0	78.0
PA14_31180_2710583_T_G_K_T|1	14.6135357369	0.000131963289903	2.0	60.0
PA14_31080_2703960_C_G_G_R|1	14.5634674923	0.000135516552196	4.0	72.0
PA14_31130_2707334_G_C_A_G|1	14.5634674923	0.000135516552196	4.0	72.0
PA14_31260_2718182_T_C_I_V|1	14.5495879511	0.000136518505425	3.0	66.0
PA14_31190_2712821_G_T_A_D|1	14.5495879511	0.000136518505425	3.0	66.0
PA14_31080_2704170_C_T_V_I|1	14.5495879511	0.000136518505425	3.0	66.0
PA14_31180_2709596_C_T_S_N|1	14.5495879511	0.000136518505425	3.0	66.0
PA14_31100_2705139_C_T_V_M|1	14.5495879511	0.000136518505425	3.0	66.0
PA14_31180_2710517_G_C_P_R|1	14.5495879511	0.000136518505425	3.0	66.0
PA14_31190_2712275_G_C_T_S|1	14.5495879511	0.000136518505425	3.0	66.0
PA14_31110_2705917_T_C_T_A|3	14.5495879511	0.000136518505425	3.0	66.0
PA14_58960_5255181_G_T_G_V|1	14.5187986306	0.000138767869074	18.0	17.0
PA14_08300,JF1_708686_G_T_K_N|1	14.4720608408	0.000142253902139	1.0	53.0
PA14_62410_5567471_G_A_R_H|1	14.3752228164	0.000149759985977	8.0	3.0
PA14_65920_5871328_G_A_H_Y|1	14.3752228164	0.000149759985977	8.0	3.0
PA14_58420_5204860_A_T_I_F|1	14.3752228164	0.000149759985977	8.0	3.0
PA14_57340,murG_5109077_A_C_L_R|1	14.3752228164	0.000149759985977	8.0	3.0
PA14_30900,trbJ_2683781_G_A_A_V|1	14.3752228164	0.000149759985977	8.0	3.0
PA14_47860_4259471_A_G_T_A|1	14.3752228164	0.000149759985977	8.0	3.0
PA14_48810_4339266_C_G_A_P|1	14.3752228164	0.000149759985977	8.0	3.0
PA14_18275,fruA_1568193_A_G_Q_R|1	14.3229242314	0.000153978316703	7.0	2.0
PA14_06980_606017_C_G_E_D|1	14.3229242314	0.000153978316703	7.0	2.0
PA14_16660,cadA_1425719_G_C_Q_E|1	14.3229242314	0.000153978316703	7.0	2.0
PA14_48890_4346670_G_C_Q_E|1	14.3229242314	0.000153978316703	7.0	2.0
PA14_22660_1970747_C_A_A_S|1	14.3229242314	0.000153978316703	7.0	2.0
PA14_64610_5755906_T_A_M_L|1	14.3229242314	0.000153978316703	7.0	2.0
PA14_04490_399778_C_T_R_Q|1	14.3229242314	0.000153978316703	7.0	2.0
PA14_63440_5657447_T_A_F_Y|1	14.3229242314	0.000153978316703	7.0	2.0
PA14_31080_2704032_G_T_L_M|1	14.3045287332	0.00015549034813	2.0	59.0
PA14_08300,JF1_708685_A_G_K_R|1	14.3045287332	0.00015549034813	2.0	59.0
PA14_31080_2704029_T_C_I_V|1	14.3045287332	0.00015549034813	2.0	59.0
PA14_65390,yjeF_5825372_T_C_T_A|1	14.2779956427	0.000157697631716	12.0	8.0
PA14_43640,gpsA_3883926_T_G_M_L|1	14.2779956427	0.000157697631716	12.0	8.0
PA14_31110_2705948_C_G_M_I|1	14.2453062925	0.000160460491703	3.0	65.0
PA14_31260_2718440_G_C_Q_E|1	14.2453062925	0.000160460491703	3.0	65.0
PA14_31260_2718438_C_G_Q_H|1	14.2453062925	0.000160460491703	3.0	65.0
PA14_31180_2710514_A_G_L_S|2	14.2453062925	0.000160460491703	3.0	65.0
PA14_31110_2706997_G_T_Q_K|1	14.2453062925	0.000160460491703	3.0	65.0
PA14_31280_2721118_C_A_L_F|1	14.2453062925	0.000160460491703	3.0	65.0
PA14_31180_2710235_G_C_P_R|1	14.1723608635	0.000166802805756	6.0	82.0
PA14_31280_2721105_G_A_P_S|1	14.1591647141	0.000167976843105	1.0	52.0
PA14_31280_2720862_G_C_P_A|1	14.1591647141	0.000167976843105	1.0	52.0
PA14_31260_2718313_G_A_A_V|1	14.1591647141	0.000167976843105	1.0	52.0
PA14_69280_6180065_C_T_R_K|1	14.1072331155	0.000172678495116	14.0	11.0
PA14_03860_347470_C_A_A_S|1	14.1072331155	0.000172678495116	14.0	11.0
PA14_31130_2707187_A_G_L_S|1	14.0466930256	0.000178327138231	5.0	76.0
PA14_31110_2707167_C_A_R_L|1	13.9957153232	0.000183227695611	2.0	58.0
PA14_31200_2713391_G_C_A_G|1	13.9650827298	0.000186237469635	4.0	70.0
PA14_31180_2710536_T_A_R_W|1	13.9413390564	0.000188604602333	3.0	64.0
PA14_31090_2704733_T_C_M_V|1	13.9413390564	0.000188604602333	3.0	64.0
PA14_31150_2708433_C_G_G_A|1	13.9413390564	0.000188604602333	3.0	64.0
PA14_31200_2713512_C_T_D_N|1	13.9413390564	0.000188604602333	3.0	64.0
PA14_31080_2704086_C_T_A_T|1	13.9413390564	0.000188604602333	3.0	64.0
PA14_25020,uup_2189288_C_T_A_V|1	13.7755331089	0.000206001673953	17.0	16.0
PA14_07060_611410_C_T_R_K|1	13.7755331089	0.000206001673953	17.0	16.0
PA14_31190_2711820_C_G_E_Q|1	13.7530637255	0.000208480507742	5.0	75.0
PA14_31180_2710338_C_T_G_R|1	13.6377005348	0.000221688772474	3.0	63.0
PA14_31180_2710529_C_T_G_D|1	13.6377005348	0.000221688772474	3.0	63.0
PA14_31180_2710277_T_A_K_M|1	13.6377005348	0.000221688772474	3.0	63.0
PA14_31190_2712822_C_G_A_P|1	13.6377005348	0.000221688772474	3.0	63.0
PA14_31130_2707763_G_C_A_G|1	13.5335981887	0.000234330346328	1.0	50.0
PA14_06940_601332_G_A_A_V|1	13.4967709306	0.000238974328754	15.0	13.0
PA14_59110_5264302_T_C_L_P|1	13.4215686275	0.000248747607781	18.0	18.0
PA14_33610_2966659_G_A_A_T|1	13.404565691	0.000251012569916	13.0	10.0
PA14_31280_2721031_C_G_Q_H|1	13.3787093381	0.000254496800414	2.0	56.0
PA14_08300,JF1_708684_A_C_K_Q|1	13.3787093381	0.000254496800414	2.0	56.0
PA14_31190_2711015_T_G_Q_P|1	13.3684337933	0.000255894962795	4.0	68.0
PA14_31180_2710373_A_G_L_P|1	13.3684337933	0.000255894962795	4.0	68.0
PA14_31100_2705500_T_A_R_S|1	13.3684337933	0.000255894962795	4.0	68.0
PA14_31260_2718302_G_T_L_I|1	13.3344058991	0.00026058054478	3.0	62.0
PA14_31110_2707165_T_C_S_G|1	13.320571332	0.000262510179521	11.0	105.0
PA14_19940_1718862_G_A_A_V|1	13.320571332	0.000262510179521	11.0	105.0
PA14_31110_2705949_A_G_M_T|1	13.1674347802	0.000284856421046	5.0	73.0
PA14_31260_2718080_T_C_T_A|1	13.1674347802	0.000284856421046	5.0	73.0
PA14_33820,pvdQ_3006869_A_G_T_A|1	13.1444053405	0.000288379025558	19.0	20.0
PA14_31190_2711813_A_G_V_A|1	13.0708061002	0.000299934026009	4.0	67.0
PA14_31190_2712263_G_T_A_E|1	13.0705385468	0.000299976872097	2.0	55.0
PA14_31110_2707012_C_A_A_S|1	13.0705385468	0.000299976872097	2.0	55.0
PA14_69610,cyaA_6210342_A_T_H_L|1	13.0612745098	0.000301464229963	10.0	6.0
PA14_29320_2536405_A_C_M_L|1	13.0612745098	0.000301464229963	10.0	6.0
PA14_31190_2711539_G_C_S_R|1	13.0314712691	0.000306299820185	3.0	61.0
PA14_31090_2704748_G_C_Q_E|1	13.0314712691	0.000306299820185	3.0	61.0
PA14_31180_2710275_T_A_R_W|1	13.0200746965	0.000308169523058	6.0	78.0
PA14_31190_2712557_G_C_P_R|1	12.9083633453	0.000327117199959	1.0	48.0
PA14_31110_2706022_G_C_L_V|1	12.7736694678	0.000351532568507	4.0	66.0
PA14_31090_2704694_C_T_G_S|1	12.7736694678	0.000351532568507	4.0	66.0
PA14_31090_2704796_C_T_G_S|1	12.7736694678	0.000351532568507	4.0	66.0
PA14_31110_2706766_T_A_T_S|1	12.762605042	0.000353618067805	2.0	54.0
PA14_31080_2703800_G_A_S_L|1	12.7336141953	0.000359141839344	6.0	77.0
PA14_31260_2718397_T_C_Q_R|1	12.7289137877	0.000360045595134	3.0	60.0
PA14_31200_2713880_G_A_S_F|1	12.7289137877	0.000360045595134	3.0	60.0
PA14_31080_2703732_C_G_E_Q|2	12.7289137877	0.000360045595134	3.0	60.0
PA14_37880_3379124_C_T_V_I|1	12.7100840336	0.000363689084488	12.0	9.0
PA14_24950,glpD2_2180280_C_G_L_V|1	12.7100840336	0.000363689084488	12.0	9.0
PA14_27140_2358402_C_T_R_H|3	12.7058823529	0.000364507156243	4.0	0.0
PA14_69610,cyaA_6211231_G_T_Q_H|6	12.7058823529	0.000364507156243	4.0	0.0
PA14_21690,lhr1_1879384_C_A_S_Y|5	12.7058823529	0.000364507156243	4.0	0.0
PA14_58900_5248163_G_A_G_S|1	12.7058823529	0.000364507156243	4.0	0.0
PA14_28895_2498400_C_G_Q_H|1	12.7058823529	0.000364507156243	4.0	0.0
PA14_28560_2462294_C_T_A_T|1	12.7058823529	0.000364507156243	4.0	0.0
PA14_21380_1851986_G_T_R_L|4	12.7058823529	0.000364507156243	4.0	0.0
PA14_16660,cadA_1425507_G_C_S_R|1	12.7058823529	0.000364507156243	4.0	0.0
PA14_22520_1960047_C_T_D_N|1	12.7058823529	0.000364507156243	4.0	0.0
PA14_32500_2824315_G_C_V_L|1	12.7058823529	0.000364507156243	4.0	0.0
PA14_15740,purL_1338671_C_A_F_L|1	12.7058823529	0.000364507156243	4.0	0.0
PA14_02720_242145_A_G_K_R|2	12.7058823529	0.000364507156243	4.0	0.0
PA14_35470_3154489_C_T_A_V|3	12.7058823529	0.000364507156243	4.0	0.0
PA14_11900_1030715_T_G_K_Q|1	12.7058823529	0.000364507156243	4.0	0.0
PA14_16360_1398633_C_T_R_H|1	12.7058823529	0.000364507156243	4.0	0.0
PA14_18140,mmsB_1556206_G_A_G_S|6	12.7058823529	0.000364507156243	4.0	0.0
PA14_21020_1816171_T_C_T_A|1	12.7058823529	0.000364507156243	4.0	0.0
PA14_37840_3376258_G_C_A_G|1	12.7058823529	0.000364507156243	4.0	0.0
PA14_05560,rhlE_493389_C_A_A_S|6	12.7058823529	0.000364507156243	4.0	0.0
PA14_38010_3390908_G_T_G_V|1	12.7058823529	0.000364507156243	4.0	0.0
PA14_30180,idh_2614544_C_T_R_H|1	12.7058823529	0.000364507156243	4.0	0.0
PA14_55240_4906583_T_A_H_L|2	12.7058823529	0.000364507156243	4.0	0.0
PA14_10470,bcr_901575_C_T_S_L|11	12.7058823529	0.000364507156243	4.0	0.0
PA14_11140_968528_T_G_T_P|1	12.7058823529	0.000364507156243	4.0	0.0
PA14_32850_2875705_C_T_G_E|1	12.7058823529	0.000364507156243	4.0	0.0
PA14_50540,livM_4489798_C_G_L_V|1	12.7058823529	0.000364507156243	4.0	0.0
PA14_69540_6203430_G_A_A_V|1	12.7058823529	0.000364507156243	4.0	0.0
PA14_58760,pilC_5236763_C_G_L_V|1	12.7058823529	0.000364507156243	4.0	0.0
PA14_58760,pilC_5236712_C_T_H_Y|1	12.7058823529	0.000364507156243	4.0	0.0
PA14_69170_6170994_G_A_P_L|1	12.7058823529	0.000364507156243	4.0	0.0
PA14_31620_2747886_C_T_A_T|1	12.7058823529	0.000364507156243	4.0	0.0
PA14_28600_2464852_G_A_A_T|9	12.7058823529	0.000364507156243	4.0	0.0
PA14_30880,trbL_2681557_T_G_Q_P|1	12.7058823529	0.000364507156243	4.0	0.0
PA14_43230_3852961_G_A_R_H|1	12.7058823529	0.000364507156243	4.0	0.0
PA14_27090,lipH_2353101_G_T_Q_K|1	12.7058823529	0.000364507156243	4.0	0.0
PA14_08300,JF1_710667_A_G_T_A|1	12.7058823529	0.000364507156243	4.0	0.0
PA14_24270,pepN_2105812_A_G_K_R|1	12.7058823529	0.000364507156243	4.0	0.0
PA14_22540,wrbA_1961481_A_T_V_E|3	12.7058823529	0.000364507156243	4.0	0.0
PA14_63530,selB_5663958_T_G_E_D|1	12.7058823529	0.000364507156243	4.0	0.0
PA14_31370,tam_2728212_A_C_E_A|1	12.7058823529	0.000364507156243	4.0	0.0
PA14_47670,cobT_4243933_G_C_Q_E|1	12.7058823529	0.000364507156243	4.0	0.0
PA14_64550_5750743_C_T_R_H|1	12.7058823529	0.000364507156243	4.0	0.0
PA14_46800_4167925_A_G_Q_R|1	12.7058823529	0.000364507156243	4.0	0.0
PA14_42510,pcr4_3785477_G_A_R_C|1	12.7058823529	0.000364507156243	4.0	0.0
PA14_34250_3045843_G_A_A_V|2	12.7058823529	0.000364507156243	4.0	0.0
PA14_11600_1005283_C_T_V_I|23	12.7058823529	0.000364507156243	4.0	0.0
PA14_55400_4925265_T_G_D_A|1	12.7058823529	0.000364507156243	4.0	0.0
PA14_38180_3405639_C_T_V_I|1	12.7058823529	0.000364507156243	4.0	0.0
PA14_36020_3207940_C_T_R_H|1	12.7058823529	0.000364507156243	4.0	0.0
PA14_11700_1014546_G_A_L_F|1	12.5958832607	0.000386597316667	1.0	47.0
PA14_31150_2708644_T_A_M_L|1	12.5958832607	0.000386597316667	1.0	47.0
PA14_31090_2704688_C_G_A_P|1	12.5958832607	0.000386597316667	1.0	47.0
PA14_31190_2712558_G_T_P_T|1	12.5958832607	0.000386597316667	1.0	47.0
PA14_31110_2707020_C_A_R_L|1	12.5925925926	0.000387278563102	0.0	40.0
PA14_31190_2711117_G_C_A_G|1	12.5841216604	0.000389037823432	5.0	71.0
PA14_31260_2718097_G_C_A_G|1	12.5841216604	0.000389037823432	5.0	71.0
PA14_31130_2707578_G_C_L_V|1	12.5841216604	0.000389037823432	5.0	71.0
PA14_65605,parC_5845617_G_A_S_L|1	12.5523241977	0.000395713819171	12.0	107.0
PA14_14300_1221132_T_C_Y_C|1	12.5117491441	0.000404400821363	9.0	5.0
PA14_69570,corA_6207831_T_C_D_G|1	12.5117491441	0.000404400821363	9.0	5.0
PA14_48880,intT_4346161_C_T_V_I|1	12.5117491441	0.000404400821363	9.0	5.0
PA14_58760,pilC_5236632_A_G_N_S|1	12.5117491441	0.000404400821363	9.0	5.0
PA14_55230_4905172_G_A_A_T|2	12.5117491441	0.000404400821363	9.0	5.0
PA14_55520,hxcU_4942083_C_A_P_Q|1	12.5117491441	0.000404400821363	9.0	5.0
PA14_38690,acsA_3449956_A_C_E_A|1	12.5117491441	0.000404400821363	9.0	5.0
PA14_43810_3900929_G_A_S_N|1	12.5117491441	0.000404400821363	9.0	5.0
PA14_23980,xcpP_2084425_A_G_I_T|1	12.5117491441	0.000404400821363	9.0	5.0
PA14_47760,cobB_4249637_A_G_V_A|1	12.4981285962	0.000407359868435	32.0	46.0
PA14_31180_2710605_C_T_A_T|1	12.4770452464	0.000411983335221	4.0	65.0
PA14_31190_2711325_C_A_V_L|1	12.4267517043	0.000423227381075	3.0	59.0
PA14_52920_4691674_G_C_S_T|1	12.4188453159	0.000425022951323	30.0	42.0
PA14_59650_5308153_C_A_Q_K|1	12.4151664564	0.000425861052253	25.0	32.0
PA14_12590_1080929_T_G_N_T|1	12.3779626329	0.000434430928984	28.0	38.0
PA14_12590_1080801_G_A_R_W|1	12.3753501401	0.000435039213487	27.0	36.0
PA14_31110_2706660_C_G_S_T|1	12.2933914306	0.000454564976155	5.0	70.0
PA14_31180_2709761_C_T_R_H|1	12.2933914306	0.000454564976155	5.0	70.0
PA14_31090_2704898_C_G_A_P|1	12.2835025263	0.000456979924846	1.0	46.0
PA14_22080_1922236_A_T_S_T|1	12.2777777778	0.000458383866392	0.0	39.0
PA14_31130_2707788_T_C_S_G|1	12.2005358976	0.000477757895819	22.0	152.0
PA14_35740,tpnA_3177977_G_C_L_F|1	12.1809560425	0.000482798929504	4.0	64.0
PA14_31260_2718079_G_A_T_M|1	12.1627935125	0.000487523044025	6.0	75.0
PA14_31190_2710989_C_T_A_T|1	12.1627935125	0.000487523044025	6.0	75.0
PA14_31090_2704946_A_T_C_S|2	12.1475026224	0.000491536394533	2.0	52.0
PA14_31180_2710472_T_G_Q_P|1	12.1250044644	0.000497502122545	3.0	58.0
PA14_06940_601030_C_T_V_I|1	12.0381717502	0.000521220684954	13.0	11.0
PA14_19660,mioC_1697041_T_A_S_T|1	12.0275962237	0.000524186337318	8.0	4.0
PA14_15350_1301936_C_G_L_V|2	12.0275962237	0.000524186337318	8.0	4.0
PA14_30840_2677335_C_G_P_A|1	12.0275962237	0.000524186337318	8.0	4.0
PA14_21690,lhr1_1883287_C_T_T_I|1	12.0275962237	0.000524186337318	8.0	4.0
PA14_26930_2342670_C_T_P_L|1	12.0275962237	0.000524186337318	8.0	4.0
PA14_40320,xqhA_3602134_G_C_P_A|1	12.0263731223	0.000524530423786	11.0	8.0
PA14_04530_403725_G_C_K_N|1	12.0263731223	0.000524530423786	11.0	8.0
PA14_18410,algF_1580337_C_A_A_S|1	12.0263731223	0.000524530423786	11.0	8.0
PA14_53730_4764249_G_A_L_F|1	12.0263731223	0.000524530423786	11.0	8.0
PA14_55480,hxcX_4939383_G_C_D_E|1	12.0263731223	0.000524530423786	11.0	8.0
PA14_05440_480075_A_T_H_Q|1	12.0263731223	0.000524530423786	11.0	8.0
PA14_38730,yhhS_3453324_C_G_L_V|1	12.0263731223	0.000524530423786	11.0	8.0
PA14_02410_217988_G_A_R_H|1	12.0263731223	0.000524530423786	11.0	8.0
PA14_31130_2707229_C_T_C_Y|1	12.0033121357	0.000531060854655	5.0	69.0
PA14_31130_2707197_G_T_P_T|1	11.9712276215	0.000540283347829	1.0	45.0
PA14_22270_1940184_C_T_G_S|1	11.962962963	0.000542685050536	0.0	38.0
PA14_22160_1934816_T_C_T_A|1	11.962962963	0.000542685050536	0.0	38.0
PA14_22210_1935898_G_A_T_I|2	11.962962963	0.000542685050536	0.0	38.0
PA14_22100_1926918_T_C_K_R|1	11.962962963	0.000542685050536	0.0	38.0
PA14_22280_1941344_G_A_A_V|1	11.962962963	0.000542685050536	0.0	38.0
PA14_47030_4189734_A_G_M_V|1	11.9302832244	0.000552287799076	16.0	16.0
PA14_48890_4346917_C_G_E_D|1	11.9302832244	0.000552287799076	16.0	16.0
PA14_31090_2705007_G_C_S_R|1	11.8854258121	0.000565748900373	4.0	63.0
PA14_31090_2704240_A_G_L_P|1	11.8784858388	0.000567860882486	6.0	74.0
PA14_31070_2703433_G_A_P_L|1	11.8403625601	0.000579605397499	2.0	51.0
PA14_31130_2707541_A_G_V_A|1	11.8236928105	0.000584817571251	3.0	57.0
PA14_31280_2720861_G_A_P_L|1	11.8236928105	0.000584817571251	3.0	57.0
PA14_31180_2710084_G_C_F_L|1	11.8236928105	0.000584817571251	3.0	57.0
PA14_31180_2709697_A_T_D_E|1	11.7986316829	0.000592742702157	16.0	123.0
PA14_31190_2712531_C_T_G_S|1	11.7459505541	0.00060975758898	8.0	84.0
PA14_31200_2713383_G_A_L_F|1	11.7245265628	0.000616817387225	10.0	94.0
PA14_59640_5307717_G_A_A_T|1	11.719198127	0.000618586035916	28.0	39.0
PA14_59690_5312145_C_G_I_M|1	11.7139105262	0.000620346193211	5.0	68.0
PA14_31260_2718272_C_T_V_M|1	11.7139105262	0.000620346193211	5.0	68.0
PA14_31180_2710292_C_T_R_H|1	11.7139105262	0.000620346193211	5.0	68.0
PA14_28530_2460596_C_T_G_S|1	11.6571428571	0.000639564914796	17.0	18.0
PA14_06330_560929_C_T_G_D|21	11.6481481481	0.000642664799434	0.0	37.0
PA14_22250_1937876_A_G_V_A|1	11.6481481481	0.000642664799434	0.0	37.0
PA14_35020_3118031_C_G_G_A|1	11.6480392157	0.000642702434142	7.0	3.0
PA14_58420_5204882_A_G_K_R|2	11.6480392157	0.000642702434142	7.0	3.0
PA14_35600,pslL_3163775_C_T_A_T|1	11.6480392157	0.000642702434142	7.0	3.0
PA14_58250_5188485_C_T_V_I|1	11.6480392157	0.000642702434142	7.0	3.0
PA14_35020_3118453_A_T_D_E|1	11.6480392157	0.000642702434142	7.0	3.0
PA14_39710,nrdG_3538737_C_G_A_G|1	11.6480392157	0.000642702434142	7.0	3.0
PA14_66140_5892213_C_T_A_T|1	11.6480392157	0.000642702434142	7.0	3.0
PA14_50110,fliH_4454573_A_T_V_E|1	11.6480392157	0.000642702434142	7.0	3.0
PA14_05010_441390_C_G_T_S|1	11.6480392157	0.000642702434142	7.0	3.0
PA14_15000_1273294_C_T_A_V|1	11.6480392157	0.000642702434142	7.0	3.0
PA14_31730_2760134_A_G_T_A|1	11.6480392157	0.000642702434142	7.0	3.0
PA14_17780_1528094_C_T_D_N|2	11.6480392157	0.000642702434142	7.0	3.0
PA14_05440_480166_T_C_Q_R|1	11.6480392157	0.000642702434142	7.0	3.0
PA14_46860_4174305_T_C_S_P|1	11.6480392157	0.000642702434142	7.0	3.0
PA14_67530_6031985_C_A_V_L|1	11.6480392157	0.000642702434142	7.0	3.0
PA14_03285_298196_G_T_Q_H|1	11.6480392157	0.000642702434142	7.0	3.0
PA14_02370_212862_C_T_G_D|1	11.6480392157	0.000642702434142	7.0	3.0
PA14_18250,fruI_1564578_C_T_A_V|1	11.6480392157	0.000642702434142	7.0	3.0
PA14_23420_2034847_A_C_Q_P|1	11.6480392157	0.000642702434142	7.0	3.0
PA14_48890_4346266_A_T_D_E|2	11.6480392157	0.000642702434142	7.0	3.0
PA14_49290_4379125_C_T_A_V|1	11.6480392157	0.000642702434142	7.0	3.0
PA14_30940,trbB_2687047_C_G_E_D|1	11.6210965868	0.000652079446918	5.0	1.0
PA14_21450_1858622_C_T_L_F|1	11.6210965868	0.000652079446918	5.0	1.0
PA14_16660,cadA_1425765_C_G_Q_H|1	11.6210965868	0.000652079446918	5.0	1.0
PA14_43710_3892159_T_A_L_M|1	11.6210965868	0.000652079446918	5.0	1.0
PA14_60920_5435925_T_G_E_D|2	11.6210965868	0.000652079446918	5.0	1.0
PA14_02370_212548_G_A_L_F|2	11.6210965868	0.000652079446918	5.0	1.0
PA14_70120_6254336_T_C_I_V|1	11.6210965868	0.000652079446918	5.0	1.0
PA14_48890_4346724_T_C_N_D|1	11.6210965868	0.000652079446918	5.0	1.0
PA14_22650_1970556_T_C_T_A|1	11.6210965868	0.000652079446918	5.0	1.0
PA14_25480_2228052_G_A_S_N|1	11.6210965868	0.000652079446918	5.0	1.0
PA14_24780_2165985_T_C_S_P|1	11.6210965868	0.000652079446918	5.0	1.0
PA14_15670,cumA_1332993_G_A_G_E|1	11.6210965868	0.000652079446918	5.0	1.0
PA14_65860_5867451_G_A_T_M|1	11.6210965868	0.000652079446918	5.0	1.0
PA14_35010_3117121_T_G_E_A|1	11.6210965868	0.000652079446918	5.0	1.0
PA14_49020_4353370_C_A_N_K|1	11.6210965868	0.000652079446918	5.0	1.0
PA14_24820_2170433_G_C_P_A|1	11.6210965868	0.000652079446918	5.0	1.0
PA14_55480,hxcX_4939564_G_A_A_V|1	11.6210965868	0.000652079446918	5.0	1.0
PA14_09280,pchF_793891_C_A_R_S|1	11.6210965868	0.000652079446918	5.0	1.0
PA14_05790_511636_A_T_R_S|1	11.6210965868	0.000652079446918	5.0	1.0
PA14_11650_1010612_A_G_S_P|1	11.6210965868	0.000652079446918	5.0	1.0
PA14_33280,pvdL_2922537_A_C_D_A|1	11.6210965868	0.000652079446918	5.0	1.0
PA14_18930,rnfB_1633244_C_T_R_Q|3	11.6210965868	0.000652079446918	5.0	1.0
PA14_36550_3251365_T_G_M_L|1	11.6210965868	0.000652079446918	5.0	1.0
PA14_34840_3098218_A_G_T_A|1	11.6210965868	0.000652079446918	5.0	1.0
PA14_12730_1091583_C_T_A_T|1	11.6210965868	0.000652079446918	5.0	1.0
PA14_07530,dnaG_649768_A_T_L_M|1	11.6210965868	0.000652079446918	5.0	1.0
PA14_01140_111731_C_T_E_K|1	11.6210965868	0.000652079446918	5.0	1.0
PA14_71970,wbpW_6415640_T_G_E_A|1	11.6210965868	0.000652079446918	5.0	1.0
PA14_06240_551083_A_G_V_A|3	11.6210965868	0.000652079446918	5.0	1.0
PA14_02870_253595_G_C_E_D|1	11.6210965868	0.000652079446918	5.0	1.0
PA14_13780,narG_1183990_G_C_Q_H|1	11.6210965868	0.000652079446918	5.0	1.0
PA14_47230_4208036_G_A_P_L|2	11.6210965868	0.000652079446918	5.0	1.0
PA14_15780_1344028_A_C_S_A|1	11.6210965868	0.000652079446918	5.0	1.0
PA14_65795_5859385_G_C_A_G|1	11.6210965868	0.000652079446918	5.0	1.0
PA14_07210_623186_C_T_A_V|5	11.6210965868	0.000652079446918	5.0	1.0
PA14_10770_929791_C_G_P_A|1	11.6210965868	0.000652079446918	5.0	1.0
PA14_29470_2555331_G_C_A_P|1	11.6210965868	0.000652079446918	5.0	1.0
PA14_24810_2169683_G_C_S_W|1	11.6210965868	0.000652079446918	5.0	1.0
PA14_65390,yjeF_5826171_G_C_D_E|1	11.6210965868	0.000652079446918	5.0	1.0
PA14_15350_1301981_A_C_K_Q|2	11.6210965868	0.000652079446918	5.0	1.0
PA14_30930,trbC_2686939_C_T_A_T|1	11.6210965868	0.000652079446918	5.0	1.0
PA14_33650,pvdD_2978767_A_C_Q_P|1	11.6210965868	0.000652079446918	5.0	1.0
PA14_09870_848214_C_T_R_H|2	11.6210965868	0.000652079446918	5.0	1.0
PA14_44920_4005287_A_G_T_A|2	11.6210965868	0.000652079446918	5.0	1.0
PA14_35020_3118710_A_T_C_S|1	11.6210965868	0.000652079446918	5.0	1.0
PA14_65520_5835359_T_C_V_A|1	11.6210965868	0.000652079446918	5.0	1.0
PA14_31130_2707443_C_T_A_T|1	11.5949504978	0.000661311346462	6.0	73.0
PA14_31180_2710576_T_A_Q_H|1	11.590479963	0.000662903008791	4.0	62.0
PA14_31110_2705953_C_T_G_S|1	11.590479963	0.000662903008791	4.0	62.0
PA14_33340_2931617_C_G_Q_H|1	11.5478495925	0.000678276616155	14.0	13.0
PA14_63100_5632353_G_C_R_S|1	11.5478495925	0.000678276616155	14.0	13.0
PA14_14530_1242403_T_C_I_T|1	11.5478495925	0.000678276616155	14.0	13.0
PA14_31180_2709738_A_C_F_V|1	11.5335176806	0.000683525560037	2.0	50.0
PA14_31130_2707476_C_T_E_K|1	11.5335176806	0.000683525560037	2.0	50.0
PA14_31200_2713669_G_C_D_E|1	11.5240670667	0.000687009199513	22.0	149.0
PA14_31150_2708391_C_A_R_L|1	11.5174163783	0.00068947149068	7.0	78.0
PA14_35740,tpnA_3178059_A_G_I_V|1	11.5174163783	0.00068947149068	7.0	78.0
PA14_31090_2704636_C_T_S_N|1	11.4609746811	0.000710730129706	10.0	93.0
PA14_60140_5358259_C_A_L_M|1	11.4515250545	0.000714353484915	6.0	2.0
PA14_35650,pslH_3169288_T_C_H_R|1	11.4515250545	0.000714353484915	6.0	2.0
PA14_53880_4776402_G_A_L_F|1	11.4515250545	0.000714353484915	6.0	2.0
PA14_63620,lipC_5673225_G_C_Q_E|1	11.4515250545	0.000714353484915	6.0	2.0
PA14_35940_3198437_G_C_R_G|1	11.4515250545	0.000714353484915	6.0	2.0
PA14_30940,trbB_2686976_T_A_Q_L|1	11.4515250545	0.000714353484915	6.0	2.0
PA14_05000,trmB_439512_A_C_E_A|1	11.4515250545	0.000714353484915	6.0	2.0
PA14_30910,trbE_2683876_G_A_A_V|1	11.4515250545	0.000714353484915	6.0	2.0
PA14_61920_5522301_G_T_A_E|1	11.4515250545	0.000714353484915	6.0	2.0
PA14_15350_1301853_C_T_T_I|2	11.4515250545	0.000714353484915	6.0	2.0
PA14_59940_5339487_A_G_I_V|2	11.4515250545	0.000714353484915	6.0	2.0
PA14_26980_2347474_G_C_P_A|1	11.4515250545	0.000714353484915	6.0	2.0
PA14_29640,fhp_2568841_C_T_R_W|1	11.4515250545	0.000714353484915	6.0	2.0
PA14_23240_2012962_C_T_G_S|1	11.4515250545	0.000714353484915	6.0	2.0
PA14_01180_117009_G_C_S_T|1	11.4515250545	0.000714353484915	6.0	2.0
PA14_51050,pcd_4536658_G_A_R_C|1	11.4515250545	0.000714353484915	6.0	2.0
PA14_38220_3411131_C_T_S_N|1	11.4515250545	0.000714353484915	6.0	2.0
PA14_27490_2386559_T_C_N_S|1	11.4515250545	0.000714353484915	6.0	2.0
PA14_16660,cadA_1424665_T_G_D_A|1	11.4515250545	0.000714353484915	6.0	2.0
PA14_65390,yjeF_5825866_G_A_A_V|1	11.4515250545	0.000714353484915	6.0	2.0
PA14_14940,ybdL_1269749_C_G_P_A|1	11.4515250545	0.000714353484915	6.0	2.0
PA14_18150,acsL_1558012_G_A_R_K|2	11.4515250545	0.000714353484915	6.0	2.0
PA14_30960,traG_2690299_A_C_S_A|1	11.4515250545	0.000714353484915	6.0	2.0
PA14_48890_4347328_G_C_N_K|1	11.4515250545	0.000714353484915	6.0	2.0
PA14_01830,add_167441_T_A_L_Q|1	11.4515250545	0.000714353484915	6.0	2.0
PA14_20600_1773323_G_A_R_H|1	11.4515250545	0.000714353484915	6.0	2.0
PA14_62570,folK_5583064_C_T_R_C|1	11.4515250545	0.000714353484915	6.0	2.0
PA14_48930_4350580_G_C_P_A|1	11.4515250545	0.000714353484915	6.0	2.0
PA14_48890_4347497_T_C_K_R|1	11.4515250545	0.000714353484915	6.0	2.0
PA14_21470_1861499_C_T_P_L|1	11.4515250545	0.000714353484915	6.0	2.0
PA14_11580_1001159_C_T_A_V|1	11.4515250545	0.000714353484915	6.0	2.0
PA14_31190_2712891_G_A_P_S|1	11.425214839	0.000724540470154	5.0	67.0
PA14_31180_2710530_C_G_G_R|1	11.425214839	0.000724540470154	5.0	67.0
PA14_31080_2704083_A_C_C_G|1	11.3938513677	0.000736875975691	14.0	112.0
PA14_07850_676639_G_A_A_T|1	11.357234397	0.000751546510076	10.0	7.0
PA14_36410_3243259_A_G_T_A|2	11.357234397	0.000751546510076	10.0	7.0
PA14_58760,pilC_5236633_T_A_N_K|1	11.357234397	0.000751546510076	10.0	7.0
PA14_67030_5983516_C_T_R_H|1	11.357234397	0.000751546510076	10.0	7.0
PA14_23520_2047842_C_T_V_I|1	11.357234397	0.000751546510076	10.0	7.0
PA14_40650_3629958_C_A_D_E|1	11.3470241632	0.000755689597555	1.0	43.0
PA14_31150_2708610_G_A_A_V|1	11.3470241632	0.000755689597555	1.0	43.0
PA14_31190_2712143_C_T_R_H|1	11.3470241632	0.000755689597555	1.0	43.0
PA14_31100_2705294_C_G_S_T|1	11.3470241632	0.000755689597555	1.0	43.0
PA14_31130_2707844_T_C_D_G|1	11.3470241632	0.000755689597555	1.0	43.0
PA14_31130_2707845_C_T_D_N|1	11.3470241632	0.000755689597555	1.0	43.0
PA14_31180_2710620_G_T_Q_K|1	11.3470241632	0.000755689597555	1.0	43.0
PA14_22270_1939842_C_T_E_K|1	11.3333333333	0.000761281278455	0.0	36.0
PA14_22090_1923516_A_G_L_P|1	11.3333333333	0.000761281278455	0.0	36.0
PA14_22270_1939824_G_C_P_A|1	11.3333333333	0.000761281278455	0.0	36.0
PA14_55850_4987232_T_C_N_S|1	11.3261528686	0.000764230656314	13.0	107.0
PA14_33330_2930759_G_C_D_E|1	11.3133293722	0.000769526664076	12.0	10.0
PA14_33340_2931852_T_G_D_A|1	11.3133293722	0.000769526664076	12.0	10.0
PA14_14530_1242210_G_C_V_L|1	11.3133293722	0.000769526664076	12.0	10.0
PA14_31190_2711409_C_T_G_S|1	11.2961454667	0.00077668168261	4.0	61.0
PA14_31180_2710481_A_C_V_G|1	11.2961454667	0.00077668168261	4.0	61.0
PA14_31080_2703704_A_G_V_A|1	11.2961454667	0.00077668168261	4.0	61.0
PA14_60010_5344185_C_G_I_M|1	11.2945427493	0.000777352438486	19.0	22.0
PA14_31190_2711591_A_G_V_A|1	11.2402868555	0.000800407846143	7.0	77.0
PA14_64940_5789060_G_T_S_Y|1	11.233943809	0.000803147982458	37.0	59.0
PA14_31180_2710616_T_G_N_T|1	11.2269853475	0.000806164878173	2.0	49.0
PA14_31150_2708622_G_T_A_D|1	11.2269853475	0.000806164878173	2.0	49.0
PA14_31180_2710547_C_T_G_D|1	11.2224663812	0.000808130242906	3.0	55.0
PA14_31180_2710230_C_T_V_I|1	11.2012103607	0.000817439956083	8.0	82.0
PA14_31100_2705403_C_T_V_I|1	11.2012103607	0.000817439956083	8.0	82.0
PA14_31260_2718347_C_T_A_T|1	11.1984279551	0.000818666590699	10.0	92.0
PA14_66140_5892294_C_T_V_M|1	11.1846405229	0.000824772338947	15.0	15.0
PA14_31180_2710140_T_A_S_C|1	11.137254902	0.000846110123485	5.0	66.0
PA14_07770,ostA_667792_T_G_E_D|1	11.137254902	0.000846110123485	29.0	42.0
PA14_33330_2930568_A_T_V_E|1	11.0890683071	0.000868381022982	28.0	40.0
PA14_31110_2706159_G_T_T_N|1	11.0763259552	0.000874368732272	13.0	106.0
PA14_03000_265471_T_C_V_A|1	11.047685741	0.000887979725248	18.0	129.0
PA14_12590_1080885_C_T_A_T|1	11.03879206	0.000892249794808	35.0	55.0
PA14_08210_702713_T_A_S_T|1	11.0351117191	0.000894022881478	1.0	42.0
PA14_61200_5461412_G_C_T_S|2	11.0185185185	0.000902061366469	0.0	35.0
PA14_61200_5461764_T_C_S_G|1	11.0185185185	0.000902061366469	0.0	35.0
PA14_08300,JF1_708641_G_T_K_N|1	11.0185185185	0.000902061366469	0.0	35.0
PA14_41280_3685630_T_C_Y_H|1	10.9369162406	0.000942669370733	10.0	91.0
PA14_31190_2711688_C_G_A_P|1	10.9302709848	0.000946056570905	8.0	81.0
PA14_31190_2711710_G_C_D_E|1	10.9207843137	0.000950913424421	2.0	48.0
PA14_08300,JF1_708636_C_A_H_N|1	10.9207843137	0.000950913424421	2.0	48.0
PA14_00510_43012_G_A_A_T|1	10.9138773354	0.000954465415893	16.0	17.0
PA14_61380_5478679_G_T_L_F|1	10.9138773354	0.000954465415893	16.0	17.0
PA14_31180_2710619_T_C_Q_R|1	10.8500622471	0.00098792436079	5.0	65.0
PA14_31110_2707132_G_A_R_C|1	10.8276005317	0.000999981441999	13.0	105.0
PA14_31130_2707316_A_G_V_A|1	10.8276005317	0.000999981441999	13.0	105.0
PA14_23380,orfH_2029632_C_A_A_E|1	10.8062745098	0.00101156660395	13.0	12.0
PA14_31810,tpx_2767562_C_T_A_V|1	10.8062745098	0.00101156660395	13.0	12.0
PA14_67380_6018948_T_C_H_R|1	10.7414594704	0.00104761679603	37.0	60.0
PA14_31180_2710459_A_T_H_Q|1	10.7233374831	0.00105792679388	1.0	41.0
PA14_40020_3566718_G_A_G_S|1	10.7124485597	0.0010641710406	17.0	19.0
PA14_28060,cpg2_2430837_T_G_D_A|1	10.7124485597	0.0010641710406	17.0	19.0
PA14_49520,pyoS3A_4403899_T_C_M_V|1	10.7124485597	0.0010641710406	17.0	19.0
PA14_18350,fmt_1574203_T_C_T_A|1	10.708496732	0.00106644642221	9.0	6.0
PA14_36590,malQ_3258827_A_G_E_G|1	10.708496732	0.00106644642221	9.0	6.0
PA14_42880,stk1_3810511_G_A_L_F|1	10.708496732	0.00106644642221	9.0	6.0
PA14_23380,orfH_2029604_T_A_C_S|1	10.708496732	0.00106644642221	9.0	6.0
PA14_07210_622861_T_C_S_P|1	10.708496732	0.00106644642221	9.0	6.0
PA14_03170_280154_G_C_S_W|2	10.708496732	0.00106644642221	9.0	6.0
PA14_16100_1371969_G_A_L_F|1	10.708496732	0.00106644642221	9.0	6.0
PA14_37400_3329327_A_G_H_R|1	10.708496732	0.00106644642221	9.0	6.0
PA14_49010_4353154_T_A_E_D|1	10.708496732	0.00106644642221	9.0	6.0
PA14_36930_3291250_A_G_T_A|1	10.708496732	0.00106644642221	9.0	6.0
PA14_31200_2713719_C_G_E_Q|1	10.705952381	0.00106791401109	17.0	123.0
PA14_61200_5461419_T_C_N_D|1	10.7037037037	0.00106921275492	0.0	34.0
PA14_22270_1940013_G_A_L_F|1	10.7037037037	0.00106921275492	0.0	34.0
PA14_22270_1939839_G_A_L_F|1	10.7037037037	0.00106921275492	0.0	34.0
