feature	score	p-value	#I-out-of-334	#O-out-of-92
PA14_67710,trmH_6048573_G_A_D_N|1	38.7662752299	4.77710462186e-10	14.0	24.0
PA14_00800_78409_T_C_I_T|1	37.3175031012	1.00379646024e-09	12.0	22.0
PA14_31180_2710620_G_T_Q_K|1	36.5322595915	1.50160404107e-09	18.0	26.0
PA14_54480_4830034_C_G_A_G|1	35.3770180613	2.71673656231e-09	48.0	43.0
PA14_60350_5378896_G_C_Q_E|1	34.5753879764	4.1005830485e-09	34.0	35.0
PA14_03550,cynX_323079_C_T_V_M|1	32.1798710272	1.40539253583e-08	16.0	23.0
PA14_13000_1116086_T_C_T_A|1	31.2204022956	2.30332563263e-08	35.0	34.0
PA14_35420,pvcB_3149701_G_A_P_S|1	31.0059906274	2.57233249718e-08	23.0	27.0
PA14_49610_4414434_C_G_P_R|1	30.4526197605	3.42120999748e-08	17.0	23.0
PA14_03270_296296_G_T_E_D|1	30.2174433741	3.86220191636e-08	3.0	12.0
PA14_00090,glyS_12145_C_A_S_I|1	29.6583276135	5.1530775243e-08	13.0	20.0
PA14_31180_2710616_T_G_N_T|1	29.5930517482	5.32956436823e-08	24.0	27.0
PA14_66350_5918132_C_G_D_E|1	29.1411911527	6.72909949941e-08	21.0	25.0
PA14_41430,miaE_3694491_G_C_H_D|1	28.6943829732	8.47491922296e-08	15.0	21.0
PA14_27980,yjbN_2420805_G_A_A_V|1	28.197492367	1.09546402075e-07	7.0	15.0
PA14_31110_2706660_C_G_S_T|1	27.8400156209	1.31772321512e-07	40.0	35.0
PA14_32290_2806595_C_A_R_L|1	27.8282922646	1.32573195072e-07	14.0	20.0
PA14_59540_5297717_G_C_D_H|1	27.6740692528	1.43574442827e-07	6.0	14.0
PA14_60000_5343602_C_T_L_F|1	27.6340666493	1.46574448285e-07	1.0	9.0
PA14_64850_5778483_C_T_G_S|1	27.5566326704	1.52561304765e-07	67.0	48.0
PA14_31110_2707164_C_T_S_N|1	27.4114408389	1.64455413875e-07	31.0	30.0
PA14_37915_3386013_T_G_L_W|1	27.2966519136	1.74513324488e-07	24.0	26.0
PA14_08300,JF1_711031_A_G_K_R|1	27.0145056538	2.01934361484e-07	16.0	21.0
PA14_18660_1607114_C_T_P_S|1	27.0145056538	2.01934361484e-07	16.0	21.0
PA14_02490,tonB2_224398_C_T_P_S|1	26.9730579602	2.06311211912e-07	13.0	19.0
PA14_31180_2710582_T_A_K_N|1	26.9583122516	2.0789117493e-07	26.0	27.0
PA14_03270_296739_G_A_G_D|1	26.9493621453	2.08856063076e-07	4.0	12.0
PA14_03270_295805_C_G_R_G|11	26.8401179008	2.21001540488e-07	3.0	11.0
PA14_57480_5122593_G_A_A_T|2	26.8401179008	2.21001540488e-07	3.0	11.0
PA14_03285_297492_A_G_S_G|1	26.8401179008	2.21001540488e-07	3.0	11.0
PA14_59690_5311549_C_A_R_S|1	26.8401179008	2.21001540488e-07	3.0	11.0
PA14_08070,gpFI_694768_A_G_I_V|1	26.6857232054	2.3938374843e-07	66.0	47.0
PA14_41910_3742195_C_T_G_R|1	26.5481072637	2.57056440738e-07	9.0	16.0
PA14_14860_1262589_C_T_P_L|1	26.4593193863	2.69146840467e-07	30.0	29.0
PA14_31130_2707196_G_A_P_L|1	26.3593985941	2.83436317848e-07	18.0	22.0
PA14_18040_1549368_G_A_G_D|1	26.1621973444	3.13907971225e-07	56.0	42.0
PA14_31190_2711409_C_T_G_S|1	26.1425690425	3.17115135378e-07	34.0	31.0
PA14_38020_3392444_G_A_A_V|1	26.1308513408	3.19045383813e-07	12.0	18.0
PA14_03620_327245_G_C_T_S|1	26.0064627778	3.4027635711e-07	25.0	26.0
PA14_37730_3363525_T_C_F_L|1	25.8468073305	3.69615550967e-07	8.0	15.0
PA14_25330,nqrD_2215656_A_T_Y_F|2	25.8468073305	3.69615550967e-07	8.0	15.0
PA14_31080_2703653_G_A_S_F|1	25.5072555119	4.40722432513e-07	29.0	28.0
PA14_41520,ppkB_3704906_G_C_Q_H|1	25.4375402513	4.5693926013e-07	17.0	21.0
PA14_41350,folD_3687902_C_A_P_T|1	25.4375402513	4.5693926013e-07	17.0	21.0
PA14_59540_5297726_C_G_Q_E|1	25.4130434783	4.62778508296e-07	0.0	7.0
PA14_73390_6533039_A_G_L_P|1	25.4010391316	4.65667214239e-07	22.0	24.0
PA14_58890_5245448_G_A_V_I|1	25.4010391316	4.65667214239e-07	22.0	24.0
PA14_31130_2707541_A_G_V_A|1	25.3317039833	4.82709204258e-07	31.0	29.0
PA14_31110_2706661_T_A_S_C|1	25.3317039833	4.82709204258e-07	31.0	29.0
PA14_31180_2710084_G_C_F_L|1	25.3317039833	4.82709204258e-07	31.0	29.0
PA14_44660,ligA_3978116_A_G_I_T|1	25.3044640533	4.89574388277e-07	11.0	17.0
PA14_00150_16433_T_A_Q_L|1	25.3044640533	4.89574388277e-07	11.0	17.0
PA14_49700_4422242_C_G_E_Q|1	25.270775026	4.9820046494e-07	55.0	41.0
PA14_41510,nasA_3703792_G_T_A_S|1	25.2295448628	5.08965087901e-07	14.0	19.0
PA14_46490,fabF2_4137217_C_G_T_R|1	25.1961170826	5.17863563126e-07	33.0	30.0
PA14_63700_5679364_C_T_A_T|1	25.1961170826	5.17863563126e-07	33.0	30.0
PA14_31190_2712484_G_C_I_M|1	25.0950450877	5.45729048916e-07	35.0	31.0
PA14_21790,rdgC_1895300_G_T_L_I|1	24.6031392592	7.04368941142e-07	6.0	13.0
PA14_05390,chpA_469164_G_A_V_I|1	24.5191356418	7.35754890221e-07	16.0	20.0
PA14_15780_1343908_C_T_D_N|1	24.4975467126	7.44045144141e-07	10.0	16.0
PA14_59540_5298461_T_A_S_T|1	24.4975467126	7.44045144141e-07	10.0	16.0
PA14_03410_313019_G_A_A_V|1	24.4975467126	7.44045144141e-07	10.0	16.0
PA14_42900_3815561_C_G_V_L|1	24.4975467126	7.44045144141e-07	10.0	16.0
PA14_31190_2711006_T_C_D_G|1	24.4975467126	7.44045144141e-07	10.0	16.0
PA14_41470,acnB_3697703_C_T_A_V|1	24.3487667022	8.0378188101e-07	13.0	18.0
PA14_31090_2704229_C_T_E_K|1	24.1532885316	8.89641213887e-07	34.0	30.0
PA14_22290,vacJ_1942429_G_T_Q_K|1	24.1030427581	9.13158937214e-07	23.0	24.0
PA14_59540_5297759_A_G_T_A|1	24.0692527988	9.2932406522e-07	1.0	8.0
PA14_72980_6499631_T_G_E_D|1	23.9555704644	9.85846369894e-07	18.0	21.0
PA14_35620,pslK_3166023_G_A_L_F|1	23.9555704644	9.85846369894e-07	18.0	21.0
PA14_67350,hutU_6016131_G_A_A_V|1	23.7149668055	1.11710402964e-06	9.0	15.0
PA14_37730_3362998_A_G_N_S|1	23.7149668055	1.11710402964e-06	9.0	15.0
PA14_32570_2828060_T_C_S_G|2	23.7149668055	1.11710402964e-06	9.0	15.0
PA14_25480_2227202_A_G_T_A|1	23.7149668055	1.11710402964e-06	9.0	15.0
PA14_37900_3381092_A_C_S_A|1	23.7149668055	1.11710402964e-06	9.0	15.0
PA14_17620,potC_1514342_T_C_T_A|4	23.7149668055	1.11710402964e-06	9.0	15.0
PA14_45070_4020850_C_T_P_L|1	23.7149668055	1.11710402964e-06	9.0	15.0
PA14_45100,muiA_4022584_G_T_A_S|1	23.712652955	1.11844789681e-06	4.0	11.0
PA14_17980,glpF_1544837_T_C_N_S|1	23.712652955	1.11844789681e-06	4.0	11.0
PA14_03285_297483_C_T_H_Y|1	23.712652955	1.11844789681e-06	4.0	11.0
PA14_03270_295280_C_A_H_N|1	23.712652955	1.11844789681e-06	4.0	11.0
PA14_30960,traG_2689066_G_T_R_S|1	23.7111734827	1.11930801292e-06	57.0	41.0
PA14_21790,rdgC_1895353_A_G_L_P|1	23.6047942478	1.18292424393e-06	15.0	19.0
PA14_28810_2481895_G_C_G_A|1	23.560637618	1.21038402005e-06	2.0	9.0
PA14_23640_2057179_G_T_E_D|1	23.50738275	1.24435358774e-06	20.0	22.0
PA14_20860_1796456_C_A_A_E|2	23.5017323213	1.24801345863e-06	3.0	10.0
PA14_18150,acsL_1558182_C_T_P_S|2	23.5017323213	1.24801345863e-06	3.0	10.0
PA14_30730_2665506_C_T_A_T|1	23.4779421666	1.26354150331e-06	12.0	17.0
PA14_23080,pgl_2001949_A_G_Y_C|1	23.4779421666	1.26354150331e-06	12.0	17.0
PA14_21790,rdgC_1896148_A_T_L_H|1	23.4779421666	1.26354150331e-06	12.0	17.0
PA14_31110_2706979_C_G_V_L|1	23.4021453917	1.31431874426e-06	51.0	38.0
PA14_49520,pyoS3A_4403618_G_T_D_E|1	23.4021453917	1.31431874426e-06	51.0	38.0
PA14_30960,traG_2689606_G_T_P_T|1	23.3774190749	1.33132202576e-06	64.0	44.0
PA14_37830,iscS_3374340_G_A_T_I|1	23.2122536134	1.45070013844e-06	33.0	29.0
PA14_31100_2705304_A_C_L_V|1	23.2122536134	1.45070013844e-06	33.0	29.0
PA14_31090_2704228_T_G_E_A|1	23.15102237	1.49763557624e-06	35.0	30.0
PA14_31180_2710268_G_C_P_R|1	23.15102237	1.49763557624e-06	35.0	30.0
PA14_31260_2718440_G_C_Q_E|1	23.1167300948	1.52458382672e-06	37.0	31.0
PA14_31260_2718438_C_G_Q_H|1	23.1167300948	1.52458382672e-06	37.0	31.0
PA14_30910,trbE_2685152_G_C_L_V|1	23.0951345391	1.54180352561e-06	60.0	42.0
PA14_51600_4586765_G_A_T_I|1	22.9633618139	1.6511850136e-06	8.0	14.0
PA14_38550,maiA_3438141_C_A_D_E|1	22.9633618139	1.6511850136e-06	8.0	14.0
PA14_37560,asnB_3342717_T_C_N_D|4	22.9633618139	1.6511850136e-06	8.0	14.0
PA14_31150_2708644_T_A_M_L|1	22.8706066129	1.73281547497e-06	24.0	24.0
PA14_45790,fliN_4070537_G_A_P_S|1	22.8706066129	1.73281547497e-06	24.0	24.0
PA14_39070_3483354_C_G_R_P|1	22.6952779224	1.89833802271e-06	14.0	18.0
PA14_58500_5210020_G_A_A_V|1	22.651477097	1.94210861038e-06	26.0	25.0
PA14_66570,gltB_5939748_C_G_V_L|1	22.651477097	1.94210861038e-06	26.0	25.0
PA14_55450,hxcQ_4937085_A_G_S_P|1	22.6192831728	1.97492455218e-06	11.0	16.0
PA14_26130,morB_2281925_G_C_P_A|1	22.6192831728	1.97492455218e-06	11.0	16.0
PA14_30910,trbE_2683965_G_C_D_E|1	22.6129133038	1.98148311361e-06	52.0	38.0
PA14_11830_1025307_C_A_P_T|1	22.561471622	2.03525566908e-06	19.0	21.0
PA14_30960,traG_2689078_G_T_R_S|1	22.4247405809	2.18540698192e-06	48.0	36.0
PA14_31260_2718271_A_C_V_G|1	22.347319853	2.27530368746e-06	46.0	35.0
PA14_31130_2707183_C_A_Q_H|1	22.347319853	2.27530368746e-06	46.0	35.0
PA14_31260_2718397_T_C_Q_R|1	22.2161081564	2.43621291269e-06	34.0	29.0
PA14_31200_2713880_G_A_S_F|1	22.2161081564	2.43621291269e-06	34.0	29.0
PA14_31080_2703732_C_G_E_Q|2	22.2161081564	2.43621291269e-06	34.0	29.0
PA14_30850,trbI_2679037_C_T_A_T|1	22.2161081564	2.43621291269e-06	34.0	29.0
PA14_32790_2860283_C_T_H_Y|1	22.200081132	2.45663415266e-06	21.0	22.0
PA14_31100_2705500_T_A_R_S|1	22.198385837	2.4588042742e-06	40.0	32.0
PA14_31180_2710269_G_A_P_S|1	22.1874748527	2.47281735645e-06	36.0	30.0
PA14_31180_2710338_C_T_G_R|1	22.1874748527	2.47281735645e-06	36.0	30.0
PA14_30940,trbB_2687634_G_C_P_A|1	22.1874748527	2.47281735645e-06	36.0	30.0
PA14_31100_2705139_C_T_V_M|1	22.1825554939	2.47916151429e-06	38.0	31.0
PA14_42410_3778443_C_T_A_T|1	22.1825554939	2.47916151429e-06	38.0	31.0
PA14_30860,trbG_2680029_C_T_A_T|1	22.1825554939	2.47916151429e-06	38.0	31.0
PA14_31070_2703161_C_T_A_T|1	22.0992761228	2.58907357075e-06	57.0	40.0
PA14_43150_3844005_G_A_P_L|1	22.0886264738	2.60347709147e-06	16.0	19.0
PA14_66460_5929538_C_G_H_Q|1	22.0886264738	2.60347709147e-06	16.0	19.0
PA14_21790,rdgC_1896064_G_T_A_D|1	22.0886264738	2.60347709147e-06	16.0	19.0
PA14_66230,waaG_5900532_C_A_A_S|1	22.0886264738	2.60347709147e-06	16.0	19.0
PA14_42400,exsB_3777873_A_G_F_S|1	21.9176646707	2.84602049579e-06	23.0	23.0
PA14_31130_2707197_G_T_P_T|1	21.9176646707	2.84602049579e-06	23.0	23.0
PA14_08120_696806_G_A_S_N|1	21.8470808026	2.9526546157e-06	53.0	38.0
PA14_30890_2683058_G_C_G_R|1	21.8470808026	2.9526546157e-06	53.0	38.0
PA14_09210,pchA_781478_A_T_C_S|1	21.8403124673	2.96308813037e-06	64.0	43.0
PA14_21790,rdgC_1895264_T_A_I_F|1	21.7915516793	3.03935505718e-06	13.0	17.0
PA14_55290_4909108_G_A_A_V|1	21.7915516793	3.03935505718e-06	13.0	17.0
PA14_14440,valS_1233052_A_G_V_A|1	21.7915516793	3.03935505718e-06	13.0	17.0
PA14_58210_5180838_A_G_T_A|1	21.7915516793	3.03935505718e-06	13.0	17.0
PA14_07760,surA_666000_C_G_Q_H|9	21.7757094507	3.06455544251e-06	10.0	15.0
PA14_28500_2459100_C_T_A_T|1	21.7757094507	3.06455544251e-06	10.0	15.0
PA14_15830_1350011_C_A_A_S|2	21.7757094507	3.06455544251e-06	10.0	15.0
PA14_66190_5897741_G_C_H_Q|1	21.7757094507	3.06455544251e-06	10.0	15.0
PA14_49820,cobB_4431079_G_A_R_C|1	21.7757094507	3.06455544251e-06	10.0	15.0
PA14_48660_4328760_G_A_A_T|1	21.6997168042	3.188383475e-06	25.0	24.0
PA14_26420_2302000_C_T_S_N|1	21.6997168042	3.188383475e-06	25.0	24.0
PA14_28820_2486449_C_T_T_I|1	21.5943764645	3.36838001653e-06	6.0	12.0
PA14_28820_2487712_T_C_L_S|7	21.5943764645	3.36838001653e-06	6.0	12.0
PA14_31130_2707811_C_T_W_*|1	21.4502156941	3.63135171109e-06	45.0	34.0
PA14_61400,mqoB_5480877_G_A_A_T|1	21.4150292301	3.69860590329e-06	29.0	26.0
PA14_30930,trbC_2686942_G_C_P_A|1	21.3806778634	3.76546953973e-06	58.0	40.0
PA14_31180_2710547_C_T_G_D|1	21.3326472991	3.86099787047e-06	31.0	27.0
PA14_08070,gpFI_694387_G_A_V_I|1	21.3232213358	3.88002878964e-06	41.0	32.0
PA14_00080_9164_A_C_Q_P|1	21.3232213358	3.88002878964e-06	41.0	32.0
PA14_31180_2710292_C_T_R_H|1	21.3232213358	3.88002878964e-06	41.0	32.0
PA14_31090_2704796_C_T_G_S|1	21.2829415703	3.96241954822e-06	39.0	31.0
PA14_47670,cobT_4243374_G_A_A_V|1	21.2823760889	3.96358862976e-06	33.0	28.0
PA14_31090_2704733_T_C_M_V|1	21.2609123091	4.00821989368e-06	37.0	30.0
PA14_31130_2707556_C_T_G_D|1	21.2609123091	4.00821989368e-06	37.0	30.0
PA14_31200_2713512_C_T_D_N|1	21.2609123091	4.00821989368e-06	37.0	30.0
PA14_31080_2704086_C_T_A_T|1	21.2609123091	4.00821989368e-06	37.0	30.0
PA14_31190_2711539_G_C_S_R|1	21.2597000293	4.01075567237e-06	35.0	29.0
PA14_31090_2704436_C_T_A_T|1	21.2597000293	4.01075567237e-06	35.0	29.0
PA14_30880,trbL_2682609_C_G_E_D|1	21.2389440798	4.05442239732e-06	56.0	39.0
PA14_44230_3935721_C_T_A_V|1	21.1586944688	4.22778847574e-06	15.0	18.0
PA14_30860,trbG_2680596_G_T_P_T|1	21.1038848579	4.35045258305e-06	54.0	38.0
PA14_28750_2475003_A_C_F_C|2	21.010552265	4.56760736527e-06	5.0	11.0
PA14_28820_2486562_A_G_T_A|1	21.010552265	4.56760736527e-06	5.0	11.0
PA14_61870_5518953_T_A_D_V|1	21.010552265	4.56760736527e-06	5.0	11.0
PA14_33360_2937085_T_A_L_M|1	21.010552265	4.56760736527e-06	5.0	11.0
PA14_28830_2489177_C_G_Q_E|1	21.010552265	4.56760736527e-06	5.0	11.0
PA14_21020_1815090_T_C_D_G|1	20.9647227285	4.67818738161e-06	22.0	22.0
PA14_31130_2707845_C_T_D_N|1	20.9647227285	4.67818738161e-06	22.0	22.0
PA14_40260_3592763_T_C_T_A|1	20.9511562886	4.71143372201e-06	9.0	14.0
PA14_38510,hmgA_3436217_C_G_A_G|1	20.9511562886	4.71143372201e-06	9.0	14.0
PA14_27410,trpC_2378662_A_T_V_E|1	20.9511562886	4.71143372201e-06	9.0	14.0
PA14_45190_4030717_C_A_R_S|1	20.9511562886	4.71143372201e-06	9.0	14.0
PA14_00080_10195_T_A_S_T|104	20.9511562886	4.71143372201e-06	9.0	14.0
PA14_20860_1797251_C_T_A_V|1	20.9511562886	4.71143372201e-06	9.0	14.0
PA14_01250,ychM_123164_C_T_A_V|1	20.8948562502	4.85195737731e-06	12.0	16.0
PA14_42770_3804739_G_A_E_K|1	20.8948562502	4.85195737731e-06	12.0	16.0
PA14_30960,traG_2688711_G_A_A_V|1	20.8565841018	4.9498780623e-06	50.0	36.0
PA14_06270,catD_553879_C_T_L_F|1	20.8402644838	4.99223328311e-06	61.0	41.0
PA14_31180_2710460_T_C_H_R|1	20.7480570773	5.23847008448e-06	24.0	23.0
PA14_05880,nfeD_521452_C_A_L_M|1	20.7480570773	5.23847008448e-06	24.0	23.0
PA14_30930,trbC_2686772_T_G_Q_H|1	20.745992039	5.24412207156e-06	48.0	35.0
PA14_69370,algP_6187483_G_A_P_S|1	20.745992039	5.24412207156e-06	48.0	35.0
PA14_30850,trbI_2679290_G_C_D_E|1	20.682161369	5.42187731239e-06	59.0	40.0
PA14_26070_2277673_T_G_Q_H|1	20.6719929706	5.45074741332e-06	17.0	19.0
PA14_31260_2718490_G_C_P_R|1	20.6719929706	5.45074741332e-06	17.0	19.0
PA14_21790,rdgC_1895511_G_C_I_M|1	20.6719929706	5.45074741332e-06	17.0	19.0
PA14_22670,yrbF_1971855_C_T_D_N|1	20.6454113512	5.52694888099e-06	46.0	34.0
PA14_54320,era_4818078_C_T_V_I|1	20.6454113512	5.52694888099e-06	46.0	34.0
PA14_26420_2301826_G_A_A_V|1	20.5866805519	5.6991250422e-06	26.0	24.0
PA14_46640_4157450_G_A_P_S|1	20.5321902778	5.8636810053e-06	4.0	10.0
PA14_59540_5298419_C_T_R_C|2	20.5321902778	5.8636810053e-06	4.0	10.0
PA14_30180,idh_2613201_T_G_S_R|1	20.5321902778	5.8636810053e-06	4.0	10.0
PA14_60000_5343312_A_G_K_R|1	20.5321902778	5.8636810053e-06	4.0	10.0
PA14_21790,rdgC_1895446_G_C_S_C|1	20.5321902778	5.8636810053e-06	4.0	10.0
PA14_59540_5299122_A_G_Y_C|2	20.5321902778	5.8636810053e-06	4.0	10.0
PA14_40440_3614212_C_T_R_C|1	20.5321902778	5.8636810053e-06	4.0	10.0
PA14_69270_6179805_G_C_S_T|1	20.5321902778	5.8636810053e-06	4.0	10.0
PA14_58900_5248589_G_A_G_S|1	20.5321902778	5.8636810053e-06	4.0	10.0
PA14_41300_3686584_G_A_R_W|1	20.5321902778	5.8636810053e-06	4.0	10.0
PA14_30870,trbF_2680774_C_A_R_L|1	20.5294316259	5.87213759012e-06	57.0	39.0
PA14_03380_311555_A_G_T_A|2	20.5208441812	5.8985406511e-06	1.0	7.0
PA14_31130_2707403_G_A_A_V|1	20.5208441812	5.8985406511e-06	1.0	7.0
PA14_59690_5312189_A_C_K_T|1	20.5208441812	5.8985406511e-06	1.0	7.0
PA14_60000_5344044_T_A_F_Y|1	20.5208441812	5.8985406511e-06	1.0	7.0
PA14_03380_311063_C_T_H_Y|1	20.5208441812	5.8985406511e-06	1.0	7.0
PA14_28840_2491524_A_G_K_E|1	20.5208441812	5.8985406511e-06	1.0	7.0
PA14_30960,traG_2688718_C_T_A_T|1	20.4791544995	6.02842359139e-06	42.0	32.0
PA14_31280_2721105_G_A_P_S|1	20.4712044328	6.05351578119e-06	28.0	25.0
PA14_21930_1908623_T_G_I_L|1	20.4712044328	6.05351578119e-06	28.0	25.0
PA14_31070_2703433_G_A_P_L|1	20.4712044328	6.05351578119e-06	28.0	25.0
PA14_31260_2718313_G_A_A_V|1	20.4712044328	6.05351578119e-06	28.0	25.0
PA14_16750_1434110_G_A_V_I|1	20.452674483	6.11240813741e-06	73.0	46.0
PA14_58270_5190750_T_G_D_A|1	20.4164280135	6.22927553369e-06	40.0	31.0
PA14_31180_2710353_G_A_P_S|1	20.4164280135	6.22927553369e-06	40.0	31.0
PA14_08150,gpD_700391_G_A_A_T|1	20.3825952583	6.34038360333e-06	55.0	38.0
PA14_31180_2710514_A_G_L_S|2	20.3697030491	6.38324364746e-06	38.0	30.0
PA14_31110_2706997_G_T_Q_K|1	20.3697030491	6.38324364746e-06	38.0	30.0
PA14_31280_2721118_C_A_L_F|1	20.3697030491	6.38324364746e-06	38.0	30.0
PA14_66400,aefA_5921015_G_A_A_T|1	20.3499463858	6.44948952183e-06	32.0	27.0
PA14_31080_2703704_A_G_V_A|1	20.3411952016	6.47905315277e-06	36.0	29.0
PA14_31260_2718302_G_T_L_I|1	20.3411952016	6.47905315277e-06	36.0	29.0
PA14_31180_2710583_T_G_K_T|1	20.333548891	6.5049955824e-06	34.0	28.0
PA14_40260_3594254_T_C_S_G|1	20.2977189434	6.6279555155e-06	19.0	20.0
PA14_30910,trbE_2684033_C_A_A_S|1	20.2422416037	6.8229597929e-06	53.0	37.0
PA14_26190_2287259_G_A_R_C|1	20.2317314879	6.86054694359e-06	14.0	17.0
PA14_45030,ttuD_4016662_A_T_T_S|1	20.2317314879	6.86054694359e-06	14.0	17.0
PA14_21790,rdgC_1895957_C_G_E_Q|1	20.2317314879	6.86054694359e-06	14.0	17.0
PA14_04290_384076_C_T_A_T|1	20.2317314879	6.86054694359e-06	14.0	17.0
PA14_35820,tnpS_3187758_A_T_H_Q|1	20.2317314879	6.86054694359e-06	14.0	17.0
PA14_03270_294631_G_T_E_D|1	20.212021609	6.93159636423e-06	3.0	9.0
PA14_28810_2483558_G_C_K_N|1	20.212021609	6.93159636423e-06	3.0	9.0
PA14_59540_5299181_C_G_P_A|1	20.212021609	6.93159636423e-06	3.0	9.0
PA14_64560_5751112_C_T_A_T|1	20.212021609	6.93159636423e-06	3.0	9.0
PA14_02050_186553_G_A_G_S|7	20.212021609	6.93159636423e-06	3.0	9.0
PA14_28820_2487150_G_A_A_T|2	20.212021609	6.93159636423e-06	3.0	9.0
PA14_33330_2930189_A_C_S_R|1	20.212021609	6.93159636423e-06	3.0	9.0
PA14_72010_6419628_A_G_D_G|1	20.212021609	6.93159636423e-06	3.0	9.0
PA14_59540_5298180_A_C_N_T|2	20.212021609	6.93159636423e-06	3.0	9.0
PA14_49230,napD_4372987_G_T_E_D|1	20.1510581322	7.15606493682e-06	8.0	13.0
PA14_59540_5298888_C_T_A_V|1	20.1510581322	7.15606493682e-06	8.0	13.0
PA14_59540_5299212_G_C_G_A|1	20.1510581322	7.15606493682e-06	8.0	13.0
PA14_59540_5297294_A_C_K_Q|1	20.1449622494	7.17890755885e-06	2.0	8.0
PA14_03250_291668_T_C_L_P|1	20.1449622494	7.17890755885e-06	2.0	8.0
PA14_60000_5343211_G_T_E_D|1	20.1449622494	7.17890755885e-06	2.0	8.0
PA14_51360,phnA_4565371_G_C_A_G|1	20.1449622494	7.17890755885e-06	2.0	8.0
PA14_59540_5298713_G_A_V_M|3	20.1449622494	7.17890755885e-06	2.0	8.0
PA14_49610_4414092_C_T_A_V|1	20.0622523991	7.49617221695e-06	100.0	57.0
PA14_22370_1949060_C_T_A_V|1	20.0068141309	7.71666880794e-06	11.0	15.0
PA14_33820,pvdQ_3005441_C_T_P_S|1	20.0068141309	7.71666880794e-06	11.0	15.0
PA14_05390,chpA_470677_C_G_T_R|1	20.0068141309	7.71666880794e-06	11.0	15.0
PA14_21790,rdgC_1896119_G_T_L_M|1	20.0068141309	7.71666880794e-06	11.0	15.0
PA14_55160,toxR_4899853_G_A_A_T|1	20.0068141309	7.71666880794e-06	11.0	15.0
PA14_25560,rne_2233896_T_G_D_A|1	20.0068141309	7.71666880794e-06	11.0	15.0
PA14_17370,yedE_1491641_G_T_F_L|1	20.0068141309	7.71666880794e-06	11.0	15.0
PA14_10780_932338_A_C_F_V|1	20.0068141309	7.71666880794e-06	11.0	15.0
PA14_04340_389663_G_A_A_T|1	20.0068141309	7.71666880794e-06	11.0	15.0
PA14_33060_2894706_G_A_L_F|1	19.9837607394	7.81026587301e-06	49.0	35.0
PA14_30910,trbE_2686060_A_T_F_Y|1	19.8672799329	8.30089783362e-06	47.0	34.0
PA14_33280,pvdL_2922216_G_A_G_D|1	19.7965113252	8.61397565174e-06	23.0	22.0
PA14_49700_4422365_C_A_A_S|1	19.7606142231	8.77728769729e-06	45.0	33.0
PA14_08300,JF1_710742_C_T_L_F|1	19.7287011654	8.9250830728e-06	16.0	18.0
PA14_47970_4270854_G_A_V_I|1	19.7287011654	8.9250830728e-06	16.0	18.0
PA14_54620_4843385_T_C_F_L|1	19.7287011654	8.9250830728e-06	16.0	18.0
PA14_49860_4434065_T_C_S_P|1	19.6996206693	9.06193512741e-06	65.0	42.0
PA14_30960,traG_2689605_G_T_P_H|1	19.6996206693	9.06193512741e-06	65.0	42.0
PA14_20450,phnP_1758737_G_A_R_Q|1	19.6649414215	9.2278919193e-06	43.0	32.0
PA14_41520,ppkB_3705762_G_A_V_I|1	19.6386601796	9.35568987759e-06	25.0	23.0
PA14_31180_2710373_A_G_L_P|1	19.5816356418	9.63912797098e-06	41.0	31.0
PA14_30970,bphR_2691692_C_G_K_N|1	19.5304922882	9.9006608803e-06	54.0	37.0
PA14_31150_2708622_G_T_A_D|1	19.5280947057	9.91309480375e-06	27.0	24.0
PA14_30860,trbG_2680693_A_T_N_K|1	19.5280947057	9.91309480375e-06	27.0	24.0
PA14_19540,ssuA_1690175_C_G_D_E|1	19.5280947057	9.91309480375e-06	27.0	24.0
PA14_31260_2718182_T_C_I_V|1	19.5123099736	9.99534714988e-06	39.0	30.0
PA14_31080_2704170_C_T_V_I|1	19.5123099736	9.99534714988e-06	39.0	30.0
PA14_31180_2709596_C_T_S_N|1	19.5123099736	9.99534714988e-06	39.0	30.0
PA14_40370_3607727_G_T_L_M|1	19.5123099736	9.99534714988e-06	39.0	30.0
PA14_31180_2710517_G_C_P_R|1	19.5123099736	9.99534714988e-06	39.0	30.0
PA14_31110_2705917_T_C_T_A|3	19.5123099736	9.99534714988e-06	39.0	30.0
PA14_31180_2710529_C_T_G_D|1	19.458870796	1.02789334227e-05	37.0	29.0
PA14_67380_6018472_G_C_L_V|1	19.4189561381	1.04960075499e-05	31.0	26.0
PA14_31110_2707060_T_A_S_C|1	19.4091838063	1.05498517244e-05	33.0	27.0
PA14_31110_2707167_C_A_R_L|1	19.4091838063	1.05498517244e-05	33.0	27.0
PA14_43460,paaH_3870990_G_A_R_Q|1	19.4091838063	1.05498517244e-05	33.0	27.0
PA14_22670,yrbF_1971858_G_C_P_A|1	19.38474829	1.06857049718e-05	52.0	36.0
PA14_28820_2486427_G_A_D_N|2	19.3831376149	1.06947212482e-05	7.0	12.0
PA14_39440_3508454_G_A_V_M|2	19.3831376149	1.06947212482e-05	7.0	12.0
PA14_73390_6533102_A_G_V_A|1	19.3831376149	1.06947212482e-05	7.0	12.0
PA14_28820_2487972_A_G_T_A|1	19.3831376149	1.06947212482e-05	7.0	12.0
PA14_34020_3026686_T_A_N_Y|1	19.3831376149	1.06947212482e-05	7.0	12.0
PA14_37910_3383753_G_A_R_C|2	19.3831376149	1.06947212482e-05	7.0	12.0
PA14_21790,rdgC_1896011_C_T_D_N|1	19.346823392	1.09000419932e-05	18.0	19.0
PA14_41480,nasS_3700206_T_G_H_Q|1	19.346823392	1.09000419932e-05	18.0	19.0
PA14_59920_5336472_A_G_M_V|1	19.346823392	1.09000419932e-05	18.0	19.0
PA14_31180_2710308_C_A_A_S|1	19.346823392	1.09000419932e-05	18.0	19.0
PA14_30890_2683013_G_T_G_C|1	19.3429877224	1.0921958693e-05	61.0	40.0
PA14_03510_320572_C_T_P_S|1	19.3083518121	1.11218802185e-05	13.0	16.0
PA14_64740,pchA_5768106_T_A_E_D|1	19.3083518121	1.11218802185e-05	13.0	16.0
PA14_21790,rdgC_1895279_G_A_L_F|1	19.3083518121	1.11218802185e-05	13.0	16.0
PA14_28180,ordL_2440383_C_T_A_T|1	19.3083518121	1.11218802185e-05	13.0	16.0
PA14_37830,iscS_3374375_A_C_D_E|1	19.3083518121	1.11218802185e-05	13.0	16.0
PA14_27410,trpC_2379035_C_T_A_T|1	19.3083518121	1.11218802185e-05	13.0	16.0
PA14_35820,tnpS_3187762_T_C_Q_R|1	19.3083518121	1.11218802185e-05	13.0	16.0
PA14_11460,thiL_993763_A_C_D_A|1	19.3083518121	1.11218802185e-05	13.0	16.0
PA14_24600_2149298_C_T_A_T|1	19.3083518121	1.11218802185e-05	13.0	16.0
PA14_31070_2701554_C_A_E_D|1	19.2644194572	1.13807571814e-05	68.0	43.0
PA14_22680,yrbE_1972739_T_G_I_L|1	19.2459454493	1.14914168451e-05	50.0	35.0
PA14_13950_1198167_G_A_V_I|1	19.1295886488	1.22136660509e-05	10.0	14.0
PA14_09520,mexI_818960_T_C_K_E|1	19.1295886488	1.22136660509e-05	10.0	14.0
PA14_36290,yncB_3231923_C_T_R_Q|3	19.1295886488	1.22136660509e-05	10.0	14.0
PA14_58750,pilB_5234285_G_A_D_N|1	19.1295886488	1.22136660509e-05	10.0	14.0
PA14_36130_3220610_A_C_K_Q|1	19.1295886488	1.22136660509e-05	10.0	14.0
PA14_03450,gabT_316007_G_A_V_I|1	19.1295886488	1.22136660509e-05	10.0	14.0
PA14_51250,yycJ_4554516_G_A_A_V|1	19.1295886488	1.22136660509e-05	10.0	14.0
PA14_19510,ssuC_1687059_G_C_A_P|1	19.1295886488	1.22136660509e-05	10.0	14.0
PA14_05650_503392_G_T_R_L|9	19.1295886488	1.22136660509e-05	10.0	14.0
PA14_39180_3489786_T_C_K_E|2	19.1295886488	1.22136660509e-05	10.0	14.0
PA14_03980_358945_C_T_D_N|1	19.1295886488	1.22136660509e-05	10.0	14.0
PA14_25960,cobW_2264771_A_C_M_L|1	19.1295886488	1.22136660509e-05	10.0	14.0
PA14_45100,muiA_4022089_G_A_D_N|2	19.1295886488	1.22136660509e-05	10.0	14.0
PA14_09680_832408_A_G_T_A|2	19.1295886488	1.22136660509e-05	10.0	14.0
PA14_55640,sbcD_4958486_G_A_A_T|1	19.1295886488	1.22136660509e-05	10.0	14.0
PA14_19290,srmB_1662810_C_T_R_C|3	19.1295886488	1.22136660509e-05	10.0	14.0
PA14_20000_1721638_G_C_V_L|1	19.1295886488	1.22136660509e-05	10.0	14.0
PA14_18985_1639941_C_T_G_D|2	19.1295886488	1.22136660509e-05	10.0	14.0
PA14_29320_2536399_G_A_A_T|1	19.1295886488	1.22136660509e-05	10.0	14.0
PA14_30960,traG_2690079_C_T_R_H|1	19.1148456004	1.23083753534e-05	48.0	34.0
PA14_31130_2707935_C_T_A_T|1	19.0588388441	1.26749345436e-05	20.0	20.0
PA14_58910_5251995_T_C_V_A|1	19.0588388441	1.26749345436e-05	20.0	20.0
PA14_31260_2718385_G_T_S_*|1	19.0029679771	1.30515284841e-05	57.0	38.0
PA14_30910,trbE_2683859_C_A_D_Y|1	19.0029679771	1.30515284841e-05	57.0	38.0
PA14_31080_2703960_C_G_G_R|1	18.8794036641	1.39248019026e-05	44.0	32.0
PA14_16310_1393337_C_T_T_M|1	18.8794036641	1.39248019026e-05	44.0	32.0
PA14_30970,bphR_2691613_G_A_L_F|1	18.8794036641	1.39248019026e-05	44.0	32.0
PA14_30900,trbJ_2683456_T_G_Q_H|1	18.8613970547	1.40568699369e-05	71.0	44.0
PA14_30910,trbE_2686102_A_T_L_*|1	18.8402038079	1.42139227155e-05	55.0	37.0
PA14_30850,trbI_2679573_C_A_G_V|1	18.8402038079	1.42139227155e-05	55.0	37.0
PA14_55180,migA_4901463_A_G_Q_R|1	18.8351541975	1.42516021472e-05	146.0	74.0
PA14_16190_1380571_T_C_L_S|1	18.7866156274	1.46189458117e-05	15.0	17.0
PA14_37400_3329441_A_T_Q_L|1	18.7866156274	1.46189458117e-05	15.0	17.0
PA14_67700_6047917_C_G_V_L|1	18.7866156274	1.46189458117e-05	15.0	17.0
PA14_58410_5203878_G_A_V_I|1	18.7866156274	1.46189458117e-05	15.0	17.0
PA14_19900_1715624_C_T_R_C|1	18.7866156274	1.46189458117e-05	15.0	17.0
PA14_19720_1701515_T_C_V_A|1	18.7772608446	1.46908291017e-05	42.0	31.0
PA14_31260_2718272_C_T_V_M|1	18.7772608446	1.46908291017e-05	42.0	31.0
PA14_21940_1908693_G_T_A_D|1	18.6910677699	1.53700807006e-05	24.0	22.0
PA14_33610_2963729_T_A_V_D|1	18.6910677699	1.53700807006e-05	24.0	22.0
PA14_15430,tnpR_1306528_G_T_S_Y|1	18.6872838175	1.54006128781e-05	40.0	30.0
PA14_31130_2707238_G_T_A_E|1	18.6872838175	1.54006128781e-05	40.0	30.0
PA14_31130_2707628_A_G_I_T|1	18.6872838175	1.54006128781e-05	40.0	30.0
PA14_31110_2706022_G_C_L_V|1	18.6872838175	1.54006128781e-05	40.0	30.0
PA14_31090_2704868_G_T_P_T|1	18.6872838175	1.54006128781e-05	40.0	30.0
PA14_30880,trbL_2681647_G_T_A_E|1	18.6829214068	1.54358881592e-05	53.0	36.0
PA14_31260_2718449_C_A_D_Y|1	18.6829214068	1.54358881592e-05	53.0	36.0
PA14_31200_2713463_T_A_H_L|1	18.6829214068	1.54358881592e-05	53.0	36.0
PA14_30970,bphR_2691451_T_G_T_P|1	18.6614918455	1.5610353712e-05	69.0	43.0
PA14_32150,antB_2796208_T_G_E_D|1	18.6614918455	1.5610353712e-05	69.0	43.0
PA14_30930,trbC_2686837_G_T_L_M|1	18.6614918455	1.5610353712e-05	69.0	43.0
PA14_03290_298729_G_A_V_M|1	18.6587515506	1.56328057737e-05	6.0	11.0
PA14_15620_1328430_A_G_N_S|1	18.6587515506	1.56328057737e-05	6.0	11.0
PA14_21870_1900687_G_C_Q_E|1	18.6587515506	1.56328057737e-05	6.0	11.0
PA14_60000_5343631_C_G_D_E|1	18.6587515506	1.56328057737e-05	6.0	11.0
PA14_03250_292817_A_G_D_G|1	18.6587515506	1.56328057737e-05	6.0	11.0
PA14_28840_2491224_G_C_E_Q|1	18.6587515506	1.56328057737e-05	6.0	11.0
PA14_28820_2486130_A_G_I_V|31	18.6587515506	1.56328057737e-05	6.0	11.0
PA14_31180_2710322_G_A_T_I|1	18.6587515506	1.56328057737e-05	6.0	11.0
PA14_59540_5297930_C_A_L_M|1	18.6111067936	1.60283994262e-05	38.0	29.0
PA14_21940_1909138_G_T_L_M|1	18.6111067936	1.60283994262e-05	38.0	29.0
PA14_18480,algX_1585945_C_A_E_D|1	18.6111067936	1.60283994262e-05	38.0	29.0
PA14_31150_2708433_C_G_G_A|1	18.6111067936	1.60283994262e-05	38.0	29.0
PA14_31070_2703188_G_A_Q_*|1	18.5506703983	1.65447030003e-05	36.0	28.0
PA14_30880,trbL_2681902_G_A_A_V|1	18.5316944473	1.67102342962e-05	51.0	35.0
PA14_23760,leuD_2065590_G_A_A_T|1	18.520817896	1.68058617587e-05	28.0	24.0
PA14_30960,traG_2688610_C_T_A_T|1	18.5202835436	1.6810573966e-05	60.0	39.0
PA14_30970,bphR_2691742_G_T_H_N|1	18.5082970196	1.69166270889e-05	34.0	27.0
PA14_31080_2704032_G_T_L_M|1	18.5082970196	1.69166270889e-05	34.0	27.0
PA14_30960,traG_2689222_T_A_T_S|1	18.4640181145	1.73142536705e-05	67.0	42.0
PA14_62850,folP_5607173_C_T_D_N|1	18.4640181145	1.73142536705e-05	67.0	42.0
PA14_08070,gpFI_694674_G_C_K_N|1	18.4160791717	1.77553398165e-05	134.0	69.0
PA14_29350,pfeA_2540524_C_T_G_S|1	18.3961617138	1.79419032723e-05	17.0	18.0
PA14_33000,gcvP2_2888767_C_T_R_C|1	18.3961617138	1.79419032723e-05	17.0	18.0
PA14_30880,trbL_2681549_C_G_E_Q|1	18.3961617138	1.79419032723e-05	17.0	18.0
PA14_27410,trpC_2379110_C_T_D_N|1	18.3961617138	1.79419032723e-05	17.0	18.0
PA14_17790_1528721_G_C_D_E|1	18.3961617138	1.79419032723e-05	17.0	18.0
PA14_21790,rdgC_1895900_C_G_E_Q|1	18.3961617138	1.79419032723e-05	17.0	18.0
PA14_06070,creC_538170_C_T_P_S|1	18.3893517313	1.80061419375e-05	12.0	15.0
PA14_10020_862362_T_C_K_E|3	18.3893517313	1.80061419375e-05	12.0	15.0
PA14_59220_5275461_C_A_D_E|1	18.3893517313	1.80061419375e-05	12.0	15.0
PA14_28760_2476040_A_G_C_R|1	18.3893517313	1.80061419375e-05	12.0	15.0
PA14_14860_1262690_G_A_A_T|1	18.3893517313	1.80061419375e-05	12.0	15.0
PA14_36300_3233191_A_T_S_T|1	18.3893517313	1.80061419375e-05	12.0	15.0
PA14_12440_1071877_G_A_R_H|1	18.3893517313	1.80061419375e-05	12.0	15.0
PA14_51350,phnB_4564253_G_C_D_E|1	18.3893517313	1.80061419375e-05	12.0	15.0
PA14_59940_5339883_G_A_D_N|1	18.3893517313	1.80061419375e-05	12.0	15.0
PA14_04370_390149_A_G_S_P|1	18.3893517313	1.80061419375e-05	12.0	15.0
PA14_03170_279866_A_G_I_T|1	18.3893517313	1.80061419375e-05	12.0	15.0
PA14_42480,pcrG_3782817_C_T_G_D|1	18.3871795435	1.80266807786e-05	49.0	34.0
PA14_31070_2701472_C_A_A_S|1	18.3871795435	1.80266807786e-05	49.0	34.0
PA14_08300,JF1_711250_C_G_A_G|1	18.3871795435	1.80266807786e-05	49.0	34.0
PA14_22680,yrbE_1972786_A_T_F_Y|1	18.3433187972	1.84464728304e-05	58.0	38.0
PA14_56300,fumA_5026711_G_A_V_I|1	18.2691823081	1.91784851387e-05	65.0	41.0
PA14_60020_5344900_G_C_G_A|1	18.2661297957	1.92092429208e-05	9.0	13.0
PA14_25790_2251684_C_T_S_N|1	18.2661297957	1.92092429208e-05	9.0	13.0
PA14_21750_1893107_A_G_I_V|1	18.2661297957	1.92092429208e-05	9.0	13.0
PA14_01110_108980_A_G_I_V|1	18.2661297957	1.92092429208e-05	9.0	13.0
PA14_23200,yciK_2010129_C_T_R_H|6	18.2661297957	1.92092429208e-05	9.0	13.0
PA14_28710,pheT_2472693_C_A_T_N|1	18.2661297957	1.92092429208e-05	9.0	13.0
PA14_59940_5339884_A_C_D_A|1	18.2661297957	1.92092429208e-05	9.0	13.0
PA14_01800_165119_G_A_V_I|3	18.2661297957	1.92092429208e-05	9.0	13.0
PA14_36290,yncB_3231740_G_C_T_R|1	18.2661297957	1.92092429208e-05	9.0	13.0
PA14_21790,rdgC_1896098_T_G_K_Q|1	18.2661297957	1.92092429208e-05	9.0	13.0
PA14_57990_5160471_T_C_I_V|1	18.2661297957	1.92092429208e-05	9.0	13.0
PA14_30930,trbC_2686914_G_A_A_V|1	18.2501318016	1.93712544828e-05	47.0	33.0
PA14_30960,traG_2688660_G_A_P_L|1	18.1706838777	2.0196389299e-05	56.0	37.0
PA14_22670,yrbF_1971897_T_C_I_V|1	18.1706838777	2.0196389299e-05	56.0	37.0
PA14_30960,traG_2688609_G_T_A_D|1	18.1706838777	2.0196389299e-05	56.0	37.0
PA14_59540_5297917_G_T_R_S|1	18.152173913	2.03936489253e-05	0.0	5.0
PA14_41270_3683363_G_A_A_T|1	18.152173913	2.03936489253e-05	0.0	5.0
PA14_60020_5344902_G_T_A_S|1	18.152173913	2.03936489253e-05	0.0	5.0
PA14_30960,traG_2688696_A_G_L_P|1	18.1214240069	2.07256369939e-05	45.0	32.0
PA14_30940,trbB_2687298_G_A_L_F|1	18.1214240069	2.07256369939e-05	45.0	32.0
PA14_32140,antC_2795258_G_T_A_D|1	18.1214240069	2.07256369939e-05	45.0	32.0
PA14_18790,opmE_1619700_C_T_R_W|1	18.1058969018	2.08953313018e-05	19.0	19.0
PA14_21790,rdgC_1895432_C_T_D_N|1	18.1058969018	2.08953313018e-05	19.0	19.0
PA14_31090_2704897_G_C_A_G|1	18.1058969018	2.08953313018e-05	19.0	19.0
PA14_39210,nadR_3492076_T_G_D_E|1	18.1058969018	2.08953313018e-05	19.0	19.0
PA14_58900_5247020_A_G_T_A|1	18.1058969018	2.08953313018e-05	19.0	19.0
PA14_30950_2688299_C_T_A_T|1	18.0772149243	2.12124734137e-05	63.0	40.0
PA14_16280_1390861_G_T_R_S|1	18.0357038431	2.16800537156e-05	82.0	48.0
PA14_30960,traG_2690392_C_T_A_T|1	18.0028117678	2.20578922601e-05	54.0	36.0
PA14_30960,traG_2688846_G_A_A_V|1	18.0028117678	2.20578922601e-05	54.0	36.0
PA14_22670,yrbF_1971895_G_C_I_M|1	18.0028117678	2.20578922601e-05	54.0	36.0
PA14_31200_2713391_G_C_A_G|1	18.0020704771	2.2066483433e-05	43.0	31.0
PA14_31130_2707229_C_T_C_Y|1	18.0020704771	2.2066483433e-05	43.0	31.0
PA14_55300_4909587_C_A_A_S|1	17.9953137204	2.21449458673e-05	5.0	10.0
PA14_20230,nosR_1744349_C_T_R_H|1	17.9953137204	2.21449458673e-05	5.0	10.0
PA14_60000_5343314_G_C_G_R|1	17.9953137204	2.21449458673e-05	5.0	10.0
PA14_28820_2487907_G_C_G_A|1	17.9953137204	2.21449458673e-05	5.0	10.0
PA14_03250_291675_A_T_K_N|1	17.9953137204	2.21449458673e-05	5.0	10.0
PA14_28820_2486209_G_C_S_T|1	17.9953137204	2.21449458673e-05	5.0	10.0
PA14_40640,cti_3627536_C_T_E_K|1	17.9953137204	2.21449458673e-05	5.0	10.0
PA14_29410_2551310_C_T_L_F|1	17.9953137204	2.21449458673e-05	5.0	10.0
PA14_18310_1570877_C_T_A_T|1	17.9953137204	2.21449458673e-05	5.0	10.0
PA14_59940_5338224_C_G_H_D|1	17.9953137204	2.21449458673e-05	5.0	10.0
PA14_33360_2936815_G_T_V_F|1	17.9953137204	2.21449458673e-05	5.0	10.0
PA14_21790,rdgC_1895650_G_C_T_S|1	17.8938284618	2.33577330633e-05	21.0	20.0
PA14_33630,pvdJ_2977621_A_C_K_Q|1	17.8938284618	2.33577330633e-05	21.0	20.0
PA14_07400_633621_G_T_L_M|2	17.8938284618	2.33577330633e-05	21.0	20.0
PA14_31070_2703352_G_C_P_R|1	17.8932569643	2.33647483079e-05	41.0	30.0
PA14_31130_2707431_C_T_A_T|1	17.8883741213	2.34247725445e-05	61.0	39.0
PA14_22670,yrbF_1972083_C_T_V_M|1	17.8883741213	2.34247725445e-05	61.0	39.0
PA14_30910,trbE_2684908_G_A_T_M|1	17.8705782112	2.36448500031e-05	68.0	42.0
PA14_64740,pchA_5768081_A_C_F_V|1	17.84597761	2.39525045168e-05	14.0	16.0
PA14_35880_3193493_G_A_V_M|1	17.84597761	2.39525045168e-05	14.0	16.0
PA14_58440_5205909_G_A_R_H|1	17.84597761	2.39525045168e-05	14.0	16.0
PA14_31150_2708615_T_G_E_D|1	17.7439616814	2.52718352631e-05	23.0	21.0
PA14_31190_2712143_C_T_R_H|1	17.7439616814	2.52718352631e-05	23.0	21.0
PA14_31100_2705294_C_G_S_T|1	17.7439616814	2.52718352631e-05	23.0	21.0
PA14_30860,trbG_2680000_C_G_E_D|1	17.7029499942	2.5822582723e-05	59.0	38.0
PA14_30930,trbC_2686711_C_A_A_S|1	17.7029499942	2.5822582723e-05	59.0	38.0
PA14_31180_2710275_T_A_R_W|1	17.6833971808	2.60893880931e-05	50.0	34.0
PA14_29400,rhs_2548909_G_A_S_N|1	17.6833971808	2.60893880931e-05	50.0	34.0
PA14_30960,traG_2688616_G_A_P_S|1	17.6833971808	2.60893880931e-05	50.0	34.0
PA14_31070_2702696_C_T_G_S|1	17.6833971808	2.60893880931e-05	50.0	34.0
PA14_30940,trbB_2687997_G_A_P_S|1	17.6833971808	2.60893880931e-05	50.0	34.0
PA14_37640_3350652_C_G_L_V|1	17.6443856044	2.66300214317e-05	25.0	22.0
PA14_30760_2669277_T_C_E_G|1	17.6443856044	2.66300214317e-05	25.0	22.0
PA14_42430,exsC_3778541_T_C_S_G|1	17.5860479042	2.74595607017e-05	27.0	23.0
PA14_42550,popN_3787503_G_A_A_V|1	17.5665772492	2.77421663825e-05	31.0	25.0
PA14_47650,cobS_4242351_C_A_A_S|1	17.5665772492	2.77421663825e-05	31.0	25.0
PA14_43000_3826223_G_C_P_A|1	17.5665772492	2.77421663825e-05	31.0	25.0
PA14_31870_2772829_A_C_K_Q|1	17.5665772492	2.77421663825e-05	31.0	25.0
PA14_31110_2706766_T_A_T_S|1	17.5665772492	2.77421663825e-05	31.0	25.0
PA14_53900_4779601_G_A_A_T|1	17.5619458376	2.78098179205e-05	29.0	24.0
PA14_40440_3614165_C_T_A_V|1	17.5619458376	2.78098179205e-05	29.0	24.0
PA14_05870_519410_C_G_E_Q|1	17.5485810987	2.80059690221e-05	118.0	62.0
PA14_30960,traG_2690233_C_A_V_F|1	17.5330643062	2.82354501676e-05	48.0	33.0
PA14_31130_2707187_A_G_L_S|1	17.5330643062	2.82354501676e-05	48.0	33.0
PA14_09300,pchH_797442_C_T_A_V|1	17.5330643062	2.82354501676e-05	48.0	33.0
PA14_30930,trbC_2686930_A_G_F_L|1	17.5212696716	2.84111468045e-05	57.0	37.0
PA14_30850,trbI_2679088_G_T_L_M|5	17.5212696716	2.84111468045e-05	57.0	37.0
PA14_30910,trbE_2684648_C_G_G_R|1	17.5212696716	2.84111468045e-05	57.0	37.0
PA14_30910,trbE_2685949_T_C_N_S|1	17.5212696716	2.84111468045e-05	57.0	37.0
PA14_11140_969989_C_T_V_I|1	17.4757823483	2.90990916026e-05	11.0	14.0
PA14_43020_3827492_A_C_M_R|1	17.4757823483	2.90990916026e-05	11.0	14.0
PA14_41820,pabB_3737292_A_G_H_R|1	17.4757823483	2.90990916026e-05	11.0	14.0
PA14_37590,kynB_3345818_G_A_R_H|1	17.4757823483	2.90990916026e-05	11.0	14.0
PA14_71210_6344506_A_G_S_P|1	17.4757823483	2.90990916026e-05	11.0	14.0
PA14_66910_5975111_G_A_V_I|1	17.4757823483	2.90990916026e-05	11.0	14.0
PA14_38820,pqqB_3462017_G_A_A_V|1	17.4757823483	2.90990916026e-05	11.0	14.0
PA14_25910_2260649_C_T_A_T|1	17.4757823483	2.90990916026e-05	11.0	14.0
PA14_35460_3153119_C_G_V_L|1	17.4757823483	2.90990916026e-05	11.0	14.0
PA14_64230,retS_5724487_A_C_D_A|1	17.4757823483	2.90990916026e-05	11.0	14.0
PA14_10400_898089_G_T_P_T|1	17.4757823483	2.90990916026e-05	11.0	14.0
