feature	score	p-value	#I-out-of-147	#O-out-of-279
PA14_48940,coaB	1315.82259641	4.11875129691e-288	5113.0	4743.0
PA14_48950	1284.09672405	3.23030028442e-281	5329.0	5078.0
PA14_48900	1106.93924068	1.02490756708e-242	2443.0	1690.0
PA14_48910	867.026792594	1.44526835871e-190	4804.0	5084.0
PA14_48920	754.120907694	5.09766301552e-166	3012.0	2826.0
PA14_49020	728.118947544	2.29733286032e-160	6825.0	8371.0
PA14_15420	723.784484736	2.01248915461e-159	2552.0	8791.0
PA14_22230	715.219076919	1.46644634323e-157	933.0	4482.0
PA14_49000	713.764907693	3.03721637389e-157	1339.0	828.0
PA14_48970	712.403625782	6.00465036261e-157	3798.0	3968.0
PA14_54880	710.758158351	1.36866502537e-156	1184.0	667.0
PA14_22220	703.329241061	5.64600480575e-155	925.0	4429.0
PA14_22080	702.866332526	7.11873976697e-155	1189.0	5169.0
PA14_22270	687.839183912	1.31882292925e-151	1508.0	5991.0
PA14_22190	661.30981356	7.75321620153e-146	1124.0	4878.0
PA14_48930	658.525752208	3.12569416821e-145	3543.0	3713.0
PA14_22140	647.822293624	6.64845304084e-143	825.0	4002.0
PA14_22210	631.380703875	2.50340679147e-139	900.0	4174.0
PA14_22120	626.587208419	2.76105722738e-138	1048.0	4575.0
PA14_22100	625.344143287	5.1455692108e-138	854.0	4028.0
PA14_49510,pyoS3I	601.507487624	7.86881182311e-133	1995.0	6989.0
PA14_15435	589.590644326	3.0757395534e-130	2886.0	9147.0
PA14_23370,orfK	582.598867645	1.02041370153e-128	3136.0	3287.0
PA14_53610	581.961832097	1.40392384614e-128	1087.0	670.0
PA14_22240	579.088722744	5.91973609682e-128	825.0	3827.0
PA14_48960	578.480110889	8.02949601431e-128	2621.0	2584.0
PA14_48880,intT	560.658679234	6.0441367897e-124	3585.0	3969.0
PA14_22090	551.730542463	5.29087973094e-122	1073.0	4439.0
PA14_23380,orfH	550.062183904	1.22028872935e-121	3117.0	3323.0
PA14_13910	543.491412626	3.28010348638e-120	3302.0	3599.0
PA14_22250	542.546320092	5.26609070031e-120	815.0	3704.0
PA14_48990	541.450960762	9.11548610328e-120	2568.0	2575.0
PA14_60320,pilE	529.16427023	4.29305684067e-117	3268.0	3580.0
PA14_15490	524.385051951	4.70460750012e-116	766.0	384.0
PA14_15530,trbK	522.525483135	1.19424141641e-115	873.0	493.0
PA14_14560	518.8169073	7.65490722335e-115	1466.0	1171.0
PA14_22110	515.947031589	3.22348321743e-114	897.0	3861.0
PA14_53580	515.18424402	4.72370391518e-114	1752.0	1533.0
PA14_22180	507.237063355	2.53135898446e-112	741.0	3404.0
PA14_22260	506.433082785	3.78685792009e-112	735.0	3385.0
PA14_15360	492.850289755	3.41684412699e-109	1581.0	1346.0
PA14_22130	490.240056156	1.26350992595e-108	713.0	3281.0
PA14_15430,tnpR	490.211994587	1.28139944107e-108	2868.0	8728.0
PA14_31240	490.058746585	1.38366046106e-108	5228.0	6605.0
PA14_49010	485.287724296	1.5106353821e-107	1389.0	1117.0
PA14_29330	476.391711698	1.30288252043e-105	2490.0	7772.0
PA14_15350	468.993565552	5.30611559508e-104	2987.0	3303.0
PA14_15570	464.232433145	5.76566996018e-103	2218.0	2230.0
PA14_54900	458.362361902	1.09212152186e-101	897.0	572.0
PA14_54960	447.160538965	2.99271369567e-99	853.0	534.0
PA14_15400,repC	444.817986176	9.68009352377e-99	1014.0	716.0
PA14_15510,traJ	435.286387881	1.14900603876e-96	1327.0	1102.0
PA14_59110	423.735544557	3.75291975953e-94	6019.0	8059.0
PA14_15450,merD	418.194897664	6.03045564211e-93	2818.0	8322.0
PA14_69510	414.076753451	4.75042553398e-92	4322.0	5434.0
PA14_22160	407.658709228	1.18513781985e-90	669.0	2941.0
PA14_20530	407.412719185	1.34064981255e-90	2179.0	2279.0
PA14_15445,merE	403.024141068	1.20954846854e-89	2814.0	8250.0
PA14_31050	401.380853422	2.75639530128e-89	5441.0	7221.0
PA14_15560	401.259211421	2.92968697436e-89	1032.0	783.0
PA14_53600	394.047686749	1.08818430792e-87	1052.0	815.0
PA14_23360,wzz	389.676019076	9.7366234378e-87	3767.0	4654.0
PA14_32850	385.082885031	9.73545750918e-86	3127.0	3701.0
PA14_59630	384.438276302	1.34491025037e-85	1840.0	5863.0
PA14_15410	384.436266045	1.34626623925e-85	3085.0	8800.0
PA14_54980	376.933485875	5.78890718611e-84	856.0	603.0
PA14_59610	376.026870853	9.11980842586e-84	1702.0	5497.0
PA14_31260	375.239039626	1.35367413865e-83	2108.0	6473.0
PA14_31000	372.246009891	6.06976783157e-83	4247.0	5444.0
PA14_23350,orfA	367.220442451	7.5404285542e-82	2679.0	3081.0
PA14_13900	354.211215885	5.12983161823e-79	3769.0	4759.0
PA14_15500,traK	353.988120656	5.73698443835e-79	870.0	643.0
PA14_48980	353.182261007	8.59341950614e-79	3355.0	4128.0
PA14_23420	352.29563932	1.34040556502e-78	3248.0	3968.0
PA14_13870	347.508199118	1.47832531494e-77	4188.0	5430.0
PA14_13950	346.889240179	2.01632323488e-77	4081.0	5265.0
PA14_13890	341.426345407	3.12061243675e-76	2793.0	3312.0
PA14_55090	340.661603231	4.57915765109e-76	1526.0	1498.0
PA14_59570	340.117079746	6.01689909878e-76	2414.0	2755.0
PA14_10790,ampC	336.219127977	4.24903808097e-75	5931.0	14903.0
PA14_54910	335.718311065	5.4621475677e-75	797.0	577.0
PA14_13920	335.002675555	7.82028101553e-75	2293.0	2590.0
PA14_58720	325.700223193	8.30429665483e-73	2607.0	3074.0
PA14_31030	317.34487034	5.48596948439e-71	4486.0	6001.0
PA14_59120	311.91470971	8.35838063243e-70	1052.0	917.0
PA14_31010	311.333554647	1.11871836554e-69	4955.0	6772.0
PA14_58740	309.350755899	3.02453503413e-69	3759.0	4882.0
PA14_69540	307.159058877	9.0805812506e-69	2713.0	3280.0
PA14_54890	307.048893088	9.59650828695e-69	971.0	821.0
PA14_13880	304.643595123	3.20710967858e-68	2350.0	2744.0
PA14_23410,orfJ	303.064832173	7.08041605951e-68	1507.0	1537.0
PA14_15470,merP	300.811895443	2.19223689662e-67	3663.0	9716.0
PA14_08250	297.288524918	1.28386473493e-66	5390.0	7530.0
PA14_69520	294.091869393	6.38257819995e-66	4444.0	6018.0
PA14_54870	293.536586018	8.43299882302e-66	918.0	772.0
PA14_31040	292.356240936	1.52461356177e-65	4641.0	6340.0
PA14_54860	291.34747641	2.52904006245e-65	732.0	548.0
PA14_55020	291.011138552	2.99391645523e-65	537.0	328.0
PA14_46540	289.774423783	5.56810473257e-65	1137.0	1059.0
PA14_08200	289.720654909	5.72035762652e-65	5976.0	8519.0
PA14_15370	288.74866068	9.31566419435e-65	538.0	331.0
PA14_03166	287.10903858	2.12071033644e-64	1376.0	1385.0
PA14_59340,pilT2	285.53341809	4.67530287599e-64	6882.0	10034.0
PA14_59350,pilV2	283.58738919	1.24125014856e-63	8131.0	12130.0
PA14_51560	281.326232983	3.86001853786e-63	2646.0	3248.0
PA14_59560	281.176647357	4.16088948275e-63	1817.0	2018.0
PA14_59090	280.54441017	5.71426181932e-63	7781.0	11559.0
PA14_54940	279.541799207	9.45031568013e-63	1168.0	1116.0
PA14_53650	277.877450184	2.17842542501e-62	6674.0	9726.0
PA14_55030	276.224611708	4.9927324185e-62	539.0	343.0
PA14_23390,orfE	274.732269685	1.05575756811e-61	1598.0	1718.0
PA14_59620	272.928146114	2.61062847101e-61	1759.0	5243.0
PA14_55050	268.217975715	2.77522601515e-60	1361.0	1398.0
PA14_08140,XR2	267.973616613	3.13730494744e-60	4672.0	11758.0
PA14_53660	267.238178291	4.53782272371e-60	7526.0	11202.0
PA14_59360,pilM2	265.995512436	8.46629954331e-60	5700.0	8172.0
PA14_53590	264.599815328	1.70568699684e-59	1552.0	1673.0
PA14_46550	263.248240787	3.36119554445e-59	1023.0	949.0
PA14_15540,trbL	261.606150928	7.66333235885e-59	1272.0	1287.0
PA14_15600	258.513185871	3.61917534316e-58	1960.0	2278.0
PA14_33680,fpvA	257.019134442	7.6610414151e-58	5381.0	7688.0
PA14_08320	255.931692849	1.32231949867e-57	5081.0	7201.0
PA14_15380,repA	252.445399471	7.60905473298e-57	1147.0	1132.0
PA14_59290,pilQ2	250.694609366	1.83235407728e-56	7662.0	11521.0
PA14_59100	249.309027255	3.67348935816e-56	8776.0	13416.0
PA14_30980	248.393497184	5.81669391245e-56	1316.0	1372.0
PA14_49540	246.806846068	1.2900115931e-55	5602.0	8099.0
PA14_27990	244.623939664	3.85939693201e-55	6146.0	9012.0
PA14_55040	243.664047513	6.24891008497e-55	633.0	483.0
PA14_63440	243.009233959	8.68110209966e-55	3104.0	4072.0
PA14_15475,merT	241.947450937	1.4793852856e-54	4612.0	11471.0
PA14_59440	241.753900503	1.63035661384e-54	6874.0	10244.0
PA14_31060	239.331089257	5.5024835703e-54	5167.0	7416.0
PA14_08010,gpV	239.289297594	5.61915884929e-54	6603.0	15716.0
PA14_30990	237.868309477	1.1468792127e-53	1184.0	1208.0
PA14_35720	235.58530403	3.60863435718e-53	1663.0	1895.0
PA14_59310,pilR2	234.678492821	5.68964156898e-53	7371.0	11120.0
PA14_59250,pilN2	231.496900014	2.81124151915e-52	7625.0	11568.0
PA14_59280,pilP2	230.54635031	4.53099200168e-52	6691.0	9997.0
PA14_14430	229.993985948	5.97935239674e-52	6644.0	9921.0
PA14_08130,gpU	229.551265928	7.46800171776e-52	6107.0	14594.0
PA14_59270,pilO2	229.346092354	8.27846470564e-52	7137.0	10755.0
PA14_23440,orfL	229.321850229	8.37985820659e-52	1838.0	2168.0
PA14_35710	228.891713239	1.04002536363e-51	1630.0	1862.0
PA14_55080	228.365856385	1.35433926002e-51	1196.0	1242.0
PA14_23400	225.917039859	4.63235823666e-51	1517.0	1704.0
PA14_14420	224.443251003	9.7104686154e-51	5243.0	7611.0
PA14_59200	222.490598307	2.58901259669e-50	8427.0	12987.0
PA14_15590	220.748509562	6.21034607092e-50	2360.0	2983.0
PA14_59180	219.700844541	1.0510835086e-49	7691.0	11750.0
PA14_59320,pilS2	217.004472896	4.07196829562e-49	7921.0	12158.0
PA14_59020	216.747355825	4.6333143707e-49	5634.0	8299.0
PA14_59130	216.725609354	4.68420124733e-49	6888.0	10406.0
PA14_59240,pilL2	212.674648657	3.58385498621e-48	7098.0	10785.0
PA14_32820	211.529684222	6.36997454189e-48	4440.0	6346.0
PA14_15620	211.1337938	7.77154261095e-48	3651.0	5061.0
PA14_08030	209.557124923	1.71588851902e-47	7000.0	16332.0
PA14_08110	209.54367602	1.72752072814e-47	5908.0	14029.0
PA14_59000	206.263350496	8.9769943877e-47	5622.0	8333.0
PA14_08090,gpFII	206.013168689	1.01793087887e-46	6489.0	15230.0
PA14_31230	205.568201059	1.2729368218e-46	2269.0	2888.0
PA14_08120	204.680042876	1.98883710899e-46	6991.0	16275.0
PA14_08260	204.628365016	2.04115144427e-46	5997.0	8971.0
PA14_08000	204.372198784	2.32150931335e-46	6288.0	14794.0
PA14_08150,gpD	201.207946491	1.13824252354e-45	6902.0	16061.0
PA14_59070	199.527320646	2.64838858702e-45	8411.0	13109.0
PA14_10110	198.17037953	5.23727042791e-45	1465.0	1691.0
PA14_59760,cupD5	196.573356317	1.16851383383e-44	327.0	184.0
PA14_54920	194.228153777	3.7972425284e-44	1067.0	1126.0
PA14_15630	190.591493907	2.36168369017e-43	3933.0	5607.0
PA14_59060	190.142057438	2.96021348326e-43	6390.0	9717.0
PA14_08280	188.469790225	6.86040435487e-43	6304.0	9581.0
PA14_53620	188.280622523	7.54471368739e-43	5943.0	8971.0
PA14_59210	187.946176294	8.92583604469e-43	6777.0	10388.0
PA14_63450	187.808642915	9.56469685702e-43	1315.0	1495.0
PA14_53630	187.264918065	1.2570790657e-42	4613.0	6746.0
PA14_14540	186.717297853	1.65541208398e-42	2861.0	3884.0
PA14_46520	185.761160115	2.67689877929e-42	1012.0	1065.0
PA14_48890	183.962611943	6.61107576234e-42	5713.0	8607.0
PA14_59160	182.993636224	1.07601210003e-41	5795.0	8751.0
PA14_59410	182.778295244	1.19903211269e-41	5712.0	8612.0
PA14_58930	181.245027438	2.59170388357e-41	5487.0	8241.0
PA14_59150	179.263660428	7.01770164768e-41	7835.0	12256.0
PA14_08040,gpI	178.686935755	9.37823675189e-41	6992.0	16067.0
PA14_59220	177.277875116	1.90456218538e-40	4906.0	7286.0
PA14_08100	176.944881754	2.25168444683e-40	6206.0	14410.0
PA14_03285	175.535413534	4.5739048038e-40	2593.0	3497.0
PA14_08070,gpFI	171.964700063	2.75467562296e-39	7536.0	17141.0
PA14_08020,gpW	170.572823145	5.54699023963e-39	5982.0	13890.0
PA14_60090	169.357018647	1.02235458772e-38	466.0	367.0
PA14_03265	167.81880576	2.21604555947e-38	3041.0	4248.0
PA14_60280,fimU	167.151678643	3.09954828436e-38	7742.0	12180.0
PA14_10080	166.541012269	4.21394091731e-38	1525.0	1860.0
PA14_59480	164.749583022	1.03756010069e-37	5347.0	8098.0
PA14_55000	164.005347005	1.50866774367e-37	578.0	514.0
PA14_14550	164.003229016	1.5102758972e-37	3463.0	4954.0
PA14_01130	163.908167727	1.58424738429e-37	3334.0	8224.0
PA14_54950	163.55123193	1.89582565743e-37	914.0	970.0
PA14_28750	163.259430343	2.19556081207e-37	4362.0	10419.0
PA14_53640	163.246596836	2.20978030377e-37	3787.0	5492.0
PA14_08240	162.248266071	3.6513210203e-37	6835.0	10652.0
PA14_35840	162.018541301	4.0986242698e-37	4445.0	6594.0
PA14_59370	159.939238385	1.16660553567e-36	8667.0	13836.0
PA14_38190	159.57209628	1.40326891232e-36	6242.0	14344.0
PA14_46530	159.571087948	1.40398095302e-36	820.0	846.0
PA14_34170	159.131319403	1.75165154977e-36	5479.0	12745.0
PA14_59710,cupD1	159.078715132	1.79862865925e-36	447.0	356.0
PA14_15650	157.724437244	3.5551098627e-36	4441.0	6610.0
PA14_59380	156.601976037	6.25351388758e-36	6718.0	10489.0
PA14_58920	156.455263341	6.73260886343e-36	6173.0	9555.0
PA14_15660	155.344796114	1.1771878698e-35	3975.0	5843.0
PA14_10120	154.993326889	1.40492150675e-35	1944.0	2541.0
PA14_49720	154.03226256	2.27865323088e-35	4208.0	6239.0
PA14_46510	152.684883182	4.48891801187e-35	975.0	1079.0
PA14_49480	152.193249893	5.74896824619e-35	2027.0	2681.0
PA14_59430	151.532507386	8.01680022201e-35	6854.0	10758.0
PA14_03400	151.15382417	9.69990448597e-35	1239.0	1470.0
PA14_41290	151.065361386	1.01415048037e-34	4898.0	11462.0
PA14_59030	149.301652463	2.4637928124e-34	5266.0	8052.0
PA14_54970	148.417890135	3.84399796737e-34	1221.0	1450.0
PA14_10050	148.39262119	3.8932000689e-34	1297.0	1564.0
PA14_58960	147.061638941	7.6077575618e-34	5248.0	8035.0
PA14_59550	144.914375846	2.24223205002e-33	1193.0	1417.0
PA14_10070	144.877321536	2.28444963169e-33	1682.0	2164.0
PA14_46460	144.141243032	3.30910289876e-33	1694.0	2185.0
PA14_15610	143.75750517	4.01429219447e-33	1870.0	2462.0
PA14_58990	143.699857699	4.13250029278e-33	6819.0	10753.0
PA14_58980	142.652068625	7.00333774046e-33	5758.0	8934.0
PA14_59230	141.328063844	1.36397472376e-32	2905.0	4139.0
PA14_23430	139.514707211	3.39889173894e-32	1772.0	2322.0
PA14_08330	138.46455561	5.76756822395e-32	5287.0	8155.0
PA14_03330	138.3774105	6.02630157961e-32	3041.0	4376.0
PA14_35850	137.964569023	7.41887401265e-32	4201.0	6314.0
PA14_01220	134.897361157	3.47685592561e-31	911.0	1025.0
PA14_31190	134.545306908	4.15139087441e-31	4056.0	9563.0
PA14_50310	134.224796668	4.87867631001e-31	4035.0	6055.0
PA14_51580	133.599475514	6.68479603005e-31	7591.0	12169.0
PA14_08050	132.903848622	9.48983823488e-31	7773.0	17266.0
PA14_28820	132.181823501	1.36524398104e-30	1751.0	4584.0
PA14_59510	130.604838921	3.0214548941e-30	5012.0	7735.0
PA14_59600	130.039280533	4.01748234729e-30	1135.0	3187.0
PA14_03250	129.565774828	5.09981949981e-30	3195.0	4673.0
PA14_60120,dcd2	129.198998132	6.13487559812e-30	643.0	656.0
PA14_38180	128.586477649	8.35274825492e-30	4297.0	6530.0
PA14_13960	127.95227966	1.14974425707e-29	1312.0	1643.0
PA14_43090	127.176639404	1.69953377106e-29	1992.0	5088.0
PA14_50320	126.820336381	2.03376140802e-29	4008.0	6051.0
PA14_59470	125.642692144	3.68143500195e-29	6071.0	9590.0
PA14_08060	125.096091079	4.84888923194e-29	7032.0	15668.0
PA14_03163	124.526709289	6.46036847089e-29	2102.0	2902.0
PA14_59490	123.771726225	9.45148057115e-29	4453.0	6824.0
PA14_58970	123.014031271	1.38466217181e-28	6508.0	10367.0
PA14_31220	121.596900221	2.82843655529e-28	1528.0	1998.0
PA14_50330	121.468194713	3.0180109656e-28	4232.0	6462.0
PA14_35730	120.863354982	4.09380226534e-28	1616.0	2139.0
PA14_15480,merR	119.972972677	6.41284750126e-28	5172.0	11781.0
PA14_59140	119.710286664	7.32083804068e-28	7381.0	11915.0
PA14_35810	118.861588398	1.12298350191e-27	6527.0	10432.0
PA14_18960	117.931636175	1.79468351036e-27	3818.0	8936.0
PA14_08230	115.20920196	7.08182224043e-27	5846.0	9277.0
PA14_42360,pscB	114.68520133	9.22366852639e-27	7241.0	11712.0
PA14_18970,pldA	114.00196378	1.30179499705e-26	5001.0	11374.0
PA14_59720,cupD2	113.68662567	1.52619050174e-26	588.0	608.0
PA14_10780	113.572966987	1.61622921668e-26	6705.0	14883.0
PA14_04710	113.120912711	2.03009648795e-26	3043.0	7263.0
PA14_59770,rcsB	112.439463418	2.8627358917e-26	668.0	723.0
PA14_59500	111.210988519	5.31968448422e-26	5012.0	7864.0
PA14_59010	109.696841274	1.14183656798e-25	5670.0	9013.0
PA14_63740	107.523714015	3.41791223313e-25	4242.0	6566.0
PA14_60310,pilY1	107.090244118	4.25352742631e-25	8026.0	13158.0
PA14_51630	105.779855866	8.23989867316e-25	8292.0	18037.0
PA14_59580	103.421850407	2.708707815e-24	2350.0	3398.0
PA14_28390	97.3460908124	5.82094612279e-23	9080.0	15119.0
PA14_42490,pcrR	97.330858177	5.8658995431e-23	6826.0	11134.0
PA14_39540	97.1945232165	6.28402351696e-23	6640.0	14581.0
PA14_60030	96.8611290226	7.43643732489e-23	8222.0	13602.0
PA14_10830	96.7545349804	7.84776374697e-23	4817.0	10838.0
PA14_43100	96.1262449073	1.07786440257e-22	4113.0	9375.0
PA14_39530	95.9493954618	1.17857830229e-22	6727.0	14745.0
PA14_59735,cupD3	95.4752963848	1.4974832631e-22	689.0	790.0
PA14_60070	94.4922159901	2.46058092613e-22	1577.0	2173.0
PA14_03270	93.9121610528	3.29841345365e-22	3879.0	6033.0
PA14_33980	93.7940950179	3.50114777867e-22	4064.0	9253.0
PA14_10130	93.4143438367	4.24165594242e-22	8708.0	14499.0
PA14_31150	93.0580184368	5.07835998767e-22	4254.0	6684.0
PA14_39520	92.9880532142	5.2610959758e-22	7380.0	16040.0
PA14_59800	91.8917561574	9.15496066727e-22	705.0	822.0
PA14_49500	91.8065845546	9.5575913651e-22	8172.0	13564.0
PA14_53570	91.4127093996	1.16624994016e-21	3763.0	8607.0
PA14_59170	91.3561035868	1.2000936631e-21	405.0	396.0
PA14_15460,merA	91.3496367994	1.20402204795e-21	5358.0	11899.0
PA14_35830,tnpT	91.0541451432	1.39794004117e-21	5732.0	9269.0
PA14_33970	90.7449793997	1.6343541423e-21	4158.0	9421.0
PA14_03380	88.5358677348	4.99214393541e-21	2598.0	3887.0
PA14_37810,pcoB	88.4171258921	5.30098708193e-21	5373.0	8663.0
PA14_51570	88.4054805881	5.33228655727e-21	8400.0	14004.0
PA14_10090	87.64924828	7.81542457209e-21	1999.0	2892.0
PA14_40110	86.5808733063	1.34138198411e-20	5255.0	11640.0
PA14_59890	86.0167058988	1.7842195842e-20	6415.0	10513.0
PA14_15580	85.8484499017	1.9426762802e-20	2271.0	3353.0
PA14_06090	85.7986437736	1.99222754008e-20	4784.0	10666.0
PA14_13210	85.6813318113	2.11399257628e-20	1647.0	4092.0
PA14_59750,cupD4	85.5405249162	2.2700140289e-20	455.0	475.0
PA14_42520,pcr3	84.8536734534	3.21283334954e-20	6062.0	9902.0
PA14_42580,pscO	84.5657770123	3.71642730876e-20	7012.0	11581.0
PA14_36820	83.9772321667	5.00505725824e-20	6195.0	13531.0
PA14_10840	83.2949440634	7.06801490362e-20	4332.0	9712.0
PA14_58910	82.6293362749	9.89771326069e-20	6025.0	9857.0
PA14_23450,orfM	82.3729061738	1.12687941265e-19	3862.0	6083.0
PA14_03370	80.9285733062	2.34025290516e-19	2951.0	4529.0
PA14_13050	80.3275083267	3.17222015054e-19	5171.0	11404.0
PA14_07300	79.2057042259	5.59682503613e-19	4585.0	7362.0
PA14_59870	78.6362570835	7.46663665059e-19	6293.0	10367.0
PA14_60080	78.0269470695	1.01644412177e-18	912.0	1175.0
PA14_49030	77.8321051359	1.12181876517e-18	927.0	1199.0
PA14_46610	77.7733662245	1.15568018401e-18	1802.0	4375.0
PA14_38395	77.1388908606	1.59348425635e-18	8276.0	17656.0
PA14_28240	76.9764937604	1.7300486608e-18	4254.0	9491.0
PA14_08270	76.7634377354	1.92712539077e-18	6458.0	10677.0
PA14_60290,pilW	76.6993455519	1.99069326414e-18	9607.0	16292.0
PA14_31160	76.3953965459	2.32191910997e-18	4054.0	9074.0
PA14_60010	75.9894342732	2.85186598111e-18	6786.0	11266.0
PA14_60300,pilX	75.7078087092	3.28904347612e-18	9308.0	15768.0
PA14_59400	75.6862103805	3.32521745211e-18	7853.0	13167.0
PA14_40100	75.5534872947	3.55641271661e-18	5896.0	12829.0
PA14_60150	75.3664073986	3.90985798124e-18	7580.0	12684.0
PA14_39100	74.909116584	4.9288879903e-18	7939.0	13329.0
PA14_39480	74.4999371806	6.06401982979e-18	1493.0	2119.0
PA14_35800	74.4146223381	6.33182689955e-18	5960.0	9819.0
PA14_03360	74.3777445756	6.4512201143e-18	3075.0	4783.0
PA14_39790	73.8668766594	8.35668731687e-18	10009.0	17049.0
PA14_60050	73.5934030054	9.59849468533e-18	8601.0	14527.0
PA14_51620	73.4593923093	1.02728006358e-17	8518.0	18093.0
PA14_42530,pcr2	73.0115043786	1.28896312241e-17	5932.0	9783.0
PA14_08220	72.8881687195	1.37208236329e-17	6408.0	10627.0
PA14_06080,creD	71.7503930114	2.44215301447e-17	5416.0	11811.0
PA14_24500,pelC	71.7255563385	2.47308647643e-17	3516.0	7921.0
PA14_03340	71.723401004	2.47578930438e-17	2804.0	4336.0
PA14_42300,pscG	71.2365971829	3.16855970111e-17	7545.0	12667.0
PA14_42410	71.2315221933	3.17672029885e-17	8625.0	14598.0
PA14_54930	70.8300660839	3.89357913095e-17	1383.0	1955.0
PA14_03300	69.7890675243	6.59976598317e-17	8663.0	18333.0
PA14_28300	69.6382714076	7.12410980061e-17	4672.0	7594.0
PA14_30940,trbB	69.6049868268	7.24534857905e-17	4408.0	9733.0
PA14_38410,amrB	69.2468693773	8.68787260893e-17	9186.0	19372.0
PA14_29750	68.8743612962	1.04940258437e-16	5498.0	11945.0
PA14_27290	68.5723461732	1.22307256593e-16	6124.0	10167.0
PA14_42630,pscS	68.4011661931	1.33398649791e-16	7414.0	12465.0
PA14_41280	68.1006253984	1.5536138269e-16	7537.0	16051.0
PA14_60040	67.5687699961	2.03464995042e-16	9573.0	16346.0
PA14_03210	67.5112978161	2.09483248546e-16	7919.0	16810.0
PA14_51640	67.4546002564	2.1559486646e-16	9431.0	16092.0
PA14_60110	66.8392669185	2.94571695117e-16	693.0	870.0
PA14_33060	66.3711181653	3.73535403335e-16	6358.0	13655.0
PA4704-PA4705,prrH	66.3683411818	3.7406202013e-16	4285.0	9448.0
PA14_51660	66.2610304408	3.94991143775e-16	7942.0	13434.0
PA14_42600,pscP	66.2298297517	4.0129328974e-16	8054.0	13635.0
PA14_35820,tnpS	66.1660610967	4.1448839401e-16	5989.0	9952.0
PA14_44530,ygdE	66.1146389088	4.25444221521e-16	4843.0	7926.0
PA14_71340	66.1143649321	4.25503363206e-16	7769.0	13126.0
PA14_33650,pvdD	65.6122072743	5.48976690846e-16	7607.0	12842.0
PA14_33250	65.1967438417	6.77814319231e-16	2988.0	4696.0
PA14_59780,rcsC	65.0967493146	7.13096084644e-16	924.0	1237.0
PA14_33050	64.929271251	7.76352259494e-16	7834.0	16604.0
PA14_40210	64.4384547837	9.95952361696e-16	6984.0	11742.0
PA14_36620	64.039330074	1.2196002353e-15	6584.0	14081.0
PA14_54170,putA	63.7111613007	1.44066033363e-15	10790.0	18594.0
PA14_59980	62.8363863037	2.24610768132e-15	5830.0	9704.0
PA14_42610,pscQ	62.4448945886	2.74005211335e-15	8011.0	13604.0
PA14_50250,fliS	62.0873901412	3.28548531147e-15	7751.0	13142.0
PA14_48230	61.6115747165	4.18352122667e-15	2023.0	3068.0
PA14_13200	61.2859683276	4.93585522097e-15	3467.0	7721.0
PA14_49530	61.1495437233	5.29000278536e-15	7555.0	12802.0
PA14_59860	61.0958270091	5.43632467338e-15	4842.0	7971.0
PA14_36220,gltJ	60.6822692827	6.70715413056e-15	7289.0	12331.0
PA14_37040,cupA2	60.4877497634	7.40378056944e-15	5559.0	9247.0
PA14_28250	60.1894242536	8.61538656509e-15	5338.0	11519.0
PA14_37320	59.4157603535	1.27642727307e-14	8411.0	17679.0
PA14_55460,hxcZ	58.9452251103	1.62122789636e-14	4159.0	6787.0
PA14_06430	58.4121266537	2.12576668774e-14	7373.0	12509.0
PA14_42290,psCH	58.0227816557	2.59099723889e-14	8519.0	14574.0
PA14_03350	58.0210199312	2.59331867325e-14	3558.0	5741.0
PA14_06420	56.9221071345	4.53419964467e-14	6762.0	11432.0
PA14_59900	56.7519572506	4.94398552965e-14	7055.0	11959.0
PA0836.1,P5	55.9762097953	7.3353287609e-14	5129.0	8530.0
PA14_28830	55.6098143027	8.83812860449e-14	1491.0	3560.0
PA14_36560	54.4691341645	1.57908660033e-13	6779.0	14344.0
PA14_37550	54.4453535894	1.59831162858e-13	5205.0	8681.0
PA14_33160	54.4118997646	1.62575397858e-13	8383.0	17547.0
PA14_36370	54.3050983332	1.71655879229e-13	5567.0	11908.0
PA14_35360,kguE	53.4863246466	2.6039920699e-13	7491.0	12783.0
PA14_71190	53.1397252882	3.10646093424e-13	6848.0	11632.0
PA14_59790,pvrR	52.9818621808	3.3664265933e-13	602.0	771.0
PA14_54110	52.8474206943	3.60491759118e-13	5328.0	8917.0
PA14_36530	52.5013360236	4.29955737466e-13	6176.0	13108.0
PA14_37790,pcoA	51.7013266664	6.46190710655e-13	6256.0	10588.0
PA14_03320	51.5638364812	6.93065155126e-13	3020.0	4854.0
PA14_54150,putP	51.5332637421	7.03942306025e-13	11088.0	19320.0
PA14_28560	51.4327253616	7.40930862518e-13	9886.0	17139.0
PA14_50240	51.2908534271	7.96458644558e-13	8495.0	14623.0
PA14_59970	51.2399518523	8.1738051706e-13	7458.0	12753.0
PA14_35740,tpnA	51.1822878735	8.41747109379e-13	6099.0	10313.0
PA14_42260,pscK	50.2391952282	1.36102026676e-12	8277.0	14244.0
PA14_61080,dctP	50.1502262533	1.42414710017e-12	9982.0	17333.0
PA14_21600	50.0629340168	1.48893122015e-12	7255.0	12403.0
PA14_63460	49.8235971557	1.68208742199e-12	6758.0	11512.0
PA14_27220,ohr	49.8047421521	1.69832990465e-12	7242.0	12383.0
PA14_59990	49.5886174922	1.8961060202e-12	7156.0	12231.0
PA14_40320,xqhA	49.5814637506	1.90303251406e-12	8393.0	14463.0
PA14_40330	49.4447000636	2.04043035038e-12	6248.0	10601.0
PA14_13320	49.386107479	2.10229166379e-12	10281.0	17888.0
PA14_03290	49.335645561	2.15707093384e-12	8994.0	18680.0
PA14_13290	49.2769072263	2.22263637277e-12	10906.0	19026.0
PA14_39220	48.9994593523	2.56033070877e-12	3617.0	5923.0
PA14_30890	48.4273109216	3.42761192716e-12	1337.0	1985.0
PA14_49520,pyoS3A	48.1144491269	4.0205279742e-12	6809.0	14312.0
PA14_17350	47.87924765	4.53294261696e-12	8391.0	14484.0
PA14_03390	47.1489645779	6.57913984191e-12	1550.0	2351.0
PA14_42570,pscN	46.8459093769	7.6793219924e-12	8355.0	14434.0
PA14_51940	46.3856032097	9.71265331128e-12	9971.0	17373.0
PA14_40060	46.3713224977	9.78370059343e-12	4864.0	8161.0
PA14_42620,pscR	46.3506306908	9.88756722869e-12	8325.0	14387.0
PA14_30860,trbG	46.1615879131	1.0889106467e-11	4599.0	9854.0
PA14_47860	46.1326499291	1.10511346077e-11	5142.0	8660.0
PA14_62260	45.9973171781	1.18415037908e-11	10432.0	18218.0
PA14_42550,popN	45.670187183	1.39936447777e-11	7473.0	12856.0
PA14_50280,flaG	45.6518829972	1.41250224008e-11	8855.0	15358.0
PA14_59950	45.4323207239	1.58005339997e-11	7418.0	12760.0
PA14_42480,pcrG	44.9293478077	2.04273282913e-11	7491.0	12899.0
PA14_61950	44.7334399185	2.25768359741e-11	8921.0	15492.0
PA14_35760	44.3932461953	2.68612180925e-11	5569.0	9445.0
PA14_09850,opdN	43.930503554	3.40244687497e-11	7665.0	13228.0
PA14_59880	43.6379156419	3.95109371105e-11	6583.0	11278.0
PA14_58950	42.1515195002	8.44682877923e-11	5295.0	8981.0
PA14_13810,narJ	42.043598531	8.92609181577e-11	8565.0	14888.0
PA14_42320,pscE	41.9368351843	9.42699357446e-11	8634.0	15015.0
PA14_34740	41.8610525913	9.79952695177e-11	3897.0	6488.0
PA14_01190	41.5436029038	1.15271056817e-10	8660.0	17883.0
PA14_18140,mmsB	41.4397658041	1.21559288219e-10	8899.0	18354.0
PA14_33260,pvdS	41.3441740098	1.2765134547e-10	5341.0	11279.0
PA14_24630	41.3272983488	1.28758143326e-10	8085.0	14028.0
PA14_20500	41.2329642723	1.35124394819e-10	5754.0	12103.0
PA14_08610,5S-rRNA	40.886522023	1.61329933808e-10	5647.0	9629.0
PA14_32140,antC	40.838231634	1.65366087124e-10	2799.0	6145.0
PA14_42250,pscL	40.7284041124	1.74925965333e-10	9232.0	16122.0
PA14_00320	40.630537245	1.83909946292e-10	9130.0	15938.0
PA14_06800	40.6080566065	1.86038019935e-10	9060.0	15811.0
PA14_13220	40.4037943073	2.06539605263e-10	3201.0	6958.0
PA14_55960,pctC	40.3794506726	2.09129149153e-10	11170.0	19663.0
PA14_67860	40.2573136021	2.2262037867e-10	9371.0	16383.0
PA14_35770	39.5145033892	3.25631964245e-10	5656.0	9663.0
PA14_21590	39.2952179382	3.6433251871e-10	6808.0	11745.0
PA14_35750,tpnC	39.1203850171	3.98461766273e-10	3671.0	6115.0
PA14_28110	38.8286012766	4.62698413549e-10	6744.0	11636.0
PA14_33270,pvdG	38.483570199	5.52165713495e-10	4062.0	8674.0
PA14_37400	38.4571736553	5.59684749053e-10	7169.0	12411.0
PA14_37440	38.3968983274	5.77240672756e-10	7041.0	12180.0
PA14_33800	38.2347218839	6.27262760483e-10	7267.0	12592.0
PA14_49580	37.8322476919	7.70967584184e-10	5138.0	8753.0
PA14_21670	37.5810380146	8.76928383746e-10	7225.0	14971.0
PA14_66100	37.4912584026	9.18236025512e-10	9895.0	17387.0
PA14_36780	37.4703222507	9.28145587126e-10	7173.0	14866.0
PA14_49920	37.1844413267	1.07467802557e-09	9749.0	17126.0
PA14_42540,pcr1	37.1178302855	1.11202236641e-09	6382.0	11006.0
PA14_42400,exsB	37.0939779514	1.12570839541e-09	9879.0	17365.0
PA14_33040,gcvT2	36.9246791212	1.22781922068e-09	9742.0	19932.0
PA14_05420,CHpD	36.9228291415	1.22898477572e-09	10827.0	19101.0
PA14_54230	36.7935846247	1.31321675241e-09	10777.0	19012.0
PA2570.1a,tRNA-Leu	36.7841782794	1.31956814573e-09	3143.0	5202.0
PA14_51600	36.5018836599	1.52518789416e-09	8058.0	14056.0
PA14_39470	36.3202606409	1.67414393411e-09	2611.0	4267.0
PA14_31130	36.2440928704	1.74086881634e-09	2352.0	5184.0
PA14_04690	36.227202647	1.75602213907e-09	10372.0	18282.0
PA14_55100	36.1648930724	1.81307545938e-09	7934.0	13836.0
PA14_10420,tyrS	36.143994484	1.83262382939e-09	8971.0	15725.0
PA14_37060,cupA1	36.0827052451	1.89117884426e-09	6881.0	11925.0
PA14_39090	36.0808160936	1.89301317743e-09	11272.0	19932.0
PA14_33520	36.0092038936	1.96387700025e-09	4695.0	9910.0
PA14_32250	35.7474694459	2.24623548407e-09	3127.0	5184.0
PA14_33630,pvdJ	35.7390777448	2.25593187248e-09	7298.0	12687.0
PA14_26920	35.5277338729	2.51444890669e-09	10591.0	18696.0
PA14_13300	35.5127802301	2.53382625172e-09	10481.0	18495.0
PA14_55140	35.2047153371	2.96804029863e-09	6451.0	11159.0
PA14_03200	35.1489067522	3.05432827903e-09	9616.0	19648.0
PA14_46620	35.1315470352	3.08167772641e-09	2498.0	5470.0
PA14_63700	35.0144117975	3.27274061804e-09	6674.0	11566.0
PA14_36580,glgB	35.0016434733	3.29427162371e-09	7764.0	15992.0
PA14_37000,cupA5	34.8322119659	3.59378024577e-09	5581.0	9591.0
PA14_44460	34.6759686145	3.89409100485e-09	9872.0	17397.0
PA14_03110	34.6662762466	3.91352749685e-09	7326.0	12755.0
PA14_02960	34.6303605442	3.98640152786e-09	7759.0	13543.0
PA14_28020	34.5061591948	4.24904666328e-09	6775.0	11757.0
PA14_42310,pscF	34.4534732815	4.36563053135e-09	9149.0	16080.0
PA14_10380	34.3252882801	4.66283462617e-09	5684.0	11857.0
PA14_31280	34.2551715061	4.83389191152e-09	5463.0	9386.0
PA14_46280	34.0204934252	5.45346542709e-09	7094.0	14649.0
PA14_36410	33.9495075356	5.65610000861e-09	4963.0	10415.0
PA14_28850	33.8328268586	6.00568894286e-09	9075.0	18556.0
PA14_42640,pscT	33.8090778212	6.0794520805e-09	7858.0	13737.0
PA14_42350,pscC	33.681820363	6.49044310136e-09	9115.0	16032.0
