feature	score	p-value	#I-out-of-2	#O-out-of-474
CCCCCCCCC	0.000703664127342	0.978837262909	0.00139785085704	0.16480517906
CCCCCCCC	0.000681346434168	0.979175492462	0.00143883164148	0.173114230389
CCCCCCC	0.00054514081503	0.981372483624	0.00157308665954	0.208195439694
AAAAAAAAA	0.000386811372045	0.984308600461	0.00039615325809	0.0360697563111
ATACTACAC	0.000237238277904	0.987711036019	1.62214986899e-05	0.000217720427275
ACTAGTTTA	0.00021901020902	0.988192542554	1.29325967519e-05	0.000150697819807
AAAAAAAA	0.000197748653632	0.98878026716	0.000480386124838	0.0604248313124
CCCCCC	0.000165400539062	0.989738837866	0.00245919869749	0.449696769783
GAGG	0.000163639981098	0.989793591951	0.108732023058	24.7868814556
CGCC	0.000153103727998	0.990127620025	0.343492240548	83.1482199713
GGGG	0.00014476831419	0.990400108127	0.062859640663	14.1982354011
GGAG	0.000136822679764	0.990667259204	0.0805967813777	18.3288045451
CACC	0.000131834236157	0.990838963305	0.136826071517	33.4522203326
GGTG	0.000130418763737	0.990888273799	0.151031971327	34.7558541589
ATACACTAG	0.000125630902965	0.991057082821	1.13917777908e-05	0.00019871079245
CGAG	0.000123156405958	0.991145589541	0.162841479891	37.5443360436
GTATAGTAC	0.000118664659717	0.991308551295	1.11413469065e-05	0.000200545316568
CAGC	0.000118554793443	0.991312575578	0.215008097363	52.1701341439
CGCCC	0.000116055554497	0.991404629003	0.0586313163232	14.529054463
CCAC	0.000115508935433	0.991424894115	0.0928032242251	22.7857647545
TTAGCACAA	0.000114870779727	0.991448613587	1.61815294473e-05	0.000413764333021
TATACACTA	0.000111636644619	0.991569848716	1.13060541873e-05	0.000217751463335
ATAACATAT	0.00010859280682	0.991685565227	2.1098413854e-05	0.000698085018645
CATAACATA	0.000107775184357	0.99171692397	1.85574159044e-05	0.000558589430391
AGTTTACTA	0.000106710324985	0.99175794404	1.40188548007e-05	0.000338139919229
GCCC	0.000103303536003	0.991890572829	0.145991194938	35.5345600454
GGGC	0.000101843380708	0.991948086633	0.1591032868	36.7634476026
GGGCG	0.000101540239519	0.99196007859	0.0675232250033	15.3930379552
CTCG	9.85994612363e-05	0.992077355014	0.149870131307	36.4439519348
GTGG	9.80886817417e-05	0.992097902015	0.103232509769	23.7218851376
GGCG	9.35814729916e-05	0.992281583214	0.366442015619	85.4670171805
CCGC	9.07925023627e-05	0.992397464045	0.243983609108	58.9527359937
GCAC	8.88797818511e-05	0.992477969013	0.095616061062	23.3639749991
ATTGTACAA	8.44445724367e-05	0.992668044511	1.32243269646e-05	0.000368864770956
GCCCC	8.32374301344e-05	0.992720637144	0.0203574869267	5.14390589054
CCTC	8.29881035722e-05	0.992731547196	0.0973639408775	23.7602620873
CCCCACGTG	8.29857557478e-05	0.99273165001	4.70982455854e-05	0.00318694748462
GGGGGGGGG	8.24993608761e-05	0.992752981298	3.09399974543e-05	0.0325864079502
CCAGC	8.24292269343e-05	0.992756062268	0.0833452767893	20.3851814075
GGAGG	8.05960381433e-05	0.992837063937	0.023033728075	5.14480841443
GAGT	7.92724866118e-05	0.992896120857	0.0374630909114	8.47875367346
GCGAG	7.88493393928e-05	0.992915105563	0.051384823169	11.7093990601
ACACTATAT	7.81965005327e-05	0.992944495708	1.79045876633e-05	0.000670796628774
CGCCA	7.72675224607e-05	0.9929865297	0.0709375912955	17.3774721806
ATTAGTATG	7.6136142162e-05	0.993038064679	1.32027358715e-05	0.000399649624581
TGGGGATGA	7.54623080511e-05	0.993068940271	0.000142170061373	0.0164618840073
ACTAAGATG	7.50318619798e-05	0.993088735844	1.00657834598e-05	0.000247103565538
CTCGC	7.4500124573e-05	0.993113268223	0.0453630684331	11.1965734056
CCACC	7.43173093813e-05	0.993121722849	0.043535979926	10.754125156
CTAATATTA	7.38649929097e-05	0.993142685862	1.26849764996e-05	0.000381024459627
GTATTACGG	7.31614882823e-05	0.993175418388	1.85924697405e-05	0.00075172567777
CGAGTTAGT	7.29249834602e-05	0.993186457759	1.28398838713e-05	0.000393378945112
TGATACTAC	7.26450468722e-05	0.993199547563	1.3055695397e-05	0.000406512917493
GGGGC	7.24604350749e-05	0.993208193796	0.024448656055	5.48668971648
GTGTATACA	7.20880262966e-05	0.993225669026	1.65713445797e-05	0.000622667777582
GTTCCCCAC	7.10062504028e-05	0.993276688832	0.000109638014951	0.0118170580321
CACG	7.06230372126e-05	0.993294855446	0.0761419770996	18.6048226338
CACGTGCGT	7.05717779576e-05	0.993297289178	6.26049097683e-05	0.00533548172598
CCGCC	7.01050994034e-05	0.993319487332	0.0913319024514	22.2549900996
ACTATGTTA	6.89358594585e-05	0.993375430374	9.92436296383e-06	0.000258382532954
GCCA	6.71080594867e-05	0.993463841962	0.173555888889	41.9512680551
CTAGTGTAT	6.65804252065e-05	0.993489587229	1.01816750718e-05	0.000278553046841
GAGC	6.50781122789e-05	0.993563454785	0.125120680141	28.9835578587
TGTATTAGT	6.47045378041e-05	0.99358195515	1.01816750718e-05	0.000285103252481
CCCGC	6.34762756565e-05	0.993643161388	0.0455121953296	11.1976576861
GGGGGGGG	6.3308397793e-05	0.993651572849	5.94699923471e-05	0.0379868709986
TTCCCCACG	6.30139221084e-05	0.993666354435	0.000108023836913	0.0120994336986
CGAGG	6.22422836271e-05	0.99370525248	0.0626166290294	14.3785911489
GGTGG	6.12748543101e-05	0.993754362558	0.0492449120148	11.2656838329
TGGT	6.07780878399e-05	0.993779730828	0.0972759497813	22.4840747853
GTGAAACTA	6.05932792594e-05	0.993789194856	1.61623824857e-05	0.000676527422365
GCCAC	5.96733378446e-05	0.993836521184	0.0350270848402	8.65192724667
AATTACTAG	5.95317735867e-05	0.993843836252	1.21976164411e-05	0.00042037462829
GGCGAG	5.90656341988e-05	0.993867984811	0.0251723430012	5.68316443228
CTCGCC	5.88191620365e-05	0.993880791931	0.0214902243348	5.36726342542
GGCGG	5.8193127244e-05	0.993913442943	0.100159691108	23.171317981
GTGATACTA	5.81815774884e-05	0.99391404697	9.89961791007e-06	0.000295178244946
GTGTTCCCC	5.77795745534e-05	0.993935108314	0.000136153998914	0.016965405387
ACTAGATTA	5.76673953762e-05	0.993940998562	6.26632123119e-06	0.000128410757814
GGGGATGAA	5.7608444557e-05	0.993944096218	0.000162394809514	0.0213496503651
GCTG	5.74829001259e-05	0.99395069842	0.228323054487	53.2589358595
AAAAAAA	5.74744883793e-05	0.993951141039	0.000870319252848	0.159523806285
GAATTACTA	5.70080014158e-05	0.993975738117	1.67181775662e-05	0.000747955142938
ATCTAATCA	5.66042258009e-05	0.99399710991	1.43086911917e-05	0.000576315812887
GCACC	5.59538573723e-05	0.994031694749	0.0427413466768	10.5036733355
TAACACAAT	5.57159496931e-05	0.994044396213	1.22462844466e-05	0.000445048209925
ACTATAGTT	5.55556382072e-05	0.994052970254	1.55506285122e-05	0.000673480421761
AGGAG	5.54807449595e-05	0.994056980057	0.0183827542587	4.12334749149
GGGGG	5.54123279281e-05	0.994060645488	0.0104255996115	2.29679780307
CGTATTAAT	5.53339111189e-05	0.99406484944	1.38328269183e-05	0.000552686118397
TCCCCACGT	5.52637423052e-05	0.994068613741	5.01119594109e-05	0.00431516718621
CAGCAC	5.51606612888e-05	0.994074147997	0.0133972689624	3.38596087933
TTAGTGGGT	5.51409860812e-05	0.994075204915	1.9100979467e-05	0.000956422234743
CGCCCC	5.51155830183e-05	0.994076569803	0.00809814269137	2.08459455344
GAGGC	5.4757866246e-05	0.994095823168	0.0343768831078	7.82789442761
CCCC	5.46343009734e-05	0.99410248842	0.055338743731	13.5347690838
GTGC	5.46319820002e-05	0.99410261358	0.104279925547	24.1539053469
TGTTCCCCA	5.44196090397e-05	0.994114087099	0.00013281189011	0.0167292832001
TGTGGGGAT	5.36186043921e-05	0.994157564408	4.71634601683e-05	0.00400333264568
GAGGAG	5.35274923344e-05	0.994162530344	0.00687059262034	1.49050543247
