feature	score	p-value	#I-out-of-2	#O-out-of-424
,,group_331	212.0	5.02958444225e-48	1.0	0.0
,,group_2244	212.0	5.02958444225e-48	1.0	0.0
,,group_5164	212.0	5.02958444225e-48	1.0	0.0
,,group_13461	212.0	5.02958444225e-48	1.0	0.0
,,group_36724	212.0	5.02958444225e-48	1.0	0.0
,,group_36729	212.0	5.02958444225e-48	1.0	0.0
,,group_17384	212.0	5.02958444225e-48	1.0	0.0
,,group_12152	212.0	5.02958444225e-48	1.0	0.0
,,cbdB_2	212.0	5.02958444225e-48	1.0	0.0
,,group_35877	212.0	5.02958444225e-48	1.0	0.0
,,group_35866	212.0	5.02958444225e-48	1.0	0.0
,,group_36720	212.0	5.02958444225e-48	1.0	0.0
,,group_36728	212.0	5.02958444225e-48	1.0	0.0
,,group_13208	212.0	5.02958444225e-48	1.0	0.0
,,group_36727	212.0	5.02958444225e-48	1.0	0.0
,,group_2541	212.0	5.02958444225e-48	1.0	0.0
,,group_36726	212.0	5.02958444225e-48	1.0	0.0
,,group_35867	212.0	5.02958444225e-48	1.0	0.0
,,group_2609	105.002358491	1.21990549728e-24	1.0	1.0
,,group_35035	105.002358491	1.21990549728e-24	1.0	1.0
,,group_35874	105.002358491	1.21990549728e-24	1.0	1.0
,,group_35873	105.002358491	1.21990549728e-24	1.0	1.0
,,group_35869	105.002358491	1.21990549728e-24	1.0	1.0
,,group_10277	105.002358491	1.21990549728e-24	1.0	1.0
,,group_35037	105.002358491	1.21990549728e-24	1.0	1.0
,,group_35036	105.002358491	1.21990549728e-24	1.0	1.0
,,group_12118	105.002358491	1.21990549728e-24	1.0	1.0
,,group_35872	105.002358491	1.21990549728e-24	1.0	1.0
,,group_2775	105.002358491	1.21990549728e-24	1.0	1.0
,,group_35876	105.002358491	1.21990549728e-24	1.0	1.0
,,group_2242	105.002358491	1.21990549728e-24	1.0	1.0
,,group_8382	105.002358491	1.21990549728e-24	1.0	1.0
,,group_8403	105.002358491	1.21990549728e-24	1.0	1.0
,,group_3877	105.002358491	1.21990549728e-24	1.0	1.0
,,glgB_2	105.002358491	1.21990549728e-24	1.0	1.0
,,group_35875	105.002358491	1.21990549728e-24	1.0	1.0
,,group_12552	105.002358491	1.21990549728e-24	1.0	1.0
,,group_19190	105.002358491	1.21990549728e-24	1.0	1.0
,,group_35868	105.002358491	1.21990549728e-24	1.0	1.0
,,group_762	105.002358491	1.21990549728e-24	1.0	1.0
,,group_3187	91.1367924528	1.34075370452e-21	2.0	7.0
,,group_2987	69.3396226415	8.28875885491e-17	1.0	2.0
,,group_6859	69.3396226415	8.28875885491e-17	1.0	2.0
,,group_2286	69.3396226415	8.28875885491e-17	1.0	2.0
,,group_35038	69.3396226415	8.28875885491e-17	1.0	2.0
,,group_17383	69.3396226415	8.28875885491e-17	1.0	2.0
,,group_6156	69.3396226415	8.28875885491e-17	1.0	2.0
,,group_19053	69.3396226415	8.28875885491e-17	1.0	2.0
,,group_10658	69.3396226415	8.28875885491e-17	1.0	2.0
,,group_17664	69.3396226415	8.28875885491e-17	1.0	2.0
,,group_1819	69.3396226415	8.28875885491e-17	1.0	2.0
,,aaeA_2	69.3396226415	8.28875885491e-17	1.0	2.0
,,group_72	69.3396226415	8.28875885491e-17	1.0	2.0
,,group_35870	69.3396226415	8.28875885491e-17	1.0	2.0
,,group_10560	69.3396226415	8.28875885491e-17	1.0	2.0
,,group_19136	69.3396226415	8.28875885491e-17	1.0	2.0
PA14_52190,rumA,rlmD	69.3396226415	8.28875885491e-17	1.0	2.0
,,group_2950	69.3396226415	8.28875885491e-17	1.0	2.0
,,group_5745	69.3396226415	8.28875885491e-17	1.0	2.0
,,group_5102	69.3396226415	8.28875885491e-17	1.0	2.0
,,group_35871	69.3396226415	8.28875885491e-17	1.0	2.0
,,group_13527	69.3396226415	8.28875885491e-17	1.0	2.0
,,group_7535	69.3396226415	8.28875885491e-17	1.0	2.0
,,group_9024	51.5106132075	7.12110913933e-13	1.0	3.0
,,group_8347	51.5106132075	7.12110913933e-13	1.0	3.0
,,group_7533	51.5106132075	7.12110913933e-13	1.0	3.0
,,group_24327	51.5106132075	7.12110913933e-13	1.0	3.0
,,group_14792	51.5106132075	7.12110913933e-13	1.0	3.0
,,glpF_2	51.5106132075	7.12110913933e-13	1.0	3.0
,,group_6962	51.5106132075	7.12110913933e-13	1.0	3.0
,,group_4989	51.5106132075	7.12110913933e-13	1.0	3.0
,,group_11965	51.5106132075	7.12110913933e-13	1.0	3.0
,,group_3956	51.5106132075	7.12110913933e-13	1.0	3.0
,,group_6569	51.5106132075	7.12110913933e-13	1.0	3.0
,,group_18771	51.5106132075	7.12110913933e-13	1.0	3.0
,,group_12665	51.5106132075	7.12110913933e-13	1.0	3.0
,,group_8773	51.5106132075	7.12110913933e-13	1.0	3.0
,,group_5843	51.5106132075	7.12110913933e-13	1.0	3.0
,,group_563	51.5106132075	7.12110913933e-13	1.0	3.0
,,group_15839	51.5106132075	7.12110913933e-13	1.0	3.0
,,group_30903	51.5106132075	7.12110913933e-13	1.0	3.0
,,group_24329	40.8150943396	1.67335587268e-10	1.0	4.0
,,ltaS1_3	40.8150943396	1.67335587268e-10	1.0	4.0
,,group_7555	40.8150943396	1.67335587268e-10	1.0	4.0
,,group_29758	40.8150943396	1.67335587268e-10	1.0	4.0
,,group_4896	40.8150943396	1.67335587268e-10	1.0	4.0
,,group_5995	40.8150943396	1.67335587268e-10	1.0	4.0
,,group_34080	40.8150943396	1.67335587268e-10	1.0	4.0
,,group_10812	40.8150943396	1.67335587268e-10	1.0	4.0
,,group_6238	40.8150943396	1.67335587268e-10	1.0	4.0
,,group_10353	40.8150943396	1.67335587268e-10	1.0	4.0
,,group_29757	40.8150943396	1.67335587268e-10	1.0	4.0
,,group_1847	40.8150943396	1.67335587268e-10	1.0	4.0
,,group_7776	40.8150943396	1.67335587268e-10	1.0	4.0
,,group_20819	40.8150943396	1.67335587268e-10	1.0	4.0
,,group_4391	40.8150943396	1.67335587268e-10	1.0	4.0
,,group_24328	40.8150943396	1.67335587268e-10	1.0	4.0
,,group_3234	40.8150943396	1.67335587268e-10	1.0	4.0
,,group_9426	40.8150943396	1.67335587268e-10	1.0	4.0
,,group_13010	40.8150943396	1.67335587268e-10	1.0	4.0
