feature	score	p-value	#I-out-of-1	#O-out-of-425
PA14_28830	51.2209898362	8.25314233928e-13	8.1475777362	417.768485652
PA14_15540,trbL	42.2092480669	8.20112749158e-11	4.18965474203	144.947912044
PA14_13960	30.7347264762	2.95823170848e-08	5.30330490806	289.97604742
PA14_28820	28.9037008986	7.60674349356e-08	7.38461038318	541.594956179
PA14_10120	27.9891622544	1.21996795014e-07	4.81218435537	262.380883838
PA14_10080	19.8505978928	8.37365383279e-06	3.4657359028	191.250309607
PA14_10090	19.1265804737	1.22329309477e-05	3.91202300543	243.747157895
PA14_28840	16.4417076603	5.01691534631e-05	7.84580750264	864.921688983
PA14_60070	13.5116112308	0.000237091885946	3.89182029811	310.462182216
PA14_10110	11.8848366948	0.000565927872918	2.48490664979	157.406974328
PA14_69510	11.8530087582	0.000575682586622	6.63725803128	802.23801587
PA14_31170	11.6412088509	0.000645066684696	4.34380542185	411.593884122
PA14_69520	11.3927969666	0.000737294346903	6.91174730025	873.18403776
PA14_38180	11.026883041	0.000898000127631	7.16472037877	939.12717849
PA14_33330	10.4519384876	0.00122520809525	7.45124168499	1025.11312978
PA14_53670	10.0557998826	0.00151869064487	7.5776338326	1072.25914904
PA14_10050	9.67656891147	0.00186632830865	2.19722457734	147.968581397
PA14_33350	9.53390198221	0.00201710813419	5.96614673912	766.473193277
PA14_33340	9.5302280046	0.00202115008976	7.43484787521	1070.40371375
PA14_69540	9.49453410604	0.00206084906505	3.82864139649	381.014469842
PA14_15660	8.93268818737	0.00280111779489	5.29330482472	660.184515464
PA14_33310	8.49847798987	0.0035544368248	7.50933526602	1148.28958209
PA14_33300	8.43770846417	0.00367519078091	6.47389069635	924.372913431
PA14_33320	8.4365733188	0.00367748567177	7.25559127425	1095.32383324
PA14_30870,trbF	8.3644142756	0.00382639933191	4.8751973232	602.525531468
PA14_15520,trbJ	8.14339561018	0.00432182766484	2.3978952728	194.210748557
PA14_48940,coaB	7.19722993474	0.00730162011068	5.11799381242	703.201647055
PA14_10070	7.11577108609	0.00764087319505	2.19722457734	183.808257209
PA14_31280	6.80139318314	0.0091086769335	6.10031895202	939.421307558
PA14_31130	6.77530462498	0.00924277144943	3.33220451018	373.924213983
PA14_48950	6.74782647607	0.0093861959194	5.78689738137	872.429988256
PA14_15650	6.7089804692	0.0095928554761	5.11198778836	727.393795527
PA14_30890	6.61858014234	0.0100920258326	1.38629436112	87.9323999035
PA14_29330	6.48398661094	0.0108850577134	5.65948221576	860.410067208
PA2570.1a,tRNA-Leu	5.90215637153	0.0151223594874	4.14313472639	565.483056973
PA14_08320	5.83172630311	0.0157396707841	6.10031895202	1007.58194475
PA14_31100	5.72043389686	0.0167685860454	3.40119738166	424.981234874
PA14_03200	5.71875240029	0.0167846528544	0.0	2430.46977012
PA14_31160	4.87664884216	0.0272224217295	5.07517381523	836.363569208
PA14_09450,phzD1	4.75075989886	0.0292853593045	7.20563517641	1385.50044449
PA14_39925,phzD2	4.69765554478	0.0302037910891	6.94119005507	1321.46067938
PA14_31150	4.63325558385	0.0313580074564	3.63758615973	525.356569928
PA14_48280	4.40029354865	0.0359327450451	5.19849703127	904.815472573
PA14_15620	4.17716732799	0.0409721271785	3.4657359028	514.245527458
PA14_09470,phzB1	3.99963614118	0.0455100875579	8.4491284605	1825.3346707
PA14_03190	3.90568114877	0.0481231161568	0.69314718056	2210.34852457
PA14_09460,phzC1	3.87450235593	0.0490248415075	7.68294316988	1625.39446326
PA14_15420	3.86354853543	0.0493458582061	4.06044301055	672.043273779
PA14_08310	3.84802616393	0.0498045699856	7.29979736676	1521.30666957
PA14_03210	3.80731919823	0.0510290615206	0.0	1618.11065925
PA14_28760	3.59704199188	0.05788247662	0.0	1528.74284655
PA14_21010	3.50129385267	0.0613209038296	6.82110747226	1434.4811294
PA14_39945,phzC2	3.49448441626	0.0615735784493	7.66011431917	1674.81088196
PA14_31370,tam	3.43336973897	0.0638916129091	0.0	1459.18213906
PA14_30880,trbL	3.42370248958	0.0642667260199	3.89182029811	666.422308293
PA14_20980	3.40146782568	0.0651384310618	7.30384322528	1586.31482982
PA14_39880,phzG2	3.38382353506	0.0658391501889	7.39141523468	1614.23126814
PA14_20960	3.37112237391	0.0663485396699	6.80461452006	1448.15877815
PA14_36330,hcnA	3.36009675378	0.0667941440144	7.16935001667	1553.89955157
PA14_09480,phzA1	3.35872729252	0.0668497141097	7.45356187164	1636.07517045
PA14_31080	3.35482693552	0.0670082539488	2.19722457734	289.222443283
PA14_31350	3.3066720368	0.0689990928577	0.0	1405.33561564
PA14_51530,exoU	3.30205055948	0.0691934562058	0.0	1403.37148778
PA14_49540	3.25741932948	0.0711009413909	4.29045944115	780.865536488
PA14_48960	3.24506812986	0.0716387121054	2.83321334406	430.789803141
PA14_18970,pldA	3.24080800879	0.0718252073581	0.0	1377.34340374
PA14_32150,antB	3.12907369915	0.0769074273601	0.0	1329.85632214
PA14_09410,phzG1	3.11578473041	0.0775371215879	7.55171221535	1704.00270724
PA14_35820,tnpS	3.11527205279	0.0775615255408	0.0	1323.99062243
PA14_15630	3.08436160366	0.0790482796737	3.78418963392	669.102342799
PA14_21000	3.05483437319	0.0804972018669	6.97821374263	1545.86110975
PA14_30860,trbG	3.03223543969	0.0816254853637	4.43081679884	839.950694465
PA14_31070	2.96968392546	0.0848384288863	4.64439089914	903.353185777
PA14_35830,tnpT	2.93006569355	0.0869439546024	0.0	1245.27791976
PA14_58950	2.92987569409	0.086954187432	0.0	1245.19716999
PA14_15410	2.8602173375	0.0907952300631	3.93182563272	727.860433572
PA14_20170,nosY	2.82665607498	0.0927112177233	1.09861228867	2028.31927045
PA14_55070	2.82101195653	0.0930377297161	0.0	1198.93008152
PA14_55060	2.80286775373	0.0940958695797	0.0	1191.21879533
PA14_51520,spcU	2.7899498018	0.0948571988645	0.0	1185.72866576
PA14_31090	2.74119375748	0.0977916881574	2.3978952728	364.932375809
PA14_43100	2.72017607605	0.0990870844377	0.0	1156.07483232
PA14_03180	2.70790767736	0.0998518783619	1.09861228867	1974.93544045
PA14_20550	2.7058076974	0.0999834329108	0.0	1149.9682714
PA14_59220	2.69745301484	0.100508695121	0.0	1146.41753131
PA14_51550	2.66381819229	0.102654048129	0.0	1132.12273172
PA14_09420,phzF1	2.63695440107	0.104403515438	7.02908756415	1632.03591974
PA14_31360	2.58974727954	0.107557496114	0.0	1100.64259381
PA14_39890,phzF2	2.58935926578	0.107583849136	7.02197642307	1638.61208493
PA14_09400,phzS	2.57747411422	0.108394506205	8.83710041116	2200.18883049
PA14_20940	2.54673662208	0.110522328992	7.07580886398	1662.81323826
PA14_37745	2.3962604594	0.121625682531	6.39692965522	1485.90362041
PA14_20920	2.36692535586	0.123930926102	5.92692602597	1350.73090095
PA14_33510	2.34972855205	0.125304825071	3.78418963392	744.07984805
PA14_39910,phzE2	2.34017491201	0.126075396989	7.60539236481	1866.88917847
PA14_06810,norC	2.32070736102	0.12766196096	2.8903717579	2928.88079824
PA14_30900,trbJ	2.31641711853	0.128014586151	4.02535169074	813.595843046
PA14_55410	2.31272952276	0.128318545035	0.0	982.910047175
PA14_30970,bphR	2.31186284724	0.128390099401	5.29330482472	1173.46651456
PA14_31190	2.29180448814	0.130058637397	5.1239639794	1127.40014429
