feature	score	p-value	#I-out-of-1	#O-out-of-475
AAAAAAAAA	0.000608118564021	0.980326112809	0.000292223327534	0.0361736862416
CAAA	0.000580747117337	0.980773883985	0.0100432543621	3.75185197244
TTTG	0.000396330504108	0.984116722459	0.00995516790452	3.87365148355
AAAAAAAA	0.000394354761981	0.984156356467	0.000352345830328	0.0605528716069
ATCTTAATG	0.000368859618318	0.984676995841	1.73232451864e-05	0.000338026473742
AAAA	0.000334525069157	0.985407483842	0.0141050187951	5.74339872853
AAAG	0.000281206054991	0.986620741605	0.0155451624666	6.4543287698
TTGG	0.000265610128289	0.986997012288	0.0256639195067	11.0103786214
CTTT	0.000257289729417	0.987202278243	0.0157269281728	6.57295061515
TTGA	0.000256138035701	0.987230950833	0.024497822592	10.5046383076
GGGTGTTAA	0.000252153771439	0.987330643862	1.95821170081e-05	0.000610986505602
CCAAA	0.000252097795624	0.987332050062	0.0023210082474	0.793732183116
CCAA	0.000248334027559	0.987426962733	0.0252332746029	10.853027817
GGACCCCCC	0.000247410422057	0.987450363442	1.53014401553e-05	0.000387550334856
CATCTTAAT	0.000241463662081	0.98760209011	1.53646362057e-05	0.000399570768355
CAAT	0.000212546237936	0.988368080491	0.0150166437211	6.33238690232
AAAAAAA	0.000209887567825	0.988441054208	0.000602623225681	0.159791502312
TGAG	0.000200891692344	0.988691460761	0.0230087419995	9.95345299116
TCAAA	0.000198559214834	0.98875729765	0.00205674887466	0.716607376467
CAAAG	0.000192153670222	0.988940117956	0.00324661515088	1.20944689111
CTTG	0.000192087300867	0.988942028025	0.0397955040588	17.6330242732
AATC	0.000190085948562	0.988999781545	0.0152864958848	6.49442571849
ATTG	0.000189426012324	0.989018892099	0.0150026617437	6.36839791197
CTTAATGTA	0.000187957859261	0.989061526933	1.20835870282e-05	0.000317251083941
ACTC	0.000183680036447	0.989186712628	0.0190560369903	8.20456692347
CAGA	0.000182722065637	0.989214945753	0.0279835295563	12.2594783976
CAAAA	0.000180198565751	0.989289674163	0.00232240644514	0.835371129534
GAAT	0.000174544581915	0.989459029114	0.0181220409003	7.80272648324
CTCA	0.000173706397237	0.989484367626	0.02238374761	9.73501311369
AATG	0.00017125858911	0.989558717495	0.0150585896533	6.428816773
TTAC	0.000169174806492	0.989622430262	0.00669457077624	2.71247377427
ATTT	0.000167356132376	0.989678358676	0.0117364718245	4.94697941575
CTATAATAT	0.000166072275112	0.989718023461	1.39661532103e-05	0.000467989324928
TAGGATACT	0.000165371887779	0.989739726593	1.18196891228e-05	0.000342051404079
CATT	0.000165143916784	0.989746800717	0.0149984671505	6.41411603581
CTATCATAC	0.000163719749425	0.98979110477	9.37731352352e-06	0.000221051716315
CTTA	0.00016364941573	0.989793297747	0.00413726711088	1.61088393289
TATG	0.000161350555661	0.989865236577	0.00886177727231	3.67778938459
TTAG	0.000160721585276	0.989885008273	0.00285791617933	1.07116453602
AAAAA	0.000160455688372	0.989893378382	0.00436097874918	1.70999295124
TCAA	0.000155694500414	0.990044446095	0.023870031807	10.457826202
TTTGG	0.000155492801974	0.99005089644	0.0021965686486	0.799963449031
TCTG	0.000154479509081	0.990083365187	0.028130340319	12.406694565
AGAG	0.000152690523146	0.990140950411	0.0192769522331	8.37622607698
CACT	0.000152340138964	0.990152268283	0.0169783151495	7.33530100835
GATT	0.000149216862968	0.990253735045	0.015468261591	6.65959077268
TAAA	0.000149204471486	0.990254139715	0.00422535356846	1.66327118712
TAAG	0.000148891194587	0.990264376022	0.00412048873801	1.61847643169
GCAAA	0.000147778057479	0.990300835127	0.0039638905912	1.55232832733
CTTTG	0.000147751756395	0.990301698237	0.00323263317349	1.24010292265
TTTT	0.000147515604063	0.990309451376	0.0137303018009	5.87930155409
ATAT	0.000147282199714	0.990317120396	0.00836541707482	3.4795949947
TATACTTAC	0.000146779726561	0.990333650926	9.43618718181e-06	0.000247741772973
TTTC	0.000146067858231	0.990357118729	0.0289035436689	12.786239329
ACCACTTAG	0.000145954609171	0.990360857422	1.19232645881e-05	0.00038931924788
ACTCA	0.000144314105811	0.990415178989	0.00290825129795	1.10574348785
CTCT	0.0001441965898	0.990419082091	0.0188812622728	8.21750826747
AAAC	0.000142822583791	0.990464836012	0.0152207805911	6.56189167017
AATTTACCT	0.000141800867622	0.99049900167	1.82307876834e-05	0.000880263488924
GTAA	0.000138668396458	0.990604524354	0.00645967355602	2.65004228358
CTAA	0.000137799387753	0.990634009104	0.00285931437707	1.09063989615
CACTAGTCA	0.000135106715364	0.990725964583	1.52033200517e-05	0.000656412198648
CATA	0.000134382792397	0.990750842706	0.00855836836286	3.58620482648
AGAT	0.000134177080457	0.990757924363	0.0234631562649	10.3325751269
TAGTTAGTC	0.000133090917175	0.990795406003	1.34016956455e-05	0.000526044473154
AAAAAA	0.000132632885779	0.990811257723	0.00147789501054	0.5206347038
GATA	0.000132617437711	0.990811792832	0.0149872815686	6.4793497922
CGCC	0.000130497865114	0.990885511123	0.170623468337	83.3210887436
CGGC	0.000130245090477	0.990894342411	0.177720720062	86.7361892171
GTCCTAGTA	0.000129141593308	0.990932996484	9.15348245767e-06	0.000262883951865
GACTAAGTG	0.000126204108355	0.991036705354	1.30547446721e-05	0.000524470915618
TAATATGGG	0.000126134687292	0.991039170808	1.13828630976e-05	0.000406021932382
ATAA	0.000125857662998	0.991049015949	0.00551449188419	2.25201400943
TACTAGCCT	0.000125735257357	0.991053369564	1.12916726971e-05	0.000401043624657
GTTA	0.00012523832907	0.991071065671	0.00539844147182	2.20189531565
AATA	0.000124889487913	0.991083509233	0.00872615209159	3.67730628549
AAAT	0.000124718775109	0.991089605088	0.0113407818643	4.8502102471
CATACACTA	0.000124535176056	0.991096165746	8.94624725939e-06	0.000260097539156
AGAA	0.000124191683378	0.991108452985	0.0253381394334	11.2210985191
TAGTAAACT	0.000124095132524	0.99111190981	8.99663412671e-06	0.000263753004822
GGACTAGTG	0.000123979702388	0.991116044339	1.12468103099e-05	0.00040301306039
AATCA	0.000122934411191	0.991153573043	0.00278381169914	1.07181154504
TTAGTACAT	0.000122478032878	0.991170008255	1.18196891228e-05	0.000447127671388
CCCCCCC	0.000122227150365	0.991179056146	0.000672533112651	0.209095993241
CCGTAATAC	0.000120788266186	0.991231128775	1.48111992243e-05	0.00068750159609
TAGGGACCA	0.000120472553093	0.991242595731	1.29299932331e-05	0.000536177876147
ATTAATTAG	0.00012040290075	0.991245127584	1.5208859927e-05	0.00072366288059
GCTT	0.000120393483482	0.991245469956	0.0402387327422	18.0950173953
ATGA	0.000120160283467	0.99125395241	0.0251088350041	11.1288103002
TATC	0.000119605978483	0.991274147885	0.0150278293031	6.52850059704
GAGTCTTAG	0.000118762929086	0.991304953372	1.10294252317e-05	0.000403458257663
TTTA	0.000117837517834	0.991338894572	0.00418480583402	1.68068817093
TAATAGCAC	0.000117770664153	0.991341351711	1.2457081438e-05	0.00051015088848
AAGA	0.00011710875224	0.991365717345	0.0242769073492	10.7571071057
TGAA	0.000116815169022	0.991376546477	0.0302891576286	13.5202391841
GCGC	0.000115774000347	0.991415061241	0.171349132963	83.5363705731
CGGCG	0.000114209410323	0.99147326552	0.0753013374531	37.1899726077
ACTTAATGT	0.000114189410108	0.99147401212	1.07428537943e-05	0.000397457436648
CAGT	0.000114139029909	0.991475893082	0.0313657698879	14.0257453433
TTAAGCCTA	0.000114082367612	0.991478009085	1.43204020455e-05	0.00067784163375
