feature	score	p-value	#I-out-of-50	#O-out-of-376
,,group_22336	64.8346580547	8.14538064016e-16	17.0	11.0
,,group_196	62.2579787234	3.01285803504e-15	30.0	42.0
,,group_16673	61.9210778275	3.57502274281e-15	31.0	45.0
,,group_13821	61.9210778275	3.57502274281e-15	31.0	45.0
,,group_6414	61.9210778275	3.57502274281e-15	31.0	45.0
,,group_2233	61.9210778275	3.57502274281e-15	31.0	45.0
,,group_11706	61.9210778275	3.57502274281e-15	31.0	45.0
,,group_1377	61.9210778275	3.57502274281e-15	31.0	45.0
,,group_21825	61.9210778275	3.57502274281e-15	31.0	45.0
,,group_6416	61.9210778275	3.57502274281e-15	31.0	45.0
,,group_11701	61.9210778275	3.57502274281e-15	31.0	45.0
PA14_58910,,soj_3	61.9210778275	3.57502274281e-15	31.0	45.0
,,group_13818	61.9210778275	3.57502274281e-15	31.0	45.0
,,group_9984	61.9210778275	3.57502274281e-15	31.0	45.0
,,group_7165	61.9210778275	3.57502274281e-15	31.0	45.0
,,group_11708	61.9210778275	3.57502274281e-15	31.0	45.0
,,group_11711	61.9210778275	3.57502274281e-15	31.0	45.0
,,group_11709	61.9210778275	3.57502274281e-15	31.0	45.0
,,group_7170	61.9210778275	3.57502274281e-15	31.0	45.0
,,group_11703	60.4688698536	7.47513381224e-15	31.0	46.0
,,topB_1	60.4688698536	7.47513381224e-15	31.0	46.0
,,group_22333	59.6988031915	1.10543746555e-14	15.0	9.0
,,group_9987	59.5693890578	1.18057265457e-14	29.0	41.0
,,group_21831	59.5693890578	1.18057265457e-14	29.0	41.0
,,group_21833	59.5693890578	1.18057265457e-14	29.0	41.0
,,group_21834	59.5693890578	1.18057265457e-14	29.0	41.0
,,group_13822	59.2627947096	1.37960404752e-14	30.0	44.0
,,group_13813	59.0573076923	1.53146143202e-14	31.0	47.0
,,group_4189	58.0689361702	2.53091439259e-14	29.0	42.0
,,group_16672	58.0689361702	2.53091439259e-14	29.0	42.0
,,group_7210	58.0689361702	2.53091439259e-14	29.0	42.0
,,group_16670	58.0689361702	2.53091439259e-14	29.0	42.0
,,group_21830	58.0689361702	2.53091439259e-14	29.0	42.0
,,group_226	58.0689361702	2.53091439259e-14	29.0	42.0
,,group_21827	58.0689361702	2.53091439259e-14	29.0	42.0
,,group_6204	58.0689361702	2.53091439259e-14	29.0	42.0
,,group_21829	58.0689361702	2.53091439259e-14	29.0	42.0
,,group_3756	58.0689361702	2.53091439259e-14	29.0	42.0
,,group_21828	58.0689361702	2.53091439259e-14	29.0	42.0
,,group_14932	58.0689361702	2.53091439259e-14	29.0	42.0
,,group_21832	58.0689361702	2.53091439259e-14	29.0	42.0
,,group_21824	58.0689361702	2.53091439259e-14	29.0	42.0
,,group_15724	57.6848478319	3.07663706561e-14	31.0	48.0
,,group_16681	57.5727378563	3.25708839246e-14	24.0	29.0
,,group_41853	57.2832480053	3.77355705034e-14	27.0	37.0
PA14_34450,,rclR_2	57.1321326076	4.07493153051e-14	21.0	22.0
,,rcdA_2	57.1321326076	4.07493153051e-14	21.0	22.0
,,group_13844	56.8889111389	4.6113875877e-14	28.0	40.0
,,group_16674	56.613856383	5.30367936284e-14	29.0	43.0
,,group_1501	56.613856383	5.30367936284e-14	29.0	43.0
PA14_22470,,yhaJ_4	56.43924972	5.79617514239e-14	30.0	46.0
,,group_9986	56.43924972	5.79617514239e-14	30.0	46.0
,,group_21879	56.1708022323	6.64409075649e-14	26.0	35.0
,,group_11723	56.1708022323	6.64409075649e-14	26.0	35.0
,,tnpR	56.1708022323	6.64409075649e-14	26.0	35.0
,,group_21878	56.1708022323	6.64409075649e-14	26.0	35.0
,,group_21934	55.7246350245	8.3367011055e-14	27.0	38.0
,,group_16671	55.2022850481	1.08742250705e-13	29.0	44.0
,,group_13805	55.0876623377	1.15272210873e-13	30.0	47.0
,,group_16736	55.0829970653	1.15546142283e-13	25.0	33.0
,,group_4776	54.5783939602	1.49368841513e-13	26.0	36.0
,,group_16667	54.5783939602	1.49368841513e-13	26.0	36.0
,,group_21877	54.5783939602	1.49368841513e-13	26.0	36.0
,,group_21936	54.2172823985	1.79501136042e-13	27.0	39.0
,,group_21935	54.2172823985	1.79501136042e-13	27.0	39.0
,,group_21937	54.2172823985	1.79501136042e-13	27.0	39.0
,,group_16710	54.2172823985	1.79501136042e-13	27.0	39.0
,,group_11732	53.8324583094	2.18335761403e-13	29.0	45.0
,,group_11387	53.7877763363	2.23358045825e-13	31.0	51.0
,,group_642	53.7877763363	2.23358045825e-13	31.0	51.0
,,group_16769	53.7032978723	2.33171531543e-13	19.0	19.0
,,group_4782	53.2260243161	2.97293964118e-13	18.0	17.0
,,group_11755	53.0407598784	3.26698215841e-13	26.0	37.0
,,group_21941	53.0407598784	3.26698215841e-13	26.0	37.0
,,rhsC_3	52.9983674304	3.33825711613e-13	23.0	29.0
,,group_16879	52.9125066489	3.48741878142e-13	17.0	15.0
,,group_16709	52.7588948873	3.77111598343e-13	27.0	40.0
,,rapA_3	52.7588948873	3.77111598343e-13	27.0	40.0
,,group_778	52.3516109422	4.64017774807e-13	24.0	32.0
,,group_10000	52.1990881459	5.01494169631e-13	20.0	22.0
,,group_1936	51.8816489362	5.89487912504e-13	25.0	35.0
,,group_21940	51.5553324468	6.96073718737e-13	26.0	38.0
,,group_21970	51.5553324468	6.96073718737e-13	26.0	38.0
,,group_4326	51.5170599613	7.09776370753e-13	32.0	56.0
,,group_16725	51.3473122653	7.73878833147e-13	27.0	41.0
,,hcaR_4	51.3473122653	7.73878833147e-13	27.0	41.0
,,group_16726	51.3473122653	7.73878833147e-13	27.0	41.0
,,recQ_1	51.3473122653	7.73878833147e-13	27.0	41.0
PA14_43080,,group_491	51.2785066238	8.01483744641e-13	23.0	30.0
,,group_10051	50.8768085106	9.83487813842e-13	18.0	18.0
,,group_23272	50.8768085106	9.83487813842e-13	18.0	18.0
,,group_22303	50.8768085106	9.83487813842e-13	18.0	18.0
,,group_22304	50.8768085106	9.83487813842e-13	18.0	18.0
,,group_16720	50.1197021277	1.44647347348e-12	26.0	39.0
,,group_21950	50.1197021277	1.44647347348e-12	26.0	39.0
,,intS_4	50.1197021277	1.44647347348e-12	26.0	39.0
,,group_21942	50.1197021277	1.44647347348e-12	26.0	39.0
,,group_16717	50.1197021277	1.44647347348e-12	26.0	39.0
,,garK_2	49.9804995375	1.55281548331e-12	27.0	42.0
,,group_13849	49.9804995375	1.55281548331e-12	27.0	42.0
