feature	score	p-value	#I-out-of-2	#O-out-of-424
PA14_56140_5013619_C_T_P_S	424.0	3.28706778849e-94	2.0	0.0
intergenic_5152753_GC_G_none_none	424.0	3.28706778849e-94	2.0	0.0
intergenic_5853107_G_A_none_none	424.0	3.28706778849e-94	2.0	0.0
intergenic_1862353_AACT_AGTCGTCGACT,A_none_none	424.0	3.28706778849e-94	2.0	0.0
PA14_36700_3268815_C_G_A_A	424.0	3.28706778849e-94	2.0	0.0
intergenic_1211871_CGCCAGGCCCATCGGGCCAGGCGATGGGGTGCCCTTC_C_none_none	424.0	3.28706778849e-94	2.0	0.0
intergenic_5444346_CCCGC_C_none_none	424.0	3.28706778849e-94	2.0	0.0
PA14_51880,oprD_4607166_G_A_G_D	424.0	3.28706778849e-94	2.0	0.0
PA14_10230,adh_880525_GGCGCGCGCGC_GGCGCGCGC_none_none	424.0	3.28706778849e-94	2.0	0.0
intergenic_1649580_GCCCC_GCCC_none_none	424.0	3.28706778849e-94	2.0	0.0
intergenic_3392608_CG_CACCG_none_none	424.0	3.28706778849e-94	2.0	0.0
intergenic_3444300_TGCGC_TGC_none_none	424.0	3.28706778849e-94	2.0	0.0
PA14_40020_3566396_G_A_P_P	281.33490566	3.84325760478e-63	2.0	1.0
PA14_13030,cioA_1118351_C_T_S_S	281.33490566	3.84325760478e-63	2.0	1.0
PA14_58780,coaE_5238385_G_T_R_M	281.33490566	3.84325760478e-63	2.0	1.0
PA14_69320_6184051_C_T_L_L	281.33490566	3.84325760478e-63	2.0	1.0
PA14_19030_1644218_C_T_V_I	281.33490566	3.84325760478e-63	2.0	1.0
PA14_56060,purU_5006794_C_T_Q_Q	281.33490566	3.84325760478e-63	2.0	1.0
PA14_55330_4912389_G_A_D_D	281.33490566	3.84325760478e-63	2.0	1.0
PA14_62530,cbrA_5578617_G_A_R_R	281.33490566	3.84325760478e-63	2.0	1.0
PA14_13840_1190641_C_T_A_A	281.33490566	3.84325760478e-63	2.0	1.0
PA14_28170,yfdC_2438806_C_T_F_F	281.33490566	3.84325760478e-63	2.0	1.0
PA14_67010_5980614_C_T_R_R	281.33490566	3.84325760478e-63	2.0	1.0
PA14_58840_5241285_C_T_L_L	281.33490566	3.84325760478e-63	2.0	1.0
PA14_21830_1898269_G_A_A_T	281.33490566	3.84325760478e-63	2.0	1.0
PA14_45960,lasR_4085596_T_C_K_E	281.33490566	3.84325760478e-63	2.0	1.0
PA14_08880,rplB_761187_C_T_L_L	281.33490566	3.84325760478e-63	2.0	1.0
intergenic_3808092_C_T_none_none	281.33490566	3.84325760478e-63	2.0	1.0
intergenic_5984593_CC_C_none_none	281.33490566	3.84325760478e-63	2.0	1.0
PA14_57900_5154052_C_T_S_S	281.33490566	3.84325760478e-63	2.0	1.0
PA14_52420,rimO_4653090_C_T_D_D	281.33490566	3.84325760478e-63	2.0	1.0
PA3964-PA3965,P24_1080192_A_G_L_L	281.33490566	3.84325760478e-63	2.0	1.0
intergenic_4010151_C_A_none_none	281.33490566	3.84325760478e-63	2.0	1.0
PA14_16990_1455081_G_T_R_R	281.33490566	3.84325760478e-63	2.0	1.0
PA14_36550_3252070_C_T_V_I	281.33490566	3.84325760478e-63	2.0	1.0
intergenic_1276540_GCGCCGGTGACGCGAGCCTGGCCG_G_none_none	281.33490566	3.84325760478e-63	2.0	1.0
PA14_55810_4984537_G_A_A_A	281.33490566	3.84325760478e-63	2.0	1.0
PA14_33610_2962916_G_C_C_S	281.33490566	3.84325760478e-63	2.0	1.0
intergenic_16747_G_A_none_none	281.33490566	3.84325760478e-63	2.0	1.0
PA14_21190_1834211_G_A_L_L	281.33490566	3.84325760478e-63	2.0	1.0
PA14_64120_5715560_G_A_G_G	281.33490566	3.84325760478e-63	2.0	1.0
PA14_20860_1797203_A_G_N_S	281.33490566	3.84325760478e-63	2.0	1.0
PA14_71850_6403222_C_T_G_S	281.33490566	3.84325760478e-63	2.0	1.0
PA14_14170_1212190_C_T_A_A	281.33490566	3.84325760478e-63	2.0	1.0
PA14_20520_1765469_C_T_A_V	281.33490566	3.84325760478e-63	2.0	1.0
PA14_10550,cysI_910086_A_G_N_S	281.33490566	3.84325760478e-63	2.0	1.0
PA14_12010,proA_1039211_T_C_R_R	281.33490566	3.84325760478e-63	2.0	1.0
PA14_00560,exoT_57776_C_T_A_V	281.33490566	3.84325760478e-63	2.0	1.0
PA14_26160_2284074_T_G_L_W	281.33490566	3.84325760478e-63	2.0	1.0
PA14_21820_1897365_C_T_Y_Y	281.33490566	3.84325760478e-63	2.0	1.0
PA14_68610,hslO_6118925_C_T_D_N	281.33490566	3.84325760478e-63	2.0	1.0
PA14_61090_5448317_C_T_A_A	281.33490566	3.84325760478e-63	2.0	1.0
PA14_24970,yegS_2183843_T_C_V_A	281.33490566	3.84325760478e-63	2.0	1.0
PA14_35250_3135710_G_A_A_T	281.33490566	3.84325760478e-63	2.0	1.0
PA14_58350_5196511_G_A_Q_Q	281.33490566	3.84325760478e-63	2.0	1.0
PA14_43080_3834300_C_A_I_I	281.33490566	3.84325760478e-63	2.0	1.0
PA14_73160_6515140_C_T_L_L	281.33490566	3.84325760478e-63	2.0	1.0
PA14_15680,cumB_1333897_G_A_V_M	281.33490566	3.84325760478e-63	2.0	1.0
PA14_33480,sndH_2947012_G_T_V_V	281.33490566	3.84325760478e-63	2.0	1.0
PA14_45170_4028029_G_A_A_T	281.33490566	3.84325760478e-63	2.0	1.0
PA14_09440,phzE1_809111_G_A_S_S	281.33490566	3.84325760478e-63	2.0	1.0
PA14_03180_280602_C_T_R_R	281.33490566	3.84325760478e-63	2.0	1.0
intergenic_2522990_G_A_none_none	281.33490566	3.84325760478e-63	2.0	1.0
PA14_29490,hplR_2557603_G_A_E_E	281.33490566	3.84325760478e-63	2.0	1.0
PA14_69840_6227900_A_G_G_G	281.33490566	3.84325760478e-63	2.0	1.0
intergenic_4932130_G_C_none_none	281.33490566	3.84325760478e-63	2.0	1.0
PA14_25910_2260889_C_T_A_T	281.33490566	3.84325760478e-63	2.0	1.0
PA14_28280_2445606_G_A_K_K	281.33490566	3.84325760478e-63	2.0	1.0
PA14_23160,gltS_2006985_G_A_R_W	281.33490566	3.84325760478e-63	2.0	1.0
intergenic_4394358_C_T_none_none	281.33490566	3.84325760478e-63	2.0	1.0
PA14_07280,yhiN_626856_G_A_F_F	281.33490566	3.84325760478e-63	2.0	1.0
PA14_41670,ppsA_3718668_G_A_L_L	281.33490566	3.84325760478e-63	2.0	1.0
PA14_72600_6467770_C_A_R_R	281.33490566	3.84325760478e-63	2.0	1.0
PA14_35110,arsB_3125884_G_A_S_S	281.33490566	3.84325760478e-63	2.0	1.0
PA14_42660,pscU_3793741_G_A_L_L	281.33490566	3.84325760478e-63	2.0	1.0
PA14_01250,ychM_123120_C_T_I_I	281.33490566	3.84325760478e-63	2.0	1.0
PA14_24180_2098486_G_A_A_A	281.33490566	3.84325760478e-63	2.0	1.0
PA14_72810_6485788_G_A_G_G	281.33490566	3.84325760478e-63	2.0	1.0
PA14_44190_3932665_C_G_A_A	281.33490566	3.84325760478e-63	2.0	1.0
PA14_16990_1455218_A_G_L_P	281.33490566	3.84325760478e-63	2.0	1.0
PA14_16820_1439106_C_T_S_S	281.33490566	3.84325760478e-63	2.0	1.0
PA14_55400_4929078_C_T_R_H	281.33490566	3.84325760478e-63	2.0	1.0
PA14_62350,phuR_5562082_A_G_E_G	281.33490566	3.84325760478e-63	2.0	1.0
PA14_47540,ompP1_4234410_C_T_G_G	281.33490566	3.84325760478e-63	2.0	1.0
PA14_29090,potF4_2517122_G_C_L_L	281.33490566	3.84325760478e-63	2.0	1.0
intergenic_6044448_C_A_none_none	281.33490566	3.84325760478e-63	2.0	1.0
PA14_53630_4757533_A_C_H_P	281.33490566	3.84325760478e-63	2.0	1.0
PA14_54370,lepA_4821358_C_T_L_L	281.33490566	3.84325760478e-63	2.0	1.0
PA14_58750,pilB_5235198_A_T_D_V	281.33490566	3.84325760478e-63	2.0	1.0
PA14_47100,ilvA2_4196683_G_A_A_V	281.33490566	3.84325760478e-63	2.0	1.0
PA14_23540,act_2051135_C_T_L_L	281.33490566	3.84325760478e-63	2.0	1.0
PA14_23200,yciK_2010398_C_T_Q_Q	281.33490566	3.84325760478e-63	2.0	1.0
PA14_67340,codB_6015072_G_A_A_A	281.33490566	3.84325760478e-63	2.0	1.0
PA14_00680_68468_G_T_H_N	281.33490566	3.84325760478e-63	2.0	1.0
PA14_68955_6151594_C_T_A_A	281.33490566	3.84325760478e-63	2.0	1.0
PA14_47380,hxuC_4221015_G_A_P_S	281.33490566	3.84325760478e-63	2.0	1.0
PA14_11460,thiL_993010_G_A_G_D	281.33490566	3.84325760478e-63	2.0	1.0
PA14_53140_4709367_C_T_L_L	281.33490566	3.84325760478e-63	2.0	1.0
PA14_33630,pvdJ_2972455_G_A_V_M	281.33490566	3.84325760478e-63	2.0	1.0
PA14_18070_1550828_C_T_G_G	281.33490566	3.84325760478e-63	2.0	1.0
