feature	score	p-value	#I-out-of-1	#O-out-of-425
,,group_27076	425.0	1.99137139773e-94	1.0	0.0
,,group_27078	425.0	1.99137139773e-94	1.0	0.0
,,group_27081	425.0	1.99137139773e-94	1.0	0.0
,,group_18157	425.0	1.99137139773e-94	1.0	0.0
,,group_27014	425.0	1.99137139773e-94	1.0	0.0
,,group_27109	425.0	1.99137139773e-94	1.0	0.0
,,uacT_2	425.0	1.99137139773e-94	1.0	0.0
,,group_27145	425.0	1.99137139773e-94	1.0	0.0
,,group_27138	425.0	1.99137139773e-94	1.0	0.0
,,group_27074	425.0	1.99137139773e-94	1.0	0.0
,,cynR_8	425.0	1.99137139773e-94	1.0	0.0
,,group_27088	425.0	1.99137139773e-94	1.0	0.0
,,group_27137	425.0	1.99137139773e-94	1.0	0.0
,,group_27056	425.0	1.99137139773e-94	1.0	0.0
,,group_27122	425.0	1.99137139773e-94	1.0	0.0
,,group_27121	425.0	1.99137139773e-94	1.0	0.0
,,dpp5_1	425.0	1.99137139773e-94	1.0	0.0
,,group_27132	425.0	1.99137139773e-94	1.0	0.0
,,group_27053	425.0	1.99137139773e-94	1.0	0.0
,,group_27068	425.0	1.99137139773e-94	1.0	0.0
,,group_27096	425.0	1.99137139773e-94	1.0	0.0
,,group_3416	425.0	1.99137139773e-94	1.0	0.0
,,group_27134	425.0	1.99137139773e-94	1.0	0.0
,,group_27089	425.0	1.99137139773e-94	1.0	0.0
,,group_27111	425.0	1.99137139773e-94	1.0	0.0
,,group_27124	425.0	1.99137139773e-94	1.0	0.0
,,group_27113	425.0	1.99137139773e-94	1.0	0.0
,,group_27093	425.0	1.99137139773e-94	1.0	0.0
,,efe_4	425.0	1.99137139773e-94	1.0	0.0
,,group_27131	425.0	1.99137139773e-94	1.0	0.0
,,group_27106	425.0	1.99137139773e-94	1.0	0.0
,,group_27087	425.0	1.99137139773e-94	1.0	0.0
,,group_27075	425.0	1.99137139773e-94	1.0	0.0
,,group_27147	425.0	1.99137139773e-94	1.0	0.0
,,group_27133	425.0	1.99137139773e-94	1.0	0.0
,,group_27097	425.0	1.99137139773e-94	1.0	0.0
,,group_27065	425.0	1.99137139773e-94	1.0	0.0
,,group_27128	425.0	1.99137139773e-94	1.0	0.0
,,group_27139	425.0	1.99137139773e-94	1.0	0.0
,,group_27015	425.0	1.99137139773e-94	1.0	0.0
,,group_27079	425.0	1.99137139773e-94	1.0	0.0
,,group_27105	425.0	1.99137139773e-94	1.0	0.0
,,group_18158	425.0	1.99137139773e-94	1.0	0.0
,,group_27112	425.0	1.99137139773e-94	1.0	0.0
,,group_27084	425.0	1.99137139773e-94	1.0	0.0
,,group_27103	425.0	1.99137139773e-94	1.0	0.0
,,group_27125	425.0	1.99137139773e-94	1.0	0.0
,,group_27091	425.0	1.99137139773e-94	1.0	0.0
,,group_18159	425.0	1.99137139773e-94	1.0	0.0
,,group_27143	425.0	1.99137139773e-94	1.0	0.0
,,group_27144	425.0	1.99137139773e-94	1.0	0.0
,,group_27127	425.0	1.99137139773e-94	1.0	0.0
,,group_27067	425.0	1.99137139773e-94	1.0	0.0
,,group_27135	425.0	1.99137139773e-94	1.0	0.0
,,group_27115	425.0	1.99137139773e-94	1.0	0.0
,,group_27118	425.0	1.99137139773e-94	1.0	0.0
,,group_27072	425.0	1.99137139773e-94	1.0	0.0
,,group_14573	425.0	1.99137139773e-94	1.0	0.0
,,group_27057	425.0	1.99137139773e-94	1.0	0.0
,,group_27116	425.0	1.99137139773e-94	1.0	0.0
,,group_27107	425.0	1.99137139773e-94	1.0	0.0
,,efe_3	425.0	1.99137139773e-94	1.0	0.0
,,group_27146	425.0	1.99137139773e-94	1.0	0.0
,,group_27108	425.0	1.99137139773e-94	1.0	0.0
,,group_27082	425.0	1.99137139773e-94	1.0	0.0
,,group_27158	425.0	1.99137139773e-94	1.0	0.0
,,group_27119	425.0	1.99137139773e-94	1.0	0.0
,,sigB	425.0	1.99137139773e-94	1.0	0.0
,,group_27016	425.0	1.99137139773e-94	1.0	0.0
,,group_27034	425.0	1.99137139773e-94	1.0	0.0
,,group_27073	425.0	1.99137139773e-94	1.0	0.0
,,group_27101	425.0	1.99137139773e-94	1.0	0.0
,,group_27150	425.0	1.99137139773e-94	1.0	0.0
,,group_27064	425.0	1.99137139773e-94	1.0	0.0
,,group_27148	425.0	1.99137139773e-94	1.0	0.0
,,group_27123	425.0	1.99137139773e-94	1.0	0.0
,,group_27126	425.0	1.99137139773e-94	1.0	0.0
,,group_27071	425.0	1.99137139773e-94	1.0	0.0
,,group_27024	425.0	1.99137139773e-94	1.0	0.0
,,group_27162	425.0	1.99137139773e-94	1.0	0.0
,,group_27117	425.0	1.99137139773e-94	1.0	0.0
,,group_27141	425.0	1.99137139773e-94	1.0	0.0
,,group_27033	211.501176471	6.46185297787e-48	1.0	1.0
,,group_27100	211.501176471	6.46185297787e-48	1.0	1.0
,,group_27044	211.501176471	6.46185297787e-48	1.0	1.0
,,group_27054	211.501176471	6.46185297787e-48	1.0	1.0
,,group_27029	211.501176471	6.46185297787e-48	1.0	1.0
,,group_27051	211.501176471	6.46185297787e-48	1.0	1.0
,,group_18156	211.501176471	6.46185297787e-48	1.0	1.0
,,group_27055	211.501176471	6.46185297787e-48	1.0	1.0
,,group_27026	211.501176471	6.46185297787e-48	1.0	1.0
,,group_27041	211.501176471	6.46185297787e-48	1.0	1.0
,,group_27039	211.501176471	6.46185297787e-48	1.0	1.0
,,group_18145	211.501176471	6.46185297787e-48	1.0	1.0
PA14_69060,yhhJ,yhhJ_2	211.501176471	6.46185297787e-48	1.0	1.0
,,group_27019	211.501176471	6.46185297787e-48	1.0	1.0
,,group_27037	211.501176471	6.46185297787e-48	1.0	1.0
,,group_27036	211.501176471	6.46185297787e-48	1.0	1.0
,,group_4809	211.501176471	6.46185297787e-48	1.0	1.0
,,group_27021	211.501176471	6.46185297787e-48	1.0	1.0
