feature	score	p-value	#I-out-of-1	#O-out-of-475
CCCCCCCC	0.00109880982411	0.973556325688	0.00100081848237	0.173552243548
CCCCCCC	0.00108472825987	0.973726252051	0.00113136002355	0.20863716633
CCCCCCCCC	0.000963319295052	0.975239724754	0.000928520616607	0.165274509301
CCCCCC	0.000578762454538	0.980806757708	0.00169059353946	0.450465374941
GTGACTAGT	0.000279165596135	0.986669366056	1.1561700944e-05	0.000199646449132
CAAA	0.000235621215928	0.987752986309	0.00653997005064	3.75535525675
TTTG	0.000225899403692	0.988008286256	0.00680266475696	3.8768039867
CTAA	0.000145563720511	0.990373772994	0.00171960277083	1.09177960776
TTGG	0.00013610622841	0.990691724909	0.0214104243772	11.0146321166
CCCCCCCCG	0.000131977819851	0.990833976135	3.37461919158e-05	0.00277053171024
GATT	0.000129194297298	0.990931146585	0.0126786457339	6.66238038853
TAGTGTGAT	0.000128195269171	0.990966276749	9.83145787662e-06	0.000303301869584
TAAG	0.000117416368087	0.991354385158	0.00277682809198	1.61982009234
TAAA	0.000116320508507	0.991394823391	0.00286546741006	1.66463107328
CAAT	0.000114883176254	0.991448152196	0.0120984611065	6.33530508493
CATATACTA	0.000114489294165	0.991462824419	9.20272925756e-06	0.000296165982021
CCCCC	0.000113764046862	0.991489906272	0.00549080284931	2.25836823542
TGAG	0.000113228504687	0.991509959699	0.0194200687802	9.95704166438
TGTATGGTA	0.000111794979173	0.991563872803	6.27301085692e-06	0.000145041161161
CCAA	0.000109695752328	0.991643449789	0.0212718247162	10.8569892668
ATTG	0.000104312817993	0.991851055685	0.0122290026477	6.37117157106
TTAA	0.000103814882223	0.991870527712	0.00186142567976	1.11930963924
AATG	0.000100209589383	0.992012930759	0.0123740488045	6.43150131385
CCCCCCCCT	0.000100053954258	0.992019135305	3.2877150379e-05	0.00320730586133
TTGA	9.83646824183e-05	0.992086792777	0.0206465146177	10.5084896156
GATG	9.20358078347e-05	0.99234558836	0.0529644099912	26.2300150994
CGCC	9.00895963269e-05	0.992426949357	0.179373747323	83.3123384646
CTTG	8.97519951557e-05	0.99244115185	0.0353042345809	17.6375155426
CTTTG	8.95355779784e-05	0.992450270328	0.00212895525798	1.24120660057
CAAAC	8.90149825752e-05	0.992472250235	0.00177117473772	1.05243357509
TTTA	8.87056465078e-05	0.992485341077	0.00297989271159	1.68189308406
TCCCCCCCC	8.5685068745e-05	0.992614388923	2.72320327179e-05	0.00259816311652
TTTGA	8.51715515798e-05	0.992636552817	0.00118132036647	0.733533629318
AAAG	8.51510317191e-05	0.99263743986	0.0125174833374	6.45735644893
TCAA	8.4690719976e-05	0.992657366627	0.0206561843615	10.4610400494
TTTGG	8.28871943529e-05	0.992735967449	0.00131186190764	0.800848155772
ATTT	8.17348873983e-05	0.992786635475	0.00949568840275	4.94922019918
CCAAA	7.85792909816e-05	0.992927248057	0.00131025028368	0.79474294108
ATGA	7.75834220107e-05	0.992972207802	0.0220856948186	11.1318334404
GCCTTAGGT	7.61752696601e-05	0.993036276033	1.04223120388e-05	0.000529721293544
CTTA	7.52841999594e-05	0.99307712433	0.00288803014557	1.61213316986
GCAAA	7.39157078232e-05	0.993140332245	0.00277843971594	1.5535137782
TATAGCTTA	7.36674512415e-05	0.993151861243	8.89181390421e-06	0.000407319564683
TCAAA	7.23200378054e-05	0.993214776633	0.0011797087425	0.717484416599
CTAG	7.16722657217e-05	0.993245231949	0.0030765901495	1.70233596275
TTTT	6.99674263904e-05	0.993326050028	0.0114505882725	5.88158126762
GCCCCCCCC	6.94433481237e-05	0.993351091432	3.43845395547e-05	0.00433178906781
TCTG	6.93804138976e-05	0.993354104889	0.0247787184644	12.4100461869
TTAG	6.92682173813e-05	0.993359480546	0.00186142567976	1.07216102652
CTTT	6.92152394701e-05	0.993362020384	0.0128639824899	6.57581356084
GTAGTATAG	6.85671190265e-05	0.993393171257	5.65838976328e-06	0.000186438712238
GTAA	6.83753630252e-05	0.9934024159	0.00496380181271	2.65153815532
TTAATATGT	6.80057823559e-05	0.993420270196	8.78254079794e-06	0.000425639391909
CATT	6.72412973257e-05	0.993457356808	0.0125545506886	6.41655995227
TGTG	6.69649657464e-05	0.993470814012	0.0132491606176	6.75742458426
AAAT	6.61025261703e-05	0.993512993916	0.00939254446898	4.8521584845
TATCTTACA	6.53691816246e-05	0.993549077062	5.65838976328e-06	0.000194534163343
GCCTAAAGT	6.49647652597e-05	0.993569062395	1.07040347451e-05	0.000631780759445
AAAAAAAAA	6.43938025921e-05	0.993597384282	6.44649586066e-06	0.0364594630733
TAGGTAACT	6.37560973841e-05	0.993629165704	1.34952183202e-05	0.000965428018633
AATC	6.26552658021e-05	0.993684404382	0.0127511688124	6.49696104557
CTAGTAAAC	6.23724408776e-05	0.993698674459	8.57451714325e-06	0.000437507918352
CGCCG	6.19332197284e-05	0.993720899882	0.0796110006312	36.7739906722
GTGT	6.14120411606e-05	0.993747375003	0.0149397541571	7.56666052086
CAAAG	6.12299814634e-05	0.993756649835	0.00215312961746	1.21054037665
TGTTAGACT	6.08419912895e-05	0.993776461688	5.73898775559e-06	0.000212814907323
AAAC	6.02661014693e-05	0.99380598506	0.012905884713	6.56420656605
AAGT	5.91190397612e-05	0.993865213291	0.0148140474878	7.49592538353
GTATATTAG	5.90325551322e-05	0.993869702102	8.37910895646e-06	0.000438843603484
TAAAC	5.84627170415e-05	0.99389936099	0.00049315693334	0.330058464094
GGTATATTA	5.82330242754e-05	0.993911356879	8.25512259639e-06	0.000431903020014
AATGTAATC	5.74305044465e-05	0.993953455965	1.01561050695e-05	0.000633582348889
AAAA	5.71219189591e-05	0.993969722175	0.0112652515165	5.74623849581
TAAT	5.64088961878e-05	0.994007476039	0.00306208553381	1.66596216936
ACTAGTTCC	5.62865757712e-05	0.994013976716	8.34766238576e-06	0.000453014120968
TAGTGTATC	5.62613601248e-05	0.994015317671	5.50836300654e-06	0.000211009401794
TGAC	5.42338909525e-05	0.994124138944	0.0263758378139	13.1102566459
GTTT	5.41068783673e-05	0.994131023313	0.0134812344686	6.82274783553
TATG	5.3971884359e-05	0.994138349158	0.00709920356655	3.67955195829
CGTG	5.39220643188e-05	0.994141055103	0.0390141929487	19.2343426135
AGTG	5.38097286125e-05	0.994147161138	0.0149929377479	7.56171097203
TTTTG	5.38063954956e-05	0.994147342408	0.00147785917606	0.849455799915
TTAC	5.37874138673e-05	0.99414837482	0.00515880831249	2.71400953673
CAAAT	5.37250821947e-05	0.994151766327	0.00110879728803	0.656193025147
ATAA	5.3700992981e-05	0.994153077564	0.00423857102838	2.25328993029
ACGTATGAT	5.32256106649e-05	0.994179014261	8.25512259639e-06	0.000464387746617
TATAATTTA	5.32174602529e-05	0.994179459952	8.41086535057e-06	0.000480314590551
CAATG	5.3108099671e-05	0.994185443456	0.0040064971774	2.13539929634
TTGT	5.25761847328e-05	0.994214634655	0.0156907709248	7.89766735031
TTTGC	5.23461974653e-05	0.994227301944	0.00299117407935	1.6218042936
ACCCTAGTT	5.22628368681e-05	0.994231900166	5.43828135801e-06	0.000219599547511
GCTT	5.16256579791e-05	0.994267169193	0.0366982893108	18.0985578387
CGCCGA	5.13437330893e-05	0.994282843691	0.0228399348343	10.346096833
CAAG	5.1317986682e-05	0.994284277285	0.0356636267251	17.5958028939
CTCA	5.09256184602e-05	0.994306169541	0.019478087243	9.73791877406
TTAT	5.08139136856e-05	0.99431241754	0.00430464761095	2.27949065159
TTCA	5.06503319007e-05	0.994321579589	0.0272171055237	13.4985774371
TTGAG	5.04933470459e-05	0.994330386074	0.00552787020051	2.88923199683
TCAGA	5.04771049834e-05	0.994331297997	0.00182113508064	1.02169296513
TAAC	5.04331864131e-05	0.994333764573	0.00407902025583	2.16551321383
