feature	score	p-value	#I-out-of-6	#O-out-of-420
PA14_58950_5254507_A_AGCCA_none_none	140.0	2.66203489046e-32	2.0	0.0
PA14_59370_5288715_G_GATGCATC_none_none	140.0	2.66203489046e-32	2.0	0.0
PA14_60830,mexD_5423730_G_C_P_P	140.0	2.66203489046e-32	2.0	0.0
PA14_05360,pilJ_466416_C_T_R_R	140.0	2.66203489046e-32	2.0	0.0
PA14_60820,oprJ_5423116_G_C_L_L	140.0	2.66203489046e-32	2.0	0.0
PA14_60820,oprJ_5423285_G_T_A_E	140.0	2.66203489046e-32	2.0	0.0
PA14_56940,colS_5075632_T_C_G_G	140.0	2.66203489046e-32	2.0	0.0
intergenic_4190022_C_CC_none_none	140.0	2.66203489046e-32	2.0	0.0
PA14_60820,oprJ_5423110_A_G_G_G	140.0	2.66203489046e-32	2.0	0.0
PA14_70200_6259761_CTG_CCTG,C_none_none	140.0	2.66203489046e-32	2.0	0.0
intergenic_1220042_T_TAGCTGTAGGTCGCTGC,TAG_none_none	140.0	2.66203489046e-32	2.0	0.0
PA14_33610_2966838_T_G,A_none_none	140.0	2.66203489046e-32	2.0	0.0
intergenic_3008831_T_C_none_none	140.0	2.66203489046e-32	2.0	0.0
PA14_60820,oprJ_5423286_C_G_A_P	140.0	2.66203489046e-32	2.0	0.0
PA14_11320_984801_TTTTCGTGTTCGT_TGTTCGT_none_none	123.611428571	1.02467248345e-28	3.0	2.0
PA14_60820,oprJ_5422653_A_G_L_L	92.0047619048	8.64681628298e-22	2.0	1.0
PA14_60850,mexC_5427129_C_G_G_G	92.0047619048	8.64681628298e-22	2.0	1.0
PA14_43640,gpsA_3883981_G_A_Y_Y	92.0047619048	8.64681628298e-22	2.0	1.0
PA14_19370,asnB_1673643_T_C_E_E	92.0047619048	8.64681628298e-22	2.0	1.0
intergenic_3075430_C_T_none_none	92.0047619048	8.64681628298e-22	2.0	1.0
intergenic_4523015_A_T_none_none	92.0047619048	8.64681628298e-22	2.0	1.0
PA14_60850,mexC_5427059_C_T_A_T	92.0047619048	8.64681628298e-22	2.0	1.0
PA14_60830,mexD_5426145_T_C_Q_Q	92.0047619048	8.64681628298e-22	2.0	1.0
PA14_60830,mexD_5424387_T_C_Q_Q	92.0047619048	8.64681628298e-22	2.0	1.0
PA14_60830,mexD_5424294_T_C_V_V	92.0047619048	8.64681628298e-22	2.0	1.0
PA14_60820,oprJ_5422885_G_A_D_D	92.0047619048	8.64681628298e-22	2.0	1.0
PA14_60850,mexC_5427386_G_C_L_V	92.0047619048	8.64681628298e-22	2.0	1.0
PA14_20050,hasF_1728792_A_G_S_G	92.0047619048	8.64681628298e-22	2.0	1.0
PA14_60830,mexD_5426052_G_A_I_I	92.0047619048	8.64681628298e-22	2.0	1.0
PA14_60850,mexC_5426802_T_G_I_I	92.0047619048	8.64681628298e-22	2.0	1.0
PA14_57050,fabG_5083154_C_T_R_R	92.0047619048	8.64681628298e-22	2.0	1.0
PA14_15590_1323014_C_G_I_M	92.0047619048	8.64681628298e-22	2.0	1.0
PA14_21820_1897476_T_C_G_G	92.0047619048	8.64681628298e-22	2.0	1.0
PA14_60850,mexC_5426997_T_C_V_V	92.0047619048	8.64681628298e-22	2.0	1.0
PA14_60850,mexC_5427237_A_G_Y_Y	92.0047619048	8.64681628298e-22	2.0	1.0
PA14_15580_1318366_C_G_L_L	92.0047619048	8.64681628298e-22	2.0	1.0
intergenic_517218_GG_G_none_none	92.0047619048	8.64681628298e-22	2.0	1.0
PA14_60830,mexD_5426256_C_G_A_A	92.0047619048	8.64681628298e-22	2.0	1.0
PA14_60860,nfxB_5428101_G_C_A_A	92.0047619048	8.64681628298e-22	2.0	1.0
PA14_04190,aphA_374589_G_A_H_H	92.0047619048	8.64681628298e-22	2.0	1.0
PA14_60830,mexD_5425542_C_G_L_L	92.0047619048	8.64681628298e-22	2.0	1.0
PA14_29390_2544868_T_C_P_P	92.0047619048	8.64681628298e-22	2.0	1.0
PA14_60830,mexD_5424356_T_C_N_D	92.0047619048	8.64681628298e-22	2.0	1.0
PA14_49020_4353445_T_C_P_P	92.0047619048	8.64681628298e-22	2.0	1.0
PA14_60850,mexC_5427627_C_T_E_E	92.0047619048	8.64681628298e-22	2.0	1.0
PA14_31870_2772818_A_G_N_S	92.0047619048	8.64681628298e-22	2.0	1.0
PA14_60850,mexC_5427579_T_C_A_A	92.0047619048	8.64681628298e-22	2.0	1.0
intergenic_4952007_A_G_none_none	92.0047619048	8.64681628298e-22	2.0	1.0
PA14_36250_3228472_A_G_F_S	92.0047619048	8.64681628298e-22	2.0	1.0
PA14_53250,cpbD_4720477_T_C_G_G	92.0047619048	8.64681628298e-22	2.0	1.0
PA14_15590_1322918_A_C_V_V	92.0047619048	8.64681628298e-22	2.0	1.0
PA14_21700_1885945_G_A_F_F	92.0047619048	8.64681628298e-22	2.0	1.0
PA14_02530_227256_CCCG_C_none_none	92.0047619048	8.64681628298e-22	2.0	1.0
PA14_60820,oprJ_5422935_A_G_F_L	92.0047619048	8.64681628298e-22	2.0	1.0
PA14_69640,cyaY_6214124_G_A_S_S	92.0047619048	8.64681628298e-22	2.0	1.0
intergenic_324230_C_T_none_none	92.0047619048	8.64681628298e-22	2.0	1.0
PA14_58390_5201637_T_C_G_G	92.0047619048	8.64681628298e-22	2.0	1.0
PA14_09270,pchE_787510_G_A_V_V	92.0047619048	8.64681628298e-22	2.0	1.0
PA14_60830,mexD_5423828_G_T_Q_K	92.0047619048	8.64681628298e-22	2.0	1.0
PA14_21820_1897425_A_G_E_E	92.0047619048	8.64681628298e-22	2.0	1.0
PA14_43580_3879801_G_A_S_S	92.0047619048	8.64681628298e-22	2.0	1.0
intergenic_4601288_G_A_none_none	92.0047619048	8.64681628298e-22	2.0	1.0
PA14_29390_2544693_G_C_S_T	92.0047619048	8.64681628298e-22	2.0	1.0
PA14_15590_1321484_G_T_Q_H	92.0047619048	8.64681628298e-22	2.0	1.0
PA14_60830,mexD_5425400_T_G_I_L	92.0047619048	8.64681628298e-22	2.0	1.0
PA14_22380_1949817_C_T_L_L	92.0047619048	8.64681628298e-22	2.0	1.0
PA14_60830,mexD_5426532_A_G_Y_Y	92.0047619048	8.64681628298e-22	2.0	1.0
PA14_60830,mexD_5424174_T_C_E_E	92.0047619048	8.64681628298e-22	2.0	1.0
PA14_15590_1322680_A_C_Q_P	92.0047619048	8.64681628298e-22	2.0	1.0
PA14_60830,mexD_5423988_C_G_V_V	92.0047619048	8.64681628298e-22	2.0	1.0
PA14_60850,mexC_5427705_A_C_P_P	92.0047619048	8.64681628298e-22	2.0	1.0
PA14_60820,oprJ_5422778_T_G_D_A	92.0047619048	8.64681628298e-22	2.0	1.0
PA14_29390_2544877_T_C_Y_Y	92.0047619048	8.64681628298e-22	2.0	1.0
PA14_55300_4909819_G_A_D_D	92.0047619048	8.64681628298e-22	2.0	1.0
PA14_60860,nfxB_5428314_A_C_V_V	92.0047619048	8.64681628298e-22	2.0	1.0
PA14_60830,mexD_5424363_T_C_E_E	92.0047619048	8.64681628298e-22	2.0	1.0
PA14_60830,mexD_5425512_C_G_G_G	92.0047619048	8.64681628298e-22	2.0	1.0
PA14_62390_5565397_G_A_V_V	92.0047619048	8.64681628298e-22	2.0	1.0
PA14_30730_2665773_A_G_L_L	92.0047619048	8.64681628298e-22	2.0	1.0
PA14_29390_2544874_G_A_E_E	92.0047619048	8.64681628298e-22	2.0	1.0
PA14_66490,ynfL_5931246_A_G_H_H	92.0047619048	8.64681628298e-22	2.0	1.0
PA14_60830,mexD_5426556_T_C_P_P	92.0047619048	8.64681628298e-22	2.0	1.0
intergenic_2764517_T_C_none_none	92.0047619048	8.64681628298e-22	2.0	1.0
PA14_43350,kdpD_3861449_C_T_E_E	92.0047619048	8.64681628298e-22	2.0	1.0
intergenic_6228289_G_A_none_none	92.0047619048	8.64681628298e-22	2.0	1.0
PA14_53290,trxB2_4723290_G_A_Y_Y	92.0047619048	8.64681628298e-22	2.0	1.0
PA14_29160_2521992_C_T_I_I	92.0047619048	8.64681628298e-22	2.0	1.0
PA4628-PA4629,sRNA2626_5468839_G_A_R_H	92.0047619048	8.64681628298e-22	2.0	1.0
PA14_60830,mexD_5423733_T_C_V_V	92.0047619048	8.64681628298e-22	2.0	1.0
PA14_13530_1164830_C_G_A_A	92.0047619048	8.64681628298e-22	2.0	1.0
PA14_39090_3484024_T_C_F_L	92.0047619048	8.64681628298e-22	2.0	1.0
PA14_33060_2894178_GA_G_none_none	92.0047619048	8.64681628298e-22	2.0	1.0
PA14_60820,oprJ_5422543_A_G_D_D	92.0047619048	8.64681628298e-22	2.0	1.0
PA14_27430_2381041_G_A_N_N	92.0047619048	8.64681628298e-22	2.0	1.0
intergenic_5028204_C_CGCGTC_none_none	92.0047619048	8.64681628298e-22	2.0	1.0
PA14_60820,oprJ_5422902_C_T_A_T	92.0047619048	8.64681628298e-22	2.0	1.0
PA14_60860,nfxB_5428113_A_G_E_E	92.0047619048	8.64681628298e-22	2.0	1.0
PA14_60850,mexC_5427657_G_C_A_A	92.0047619048	8.64681628298e-22	2.0	1.0
PA14_60830,mexD_5424522_T_C_E_E	92.0047619048	8.64681628298e-22	2.0	1.0
PA14_26190_2286481_C_T_R_H	92.0047619048	8.64681628298e-22	2.0	1.0
