feature	score	p-value	#I-out-of-6	#O-out-of-470
CAAA	0.000503319203352	0.982101139572	0.042564367582	3.71933085922
GGGGGGGGG	0.00037325127332	0.984586058929	2.18805358492e-05	0.0325954674118
TTTG	0.000346229204218	0.985154430929	0.0448621419283	3.83874450952
GGGGGGGG	0.000336011248058	0.985375108641	8.06877396886e-05	0.0379656532512
TCAA	0.000297099640684	0.986247881042	0.125896575046	10.3557996587
TAAA	0.000281692005912	0.986609187362	0.0186009695358	1.64889557116
CAAG	0.00027928276162	0.986666569184	0.214416780249	17.4170497404
AAAA	0.000267655581079	0.986947045021	0.0681940934147	5.68930965391
CTAA	0.000252915970414	0.987311511745	0.0119282999882	1.08157091054
GGGGGGG	0.000245051814698	0.987510320735	0.000492718654065	0.0772193349417
TTTA	0.000241839811778	0.987592437975	0.018985911799	1.66588706497
TTAA	0.000233930103352	0.987797011959	0.0123256644765	1.10884540045
CCAA	0.000213592819493	0.9883394798	0.131743311262	10.7465177803
AAAT	0.000211533840859	0.988395814093	0.0577024288616	4.8038486001
AAAG	0.000196555632032	0.988814160573	0.0775746344944	6.39229929777
TCAAA	0.000195832252742	0.988834761697	0.00773529530908	0.710928830033
TTTT	0.000190945813429	0.988974931134	0.0705395842785	5.82249227161
TTAT	0.00017462829659	0.989456501746	0.0265593956691	2.25723590353
CAAAG	0.000170891380065	0.989569916852	0.0136800242549	1.19901348201
CAAT	0.000163064712113	0.989811546853	0.0764201049949	6.27098344105
TAAT	0.000161276586962	0.989867559782	0.0192077689891	1.6498164859
AATC	0.000156808004748	0.990008911041	0.0784908273679	6.43122138701
ACAA	0.000155920553042	0.990037221865	0.0933967288849	7.62307425088
TTTTG	0.000153653147153	0.990109923069	0.0094503908696	0.841483268221
TAAG	0.000152812068077	0.990137027384	0.0186961855698	1.60390073486
AAAAT	0.000131065509655	0.990865710224	0.0100634891053	0.884121118172
ATTA	0.000130190618169	0.990896246653	0.019659443562	1.67130978392
GTAA	0.000124996322673	0.991079696471	0.0314523941004	2.62504956303
TTTGG	0.000123408624444	0.991136527844	0.00900126613481	0.793158751545
CCAAA	0.000122124039535	0.991182777454	0.00893429268647	0.787118898677
TTTGA	0.000120295759513	0.991249023582	0.00821228981959	0.726502659865
CAAAA	0.00011891439365	0.991299410735	0.00944569509998	0.828247840879
AATCA	0.000116443780075	0.991390265074	0.0122973666241	1.06229799012
CTTT	0.000116225773334	0.991398328136	0.0799633346297	6.5087142087
ATAA	0.000114803535019	0.991451116824	0.0266602187829	2.23086828253
ATTT	0.000111369151494	0.991579954161	0.0598831119965	4.89883277558
ACAAA	0.00011049482338	0.99161306978	0.00773389671821	0.683151795461
CAAAC	0.000110096863361	0.991628186103	0.0120863973144	1.04211835251
CTAAA	0.000109654475426	0.991645022103	0.00290404313342	0.276470250419
GCAAA	0.000109482095152	0.99165159159	0.0181608828683	1.53813133505
CACA	0.000108571368475	0.991686385954	0.079292032355	6.44679957568
GTTT	0.000107992329658	0.991708584104	0.0831397004489	6.75308936955
ATCAA	0.00010724165548	0.991737450888	0.0323338057599	2.68387018264
CAAAT	0.000106420391955	0.991769148133	0.00735225091279	0.649949571522
CTTA	0.000105820028587	0.991792397043	0.0188989630806	1.59612223692
AATG	0.000105595956402	0.991801091074	0.0783151734727	6.36556018918
GATT	0.000104205199346	0.991855260222	0.0811970799476	6.59386195432
CCAAG	0.000103521675777	0.991882015548	0.0479678835733	3.937253365
TTTAA	0.000102105335624	0.991937738331	0.00306915781387	0.288727427441
CAAGA	9.85798583745e-05	0.99207814259	0.0328328277613	2.71764232327
ATTTA	9.69196848667e-05	0.992145129255	0.00373597176129	0.34403488261
TATG	9.64379311659e-05	0.992164674847	0.0443668198983	3.64228434196
TCAAT	9.63181136624e-05	0.99216954363	0.0153794468106	1.30451562414
AAAGA	9.62780203583e-05	0.992171173497	0.0128804606235	1.10060830102
AAGA	9.49831773971e-05	0.992223994963	0.132329716366	10.6490542967
TTAG	9.49070589592e-05	0.99222711129	0.0124117476808	1.06161070452
CGTAA	9.3746092046e-05	0.99227479768	0.00747246560296	0.655096550154
TAAAA	9.22300621628e-05	0.992337515017	0.00522188705194	0.467487332424
CAGA	9.19152522524e-05	0.992350603018	0.151134740399	12.1363271868
TCAAG	9.10874260619e-05	0.992385126671	0.0487916654761	3.99180902566
ATGTACTAA	9.06163820113e-05	0.992404841145	2.11138359927e-05	0.000254700394711
AATT	9.00847151248e-05	0.992427154514	0.0490331399583	4.01017574311
AAGT	8.99555125029e-05	0.992432586918	0.0917733540909	7.41896607693
CTCA	8.97990988813e-05	0.992439168649	0.119690066609	9.63770679469
TTTGC	8.9656945843e-05	0.992445155283	0.0191341071909	1.60566136048
AAAC	8.96456291787e-05	0.992445632077	0.0801958362408	6.49691661452
TTAC	8.95433182554e-05	0.99244994401	0.0325344177582	2.68663392728
ATAT	8.87934134041e-05	0.992481624539	0.0420025555181	3.44595785625
ATTG	8.8157320937e-05	0.992508601972	0.0778165266885	6.30558404702
GCAA	8.79804071094e-05	0.992516122383	0.234096209359	18.6987585211
GTAATCTAG	8.79557994045e-05	0.992517169028	2.00746143787e-05	0.000238295027192
TCTAA	8.70704160567e-05	0.992554925139	0.00247078834727	0.233678080085
TTAAT	8.68190729251e-05	0.992565678312	0.00282536672385	0.263911870266
GTTA	8.58928230492e-05	0.992605440925	0.0262869071429	2.18100684997
TTTAT	8.55619823922e-05	0.992619695382	0.00660093402452	0.579763033984
AGAT	8.49365092805e-05	0.992646719757	0.127229565401	10.2288087178
TCTTAGCTG	8.40642089655e-05	0.992684575338	0.000203505109625	0.00840996731073
TGAG	8.38717561911e-05	0.992692953702	0.122526609539	9.85393512362
CATT	8.29478018405e-05	0.992733312261	0.0784629632517	6.35065153971
TATT	8.25564396438e-05	0.992750474806	0.0452450912872	3.69982356992
AAAAA	8.24492467712e-05	0.992755182667	0.0202831440056	1.69407078599
TAAC	8.17919970098e-05	0.992784115931	0.0258616532533	2.14373058083
AAGC	8.17031797808e-05	0.992788034722	0.222661250022	17.7812482158
CGTG	8.13318006372e-05	0.992804443822	0.238524481741	19.0348323247
TTCTTAGCT	8.09364954205e-05	0.992821951295	0.000187872806226	0.00766202166477
CTTTG	7.98401260374e-05	0.992870732843	0.0145607638603	1.22877479197
ATTCA	7.93792087504e-05	0.992891340724	0.0142864931848	1.2062245562
TTAAA	7.8814736471e-05	0.992916660291	0.00315598003775	0.289742586206
CCTAA	7.85764545432e-05	0.992927375706	0.00254686591888	0.237981637832
CAAGC	7.79470166752e-05	0.992955759606	0.0713198350465	5.77566702511
CTTAGCTGC	7.52570990826e-05	0.993078370463	0.000193960694628	0.0081712070722
CTGA	7.45714828716e-05	0.993109970943	0.223680246161	17.8465128329
ACAT	7.41614833763e-05	0.993128937523	0.103636888679	8.33969526132
TAAGC	7.38382457388e-05	0.993143927491	0.00643501758695	0.561384912403
ATTC	7.38358729677e-05	0.993144037648	0.0965791921979	7.778793721
AATA	7.27947969319e-05	0.993192542136	0.0446351359918	3.64139730159
TCAT	7.27885136837e-05	0.993192835926	0.137176155537	10.9974316623
GGGGGG	7.25720669056e-05	0.993202964241	0.00384323808955	0.345625670889
CTAG	7.25512897809e-05	0.993203937271	0.0202558451295	1.68515670777
GTGA	7.18174577375e-05	0.993238393748	0.1587444179	12.7039809732
