feature	score	p-value	#I-out-of-5	#O-out-of-421
PA14_23370,orfK	71.4946004588	2.7801789875e-17	29.5797340912	578.056351427
PA14_23350,orfA	63.1866029095	1.88022870764e-15	24.3650538047	454.830911373
PA14_23380,orfH	62.8286952869	2.25489565834e-15	28.6007280916	593.729368594
PA14_23410,orfJ	52.299217727	4.76564267291e-13	15.9730125362	254.193094332
PA14_23360,wzz	49.7436713221	1.75202413506e-12	30.6079981705	758.823609155
PA14_23400	46.7590700139	8.02725555915e-12	16.0128764586	276.017348181
PA14_23390,orfE	38.3536191716	5.90185330214e-10	15.7600305984	306.634866959
PA14_54950	36.6759878947	1.39487032167e-09	8.37701116082	107.401013152
PA14_23420	35.3526839638	2.75089220062e-09	26.202939738	717.955294423
PA14_03163	33.5382822397	6.98750655121e-09	19.0353724016	450.853638234
PA14_03166	32.1994449652	1.39130495185e-08	10.4405655474	173.297882965
PA14_14540	31.3734036217	2.12877097596e-08	24.0038650041	668.546615884
PA14_63450	29.0521763834	7.04549057459e-08	9.1882992411	149.875450724
PA14_69510	28.6597175622	8.62799366027e-08	25.8919281592	782.983345742
PA14_15400,repC	28.1632132907	1.11503830139e-07	7.01750614294	96.1816461848
PA14_55090	26.8485027553	2.20044760931e-07	9.2751913443	160.837920543
PA14_23430	26.7647344118	2.29792860491e-07	15.4614385356	369.921784397
PA14_23440,orfL	25.4076108474	4.64083575409e-07	14.9229834751	360.421922589
PA14_14550	22.8828970356	1.72177069896e-06	25.4652853301	847.365987632
PA14_69520	22.3279388127	2.29838262941e-06	25.4272870668	854.668497994
PA14_20530	20.2217471569	6.8964462419e-06	13.3202301455	342.835817709
PA14_01220	19.3706878602	1.07646710052e-05	7.2181768384	131.725515283
PA14_53590	17.3038313083	3.18543946974e-05	11.3824522485	292.741942525
PA14_15530,trbK	17.2648603724	3.25144558165e-05	4.58496747867	65.9165551758
PA14_63440	17.1812894669	3.39766404388e-05	13.0970701845	364.08653216
PA14_54910	16.351363717	5.26182867042e-05	4.90527477844	77.0713996198
PA14_54880	15.7501176041	7.22834450685e-05	5.44673737167	94.5168355645
PA14_32850	15.465237972	8.40366629236e-05	15.0596766792	471.799430202
PA14_55000	15.1642634496	9.85510077002e-05	3.82864139649	53.0002709167
PA14_15490	15.0660821154	0.000103811959479	3.49650756147	45.3861890415
PA14_14560	14.9143549136	0.000112503652224	6.44094654063	129.362415444
PA14_54890	14.8236727541	0.000118044397899	5.94542060861	113.877668027
PA14_15500,traK	14.3197088119	0.000154241538545	4.46590811865	72.1309403348
PA14_69540	14.0968488513	0.000173634425091	12.4496068865	372.393504352
PA14_54980	12.9244899517	0.000324311011526	4.69134788223	84.1230853226
PA14_15560	12.9005126068	0.000328492154236	5.30330490806	103.212616142
PA14_54900	12.4588779048	0.000416009782591	4.54329478227	81.7215150845
PA14_54960	12.356621376	0.00043942519703	4.39444915467	77.720518359
PA14_55030	12.0687985363	0.000512727332122	2.99573227355	40.9405500563
PA14_03310	11.9163516844	0.000556433483058	11.0025997162	336.195536134
PA14_54870	11.8860353648	0.000565563779752	5.00394630595	98.8848518728
PA14_54920	11.1785506464	0.000827483867809	6.34212141872	150.17937972
PA14_46550	10.8763132609	0.00097401939182	6.28599809451	150.43589161
PA14_54860	10.4800657367	0.00120669462663	3.4657359028	58.3191357983
PA14_48950	10.4301292831	0.00123976064391	0.0	878.216885637
PA14_55040	10.3649723095	0.00128428825641	3.36729582999	55.9672857237
PA14_46540	9.47060935428	0.00208790006798	6.82437367004	184.259603192
PA14_55080	9.18234524089	0.00244360707932	6.55393340403	176.075024964
PA14_07300	8.8906482132	0.00286634953019	20.0127596265	869.197016693
PA14_55020	8.68250057721	0.00321279873785	2.56494935746	39.8589158518
PA14_09240,pCHD	8.66558043956	0.00324276695559	9.49160187663	2014.39277374
PA14_48940,coaB	8.41234727871	0.0037268117447	0.0	708.319640867
PA14_03285	8.3893020658	0.00377435807549	11.5718922427	421.353114627
PA14_10120	8.24073806273	0.0040960473147	8.18979961873	259.003268575
PA14_15380,repA	8.18941646326	0.00421354746084	4.89783979995	119.50855784
PA14_35700	8.16296126409	0.00427545062856	5.06259503303	126.062320237
PA14_59470	7.91376003888	0.00490601945048	7.769800996	1730.42711808
PA14_09220,pCHB	7.88042461263	0.00499727456255	5.95064255259	1500.99835714
PA14_60320,pilE	7.75490564518	0.00535668400476	12.7310969887	495.748178169
PA14_53610	7.75353032892	0.005360764723	4.78749174278	118.92003582
PA14_08070,gpFI	7.71867610308	0.00546524591096	13.5150241926	2387.01972151
PA14_03250	7.616958552	0.0057821925184	14.7307359225	608.236964391
PA14_55050	7.61530487495	0.00578749734962	6.74993119379	202.259028793
PA14_15540,trbL	7.59551323726	0.00585137357525	5.37527840768	143.762288378
PA14_03265	7.34328684024	0.0067313649624	12.8212853113	510.641433579
PA14_46510	7.25535317333	0.00706899679134	5.57215403218	155.494459791
PA14_59430	7.24749293493	0.00710000723832	8.16166045206	1711.665556
PA14_10090	7.18541723627	0.00734984592134	7.45007956981	240.209101331
PA14_09230,pCHC	7.00838091352	0.00811290164871	9.44145209294	1839.51899637
PA14_59520	6.98301125669	0.00822870390214	3.91202300543	1154.79019055
PA14_60000	6.97644849946	0.0082589346071	8.12799505577	1680.26367836
PA14_59500	6.972681312	0.00827633909694	5.46383180503	1353.16879538
PA14_60010	6.89630743999	0.00863739695196	2.07944154168	898.055432941
PA14_46530	6.82106500333	0.00900888288518	4.72738781871	125.042253939
PA14_13910	6.7579666976	0.00933300466522	10.1762970749	383.529521239
PA14_03390	6.64004819725	0.00997112367876	6.82871207164	219.362781862
PA14_59220	6.49955980513	0.0107901203934	4.15888308336	1142.25864822
PA14_09290,pCHG	6.44601672221	0.0111201383201	6.22257626807	1396.47903845
PA14_15460,merA	6.44316338124	0.0111380131202	5.98645200528	1367.16741296
PA14_59530	6.43938016937	0.0111617585816	6.04025471128	1373.42478714
PA14_48930	6.37287462405	0.0115877736574	0.0	536.596043345
PA14_54940	6.33000329814	0.0118712096648	5.30330490806	154.601511484
PA14_15360	6.27762369455	0.0122271950543	6.57228254269	212.836411889
PA14_03380	6.21685180721	0.0126539923632	11.9728787584	493.651842835
PA14_59940	6.20623448847	0.0127301137033	13.0559158352	2166.53783957
PA14_08090,gpFII	6.20504204056	0.0127386923549	11.0976069713	1945.47805047
PA14_59920	6.15925037007	0.0130726598697	8.91085558741	1688.54560314
PA14_08120	6.0983019289	0.0135311844146	13.8146061491	2238.63427929
PA14_35710	6.08170052217	0.0136589226931	7.37525577801	254.675792927
PA14_59480	6.07665676545	0.0136979766494	6.13122648948	1348.90050858
PA14_59440	6.04134176943	0.013974659199	7.94626364358	1563.00726056
PA14_51600	5.95575464087	0.0146693222543	10.8693300632	1892.06719322
PA14_33320	5.83935746487	0.0156715485807	21.582867343	1080.99655717
PA14_59690	5.77231089655	0.0162806120938	10.2291876922	1799.03692522
PA14_59490	5.71912083833	0.0167811310471	4.81218435537	1151.33915703
PA14_09270,pCHE	5.70418861521	0.0169244768406	13.0719076269	2110.59636837
PA14_08030	5.64672881454	0.0174879653782	11.810708847	1963.59245827
PA14_48880,intT	5.63401599285	0.017615230057	1.38629436112	689.016062947
PA14_59980	5.61411839284	0.0178163418026	3.40119738166	961.877430719
PA14_09320,pCHI	5.55804764123	0.0183959185033	12.2785793363	2005.63830036
